      4768.32      1225.13
      4768.49      1227.51
      4768.67      1219.98
      4768.84      1217.26
      4769.02      1222.10
      4769.19      1223.33
      4769.36      1221.43
      4769.54      1223.01
      4769.71      1225.11
      4769.88      1232.59
      4770.06      1236.81
      4770.23      1224.68
      4770.40      1223.91
      4770.58      1225.12
      4770.75      1231.99
      4770.92      1238.11
      4771.10      1232.10
      4771.27      1235.99
      4771.45      1226.78
      4771.62      1224.99
      4771.79      1230.17
      4771.97      1229.98
      4772.14      1228.63
      4772.31      1226.38
      4772.49      1230.51
      4772.66      1228.48
      4772.83      1231.87
      4773.01      1231.84
      4773.18      1239.52
      4773.35      1233.84
      4773.53      1238.84
      4773.70      1238.46
      4773.88      1232.15
      4774.05      1229.79
      4774.22      1236.72
      4774.40      1237.21
      4774.57      1231.59
      4774.74      1230.88
      4774.92      1239.56
      4775.09      1241.07
      4775.26      1229.20
      4775.44      1231.98
      4775.61      1241.01
      4775.78      1238.63
      4775.96      1236.26
      4776.13      1239.28
      4776.30      1241.29
      4776.48      1239.86
      4776.65      1240.15
      4776.83      1240.83
      4777.00      1239.01
      4777.17      1235.52
      4777.35      1237.13
      4777.52      1238.29
      4777.69      1240.43
      4777.87      1245.74
      4778.04      1235.21
      4778.21      1228.38
      4778.39      1235.53
      4778.56      1241.21
      4778.73      1247.06
      4778.91      1245.19
      4779.08      1242.36
      4779.25      1247.51
      4779.43      1245.88
      4779.60      1242.44
      4779.78      1250.37
      4779.95      1246.76
      4780.12      1237.81
      4780.30      1238.39
      4780.47      1242.54
      4780.64      1240.10
      4780.82      1247.27
      4780.99      1249.31
      4781.16      1240.69
      4781.34      1239.74
      4781.51      1248.97
      4781.68      1247.14
      4781.86      1243.80
      4782.03      1250.25
      4782.21      1248.57
      4782.38      1245.29
      4782.55      1252.15
      4782.73      1249.46
      4782.90      1260.52
      4783.07      1246.48
      4783.25      1251.97
      4783.42      1254.21
      4783.59      1246.58
      4783.77      1243.18
      4783.94      1243.60
      4784.11      1248.71
      4784.29      1262.32
      4784.46      1266.85
      4784.63      1258.32
      4784.81      1250.50
      4784.98      1249.73
      4785.16      1255.59
      4785.33      1256.27
      4785.50      1248.75
      4785.68      1252.02
      4785.85      1250.10
      4786.02      1259.97
      4786.20      1258.52
      4786.37      1257.87
      4786.54      1259.43
      4786.72      1253.56
      4786.89      1258.53
      4787.06      1261.23
      4787.24      1256.21
      4787.41      1262.47
      4787.58      1259.95
      4787.76      1254.68
      4787.93      1256.84
      4788.11      1256.65
      4788.28      1260.35
      4788.45      1265.44
      4788.63      1257.17
      4788.80      1255.84
      4788.97      1259.30
      4789.15      1257.14
      4789.32      1262.32
      4789.49      1265.92
      4789.67      1262.37
      4789.84      1261.30
      4790.01      1257.72
      4790.19      1254.33
      4790.36      1259.32
      4790.54      1264.35
      4790.71      1264.15
      4790.88      1262.57
      4791.06      1266.87
      4791.23      1266.13
      4791.40      1270.50
      4791.58      1264.81
      4791.75      1265.29
      4791.92      1262.99
      4792.10      1264.82
      4792.27      1269.35
      4792.44      1263.42
      4792.62      1258.73
      4792.79      1260.73
      4792.96      1265.94
      4793.14      1270.47
      4793.31      1265.96
      4793.49      1267.00
      4793.66      1269.89
      4793.83      1268.34
      4794.01      1266.19
      4794.18      1270.34
      4794.35      1270.89
      4794.53      1272.59
      4794.70      1266.83
      4794.87      1263.56
      4795.05      1269.46
      4795.22      1273.06
      4795.39      1274.00
      4795.57      1274.18
      4795.74      1272.71
      4795.92      1274.84
      4796.09      1276.44
      4796.26      1276.63
      4796.44      1271.91
      4796.61      1270.39
      4796.78      1269.51
      4796.96      1270.90
      4797.13      1271.58
      4797.30      1275.00
      4797.48      1278.51
      4797.65      1281.29
      4797.82      1274.78
      4798.00      1271.91
      4798.17      1270.74
      4798.35      1275.34
      4798.52      1273.34
      4798.69      1269.00
      4798.87      1272.63
      4799.04      1273.66
      4799.21      1279.89
      4799.39      1276.10
      4799.56      1269.06
      4799.73      1277.33
      4799.91      1278.46
      4800.08      1280.52
      4800.25      1270.86
      4800.43      1272.14
      4800.60      1277.29
      4800.77      1282.20
      4800.95      1279.28
      4801.12      1280.27
      4801.30      1288.42
      4801.47      1282.39
      4801.64      1284.51
      4801.82      1278.58
      4801.99      1280.69
      4802.16      1290.95
      4802.34      1284.86
      4802.51      1275.66
      4802.68      1285.41
      4802.86      1282.78
      4803.03      1289.40
      4803.20      1293.85
      4803.38      1286.42
      4803.55      1287.14
      4803.73      1288.18
      4803.90      1279.84
      4804.07      1285.31
      4804.25      1292.81
      4804.42      1284.20
      4804.59      1270.24
      4804.77      1272.67
      4804.94      1285.61
      4805.11      1287.35
      4805.29      1285.39
      4805.46      1287.61
      4805.63      1284.07
      4805.81      1287.05
      4805.98      1287.12
      4806.15      1289.89
      4806.33      1287.58
      4806.50      1295.53
      4806.68      1296.59
      4806.85      1280.52
      4807.02      1283.78
      4807.20      1292.43
      4807.37      1288.74
      4807.54      1287.39
      4807.72      1291.77
      4807.89      1287.10
      4808.06      1283.83
      4808.24      1293.72
      4808.41      1298.69
      4808.58      1303.24
      4808.76      1304.71
      4808.93      1295.56
      4809.10      1292.52
      4809.28      1294.51
      4809.45      1298.64
      4809.63      1305.83
      4809.80      1299.05
      4809.97      1293.68
      4810.15      1301.27
      4810.32      1295.62
      4810.49      1289.40
      4810.67      1284.70
      4810.84      1292.81
      4811.01      1296.97
      4811.19      1295.90
      4811.36      1298.54
      4811.53      1301.90
      4811.71      1305.53
      4811.88      1300.54
      4812.06      1291.38
      4812.23      1304.32
      4812.40      1307.48
      4812.58      1297.05
      4812.75      1303.63
      4812.92      1303.67
      4813.10      1301.62
      4813.27      1303.71
      4813.44      1312.63
      4813.62      1302.75
      4813.79      1297.58
      4813.96      1300.48
      4814.14      1298.60
      4814.31      1302.23
      4814.48      1301.85
      4814.66      1302.28
      4814.83      1306.16
      4815.01      1308.87
      4815.18      1308.43
      4815.35      1308.34
      4815.53      1298.49
      4815.70      1295.23
      4815.87      1302.61
      4816.05      1306.28
      4816.22      1307.26
      4816.39      1309.48
      4816.57      1303.59
      4816.74      1296.83
      4816.91      1306.69
      4817.09      1305.38
      4817.26      1313.37
      4817.44      1313.34
      4817.61      1314.67
      4817.78      1315.27
      4817.96      1311.43
      4818.13      1310.67
      4818.30      1307.94
      4818.48      1311.82
      4818.65      1303.33
      4818.82      1305.67
      4819.00      1311.34
      4819.17      1305.40
      4819.34      1307.68
      4819.52      1313.10
      4819.69      1321.39
      4819.87      1325.92
      4820.04      1315.72
      4820.21      1315.98
      4820.39      1322.33
      4820.56      1316.90
      4820.73      1313.39
      4820.91      1315.71
      4821.08      1317.95
      4821.25      1317.36
      4821.43      1318.30
      4821.60      1315.08
      4821.77      1308.78
      4821.95      1308.58
      4822.12      1322.07
      4822.29      1323.61
      4822.47      1323.51
      4822.64      1316.97
      4822.82      1328.38
      4822.99      1329.81
      4823.16      1318.26
      4823.34      1319.86
      4823.51      1326.16
      4823.68      1324.14
      4823.86      1316.72
      4824.03      1316.03
      4824.20      1321.92
      4824.38      1317.10
      4824.55      1326.59
      4824.72      1327.30
      4824.90      1320.41
      4825.07      1324.93
      4825.25      1330.18
      4825.42      1323.96
      4825.59      1321.79
      4825.77      1324.75
      4825.94      1319.24
      4826.11      1324.66
      4826.29      1329.69
      4826.46      1324.18
      4826.63      1323.62
      4826.81      1320.02
      4826.98      1332.03
      4827.15      1326.22
      4827.33      1330.31
      4827.50      1327.57
      4827.67      1330.54
      4827.85      1325.76
      4828.02      1330.31
      4828.20      1323.00
      4828.37      1327.81
      4828.54      1332.93
      4828.72      1326.91
      4828.89      1333.22
      4829.06      1334.64
      4829.24      1327.40
      4829.41      1324.79
      4829.58      1339.45
      4829.76      1338.72
      4829.93      1327.25
      4830.10      1329.96
      4830.28      1330.62
      4830.45      1331.57
      4830.62      1336.31
      4830.80      1340.71
      4830.97      1341.59
      4831.15      1335.37
      4831.32      1324.94
      4831.49      1329.41
      4831.67      1338.58
      4831.84      1333.36
      4832.01      1336.47
      4832.19      1337.23
      4832.36      1334.40
      4832.53      1336.49
      4832.71      1337.69
      4832.88      1328.97
      4833.05      1329.54
      4833.23      1335.00
      4833.40      1338.78
      4833.58      1335.33
      4833.75      1340.17
      4833.92      1333.14
      4834.10      1336.10
      4834.27      1338.66
      4834.44      1334.99
      4834.62      1344.22
      4834.79      1344.97
      4834.96      1336.00
      4835.14      1337.88
      4835.31      1342.50
      4835.48      1336.48
      4835.66      1344.25
      4835.83      1343.74
      4836.00      1335.90
      4836.18      1336.73
      4836.35      1338.62
      4836.53      1340.70
      4836.70      1341.54
      4836.87      1339.26
      4837.05      1341.04
      4837.22      1344.83
      4837.39      1342.20
      4837.57      1342.57
      4837.74      1343.66
      4837.91      1351.12
      4838.09      1347.22
      4838.26      1345.89
      4838.43      1345.03
      4838.61      1343.98
      4838.78      1341.25
      4838.96      1344.27
      4839.13      1348.53
      4839.30      1349.32
      4839.48      1347.63
      4839.65      1359.68
      4839.82      1351.26
      4840.00      1349.33
      4840.17      1346.47
      4840.34      1351.76
      4840.52      1349.39
      4840.69      1344.36
      4840.86      1350.09
      4841.04      1351.33
      4841.21      1347.95
      4841.38      1348.53
      4841.56      1351.11
      4841.73      1342.82
      4841.91      1352.64
      4842.08      1342.81
      4842.25      1347.44
      4842.43      1357.35
      4842.60      1365.04
      4842.77      1351.44
      4842.95      1353.35
      4843.12      1355.25
      4843.29      1355.65
      4843.47      1350.49
      4843.64      1351.79
      4843.81      1355.21
      4843.99      1354.60
      4844.16      1356.66
      4844.34      1360.86
      4844.51      1358.60
      4844.68      1357.59
      4844.86      1359.67
      4845.03      1361.68
      4845.20      1356.99
      4845.38      1359.58
      4845.55      1366.88
      4845.72      1361.19
      4845.90      1360.20
      4846.07      1362.74
      4846.24      1365.85
      4846.42      1359.43
      4846.59      1358.71
      4846.77      1364.25
      4846.94      1359.71
      4847.11      1363.79
      4847.29      1366.40
      4847.46      1358.96
      4847.63      1364.70
      4847.81      1372.74
      4847.98      1367.70
      4848.15      1367.15
      4848.33      1364.27
      4848.50      1367.44
      4848.67      1368.07
      4848.85      1359.09
      4849.02      1359.58
      4849.19      1367.66
      4849.37      1371.36
      4849.54      1358.03
      4849.72      1365.96
      4849.89      1362.64
      4850.06      1371.50
      4850.24      1372.24
      4850.41      1366.52
      4850.58      1365.58
      4850.76      1373.14
      4850.93      1375.78
      4851.10      1376.40
      4851.28      1375.57
      4851.45      1371.32
      4851.62      1381.65
      4851.80      1382.41
      4851.97      1374.85
      4852.15      1376.64
      4852.32      1388.13
      4852.49      1396.86
      4852.67      1400.77
      4852.84      1389.31
      4853.01      1388.73
      4853.19      1389.12
      4853.36      1386.89
      4853.53      1383.89
      4853.71      1392.11
      4853.88      1398.10
      4854.05      1399.06
      4854.23      1398.94
      4854.40      1398.88
      4854.57      1397.72
      4854.75      1403.58
      4854.92      1405.11
      4855.10      1401.89
      4855.27      1405.44
      4855.44      1399.09
      4855.62      1395.31
      4855.79      1403.26
      4855.96      1400.27
      4856.14      1405.79
      4856.31      1403.02
      4856.48      1404.73
      4856.66      1412.36
      4856.83      1403.69
      4857.00      1403.21
      4857.18      1409.46
      4857.35      1413.39
      4857.52      1407.13
      4857.70      1409.32
      4857.87      1404.83
      4858.05      1406.20
      4858.22      1407.33
      4858.39      1404.55
      4858.57      1409.50
      4858.74      1414.08
      4858.91      1414.29
      4859.09      1406.57
      4859.26      1412.69
      4859.43      1415.50
      4859.61      1410.15
      4859.78      1417.91
      4859.95      1419.11
      4860.13      1426.60
      4860.30      1416.74
      4860.48      1413.46
      4860.65      1413.43
      4860.82      1409.07
      4861.00      1413.38
      4861.17      1415.94
      4861.34      1416.38
      4861.52      1414.21
      4861.69      1418.50
      4861.86      1425.52
      4862.04      1427.84
      4862.21      1426.24
      4862.38      1425.48
      4862.56      1422.89
      4862.73      1419.21
      4862.90      1420.33
      4863.08      1418.39
      4863.25      1424.62
      4863.43      1420.80
      4863.60      1411.16
      4863.77      1419.78
      4863.95      1417.49
      4864.12      1416.96
      4864.29      1405.48
      4864.47      1416.09
      4864.64      1425.90
      4864.81      1416.37
      4864.99      1413.63
      4865.16      1418.32
      4865.33      1420.80
      4865.51      1414.13
      4865.68      1423.80
      4865.86      1418.86
      4866.03      1409.68
      4866.20      1412.20
      4866.38      1415.59
      4866.55      1415.24
      4866.72      1414.17
      4866.90      1413.63
      4867.07      1415.46
      4867.24      1418.15
      4867.42      1412.74
      4867.59      1412.33
      4867.76      1408.58
      4867.94      1414.90
      4868.11      1421.12
      4868.29      1405.02
      4868.46      1400.33
      4868.63      1398.00
      4868.81      1403.89
      4868.98      1408.86
      4869.15      1406.87
      4869.33      1404.84
      4869.50      1409.24
      4869.67      1396.65
      4869.85      1394.47
      4870.02      1397.04
      4870.19      1403.63
      4870.37      1404.22
      4870.54      1401.28
      4870.71      1404.53
      4870.89      1402.06
      4871.06      1407.83
      4871.24      1407.14
      4871.41      1399.68
      4871.58      1399.08
      4871.76      1390.39
      4871.93      1392.11
      4872.10      1392.31
      4872.28      1400.42
      4872.45      1395.10
      4872.62      1389.98
      4872.80      1391.40
      4872.97      1389.85
      4873.14      1398.85
      4873.32      1391.48
      4873.49      1396.68
      4873.67      1384.80
      4873.84      1304.83
      4874.01      1368.76
      4874.19      1386.44
      4874.36      1380.41
      4874.53      1385.28
      4874.71      1388.22
      4874.88      1389.33
      4875.05      1380.38
      4875.23      1383.86
      4875.40      1380.17
      4875.57      1376.53
      4875.75      1378.84
      4875.92      1375.56
      4876.09      1383.52
      4876.27      1378.92
      4876.44      1378.79
      4876.62      1381.44
      4876.79      1382.20
      4876.96      1380.12
      4877.14      1375.35
      4877.31      1374.73
      4877.48      1367.74
      4877.66      1365.31
      4877.83      1372.72
      4878.00      1376.14
      4878.18      1373.84
      4878.35      1371.35
      4878.52      1374.70
      4878.70      1374.68
      4878.87      1374.04
      4879.04      1366.88
      4879.22      1370.89
      4879.39      1366.44
      4879.57      1366.82
      4879.74      1371.42
      4879.91      1369.86
      4880.09      1368.80
      4880.26      1362.34
      4880.43      1368.34
      4880.61      1365.76
      4880.78      1359.86
      4880.95      1359.61
      4881.13      1361.39
      4881.30      1362.38
      4881.47      1368.26
      4881.65      1361.03
      4881.82      1363.68
      4882.00      1367.41
      4882.17      1358.70
      4882.34      1350.00
      4882.52      1358.01
      4882.69      1364.36
      4882.86      1361.24
      4883.04      1361.20
      4883.21      1358.60
      4883.38      1358.89
      4883.56      1358.40
      4883.73      1357.90
      4883.90      1356.19
      4884.08      1357.36
      4884.25      1357.84
      4884.42      1356.63
      4884.60      1358.34
      4884.77      1351.30
      4884.95      1355.03
      4885.12      1356.97
      4885.29      1359.46
      4885.47      1349.85
      4885.64      1361.71
      4885.81      1353.74
      4885.99      1359.07
      4886.16      1362.24
      4886.33      1353.24
      4886.51      1351.07
      4886.68      1351.83
      4886.85      1355.92
      4887.03      1349.92
      4887.20      1350.36
      4887.38      1360.30
      4887.55      1349.77
      4887.72      1343.00
      4887.90      1342.80
      4888.07      1352.52
      4888.24      1357.67
      4888.42      1349.95
      4888.59      1347.46
      4888.76      1349.35
      4888.94      1344.65
      4889.11      1343.81
      4889.28      1353.41
      4889.46      1348.04
      4889.63      1349.15
      4889.80      1346.98
      4889.98      1345.62
      4890.15      1345.76
      4890.33      1346.56
      4890.50      1341.38
      4890.67      1350.60
      4890.85      1352.91
      4891.02      1348.13
      4891.19      1345.54
      4891.37      1343.84
      4891.54      1345.83
      4891.71      1346.66
      4891.89      1337.32
      4892.06      1347.52
      4892.23      1349.86
      4892.41      1343.34
      4892.58      1346.20
      4892.76      1348.61
      4892.93      1338.95
      4893.10      1341.08
      4893.28      1342.41
      4893.45      1341.12
      4893.62      1341.84
      4893.80      1336.38
      4893.97      1334.26
      4894.14      1337.63
      4894.32      1343.33
      4894.49      1334.92
      4894.66      1338.01
      4894.84      1343.55
      4895.01      1348.99
      4895.19      1345.80
      4895.36      1344.31
      4895.53      1347.55
      4895.71      1333.89
      4895.88      1333.97
      4896.05      1340.70
      4896.23      1339.66
      4896.40      1340.49
      4896.57      1332.65
      4896.75      1327.98
      4896.92      1336.45
      4897.09      1339.69
      4897.27      1329.27
      4897.44      1334.20
      4897.61      1339.02
      4897.79      1338.47
      4897.96      1338.16
      4898.14      1326.75
      4898.31      1337.81
      4898.48      1341.66
      4898.66      1333.30
      4898.83      1329.95
      4899.00      1330.47
      4899.18      1324.58
      4899.35      1324.12
      4899.52      1326.02
      4899.70      1325.15
      4899.87      1319.88
      4900.04      1324.37
      4900.22      1322.46
      4900.39      1323.84
      4900.56      1327.30
      4900.74      1329.27
      4900.91      1325.20
      4901.09      1325.25
      4901.26      1326.56
      4901.43      1325.82
      4901.61      1327.96
      4901.78      1329.12
      4901.95      1323.53
      4902.13      1323.68
      4902.30      1324.16
      4902.47      1318.32
      4902.65      1325.05
      4902.82      1317.77
      4902.99      1320.16
      4903.17      1311.26
      4903.34      1316.75
      4903.52      1328.91
      4903.69      1323.72
      4903.86      1326.96
      4904.04      1328.92
      4904.21      1323.04
      4904.38      1322.80
      4904.56      1326.91
      4904.73      1321.75
      4904.90      1309.29
      4905.08      1315.25
      4905.25      1323.15
      4905.42      1314.54
      4905.60      1311.86
      4905.77      1309.27
      4905.94      1318.95
      4906.12      1309.15
      4906.29      1317.52
      4906.47      1316.99
      4906.64      1309.42
      4906.81      1313.19
      4906.99      1319.96
      4907.16      1317.15
      4907.33      1313.18
      4907.51      1310.20
      4907.68      1311.01
      4907.85      1313.08
      4908.03      1309.72
      4908.20      1305.70
      4908.37      1311.63
      4908.55      1308.93
      4908.72      1310.87
      4908.90      1310.30
      4909.07      1310.68
      4909.24      1311.03
      4909.42      1300.57
      4909.59      1314.76
      4909.76      1314.11
      4909.94      1308.92
      4910.11      1314.01
      4910.28      1314.92
      4910.46      1310.32
      4910.63      1309.58
      4910.80      1311.88
      4910.98      1306.47
      4911.15      1304.04
      4911.32      1308.03
      4911.50      1306.30
      4911.67      1301.24
      4911.85      1307.99
      4912.02      1302.68
      4912.19      1304.67
      4912.37      1302.47
      4912.54      1304.38
      4912.71      1310.22
      4912.89      1312.38
      4913.06      1306.86
      4913.23      1300.97
      4913.41      1301.50
      4913.58      1299.29
      4913.75      1307.31
      4913.93      1305.12
      4914.10      1306.37
      4914.28      1307.40
      4914.45      1302.82
      4914.62      1303.04
      4914.80      1298.45
      4914.97      1297.39
      4915.14      1294.07
      4915.32      1301.23
      4915.49      1294.62
      4915.66      1294.44
      4915.84      1303.71
      4916.01      1293.67
      4916.18      1297.05
      4916.36      1301.17
      4916.53      1295.05
      4916.71      1291.93
      4916.88      1291.91
      4917.05      1289.29
      4917.23      1287.59
      4917.40      1292.99
      4917.57      1289.87
      4917.75      1294.64
      4917.92      1291.11
      4918.09      1292.15
      4918.27      1288.81
      4918.44      1293.22
      4918.61      1287.40
      4918.79      1282.85
      4918.96      1289.63
      4919.13      1283.67
      4919.31      1283.53
      4919.48      1282.66
      4919.66      1286.94
      4919.83      1286.00
      4920.00      1281.08
      4920.18      1279.17
      4920.35      1284.24
      4920.52      1279.94
      4920.70      1285.25
      4920.87      1280.76
      4921.04      1285.43
      4921.22      1286.17
      4921.39      1285.01
      4921.56      1278.51
      4921.74      1277.83
      4921.91      1268.08
      4922.08      1274.14
      4922.26      1283.73
      4922.43      1286.50
      4922.61      1284.12
      4922.78      1278.69
      4922.95      1275.10
      4923.13      1279.87
      4923.30      1276.19
      4923.47      1274.64
      4923.65      1273.20
      4923.82      1272.58
      4923.99      1269.01
      4924.17      1269.99
      4924.34      1274.42
      4924.51      1267.43
      4924.69      1271.44
      4924.86      1278.88
      4925.04      1270.11
      4925.21      1271.28
      4925.38      1275.63
      4925.56      1270.54
      4925.73      1268.94
      4925.90      1262.89
      4926.08      1269.07
      4926.25      1273.29
      4926.42      1263.43
      4926.60      1260.07
      4926.77      1260.03
      4926.94      1266.44
      4927.12      1266.34
      4927.29      1262.76
      4927.46      1264.34
      4927.64      1268.46
      4927.81      1269.18
      4927.99      1264.24
      4928.16      1263.45
      4928.33      1271.00
      4928.51      1261.50
      4928.68      1257.96
      4928.85      1266.18
      4929.03      1261.83
      4929.20      1266.95
      4929.37      1262.60
      4929.55      1267.95
      4929.72      1262.29
      4929.89      1262.82
      4930.07      1263.17
      4930.24      1266.09
      4930.42      1265.51
      4930.59      1265.80
      4930.76      1261.72
      4930.94      1267.10
      4931.11      1259.08
      4931.28      1257.65
      4931.46      1271.43
      4931.63      1262.98
      4931.80      1257.81
      4931.98      1254.33
      4932.15      1256.58
      4932.32      1258.41
      4932.50      1258.01
      4932.67      1262.37
      4932.84      1256.63
      4933.02      1260.19
      4933.19      1256.19
      4933.37      1253.06
      4933.54      1254.06
      4933.71      1251.19
      4933.89      1249.34
      4934.06      1258.27
      4934.23      1257.19
      4934.41      1241.12
      4934.58      1251.39
      4934.75      1248.63
      4934.93      1248.63
      4935.10      1243.12
      4935.27      1250.20
      4935.45      1247.84
      4935.62      1245.81
      4935.80      1244.33
      4935.97      1244.43
      4936.14      1249.44
      4936.32      1250.59
      4936.49      1238.28
      4936.66      1240.90
      4936.84      1245.58
      4937.01      1243.22
      4937.18      1244.67
      4937.36      1238.44
      4937.53      1241.05
      4937.70      1240.08
      4937.88      1235.51
      4938.05      1240.33
      4938.22      1239.51
      4938.40      1246.70
      4938.57      1247.38
      4938.75      1241.73
      4938.92      1237.18
      4939.09      1230.90
      4939.27      1239.07
      4939.44      1236.18
      4939.61      1231.34
      4939.79      1230.95
      4939.96      1227.73
      4940.13      1236.66
      4940.31      1245.55
      4940.48      1238.34
      4940.65      1233.78
      4940.83      1229.42
      4941.00      1232.15
      4941.18      1229.29
      4941.35      1223.94
      4941.52      1227.00
      4941.70      1231.72
      4941.87      1225.70
      4942.04      1227.18
      4942.22      1234.36
      4942.39      1229.14
      4942.56      1224.40
      4942.74      1228.39
      4942.91      1225.02
      4943.08      1224.33
      4943.26      1222.63
      4943.43      1220.94
      4943.60      1224.41
      4943.78      1219.19
      4943.95      1225.38
      4944.13      1229.66
      4944.30      1225.52
      4944.47      1219.75
      4944.65      1222.20
      4944.82      1217.77
      4944.99      1211.81
      4945.17      1215.08
      4945.34      1212.53
      4945.51      1215.72
      4945.69      1215.65
      4945.86      1221.04
