      4768.32      135.825
      4768.49      140.592
      4768.67      137.393
      4768.84      135.804
      4769.02      138.593
      4769.19      141.409
      4769.36      140.561
      4769.54      138.525
      4769.71      139.653
      4769.88      144.705
      4770.06      146.310
      4770.23      141.529
      4770.40      143.628
      4770.58      137.923
      4770.75      144.075
      4770.92      140.755
      4771.10      141.605
      4771.27      145.778
      4771.45      139.519
      4771.62      136.744
      4771.79      139.081
      4771.97      141.613
      4772.14      148.255
      4772.31      150.051
      4772.49      151.344
      4772.66      150.838
      4772.83      145.074
      4773.01      146.535
      4773.18      152.420
      4773.35      148.161
      4773.53      152.189
      4773.70      146.138
      4773.88      143.362
      4774.05      144.720
      4774.22      145.053
      4774.40      148.963
      4774.57      148.888
      4774.74      150.629
      4774.92      143.617
      4775.09      144.210
      4775.26      150.481
      4775.44      146.520
      4775.61      151.033
      4775.78      147.399
      4775.96      151.200
      4776.13      152.512
      4776.30      156.586
      4776.48      154.234
      4776.65      151.666
      4776.83      152.280
      4777.00      146.071
      4777.17      148.076
      4777.35      154.500
      4777.52      152.017
      4777.69      151.537
      4777.87      157.336
      4778.04      149.268
      4778.21      151.840
      4778.39      155.437
      4778.56      152.792
      4778.73      154.588
      4778.91      161.867
      4779.08      162.633
      4779.25      156.087
      4779.43      150.295
      4779.60      149.806
      4779.78      157.541
      4779.95      157.870
      4780.12      154.691
      4780.30      157.349
      4780.47      156.294
      4780.64      152.877
      4780.82      158.095
      4780.99      153.289
      4781.16      154.819
      4781.34      159.814
      4781.51      162.733
      4781.68      163.302
      4781.86      162.414
      4782.03      163.737
      4782.21      163.973
      4782.38      164.447
      4782.55      163.482
      4782.73      161.522
      4782.90      165.467
      4783.07      165.985
      4783.25      166.596
      4783.42      162.369
      4783.59      160.908
      4783.77      164.057
      4783.94      158.547
      4784.11      155.227
      4784.29      160.714
      4784.46      167.386
      4784.63      167.745
      4784.81      165.323
      4784.98      164.133
      4785.16      161.796
      4785.33      161.550
      4785.50      162.589
      4785.68      167.730
      4785.85      163.952
      4786.02      164.693
      4786.20      166.330
      4786.37      164.441
      4786.54      163.858
      4786.72      165.419
      4786.89      168.751
      4787.06      168.062
      4787.24      163.910
      4787.41      167.801
      4787.58      168.598
      4787.76      163.916
      4787.93      163.890
      4788.11      164.252
      4788.28      167.550
      4788.45      164.727
      4788.63      161.839
      4788.80      159.497
      4788.97      163.684
      4789.15      168.403
      4789.32      173.776
      4789.49      171.137
      4789.67      166.059
      4789.84      165.904
      4790.01      166.802
      4790.19      170.806
      4790.36      172.545
      4790.54      170.698
      4790.71      171.726
      4790.88      171.540
      4791.06      166.443
      4791.23      169.990
      4791.40      170.292
      4791.58      168.595
      4791.75      165.828
      4791.92      171.245
      4792.10      171.123
      4792.27      173.382
      4792.44      176.986
      4792.62      171.223
      4792.79      172.639
      4792.96      176.307
      4793.14      175.294
      4793.31      175.646
      4793.49      169.423
      4793.66      171.530
      4793.83      173.237
      4794.01      171.106
      4794.18      177.137
      4794.35      177.662
      4794.53      173.594
      4794.70      172.651
      4794.87      172.732
      4795.05      173.718
      4795.22      173.969
      4795.39      173.453
      4795.57      176.863
      4795.74      174.018
      4795.92      177.675
      4796.09      179.260
      4796.26      177.202
      4796.44      177.618
      4796.61      175.092
      4796.78      178.847
      4796.96      180.870
      4797.13      178.481
      4797.30      178.012
      4797.48      173.753
      4797.65      182.951
      4797.82      184.393
      4798.00      179.991
      4798.17      178.347
      4798.35      180.309
      4798.52      178.334
      4798.69      170.729
      4798.87      175.703
      4799.04      182.060
      4799.21      182.629
      4799.39      184.311
      4799.56      178.340
      4799.73      185.618
      4799.91      188.201
      4800.08      185.040
      4800.25      177.128
      4800.43      170.106
      4800.60      177.898
      4800.77      187.581
      4800.95      185.978
      4801.12      187.592
      4801.30      188.099
      4801.47      187.187
      4801.64      187.255
      4801.82      183.677
      4801.99      183.439
      4802.16      185.292
      4802.34      189.195
      4802.51      182.979
      4802.68      186.552
      4802.86      189.831
      4803.03      185.874
      4803.20      187.869
      4803.38      189.049
      4803.55      191.341
      4803.73      192.202
      4803.90      186.722
      4804.07      187.633
      4804.25      188.818
      4804.42      185.056
      4804.59      181.682
      4804.77      184.347
      4804.94      188.502
      4805.11      189.185
      4805.29      189.199
      4805.46      189.897
      4805.63      186.518
      4805.81      185.560
      4805.98      188.133
      4806.15      194.574
      4806.33      196.235
      4806.50      201.975
      4806.68      192.080
      4806.85      193.198
      4807.02      189.993
      4807.20      195.665
      4807.37      196.469
      4807.54      191.131
      4807.72      196.136
      4807.89      190.791
      4808.06      187.763
      4808.24      194.113
      4808.41      195.421
      4808.58      195.146
      4808.76      196.402
      4808.93      196.966
      4809.10      197.525
      4809.28      203.748
      4809.45      201.093
      4809.63      200.738
      4809.80      199.101
      4809.97      195.600
      4810.15      195.264
      4810.32      198.534
      4810.49      193.839
      4810.67      187.710
      4810.84      189.321
      4811.01      195.781
      4811.19      197.641
      4811.36      192.476
      4811.53      193.738
      4811.71      200.114
      4811.88      201.252
      4812.06      197.278
      4812.23      201.434
      4812.40      203.037
      4812.58      196.509
      4812.75      194.511
      4812.92      196.207
      4813.10      202.900
      4813.27      200.224
      4813.44      196.958
      4813.62      192.517
      4813.79      201.468
      4813.96      203.220
      4814.14      200.826
      4814.31      202.335
      4814.48      202.241
      4814.66      200.116
      4814.83      207.633
      4815.01      203.261
      4815.18      201.024
      4815.35      206.694
      4815.53      211.017
      4815.70      201.660
      4815.87      201.785
      4816.05      209.831
      4816.22      211.017
      4816.39      211.712
      4816.57      207.868
      4816.74      206.041
      4816.91      207.139
      4817.09      204.337
      4817.26      203.692
      4817.44      205.794
      4817.61      210.133
      4817.78      215.723
      4817.96      214.728
      4818.13      216.057
      4818.30      211.311
      4818.48      206.743
      4818.65      202.857
      4818.82      209.373
      4819.00      211.968
      4819.17      207.242
      4819.34      200.832
      4819.52      206.960
      4819.69      212.786
      4819.87      212.214
      4820.04      209.454
      4820.21      211.963
      4820.39      213.006
      4820.56      210.167
      4820.73      206.023
      4820.91      207.128
      4821.08      215.011
      4821.25      213.413
      4821.43      213.757
      4821.60      218.775
      4821.77      220.279
      4821.95      216.102
      4822.12      216.459
      4822.29      211.089
      4822.47      216.933
      4822.64      218.813
      4822.82      217.589
      4822.99      213.640
      4823.16      209.952
      4823.34      208.763
      4823.51      218.562
      4823.68      220.582
      4823.86      217.055
      4824.03      217.989
      4824.20      220.997
      4824.38      217.907
      4824.55      215.778
      4824.72      216.095
      4824.90      216.229
      4825.07      218.412
      4825.25      219.676
      4825.42      217.284
      4825.59      213.828
      4825.77      216.315
      4825.94      216.273
      4826.11      218.457
      4826.29      220.148
      4826.46      216.027
      4826.63      218.488
      4826.81      226.691
      4826.98      217.383
      4827.15      218.233
      4827.33      221.458
      4827.50      212.515
      4827.67      212.356
      4827.85      222.866
      4828.02      218.541
      4828.20      219.460
      4828.37      217.422
      4828.54      217.153
      4828.72      218.691
      4828.89      222.880
      4829.06      218.216
      4829.24      219.895
      4829.41      214.359
      4829.58      219.963
      4829.76      226.975
      4829.93      221.499
      4830.10      222.398
      4830.28      223.220
      4830.45      223.207
      4830.62      226.802
      4830.80      229.065
      4830.97      225.064
      4831.15      217.968
      4831.32      216.694
      4831.49      217.057
      4831.67      223.895
      4831.84      219.460
      4832.01      225.151
      4832.19      226.203
      4832.36      222.587
      4832.53      221.027
      4832.71      230.553
      4832.88      229.284
      4833.05      219.745
      4833.23      226.510
      4833.40      231.782
      4833.58      226.315
      4833.75      227.086
      4833.92      227.765
      4834.10      223.206
      4834.27      224.064
      4834.44      228.659
      4834.62      232.178
      4834.79      236.725
      4834.96      230.910
      4835.14      231.263
      4835.31      230.420
      4835.48      232.196
      4835.66      229.106
      4835.83      228.153
      4836.00      232.364
      4836.18      231.135
      4836.35      227.472
      4836.53      233.953
      4836.70      234.870
      4836.87      233.749
      4837.05      237.343
      4837.22      235.536
      4837.39      236.922
      4837.57      227.359
      4837.74      228.415
      4837.91      241.351
      4838.09      238.583
      4838.26      236.246
      4838.43      236.775
      4838.61      227.782
      4838.78      231.398
      4838.96      231.869
      4839.13      242.317
      4839.30      241.721
      4839.48      237.172
      4839.65      240.383
      4839.82      244.040
      4840.00      237.870
      4840.17      237.397
      4840.34      242.186
      4840.52      237.503
      4840.69      233.476
      4840.86      234.714
      4841.04      238.189
      4841.21      238.395
      4841.38      240.801
      4841.56      243.117
      4841.73      239.384
      4841.91      244.979
      4842.08      246.622
      4842.25      240.328
      4842.43      243.606
      4842.60      244.317
      4842.77      250.469
      4842.95      246.409
      4843.12      241.451
      4843.29      247.901
      4843.47      241.876
      4843.64      243.631
      4843.81      248.423
      4843.99      242.296
      4844.16      244.599
      4844.34      244.366
      4844.51      244.949
      4844.68      248.825
      4844.86      248.742
      4845.03      257.798
      4845.20      253.017
      4845.38      252.068
      4845.55      256.804
      4845.72      253.359
      4845.90      253.559
      4846.07      256.714
      4846.24      260.726
      4846.42      256.051
      4846.59      253.937
      4846.77      255.492
      4846.94      259.305
      4847.11      263.622
      4847.29      256.557
      4847.46      255.170
      4847.63      255.711
      4847.81      261.384
      4847.98      263.113
      4848.15      254.553
      4848.33      264.044
      4848.50      263.270
      4848.67      265.814
      4848.85      267.078
      4849.02      268.493
      4849.19      271.403
      4849.37      262.417
      4849.54      263.624
      4849.72      269.716
      4849.89      273.796
      4850.06      273.194
      4850.24      269.406
      4850.41      267.546
      4850.58      269.799
      4850.76      278.462
      4850.93      277.780
      4851.10      275.902
      4851.28      285.942
      4851.45      286.241
      4851.62      287.631
      4851.80      288.406
      4851.97      290.684
      4852.15      287.816
      4852.32      294.112
      4852.49      295.946
      4852.67      299.554
      4852.84      295.350
      4853.01      297.681
      4853.19      296.466
      4853.36      298.727
      4853.53      300.256
      4853.71      307.160
      4853.88      309.072
      4854.05      307.229
      4854.23      312.920
      4854.40      311.542
      4854.57      307.371
      4854.75      313.818
      4854.92      313.530
      4855.10      313.086
      4855.27      309.659
      4855.44      304.475
      4855.62      301.538
      4855.79      309.164
      4855.96      314.553
      4856.14      308.338
      4856.31      301.017
      4856.48      299.278
      4856.66      302.077
      4856.83      304.044
      4857.00      301.943
      4857.18      304.885
      4857.35      303.093
      4857.52      296.447
      4857.70      287.765
      4857.87      283.058
      4858.05      287.687
      4858.22      282.210
      4858.39      283.687
      4858.57      288.153
      4858.74      281.398
      4858.91      279.610
      4859.09      276.331
      4859.26      276.181
      4859.43      275.792
      4859.61      264.438
      4859.78      268.710
      4859.95      267.200
      4860.13      260.745
      4860.30      261.727
      4860.48      274.281
      4860.65      272.901
      4860.82      265.898
      4861.00      272.157
      4861.17      269.275
      4861.34      274.997
      4861.52      274.560
      4861.69      269.074
      4861.86      272.647
      4862.04      275.056
      4862.21      270.724
      4862.38      269.227
      4862.56      270.497
      4862.73      269.539
      4862.90      271.710
      4863.08      272.745
      4863.25      270.190
      4863.43      267.778
      4863.60      266.647
      4863.77      268.985
      4863.95      270.386
      4864.12      267.392
      4864.29      264.691
      4864.47      271.281
      4864.64      268.771
      4864.81      267.867
      4864.99      269.388
      4865.16      267.228
      4865.33      266.058
      4865.51      273.289
      4865.68      275.682
      4865.86      270.127
      4866.03      268.649
      4866.20      258.384
      4866.38      264.058
      4866.55      270.678
      4866.72      266.231
      4866.90      273.205
      4867.07      271.894
      4867.24      271.754
      4867.42      268.492
      4867.59      270.912
      4867.76      267.619
      4867.94      270.792
      4868.11      269.454
      4868.29      272.018
      4868.46      269.773
      4868.63      261.705
      4868.81      264.967
      4868.98      272.615
      4869.15      267.891
      4869.33      265.248
      4869.50      270.899
      4869.67      266.943
      4869.85      266.417
      4870.02      262.924
      4870.19      266.774
      4870.37      262.598
      4870.54      262.411
      4870.71      262.205
      4870.89      260.446
      4871.06      260.162
      4871.24      268.388
      4871.41      264.776
      4871.58      264.027
      4871.76      265.413
      4871.93      250.477
      4872.10      253.226
      4872.28      255.089
      4872.45      250.332
      4872.62      259.682
      4872.80      263.006
      4872.97      258.734
      4873.14      259.518
      4873.32      256.644
      4873.49      257.981
      4873.67      249.024
      4873.84      192.054
      4874.01      241.612
      4874.19      259.746
      4874.36      261.438
      4874.53      253.465
      4874.71      246.286
      4874.88      255.058
      4875.05      258.395
      4875.23      248.515
      4875.40      249.870
      4875.57      250.725
      4875.75      249.427
      4875.92      257.623
      4876.09      256.234
      4876.27      257.413
      4876.44      251.911
      4876.62      253.517
      4876.79      252.746
      4876.96      252.357
      4877.14      256.043
      4877.31      251.140
      4877.48      248.381
      4877.66      246.315
      4877.83      251.976
      4878.00      246.335
      4878.18      244.940
      4878.35      249.117
      4878.52      247.688
      4878.70      247.666
      4878.87      247.414
      4879.04      248.263
      4879.22      252.576
      4879.39      247.623
      4879.57      244.932
      4879.74      245.659
      4879.91      242.041
      4880.09      243.045
      4880.26      248.374
      4880.43      248.987
      4880.61      245.347
      4880.78      244.546
      4880.95      246.312
      4881.13      245.121
      4881.30      245.288
      4881.47      240.648
      4881.65      237.719
      4881.82      242.739
      4882.00      244.757
      4882.17      249.422
      4882.34      245.517
      4882.52      249.328
      4882.69      243.627
      4882.86      239.158
      4883.04      246.452
      4883.21      251.071
      4883.38      238.236
      4883.56      239.355
      4883.73      245.570
      4883.90      240.977
      4884.08      237.128
      4884.25      242.072
      4884.42      242.643
      4884.60      243.486
      4884.77      240.932
      4884.95      239.598
      4885.12      238.102
      4885.29      239.231
      4885.47      238.590
      4885.64      238.110
      4885.81      239.662
      4885.99      240.301
      4886.16      242.629
      4886.33      234.898
      4886.51      234.042
      4886.68      237.278
      4886.85      234.087
      4887.03      237.420
      4887.20      238.014
      4887.38      235.189
      4887.55      233.778
      4887.72      236.477
      4887.90      239.702
      4888.07      239.699
      4888.24      236.410
      4888.42      234.671
      4888.59      231.579
      4888.76      238.016
      4888.94      248.665
      4889.11      82.0081
      4889.28     -11.1675
      4889.46      174.632
      4889.63      247.826
      4889.80      228.714
      4889.98      235.543
      4890.15      233.987
      4890.33      229.639
      4890.50      230.094
      4890.67      238.589
      4890.85      240.492
      4891.02      235.536
      4891.19      228.998
      4891.37      230.943
      4891.54      224.425
      4891.71      227.484
      4891.89      229.384
      4892.06      225.243
      4892.23      233.440
      4892.41      234.556
      4892.58      225.603
      4892.76      228.398
      4892.93      225.721
      4893.10      227.568
      4893.28      227.013
      4893.45      224.671
      4893.62      228.343
      4893.80      223.550
      4893.97      223.747
      4894.14      225.975
      4894.32      232.721
      4894.49      228.844
      4894.66      222.947
      4894.84      229.640
      4895.01      234.187
      4895.19      232.423
      4895.36      230.647
      4895.53      230.469
      4895.71      229.421
      4895.88      219.688
      4896.05      223.424
      4896.23      221.770
      4896.40      221.574
      4896.57      225.963
      4896.75      227.393
      4896.92      223.622
      4897.09      223.353
      4897.27      229.284
      4897.44      226.767
      4897.61      226.400
      4897.79      223.029
      4897.96      231.066
      4898.14      229.564
      4898.31      226.480
      4898.48      225.030
      4898.66      220.764
      4898.83      220.312
      4899.00      226.711
      4899.18      221.582
      4899.35      218.692
      4899.52      222.224
      4899.70      218.495
      4899.87      220.052
      4900.04      220.193
      4900.22      222.533
      4900.39      221.945
      4900.56      224.581
      4900.74      224.874
      4900.91      218.242
      4901.09      219.499
      4901.26      218.364
      4901.43      218.549
      4901.61      225.848
      4901.78      221.292
      4901.95      220.988
      4902.13      219.438
      4902.30      214.998
      4902.47      212.719
      4902.65      211.691
      4902.82      212.127
      4902.99      214.171
      4903.17      216.599
      4903.34      214.005
      4903.52      215.679
      4903.69      214.899
      4903.86      220.171
      4904.04      218.131
      4904.21      217.019
      4904.38      213.253
      4904.56      214.382
      4904.73      216.208
      4904.90      215.742
      4905.08      213.349
      4905.25      217.776
      4905.42      212.400
      4905.60      216.602
      4905.77      212.508
      4905.94      214.539
      4906.12      209.025
      4906.29      206.466
      4906.47      208.493
      4906.64      213.010
      4906.81      210.394
      4906.99      216.512
      4907.16      211.556
      4907.33      213.218
      4907.51      215.219
      4907.68      213.240
      4907.85      211.054
      4908.03      211.241
      4908.20      211.316
      4908.37      209.296
      4908.55      207.165
      4908.72      199.787
      4908.90      206.918
      4909.07      216.092
      4909.24      213.696
      4909.42      207.112
      4909.59      207.778
      4909.76      205.898
      4909.94      203.196
      4910.11      201.215
      4910.28      205.312
      4910.46      206.517
      4910.63      207.366
      4910.80      205.169
      4910.98      200.066
      4911.15      201.930
      4911.32      206.166
      4911.50      201.631
      4911.67      201.801
      4911.85      208.148
      4912.02      212.599
      4912.19      203.579
      4912.37      200.213
      4912.54      208.474
      4912.71      208.584
      4912.89      207.740
      4913.06      207.251
      4913.23      200.403
      4913.41      202.535
      4913.58      206.771
      4913.75      208.210
      4913.93      203.292
      4914.10      199.623
      4914.28      196.465
      4914.45      203.655
      4914.62      206.841
      4914.80      203.915
      4914.97      208.130
      4915.14      202.707
      4915.32      201.995
      4915.49      198.816
      4915.66      205.509
      4915.84      197.907
      4916.01      200.754
      4916.18      201.389
      4916.36      192.924
      4916.53      194.547
      4916.71      199.703
      4916.88      197.928
      4917.05      195.880
      4917.23      197.608
      4917.40      193.467
      4917.57      192.046
      4917.75      192.007
      4917.92      189.199
      4918.09      194.455
      4918.27      193.335
      4918.44      188.735
      4918.61      192.002
      4918.79      191.296
      4918.96      187.966
      4919.13      182.825
      4919.31      177.548
      4919.48      183.163
      4919.66      183.402
      4919.83      186.286
      4920.00      188.720
      4920.18      179.166
      4920.35      173.598
      4920.52      177.049
      4920.70      182.497
      4920.87      172.645
      4921.04      172.101
      4921.22      174.975
      4921.39      174.162
      4921.56      174.459
      4921.74      179.953
      4921.91      174.311
      4922.08      175.000
      4922.26      178.383
      4922.43      183.784
      4922.61      179.572
      4922.78      177.539
      4922.95      175.634
      4923.13      174.887
      4923.30      179.193
      4923.47      177.671
      4923.65      171.849
      4923.82      175.299
      4923.99      175.288
      4924.17      178.463
      4924.34      175.009
      4924.51      176.443
      4924.69      181.918
      4924.86      178.158
      4925.04      176.068
      4925.21      181.287
      4925.38      184.396
      4925.56      176.724
      4925.73      171.838
      4925.90      177.301
      4926.08      173.980
      4926.25      178.228
      4926.42      175.415
      4926.60      174.668
      4926.77      176.275
      4926.94      173.532
      4927.12      178.371
      4927.29      178.032
      4927.46      182.322
      4927.64      178.989
      4927.81      171.908
      4927.99      172.964
      4928.16      178.752
      4928.33      175.511
      4928.51      163.889
      4928.68      166.053
      4928.85      178.513
      4929.03      175.678
      4929.20      169.692
      4929.37      168.089
      4929.55      173.987
      4929.72      172.032
      4929.89      174.197
      4930.07      167.087
      4930.24      166.366
      4930.42      171.028
      4930.59      166.119
      4930.76      168.036
      4930.94      170.210
      4931.11      161.376
      4931.28      172.514
      4931.46      171.065
      4931.63      165.425
      4931.80      167.942
      4931.98      162.515
      4932.15      163.531
      4932.32      161.908
      4932.50      164.841
      4932.67      167.707
      4932.84      164.967
      4933.02      159.303
      4933.19      163.348
      4933.37      161.064
      4933.54      161.966
      4933.71      163.869
      4933.89      161.407
      4934.06      157.565
      4934.23      164.358
      4934.41      154.965
      4934.58      157.995
      4934.75      155.274
      4934.93      157.332
      4935.10      157.861
      4935.27      159.636
      4935.45      159.634
      4935.62      159.638
      4935.80      158.213
      4935.97      164.549
      4936.14      160.831
      4936.32      154.130
      4936.49      152.582
      4936.66      157.136
      4936.84      154.967
      4937.01      149.053
      4937.18      155.470
      4937.36      154.184
      4937.53      151.142
      4937.70      152.267
      4937.88      153.619
      4938.05      151.093
      4938.22      153.771
      4938.40      154.562
      4938.57      151.921
      4938.75      153.040
      4938.92      141.147
      4939.09      147.505
      4939.27      147.418
      4939.44      144.598
      4939.61      150.014
      4939.79      148.017
      4939.96      141.961
      4940.13      143.254
      4940.31      147.417
      4940.48      146.112
      4940.65      149.240
      4940.83      147.635
      4941.00      145.085
      4941.18      146.532
      4941.35      140.350
      4941.52      146.445
      4941.70      148.617
      4941.87      143.084
      4942.04      146.735
      4942.22      148.042
      4942.39      143.455
      4942.56      140.532
      4942.74      138.599
      4942.91      138.074
      4943.08      137.189
      4943.26      140.675
      4943.43      138.374
      4943.60      139.800
      4943.78      133.968
      4943.95      140.280
      4944.13      142.698
      4944.30      137.655
      4944.47      138.190
      4944.65      136.805
      4944.82      136.298
      4944.99      136.109
      4945.17      139.689
      4945.34      134.517
      4945.51      135.659
      4945.69      132.227
      4945.86      141.696
