4768.0587465675  7.830427
4768.23239616133  10.17682
4768.40604575516  22.2013
4768.57969534899  32.14814
4768.75334494282  6.223733
4768.92699453665  6.130243
4769.10064413048  -13.49585
4769.2742937243  -18.1332
4769.44794331813  -0.6458185
4769.62159291196  -1.975075
4769.79524250579  9.415261
4769.96889209962  3.093961
4770.14254169345  13.41627
4770.31619128728  11.09701
4770.48984088111  -4.261649
4770.66349047494  -29.53786
4770.83714006877  -3.322405
4771.0107896626  4.282389
4771.18443925643  -5.020103
4771.35808885025  7.856791
4771.53173844408  3.014865
4771.70538803791  -8.110526
4771.87903763174  -2.660801
4772.05268722557  -4.371885
4772.2263368194  3.626356
4772.39998641323  11.35898
4772.57363600706  12.7489
4772.74728560089  17.73677
4772.92093519472  16.41955
4773.09458478855  15.96496
4773.26823438238  6.79666
4773.4418839762  16.80171
4773.61553357003  1.6898
4773.78918316386  -11.25878
4773.96283275769  -13.94504
4774.13648235152  -3.065948
4774.31013194535  6.619102
4774.48378153918  -12.35563
4774.65743113301  11.76161
4774.83108072684  31.81509
4775.00473032067  6.000365
4775.1783799145  -4.26184
4775.35202950832  13.06639
4775.52567910215  18.97784
4775.69932869598  6.98091
4775.87297828981  -8.426822
4776.04662788364  -23.81511
4776.22027747747  1.293041
4776.3939270713  3.744326
4776.56757666513  -17.14697
4776.74122625896  0.0983246
4776.91487585279  7.038357
4777.08852544662  12.64986
4777.26217504045  13.20807
4777.43582463428  -0.5749264
4777.6094742281  6.427116
4777.78312382193  -3.419199
4777.95677341576  5.025831
4778.13042300959  4.234622
4778.30407260342  14.73712
4778.47772219725  7.753107
4778.65137179108  -13.36348
4778.82502138491  2.835035
4778.99867097874  28.72224
4779.17232057257  8.917272
4779.3459701664  -11.64767
4779.51961976023  8.619149
4779.69326935405  14.53394
4779.86691894788  13.91186
4780.04056854171  24.14688
4780.21421813554  37.92492
4780.38786772937  7.762178
4780.5615173232  3.255173
4780.73516691703  17.81407
4780.90881651086  20.02486
4781.08246610469  4.757716
4781.25611569852  0.551957
4781.42976529235  7.18828
4781.60341488618  17.34153
4781.77706448  27.82552
4781.95071407383  12.65548
4782.12436366766  2.765437
4782.29801326149  16.45531
4782.47166285532  4.166783
4782.64531244915  -2.641713
4782.81896204298  -11.90455
4782.99261163681  4.662034
4783.16626123064  9.147415
4783.33991082447  31.69735
4783.5135604183  10.66292
4783.68721001213  -14.02818
4783.86085960595  1.802974
4784.03450919978  7.756129
4784.20815879361  -0.2537341
4784.38180838744  11.87144
4784.55545798127  25.68266
4784.7291075751  16.31872
4784.90275716893  10.22918
4785.07640676276  16.26528
4785.25005635659  39.08738
4785.42370595042  16.19751
4785.59735554425  2.505119
4785.77100513808  2.58181
4785.9446547319  0.001993732
4786.11830432573  12.03781
4786.29195391956  22.23132
4786.46560351339  16.0744
4786.63925310722  9.23324
4786.81290270105  25.15182
4786.98655229488  34.06256
4787.16020188871  25.32037
4787.33385148254  33.29457
4787.50750107637  11.48591
4787.6811506702  21.63031
4787.85480026403  14.11446
4788.02844985785  -18.33053
4788.20209945168  1.254809
4788.37574904551  -0.523636
4788.54939863934  -3.486185
4788.72304823317  -7.154671
4788.896697827  16.97366
4789.07034742083  20.87268
4789.24399701466  -1.569988
4789.41764660849  0.2314278
4789.59129620232  25.64166
4789.76494579615  23.80323
4789.93859538997  9.869543
4790.1122449838  34.91542
4790.28589457763  12.12975
4790.45954417146  18.68839
4790.63319376529  5.340476
4790.80684335912  -5.399016
4790.98049295295  12.49967
4791.15414254678  13.88213
4791.32779214061  4.729213
4791.50144173444  19.36119
4791.67509132827  26.90402
4791.8487409221  34.01461
4792.02239051593  37.48829
4792.19604010976  21.4058
4792.36968970358  9.499207
4792.54333929741  10.31894
4792.71698889124  10.07901
4792.89063848507  12.78973
4793.0642880789  25.61511
4793.23793767273  27.56276
4793.41158726656  -6.623517
4793.58523686039  -0.7837343
4793.75888645422  31.30145
4793.93253604805  22.97321
4794.10618564188  23.40543
4794.27983523571  17.50572
4794.45348482953  16.55235
4794.62713442336  34.82241
4794.80078401719  24.53194
4794.97443361102  12.73097
4795.14808320485  9.472194
4795.32173279868  8.266197
4795.49538239251  26.6563
4795.66903198634  20.58486
4795.84268158017  12.62319
4796.016331174  29.1216
4796.18998076783  14.7522
4796.36363036166  4.497298
4796.53727995548  25.19415
4796.71092954931  21.35341
4796.88457914314  18.00471
4797.05822873697  19.19835
4797.2318783308  24.5
4797.40552792463  14.82823
4797.57917751846  5.574601
4797.75282711229  3.930603
4797.92647670612  3.222075
4798.10012629995  3.979691
4798.27377589377  15.52451
4798.4474254876  25.73443
4798.62107508143  16.71096
4798.79472467526  15.3966
4798.96837426909  27.00005
4799.14202386292  21.27534
4799.31567345675  11.42072
4799.48932305058  36.87456
4799.66297264441  36.44132
4799.83662223824  29.3853
4800.01027183207  16.44271
4800.1839214259  13.38328
4800.35757101973  14.65777
4800.53122061356  25.35124
4800.70487020738  13.0119
4800.87851980121  -3.832015
4801.05216939504  2.273352
4801.22581898887  15.42852
4801.3994685827  30.56314
4801.57311817653  33.89584
4801.74676777036  19.66468
4801.92041736419  23.37131
4802.09406695802  35.04807
4802.26771655185  30.11449
4802.44136614568  28.91317
4802.61501573951  24.51548
4802.78866533333  19.8446
4802.96231492716  17.22227
4803.13596452099  12.49141
4803.30961411482  13.57198
4803.48326370865  7.846548
4803.65691330248  14.67415
4803.83056289631  24.49802
4804.00421249014  9.975512
4804.17786208397  -0.3855222
4804.3515116778  10.97794
4804.52516127163  14.33799
4804.69881086545  2.515395
4804.87246045928  -2.76491
4805.04611005311  9.540396
4805.21975964694  28.28243
4805.39340924077  32.60242
4805.5670588346  19.59841
4805.74070842843  6.955703
4805.91435802226  26.68299
4806.08800761609  23.06198
4806.26165720992  27.94813
4806.43530680375  1.690809
4806.60895639758  11.20064
4806.78260599141  13.16165
4806.95625558523  27.68154
4807.12990517906  19.9588
4807.30355477289  24.00746
4807.47720436672  19.58263
4807.65085396055  -0.4809337
4807.82450355438  17.52185
4807.99815314821  18.9869
4808.17180274204  5.361366
4808.34545233587  19.36033
4808.5191019297  16.672
4808.69275152353  10.58755
4808.86640111735  7.408684
4809.04005071118  -0.009283765
4809.21370030501  0.7499126
4809.38734989884  32.54196
4809.56099949267  11.85696
4809.7346490865  13.12519
4809.90829868033  -0.1889584
4810.08194827416  12.59912
4810.25559786799  18.07291
4810.42924746182  -1.459353
4810.60289705565  -8.842506
4810.77654664948  15.35499
4810.95019624331  19.53589
4811.12384583713  22.33113
4811.29749543096  24.57498
4811.47114502479  -1.774551
4811.64479461862  -0.666711
4811.81844421245  37.84161
4811.99209380628  38.66718
4812.16574340011  18.39384
4812.33939299394  20.81076
4812.51304258777  14.06322
4812.6866921816  12.55363
4812.86034177543  28.3751
4813.03399136925  27.91788
4813.20764096308  21.66782
4813.38129055691  12.41014
4813.55494015074  23.64644
4813.72858974457  16.39643
4813.9022393384  4.711934
4814.07588893223  11.14054
4814.24953852606  -4.097284
4814.42318811989  12.25169
4814.59683771372  13.50406
4814.77048730755  17.13545
4814.94413690138  15.56394
4815.11778649521  16.02206
4815.29143608903  17.55401
4815.46508568286  20.4847
4815.63873527669  15.79287
4815.81238487052  -12.26376
4815.98603446435  6.280246
4816.15968405818  44.55809
4816.33333365201  20.65057
4816.50698324584  10.22482
4816.68063283967  20.3075
4816.8542824335  44.36712
4817.02793202733  47.29451
4817.20158162116  27.34836
4817.37523121498  32.65143
4817.54888080881  36.89281
4817.72253040264  18.45008
4817.89617999647  13.79392
4818.0698295903  36.26991
4818.24347918413  22.80017
4818.41712877796  20.22903
4818.59077837179  27.12619
4818.76442796562  32.86228
4818.93807755945  24.33244
4819.11172715328  32.85562
4819.28537674711  28.92381
4819.45902634093  13.40577
4819.63267593476  13.65435
4819.80632552859  40.50589
4819.97997512242  48.35865
4820.15362471625  32.88704
4820.32727431008  15.63118
4820.50092390391  -4.778753
4820.67457349774  28.74407
4820.84822309157  43.62465
4821.0218726854  12.93731
4821.19552227923  25.65324
4821.36917187306  21.05872
4821.54282146688  37.8458
4821.71647106071  32.01098
4821.89012065454  45.3041
4822.06377024837  39.07644
4822.2374198422  56.59093
4822.41106943603  24.84271
4822.58471902986  -2.244698
4822.75836862369  28.56971
4822.93201821752  38.70876
4823.10566781135  16.80474
4823.27931740518  13.54729
4823.45296699901  25.42409
4823.62661659283  25.70829
4823.80026618666  35.13374
4823.97391578049  32.52967
4824.14756537432  30.1605
4824.32121496815  44.88404
4824.49486456198  33.47448
4824.66851415581  23.39247
4824.84216374964  26.38454
4825.01581334347  11.75734
4825.1894629373  8.184823
4825.36311253113  13.41289
4825.53676212496  12.3201
4825.71041171878  2.982815
4825.88406131261  3.943246
4826.05771090644  25.39589
4826.23136050027  8.454671
4826.4050100941  -8.861418
4826.57865968793  5.818817
4826.75230928176  21.00833
4826.92595887559  37.01955
4827.09960846942  32.50774
4827.27325806325  25.11932
4827.44690765707  36.34225
4827.62055725091  -5.021889
4827.79420684473  11.85489
4827.96785643856  24.58291
4828.14150603239  39.73165
4828.31515562622  7.769643
4828.48880522005  9.023209
4828.66245481388  36.99032
4828.83610440771  41.58023
4829.00975400154  48.62551
4829.18340359537  54.9313
4829.3570531892  37.73276
4829.53070278303  18.77974
4829.70435237686  15.3449
4829.87800197068  33.03336
4830.05165156451  34.47469
4830.22530115834  39.27932
4830.39895075217  44.53541
4830.572600346  21.83107
4830.74624993983  32.32899
4830.91989953366  24.23628
4831.09354912749  19.15561
4831.26719872132  35.0499
4831.44084831515  17.48393
4831.61449790898  43.70864
4831.78814750281  27.87583
4831.96179709663  31.2413
4832.13544669046  35.21857
4832.30909628429  41.48753
4832.48274587812  34.65367
4832.65639547195  19.38143
4832.83004506578  37.90171
4833.00369465961  26.59523
4833.17734425344  50.31062
4833.35099384727  35.30801
4833.5246434411  23.40947
4833.69829303493  24.45171
4833.87194262876  20.45311
4834.04559222258  13.90639
4834.21924181641  27.12328
4834.39289141024  17.01455
4834.56654100407  11.19664
4834.7401905979  28.84891
4834.91384019173  50.17314
4835.08748978556  30.15379
4835.26113937939  37.93744
4835.43478897322  34.17616
4835.60843856705  14.20598
4835.78208816088  4.688154
4835.95573775471  -6.824834
4836.12938734853  4.854385
4836.30303694236  20.19968
4836.47668653619  32.61821
4836.65033613002  33.66151
4836.82398572385  25.3387
4836.99763531768  27.13396
4837.17128491151  26.66768
4837.34493450534  28.35106
4837.51858409917  10.80596
4837.692233693  8.008836
4837.86588328683  27.78769
4838.03953288066  52.02937
4838.21318247449  26.53635
4838.38683206831  16.49988
4838.56048166214  31.18149
4838.73413125597  24.23239
4838.9077808498  33.92772
4839.08143044363  16.84807
4839.25508003746  40.27046
4839.42872963129  13.90907
4839.60237922512  20.18805
4839.77602881895  22.1018
4839.94967841278  27.53708
4840.12332800661  29.66877
4840.29697760043  17.00728
4840.47062719426  35.94774
4840.64427678809  24.50133
4840.81792638192  10.68091
4840.99157597575  1.423937
4841.16522556958  29.66392
4841.33887516341  40.8539
4841.51252475724  35.68759
4841.68617435107  25.22705
4841.8598239449  20.87915
4842.03347353873  22.86026
4842.20712313255  25.59922
4842.38077272638  21.13737
4842.55442232021  25.91936
4842.72807191404  39.49392
4842.90172150787  14.83474
4843.0753711017  6.588885
4843.24902069553  25.14188
4843.42267028936  43.27042
4843.59631988319  38.9031
4843.76996947702  44.07233
4843.94361907085  54.07575
4844.11726866468  36.41269
4844.29091825851  32.98106
4844.46456785233  22.82126
4844.63821744616  32.18886
4844.81186703999  48.18293
4844.98551663382  37.57833
4845.15916622765  35.9374
4845.33281582148  8.968074
4845.50646541531  -1.884809
4845.68011500914  31.69925
4845.85376460297  38.91266
4846.0274141968  26.57904
4846.20106379063  36.92287
4846.37471338446  25.99172
4846.54836297828  19.31804
4846.72201257211  31.73083
4846.89566216594  29.35627
4847.06931175977  32.68716
4847.2429613536  36.52182
4847.41661094743  30.80134
4847.59026054126  33.03643
4847.76391013509  35.75681
4847.93755972892  24.87021
4848.11120932275  55.1762
4848.28485891658  59.98065
4848.45850851041  42.00303
4848.63215810423  37.2165
4848.80580769806  50.03233
4848.97945729189  56.35209
4849.15310688572  33.41376
4849.32675647955  26.62009
4849.50040607338  39.51145
4849.67405566721  60.93075
4849.84770526104  58.45683
4850.02135485487  29.1072
4850.1950044487  4.055185
4850.36865404253  9.408904
4850.54230363635  21.51479
4850.71595323018  17.42925
4850.88960282401  29.66563
4851.06325241784  57.28539
4851.23690201167  43.21782
4851.4105516055  44.57825
4851.58420119933  48.09812
4851.75785079316  28.03699
4851.93150038699  40.36077
4852.10514998082  16.95517
4852.27879957465  35.57931
4852.45244916848  42.58965
4852.62609876231  33.34593
4852.79974835614  21.94147
4852.97339794997  44.98928
4853.14704754379  44.68134
4853.32069713762  39.46732
4853.49434673145  40.32659
4853.66799632528  61.09192
4853.84164591911  46.79068
4854.01529551294  36.14104
4854.18894510677  47.25021
4854.3625947006  51.13359
4854.53624429443  60.21286
4854.70989388826  65.70409
4854.88354348208  54.049
4855.05719307591  35.0972
4855.23084266974  44.50516
4855.40449226357  44.10422
4855.5781418574  44.12226
4855.75179145123  62.17844
4855.92544104506  67.84834
4856.09909063889  41.56201
4856.27274023272  57.53494
4856.44638982655  48.86623
4856.62003942038  48.08498
4856.79368901421  54.90921
4856.96733860803  67.40075
4857.14098820186  74.01286
4857.31463779569  57.03555
4857.48828738952  36.70975
4857.66193698335  31.08645
4857.83558657718  52.3367
4858.00923617101  55.48605
4858.18288576484  61.58439
4858.35653535867  77.05581
4858.5301849525  56.22768
4858.70383454633  51.37128
4858.87748414016  64.93855
4859.05113373398  66.93934
4859.22478332781  59.60531
4859.39843292164  53.69636
4859.57208251547  69.85516
4859.7457321093  52.38655
4859.91938170313  47.96125
4860.09303129696  60.33423
4860.26668089079  46.30824
4860.44033048462  48.63967
4860.61398007845  61.79749
4860.78762967228  46.01461
4860.9612792661  61.33644
4861.13492885993  61.37059
4861.30857845376  61.99515
4861.48222804759  60.8873
4861.65587764142  37.60638
4861.82952723525  46.92954
4862.00317682908  63.887
4862.17682642291  69.23077
4862.35047601674  72.26479
4862.52412561057  75.34718
4862.6977752044  75.56129
4862.87142479823  84.32611
4863.04507439206  80.71615
4863.21872398589  52.26234
4863.39237357971  63.92483
4863.56602317354  47.63465
4863.73967276737  41.72699
4863.9133223612  70.66484
4864.08697195503  67.57755
4864.26062154886  54.83139
4864.43427114269  64.17542
4864.60792073652  65.07383
4864.78157033035  79.73615
4864.95521992418  84.17963
4865.12886951801  64.08368
4865.30251911183  56.21117
4865.47616870566  53.1496
4865.64981829949  58.83638
4865.82346789332  73.88036
4865.99711748715  77.1395
4866.17076708098  64.63763
4866.34441667481  49.27281
4866.51806626864  51.765
4866.69171586247  64.66698
4866.8653654563  54.84641
4867.03901505013  56.2547
4867.21266464396  36.70755
4867.38631423778  45.07611
4867.55996383161  58.69206
4867.73361342544  56.74222
4867.90726301927  41.42293
4868.0809126131  44.63845
4868.25456220693  53.95825
4868.42821180076  26.56148
4868.60186139459  38.44329
4868.77551098842  62.15852
4868.94916058225  70.06767
4869.12281017608  39.99973
4869.29645976991  24.75608
4869.47010936373  45.26081
4869.64375895756  37.59837
4869.81740855139  47.28973
4869.99105814522  50.8772
4870.16470773905  44.342
4870.33835733288  22.54631
4870.51200692671  43.85302
4870.68565652054  24.21752
4870.85930611437  24.07061
4871.0329557082  34.73219
4871.20660530203  15.8639
4871.38025489586  39.7513
4871.55390448969  55.93219
4871.72755408351  33.57877
4871.90120367734  54.21296
4872.07485327117  48.42831
4872.248502865  50.67658
4872.42215245883  58.81495
4872.59580205266  41.4213
4872.76945164649  47.91066
4872.94310124032  29.35948
4873.11675083415  29.73066
4873.29040042798  40.55678
4873.46405002181  33.17165
4873.63769961563  3.981817
4873.81134920946  46.5962
4873.98499880329  61.48542
4874.15864839712  49.98029
4874.33229799095  42.77452
4874.50594758478  56.31631
4874.67959717861  50.95582
4874.85324677244  34.55453
4875.02689636627  34.28332
4875.2005459601  40.4222
4875.37419555393  35.78953
4875.54784514776  43.19558
4875.72149474159  47.06468
4875.89514433541  35.76638
4876.06879392924  28.3749
4876.24244352307  67.6412
4876.4160931169  38.11324
4876.58974271073  36.87252
4876.76339230456  33.30117
4876.93704189839  13.99311
4877.11069149222  16.51912
4877.28434108605  42.33204
4877.45799067988  53.85243
4877.63164027371  15.20919
4877.80528986754  17.14965
4877.97893946136  2.374612
4878.15258905519  35.89724
4878.32623864902  48.70658
4878.49988824285  13.3057
4878.67353783668  35.36627
4878.84718743051  47.86415
4879.02083702434  23.32045
4879.19448661817  28.85717
4879.368136212  43.37962
4879.54178580583  47.77818
4879.71543539966  19.60736
4879.88908499348  36.8334
4880.06273458731  42.0392
4880.23638418114  25.08462
4880.41003377497  25.09377
4880.5836833688  42.95596
4880.75733296263  57.55084
4880.93098255646  41.44681
4881.10463215029  1.091061
4881.27828174412  23.62386
4881.45193133795  39.17873
4881.62558093178  25.09008
4881.79923052561  35.71252
4881.97288011944  18.44702
4882.14652971326  13.77916
4882.32017930709  39.81332
4882.49382890092  30.27673
4882.66747849475  32.1809
4882.84112808858  30.9567
4883.01477768241  37.45922
4883.18842727624  13.01434
4883.36207687007  11.75773
4883.5357264639  30.74461
4883.70937605773  24.156
4883.88302565156  27.00979
4884.05667524539  24.93092
4884.23032483921  35.16275
4884.40397443304  23.05262
4884.57762402687  22.34294
4884.7512736207  24.25701
4884.92492321453  24.04022
4885.09857280836  28.43433
4885.27222240219  18.72586
4885.44587199602  21.08851
4885.61952158985  35.64139
4885.79317118368  40.7316
4885.96682077751  28.03354
4886.14047037134  40.01195
4886.31411996517  25.29836
4886.48776955899  24.62319
4886.66141915282  13.48269
4886.83506874665  10.22576
4887.00871834048  27.19451
4887.18236793431  19.72294
4887.35601752814  22.30052
4887.52966712197  28.5587
4887.7033167158  17.57275
4887.87696630963  10.5933
4888.05061590346  11.4282
4888.22426549728  18.0795
4888.39791509111  31.77125
4888.57156468494  11.60364
4888.74521427877  17.08551
4888.9188638726  24.24374
4889.09251346643  40.83379
4889.26616306026  21.5804
4889.43981265409  -5.598832
4889.61346224792  31.46416
4889.78711184175  50.73988
4889.96076143558  34.10117
4890.13441102941  23.19189
4890.30806062324  22.59622
4890.48171021707  18.66042
4890.65535981089  14.94274
4890.82900940472  23.89063
4891.00265899855  37.12926
4891.17630859238  2.727652
4891.34995818621  31.9299
4891.52360778004  27.73155
4891.69725737387  21.96507
4891.8709069677  47.21278
4892.04455656153  11.95384
4892.21820615536  22.25733
4892.39185574919  14.26741
4892.56550534302  26.90595
4892.73915493684  24.79121
4892.91280453067  25.57794
4893.0864541245  2.191704
4893.26010371833  10.61722
4893.43375331216  13.15032
4893.60740290599  4.773268
4893.78105249982  9.6991
4893.95470209365  34.39367
4894.12835168748  39.17323
4894.30200128131  21.53024
4894.47565087514  29.82809
4894.64930046896  27.25452
4894.82295006279  35.83377
4894.99659965662  32.33453
4895.17024925045  20.78724
4895.34389884428  25.14161
4895.51754843811  33.52982
4895.69119803194  14.72508
4895.86484762577  9.97471
4896.0384972196  17.15379
4896.21214681343  17.19023
4896.38579640726  4.505798
4896.55944600108  20.41558
4896.73309559492  15.9212
4896.90674518874  29.24996
4897.08039478257  24.54406
4897.2540443764  0.4010395
4897.42769397023  0.3919392
4897.60134356406  20.81044
4897.77499315789  21.04395
4897.94864275172  2.036859
4898.12229234555  11.12096
4898.29594193938  31.44017
4898.46959153321  19.76276
4898.64324112703  15.42457
4898.81689072086  15.52287
4898.99054031469  10.39413
4899.16418990852  20.22862
4899.33783950235  34.77409
4899.51148909618  37.44785
4899.68513869001  26.64057
4899.85878828384  45.33013
4900.03243787767  27.54956
4900.2060874715  24.18556
4900.37973706533  16.25707
4900.55338665916  32.3663
4900.72703625299  21.61266
4900.90068584682  25.31563
4901.07433544064  7.708473
4901.24798503447  13.75255
4901.4216346283  42.07859
4901.59528422213  40.9132
4901.76893381596  15.67441
4901.94258340979  18.27479
4902.11623300362  14.37959
4902.28988259745  59.4627
4902.46353219128  31.1511
4902.63718178511  15.78364
4902.81083137894  41.72474
4902.98448097276  47.12518
4903.15813056659  31.26641
4903.33178016042  14.9577
4903.50542975425  29.21869
4903.67907934808  17.63737
4903.85272894191  10.8
4904.02637853574  11.22062
4904.20002812957  18.63331
4904.3736777234  0.347113
4904.54732731723  26.29797
4904.72097691106  18.61909
4904.89462650489  9.922628
4905.06827609872  20.54028
4905.24192569254  34.91214
4905.41557528637  17.1512
4905.5892248802  9.549997
4905.76287447403  12.54423
4905.93652406786  11.63426
4906.11017366169  31.46611
4906.28382325552  17.14913
4906.45747284935  -2.005301
4906.63112244318  11.75499
4906.80477203701  16.06942
4906.97842163084  10.84226
4907.15207122467  13.38153
4907.32572081849  6.098809
4907.49937041232  32.34626
4907.67302000615  55.56116
4907.84666959998  11.86367
4908.02031919381  7.147139
4908.19396878764  24.88929
4908.36761838147  31.5621
4908.5412679753  8.924197
4908.71491756913  28.13989
4908.88856716296  24.11127
4909.06221675679  24.88076
4909.23586635062  11.72323
4909.40951594444  17.24077
4909.58316553827  20.22458
4909.7568151321  16.41646
4909.93046472593  12.89795
4910.10411431976  7.94425
4910.27776391359  29.16158
4910.45141350742  28.79742
4910.62506310125  37.47467
4910.79871269508  37.03837
4910.97236228891  41.19582
4911.14601188274  26.30808
4911.31966147656  7.988421
4911.49331107039  9.359437
4911.66696066422  -2.746616
4911.84061025805  24.94804
4912.01425985188  43.09623
4912.18790944571  29.01585
4912.36155903954  1.850408
4912.53520863337  29.67589
4912.7088582272  16.38069
4912.88250782103  15.05998
4913.05615741486  12.79787
4913.22980700869  14.36991
4913.40345660251  16.70285
4913.57710619634  25.56094
4913.75075579017  22.84062
4913.924405384  3.308214
4914.09805497783  11.0878
4914.27170457166  11.07744
4914.44535416549  11.79689
4914.61900375932  17.24525
4914.79265335315  29.74099
4914.96630294698  1.412114
4915.13995254081  22.22223
4915.31360213464  38.50568
4915.48725172847  27.52796
4915.66090132229  33.61665
4915.83455091612  26.97379
4916.00820050995  27.30002
4916.18185010378  19.12682
4916.35549969761  16.86192
4916.52914929144  22.07214
4916.70279888527  15.7303
4916.8764484791  12.17058
4917.05009807293  -10.51168
4917.22374766676  18.29202
4917.39739726059  36.69932
4917.57104685442  26.6511
4917.74469644824  14.224
4917.91834604207  43.30973
4918.0919956359  29.16783
4918.26564522973  27.11768
4918.43929482356  28.60189
4918.61294441739  9.503068
4918.78659401122  2.494955
4918.96024360505  19.84666
4919.13389319888  38.99714
4919.30754279271  25.0823
4919.48119238654  21.92825
4919.65484198036  10.47307
4919.82849157419  12.6891
4920.00214116802  4.007082
4920.17579076185  9.088304
4920.34944035568  7.095864
4920.52308994951  0.2139036
4920.69673954334  18.93825
4920.87038913717  14.28252
4921.044038731  17.3681
4921.21768832483  21.0914
4921.39133791866  14.33401
4921.56498751249  31.86375
4921.73863710631  11.29052
4921.91228670014  18.13931
4922.08593629397  17.03533
4922.2595858878  11.63075
4922.43323548163  11.99798
4922.60688507546  22.26803
4922.78053466929  7.593821
4922.95418426312  3.350456
4923.12783385695  17.43761
4923.30148345078  11.72832
4923.47513304461  24.01828
4923.64878263844  26.94018
4923.82243223227  17.63387
4923.99608182609  23.36882
4924.16973141992  32.28297
4924.34338101375  23.59399
4924.51703060758  11.57441
4924.69068020141  -0.8822613
4924.86432979524  17.30405
4925.03797938907  10.41305
4925.2116289829  5.503763
4925.38527857673  10.35806
4925.55892817056  6.295477
4925.73257776439  6.350852
4925.90622735822  18.228
4926.07987695204  -9.026844
4926.25352654587  19.17221
4926.4271761397  6.839839
4926.60082573353  2.219048
4926.77447532736  17.13081
4926.94812492119  8.016619
4927.12177451502  28.56091
4927.29542410885  23.12526
4927.46907370268  -0.9966736
4927.64272329651  -10.77773
4927.81637289034  10.08246
4927.99002248416  2.421315
4928.16367207799  6.983284
4928.33732167182  28.24232
4928.51097126565  34.81872
4928.68462085948  8.159554
4928.85827045331  4.113202
4929.03192004714  3.113695
4929.20556964097  12.00028
4929.3792192348  24.39815
4929.55286882863  5.401562
4929.72651842246  25.59685
4929.90016801629  33.0902
4930.07381761012  5.663501
4930.24746720394  21.96159
4930.42111679777  -2.062435
4930.5947663916  -3.639331
4930.76841598543  -8.532837
4930.94206557926  -5.537792
4931.11571517309  6.169126
4931.28936476692  9.241175
4931.46301436075  7.346181
4931.63666395458  9.266301
4931.81031354841  12.93327
4931.98396314224  8.228215
4932.15761273607  17.88808
4932.33126232989  17.60212
4932.50491192372  22.7814
4932.67856151755  21.84886
4932.85221111138  9.31449
4933.02586070521  12.31751
4933.19951029904  9.21911
4933.37315989287  2.598217
4933.5468094867  13.84092
4933.72045908053  7.903328
4933.89410867436  -0.2369552
4934.06775826819  13.01632
4934.24140786202  33.20641
4934.41505745584  14.19108
4934.58870704967  2.380765
4934.7623566435  0.5213925
4934.93600623733  -8.077169
4935.10965583116  9.267044
4935.28330542499  8.83528
4935.45695501882  8.11536
4935.63060461265  28.89826
4935.80425420648  28.23863
4935.97790380031  10.7683
4936.15155339414  1.187375
4936.32520298797  14.64345
4936.49885258179  8.095507
4936.67250217562  16.69696
4936.84615176945  5.697914
4937.01980136328  23.57533
4937.19345095711  29.95054
4937.36710055094  16.1999
4937.54075014477  20.09922
4937.7143997386  -2.014268
4937.88804933243  -3.697658
4938.06169892626  -4.179334
4938.23534852009  0.2431055
4938.40899811392  1.066033
4938.58264770774  21.06905
4938.75629730157  10.6145
4938.9299468954  -3.300734
4939.10359648923  -0.8430812
4939.27724608306  18.77511
4939.45089567689  22.29969
4939.62454527072  21.14951
4939.79819486455  3.284495
4939.97184445838  -14.56099
4940.14549405221  -16.65024
4940.31914364604  29.35383
4940.49279323987  24.00218
4940.66644283369  15.7658
4940.84009242752  0.6777306
4941.01374202135  -10.51025
4941.18739161518  13.89059
4941.36104120901  7.491121
4941.53469080284  -8.996655
4941.70834039667  -10.23997
4941.8819899905  2.816057
4942.05563958433  -4.681595
4942.22928917816  0.1292255
4942.40293877199  25.17201
4942.57658836582  12.20077
4942.75023795964  15.10108
4942.92388755347  20.10692
4943.0975371473  -2.102034
4943.27118674113  -1.310879
4943.44483633496  -4.99951
4943.61848592879  1.148768
4943.79213552262  6.025436
4943.96578511645  -5.857882
4944.13943471028  0.488941
4944.31308430411  10.56277
4944.48673389794  -0.597253
4944.66038349177  21.5695
4944.83403308559  11.43784
4945.00768267942  8.126652
4945.18133227325  -8.228898
4945.35498186708  -16.0571
4945.52863146091  1.980719
4945.70228105474  1.318104
