4768.2025214433  31.21603
4768.37607685743  28.22249
4768.54963227155  68.36401
4768.72318768568  13.12502
4768.8967430998  5.448865
4769.07029851393  32.40128
4769.24385392806  19.4611
4769.41740934218  39.37404
4769.59096475631  54.48903
4769.76452017043  20.66339
4769.93807558456  14.42487
4770.11163099868  16.1059
4770.28518641281  22.85439
4770.45874182694  20.72988
4770.63229724106  3.85462
4770.80585265519  37.09717
4770.97940806931  27.97833
4771.15296348344  10.09331
4771.32651889757  21.80593
4771.50007431169  49.28678
4771.67362972582  19.89578
4771.84718513994  11.63288
4772.02074055407  12.50331
4772.1942959682  -11.57915
4772.36785138232  46.90948
4772.54140679645  64.82982
4772.71496221057  59.14843
4772.8885176247  12.27485
4773.06207303883  47.03667
4773.23562845295  20.85565
4773.40918386708  18.50383
4773.5827392812  69.23271
4773.75629469533  42.53877
4773.92985010946  48.05626
4774.10340552358  54.55977
4774.27696093771  41.71126
4774.45051635183  77.96539
4774.62407176596  56.63662
4774.79762718009  23.66231
4774.97118259421  64.07956
4775.14473800834  43.52456
4775.31829342246  55.50327
4775.49184883659  40.99427
4775.66540425071  74.66495
4775.83895966484  51.27423
4776.01251507897  50.65951
4776.18607049309  43.56218
4776.35962590722  31.37407
4776.53318132135  37.9922
4776.70673673547  34.32326
4776.8802921496  57.16602
4777.05384756372  66.15088
4777.22740297785  -2.941616
4777.40095839197  12.82203
4777.5745138061  72.78058
4777.74806922023  50.58996
4777.92162463435  57.11688
4778.09518004848  99.20915
4778.2687354626  33.56627
4778.44229087673  28.11346
4778.61584629086  6.398057
4778.78940170498  -1.622014
4778.96295711911  37.07001
4779.13651253323  47.53823
4779.31006794736  55.49751
4779.48362336149  59.07195
4779.65717877561  49.12581
4779.83073418974  73.55795
4780.00428960386  52.90131
4780.17784501799  64.21895
4780.35140043212  47.55166
4780.52495584624  59.42887
4780.69851126037  107.5653
4780.87206667449  103.6474
4781.04562208862  116.2736
4781.21917750275  77.51109
4781.39273291687  64.00577
4781.566288331  79.16669
4781.73984374512  63.86007
4781.91339915925  44.75708
4782.08695457337  20.62504
4782.2605099875  53.72676
4782.43406540163  78.57288
4782.60762081575  96.26542
4782.78117622988  93.73672
4782.95473164401  12.39925
4783.12828705813  43.31606
4783.30184247226  24.76742
4783.47539788638  42.99447
4783.64895330051  58.51821
4783.82250871463  68.27327
4783.99606412876  82.99415
4784.16961954289  50.52467
4784.34317495701  30.17462
4784.51673037114  53.58337
4784.69028578526  61.73133
4784.86384119939  61.68807
4785.03739661352  34.62675
4785.21095202764  43.68602
4785.38450744177  68.89493
4785.55806285589  48.49441
4785.73161827002  66.02412
4785.90517368415  74.93941
4786.07872909827  68.88606
4786.2522845124  73.2885
4786.42583992652  77.94545
4786.59939534065  42.75749
4786.77295075478  65.48768
4786.9465061689  101.1988
4787.12006158303  56.75925
4787.29361699715  58.18093
4787.46717241128  93.28481
4787.6407278254  92.7393
4787.81428323953  57.14392
4787.98783865366  30.32457
4788.16139406778  36.8408
4788.33494948191  33.06211
4788.50850489603  43.64119
4788.68206031016  65.37343
4788.85561572429  66.50459
4789.02917113841  67.8775
4789.20272655254  68.62598
4789.37628196666  43.05213
4789.54983738079  70.87656
4789.72339279492  110.755
4789.89694820904  50.37909
4790.07050362317  41.12702
4790.24405903729  111.0019
4790.41761445142  93.64032
4790.59116986555  115.4026
4790.76472527967  97.55698
4790.9382806938  57.76506
4791.11183610792  79.05389
4791.28539152205  94.10841
4791.45894693618  80.23589
4791.6325023503  86.08902
4791.80605776443  62.86015
4791.97961317855  86.39322
4792.15316859268  75.25938
4792.32672400681  26.7027
4792.50027942093  37.85589
4792.67383483506  42.48417
4792.84739024918  65.51788
4793.02094566331  90.80604
4793.19450107744  36.36209
4793.36805649156  73.38324
4793.54161190569  96.98727
4793.71516731981  95.98277
4793.88872273394  48.84052
4794.06227814807  43.85015
4794.23583356219  57.16202
4794.40938897632  58.57576
4794.58294439044  56.9373
4794.75649980457  53.69534
4794.93005521869  57.31768
4795.10361063282  70.97838
4795.27716604695  66.3604
4795.45072146107  58.04702
4795.6242768752  75.47347
4795.79783228932  86.25679
4795.97138770345  90.36461
4796.14494311758  83.28467
4796.3184985317  35.78982
4796.49205394583  45.80741
4796.66560935995  56.80243
4796.83916477408  48.61832
4797.01272018821  104.162
4797.18627560233  101.729
4797.35983101646  92.65409
4797.53338643058  69.30134
4797.70694184471  91.894
4797.88049725884  95.13712
4798.05405267296  55.68971
4798.22760808709  42.12614
4798.40116350121  80.73118
4798.57471891534  110.9955
4798.74827432946  94.28345
4798.92182974359  91.87557
4799.09538515772  74.255
4799.26894057184  90.29054
4799.44249598597  119.9793
4799.6160514001  69.70103
4799.78960681422  82.71367
4799.96316222835  110.7082
4800.13671764247  145.598
4800.3102730566  105.9978
4800.48382847072  97.43856
4800.65738388485  68.76783
4800.83093929898  87.49332
4801.0044947131  106.1522
4801.17805012723  65.51458
4801.35160554135  75.6959
4801.52516095548  103.9266
4801.69871636961  84.96332
4801.87227178373  86.67962
4802.04582719786  90.73594
4802.21938261198  88.11296
4802.39293802611  94.31109
4802.56649344024  76.69813
4802.74004885436  94.35363
4802.91360426849  104.785
4803.08715968261  116.8969
4803.26071509674  74.83905
4803.43427051087  75.58848
4803.60782592499  81.43354
4803.78138133912  77.69814
4803.95493675324  91.22235
4804.12849216737  90.75222
4804.3020475815  61.66321
4804.47560299562  61.93188
4804.64915840975  64.35093
4804.82271382387  69.84715
4804.996269238  112.9461
4805.16982465212  102.1576
4805.34338006625  57.68123
4805.51693548038  69.11119
4805.6904908945  88.38699
4805.86404630863  139.6212
4806.03760172275  139.8673
4806.21115713688  87.53597
4806.38471255101  90.91206
4806.55826796513  103.6708
4806.73182337926  138.4775
4806.90537879338  111.7953
4807.07893420751  121.3186
4807.25248962164  93.25475
4807.42604503576  107.5908
4807.59960044989  105.453
4807.77315586401  87.30536
4807.94671127814  96.76255
4808.12026669227  86.30228
4808.29382210639  92.19686
4808.46737752052  91.53659
4808.64093293464  73.35833
4808.81448834877  90.15272
4808.9880437629  78.12867
4809.16159917702  87.17802
4809.33515459115  85.40882
4809.50871000527  131.0569
4809.6822654194  125.3022
4809.85582083353  108.3295
4810.02937624765  100.9681
4810.20293166178  101.4685
4810.3764870759  105.1418
4810.55004249003  133.4092
4810.72359790416  84.03627
4810.89715331828  56.7216
4811.07070873241  117.0343
4811.24426414653  132.6608
4811.41781956066  105.9622
4811.59137497479  93.7413
4811.76493038891  120.4109
4811.93848580304  114.9642
4812.11204121716  101.1967
4812.28559663129  109.6937
4812.45915204541  70.24934
4812.63270745954  105.4715
4812.80626287367  134.3666
4812.97981828779  97.8274
4813.15337370192  126.9996
4813.32692911604  128.8392
4813.50048453017  139.92
4813.6740399443  123.9562
4813.84759535842  113.9099
4814.02115077255  122.5178
4814.19470618667  111.9927
4814.3682616008  88.43266
4814.54181701493  139.5652
4814.71537242905  98.31464
4814.88892784318  111.2408
4815.0624832573  108.5044
4815.23603867143  136.8873
4815.40959408556  85.94372
4815.58314949968  76.87805
4815.75670491381  129.3112
4815.93026032793  107.1138
4816.10381574206  111.7318
4816.27737115619  113.1589
4816.45092657031  94.91248
4816.62448198444  78.88384
4816.79803739856  94.15742
4816.97159281269  157.5472
4817.14514822682  129.8546
4817.31870364094  114.7629
4817.49225905507  144.3307
4817.66581446919  134.8096
4817.83936988332  121.7527
4818.01292529745  118.0796
4818.18648071157  117.0366
4818.3600361257  125.6101
4818.53359153982  93.81471
4818.70714695395  130.9015
4818.88070236807  154.1923
4819.0542577822  154.6283
4819.22781319633  125.9887
4819.40136861045  109.3267
4819.57492402458  123.0654
4819.7484794387  112.5667
4819.92203485283  139.009
4820.09559026696  161.177
4820.26914568108  141.1324
4820.44270109521  141.1176
4820.61625650933  118.7912
4820.78981192346  108.3624
4820.96336733759  139.5175
4821.13692275171  147.5558
4821.31047816584  117.7415
4821.48403357996  68.27715
4821.65758899409  110.2715
4821.83114440822  143.9145
4822.00469982234  120.4448
4822.17825523647  127.4816
4822.35181065059  188.4886
4822.52536606472  136.6429
4822.69892147884  135.2287
4822.87247689297  125.1002
4823.0460323071  127.7356
4823.21958772122  160.6695
4823.39314313535  128.4232
4823.56669854947  120.9576
4823.7402539636  104.6884
4823.91380937773  118.1153
4824.08736479185  122.0996
4824.26092020598  135.3569
4824.4344756201  152.949
4824.60803103423  109.6375
4824.78158644836  96.9091
4824.95514186248  165.7302
4825.12869727661  196.4055
4825.30225269073  147.9656
4825.47580810486  111.1533
4825.64936351899  121.5731
4825.82291893311  133.1646
4825.99647434724  163.9536
4826.17002976136  197.3056
4826.34358517549  136.1012
4826.51714058962  130.6899
4826.69069600374  160.2189
4826.86425141787  145.3378
4827.03780683199  124.1321
4827.21136224612  116.9066
4827.38491766025  160.2397
4827.55847307437  160.4066
4827.7320284885  105.8294
4827.90558390262  108.0908
4828.07913931675  94.01241
4828.25269473088  117.9268
4828.426250145  155.0801
4828.59980555913  126.1072
4828.77336097325  148.5611
4828.94691638738  145.7887
4829.1204718015  109.5573
4829.29402721563  154.3428
4829.46758262976  121.6147
4829.64113804388  112.3616
4829.81469345801  164.6103
4829.98824887213  161.7503
4830.16180428626  143.0814
4830.33535970039  158.3922
4830.50891511451  144.7623
4830.68247052864  103.9316
4830.85602594276  101.5514
4831.02958135689  138.9846
4831.20313677102  177.7855
4831.37669218514  158.0832
4831.55024759927  153.4925
4831.72380301339  147.6503
4831.89735842752  125.5991
4832.07091384165  142.7375
4832.24446925577  158.5022
4832.4180246699  176.1329
4832.59158008402  191.2105
4832.76513549815  150.7399
4832.93869091228  128.4634
4833.1122463264  137.6043
4833.28580174053  120.8431
4833.45935715465  128.3418
4833.63291256878  144.3493
4833.80646798291  180.0361
4833.98002339703  92.5573
4834.15357881116  148.6741
4834.32713422528  131.2517
4834.50068963941  135.7483
4834.67424505354  154.062
4834.84780046766  178.0983
4835.02135588179  177.5466
4835.19491129591  149.6717
4835.36846671004  139.006
4835.54202212417  150.3036
4835.71557753829  139.0605
4835.88913295242  117.5296
4836.06268836654  151.3247
4836.23624378067  124.7729
4836.40979919479  112.8618
4836.58335460892  161.6697
4836.75691002305  186.8241
4836.93046543717  145.4327
4837.1040208513  126.8064
4837.27757626542  168.1655
4837.45113167955  155.1042
4837.62468709368  144.7601
4837.7982425078  160.4601
4837.97179792193  158.5334
4838.14535333605  136.7199
4838.31890875018  133.5387
4838.49246416431  146.982
4838.66601957843  172.4879
4838.83957499256  224.8895
4839.01313040668  211.5127
4839.18668582081  185.76
4839.36024123494  148.4243
4839.53379664906  134.3856
4839.70735206319  171.3634
4839.88090747731  151.9444
4840.05446289144  149.5215
4840.22801830556  127.6086
4840.40157371969  107.9998
4840.57512913382  122.9712
4840.74868454794  150.1592
4840.92223996207  153.3633
4841.09579537619  161.293
4841.26935079032  161.0679
4841.44290620445  165.8947
4841.61646161857  212.6012
4841.7900170327  187.5434
4841.96357244682  181.076
4842.13712786095  199.0649
4842.31068327508  191.0201
4842.4842386892  166.1387
4842.65779410333  164.7567
4842.83134951745  176.7078
4843.00490493158  173.8195
4843.17846034571  152.2527
4843.35201575983  154.6681
4843.52557117396  157.8272
4843.69912658808  190.1628
4843.87268200221  209.855
4844.04623741634  181.4033
4844.21979283046  205.2514
4844.39334824459  190.1761
4844.56690365871  177.7605
4844.74045907284  186.4871
4844.91401448697  169.5732
4845.08756990109  166.613
4845.26112531522  168.9722
4845.43468072934  173.4125
4845.60823614347  184.7445
4845.7817915576  134.8993
4845.95534697172  145.4302
4846.12890238585  210.5404
4846.30245779997  200.8018
4846.4760132141  170.5579
4846.64956862822  160.9443
4846.82312404235  186.6012
4846.99667945648  149.4037
4847.1702348706  166.8083
4847.34379028473  237.2914
4847.51734569885  203.3632
4847.69090111298  216.0334
4847.86445652711  209.3068
4848.03801194123  154.9117
4848.21156735536  154.7972
4848.38512276948  180.9305
4848.55867818361  192.7524
4848.73223359774  176.7684
4848.90578901186  217.7786
4849.07934442599  235.7567
4849.25289984011  186.2966
4849.42645525424  177.8255
4849.60001066837  205.7806
4849.77356608249  204.0744
4849.94712149662  177.6522
4850.12067691074  230.6552
4850.29423232487  278.868
4850.467787739  204.7867
4850.64134315312  233.8864
4850.81489856725  219.648
4850.98845398137  243.5634
4851.1620093955  218.01
4851.33556480963  226.4208
4851.50912022375  189.8967
4851.68267563788  204.3444
4851.856231052  221.8621
4852.02978646613  209.1963
4852.20334188026  210.8161
4852.37689729438  183.3538
4852.55045270851  182.3825
4852.72400812263  210.5757
4852.89756353676  218.8454
4853.07111895088  220.9305
4853.24467436501  212.7564
4853.41822977914  212.3022
4853.59178519326  244.6327
4853.76534060739  228.7144
4853.93889602151  211.0328
4854.11245143564  208.7047
4854.28600684977  225.0308
4854.45956226389  236.3785
4854.63311767802  192.4175
4854.80667309214  230.0474
4854.98022850627  213.9577
4855.1537839204  229.8655
4855.32733933452  259.5826
4855.50089474865  252.8057
4855.67445016277  197.3385
4855.8480055769  206.0872
4856.02156099103  239.1014
4856.19511640515  203.5181
4856.36867181928  219.9023
4856.5422272334  204.2541
4856.71578264753  144.0603
4856.88933806165  220.6396
4857.06289347578  221.0294
4857.23644888991  183.8797
4857.41000430403  205.9274
4857.58355971816  197.7876
4857.75711513228  167.8392
4857.93067054641  170.3967
4858.10422596054  223.5608
4858.27778137466  180.4486
4858.45133678879  188.9149
4858.62489220291  195.0204
4858.79844761704  231.0827
4858.97200303117  224.3715
4859.14555844529  194.1142
4859.31911385942  201.4321
4859.49266927354  240.9793
4859.66622468767  246.0698
4859.8397801018  203.7581
4860.01333551592  179.661
4860.18689093005  197.6216
4860.36044634417  215.3122
4860.5340017583  170.2755
4860.70755717243  200.3593
4860.88111258655  205.1867
4861.05466800068  198.8174
4861.2282234148  202.4915
4861.40177882893  180.0313
4861.57533424305  198.4692
4861.74888965718  199.0724
4861.92244507131  206.6954
4862.09600048543  174.3565
4862.26955589956  176.2357
4862.44311131369  187.0684
4862.61666672781  199.6993
4862.79022214194  210.3079
4862.96377755606  242.0738
4863.13733297019  206.0443
4863.31088838431  159.664
4863.48444379844  189.8251
4863.65799921257  217.5965
4863.83155462669  193.2895
4864.00511004082  214.3973
4864.17866545494  230.8871
4864.35222086907  195.1909
4864.5257762832  212.7204
4864.69933169732  238.4507
4864.87288711145  215.5469
4865.04644252557  161.0125
4865.2199979397  223.5212
4865.39355335383  198.4404
4865.56710876795  210.7824
4865.74066418208  199.1131
4865.9142195962  219.8009
4866.08777501033  167.7176
4866.26133042446  202.7957
4866.43488583858  230.9329
4866.60844125271  202.445
4866.78199666683  246.1749
4866.95555208096  219.6671
4867.12910749509  181.7017
4867.30266290921  184.2803
4867.47621832334  220.5405
4867.64977373746  201.1934
4867.82332915159  234.5185
4867.99688456571  221.0681
4868.17043997984  203.2942
4868.34399539397  161.878
4868.51755080809  129.2521
4868.69110622222  170.7448
4868.86466163635  208.4927
4869.03821705047  178.3852
4869.2117724646  222.1355
4869.38532787872  206.7012
4869.55888329285  214.5779
4869.73243870697  140.9372
4869.9059941211  154.9834
4870.07954953523  208.816
4870.25310494935  208.9449
4870.42666036348  197.651
4870.60021577761  185.7334
4870.77377119173  152.7243
4870.94732660586  208.3739
4871.12088201998  199.479
4871.29443743411  179.2809
4871.46799284823  198.1814
4871.64154826236  230.2244
4871.81510367649  181.8293
4871.98865909061  188.7389
4872.16221450474  219.6959
4872.33576991886  167.6265
4872.50932533299  199.3364
4872.68288074712  178.5515
4872.85643616124  172.4329
4873.02999157537  178.5872
4873.20354698949  153.2157
4873.37710240362  171.8142
4873.55065781775  175.1004
4873.72421323187  103.9508
4873.897768646  189.4606
4874.07132406012  199.8094
4874.24487947425  170.157
4874.41843488837  196.2573
4874.5919903025  172.7704
4874.76554571663  148.9155
4874.93910113075  189.57
4875.11265654488  160.3155
4875.286211959  157.3453
4875.45976737313  157.4668
4875.63332278726  150.6044
4875.80687820138  166.8219
4875.98043361551  207.0881
4876.15398902963  204.7756
4876.32754444376  169.7669
4876.50109985789  157.3193
4876.67465527201  153.9291
4876.84821068614  149.4394
4877.02176610026  149.8858
4877.19532151439  149.6161
4877.36887692852  194.3721
4877.54243234264  172.9649
4877.71598775677  139.2635
4877.88954317089  170.5294
4878.06309858502  177.6848
4878.23665399915  172.5449
4878.41020941327  145.1749
4878.5837648274  180.763
4878.75732024152  179.6659
4878.93087565565  129.5456
4879.10443106978  159.8895
4879.2779864839  181.8066
4879.45154189803  182.3882
4879.62509731215  156.29
4879.79865272628  120.044
4879.97220814041  116.4717
4880.14576355453  169.8935
4880.31931896866  159.0603
4880.49287438278  112.4673
4880.66642979691  149.3615
4880.83998521104  212.2883
4881.01354062516  177.5119
4881.18709603929  135.7234
4881.36065145341  182.4623
4881.53420686754  193.3235
4881.70776228166  156.5013
4881.88131769579  152.7875
4882.05487310992  148.498
4882.22842852404  103.4038
4882.40198393817  156.5819
4882.57553935229  134.5551
4882.74909476642  168.6969
4882.92265018055  212.1056
4883.09620559467  204.2398
4883.2697610088  127.6238
4883.44331642292  167.3514
4883.61687183705  159.4992
4883.79042725118  167.9891
4883.9639826653  142.7078
4884.13753807943  191.3767
4884.31109349355  111.2142
4884.48464890768  109.4806
4884.6582043218  149.4466
4884.83175973593  144.6405
4885.00531515006  159.4902
4885.17887056418  145.6328
4885.35242597831  154.7848
4885.52598139244  155.3694
4885.69953680656  135.0222
4885.87309222069  140.843
4886.04664763481  133.3251
4886.22020304894  138.8523
4886.39375846306  161.5542
4886.56731387719  127.9568
4886.74086929132  131.9104
4886.91442470544  131.462
4887.08798011957  158.3632
4887.26153553369  159.2326
4887.43509094782  132.4878
4887.60864636195  167.4039
4887.78220177607  138.0958
4887.9557571902  113.3385
4888.12931260432  140.6303
4888.30286801845  148.0467
4888.47642343258  110.3734
4888.6499788467  165.831
4888.82353426083  163.2069
4888.99708967495  163.6442
4889.17064508908  156.9534
4889.34420050321  129.1999
4889.51775591733  134.0643
4889.69131133146  113.0859
4889.86486674558  150.6851
4890.03842215971  147.1336
4890.21197757384  124.4643
4890.38553298796  151.6182
4890.55908840209  109.8065
4890.73264381621  168.5031
4890.90619923034  177.4933
4891.07975464447  181.8265
4891.25331005859  162.7253
4891.42686547272  145.3442
4891.60042088684  120.0519
4891.77397630097  110.2835
4891.94753171509  117.1332
4892.12108712922  82.6882
4892.29464254335  132.9835
4892.46819795747  141.1438
4892.6417533716  131.5031
4892.81530878572  128.9452
4892.98886419985  135.4548
4893.16241961398  166.1867
4893.3359750281  177.3541
4893.50953044223  134.8956
4893.68308585635  96.96492
4893.85664127048  102.6571
4894.03019668461  126.3694
4894.20375209873  126.0981
4894.37730751286  149.0337
4894.55086292698  160.3634
4894.72441834111  153.9551
4894.89797375524  168.2853
4895.07152916936  127.6744
4895.24508458349  138.477
4895.41863999761  126.7847
4895.59219541174  137.7184
4895.76575082587  124.716
4895.93930623999  107.3432
4896.11286165412  139.857
4896.28641706824  133.0799
4896.45997248237  99.03197
4896.6335278965  137.001
4896.80708331062  121.6224
4896.98063872475  145.5387
4897.15419413887  136.9662
4897.327749553  141.9743
4897.50130496713  123.6514
4897.67486038125  146.1754
4897.84841579538  163.9946
4898.0219712095  152.4854
4898.19552662363  128.8553
4898.36908203776  121.2112
4898.54263745188  130.3113
4898.71619286601  139.5766
4898.88974828013  167.0314
4899.06330369426  148.283
4899.23685910838  124.2248
4899.41041452251  116.4343
4899.58396993664  95.18542
4899.75752535076  182.1624
4899.93108076489  136.5917
4900.10463617901  132.3869
4900.27819159314  111.5091
4900.45174700727  138.3241
4900.62530242139  140.9257
4900.79885783552  147.4126
4900.97241324964  164.7988
4901.14596866377  127.1193
4901.3195240779  84.99625
4901.49307949202  104.056
4901.66663490615  116.5056
4901.84019032027  89.37254
4902.0137457344  116.8384
4902.18730114853  150.2111
4902.36085656265  133.7975
4902.53441197678  138.2228
4902.7079673909  132.7369
4902.88152280503  153.6887
4903.05507821916  162.373
4903.22863363328  145.2952
4903.40218904741  136.1025
4903.57574446153  149.8305
4903.74929987566  173.5813
4903.92285528979  167.1464
4904.09641070391  128.5193
4904.26996611804  117.7197
4904.44352153216  97.98211
4904.61707694629  143.6899
4904.79063236042  150.9925
4904.96418777454  141.9385
4905.13774318867  148.5031
4905.31129860279  134.7891
4905.48485401692  109.1414
4905.65840943104  119.3067
4905.83196484517  139.6918
4906.0055202593  125.6948
4906.17907567342  113.7437
4906.35263108755  137.9861
4906.52618650167  140.4988
4906.6997419158  136.651
4906.87329732993  151.1107
4907.04685274405  121.289
4907.22040815818  104.8607
4907.3939635723  117.1067
4907.56751898643  121.6885
4907.74107440056  132.2849
4907.91462981468  128.4563
4908.08818522881  124.0801
4908.26174064293  110.0311
4908.43529605706  122.01
4908.60885147119  118.0187
4908.78240688531  129.8613
4908.95596229944  121.6455
4909.12951771356  122.4349
4909.30307312769  135.4128
4909.47662854181  103.1234
4909.65018395594  111.3146
4909.82373937007  116.6221
4909.99729478419  98.92097
4910.17085019832  106.9551
4910.34440561244  130.3483
4910.51796102657  144.1684
4910.6915164407  127.1418
4910.86507185482  82.47703
4911.03862726895  138.9207
4911.21218268307  138.1136
4911.3857380972  112.2837
4911.55929351133  88.75829
4911.73284892545  93.0418
4911.90640433958  131.0107
4912.0799597537  89.16497
4912.25351516783  81.02
4912.42707058196  71.21068
4912.60062599608  138.2134
4912.77418141021  143.201
4912.94773682433  106.9926
4913.12129223846  83.65784
4913.29484765259  104.2296
4913.46840306671  85.72817
4913.64195848084  97.34529
4913.81551389496  140.5205
4913.98906930909  123.0003
4914.16262472322  123.1917
4914.33618013734  84.67319
4914.50973555147  70.73252
4914.68329096559  103.174
4914.85684637972  102.1739
4915.03040179385  95.72373
4915.20395720797  88.48036
4915.3775126221  86.6926
4915.55106803622  88.71125
4915.72462345035  82.1267
4915.89817886448  60.44536
4916.0717342786  72.62547
4916.24528969273  65.71457
4916.41884510685  69.76569
4916.59240052098  83.80625
4916.7659559351  105.3542
4916.93951134923  94.89339
4917.11306676336  78.65818
4917.28662217748  68.39243
4917.46017759161  83.39199
4917.63373300573  104.2933
4917.80728841986  130.4594
4917.98084383399  99.21551
4918.15439924811  80.82108
4918.32795466224  112.3536
4918.50151007636  109.6381
4918.67506549049  96.28407
4918.84862090462  69.22546
4919.02217631874  89.00772
4919.19573173287  74.74259
4919.36928714699  91.54216
4919.54284256112  84.90972
4919.71639797525  86.61707
4919.88995338937  81.32474
4920.0635088035  87.70598
4920.23706421762  99.61806
4920.41061963175  101.9939
4920.58417504588  91.26463
4920.75773046  57.88164
4920.93128587413  93.71043
4921.10484128825  84.10313
4921.27839670238  75.07894
4921.45195211651  83.05119
4921.62550753063  126.2485
4921.79906294476  92.66967
4921.97261835888  49.05657
4922.14617377301  63.61929
4922.31972918714  104.4972
4922.49328460126  88.61286
4922.66684001539  61.27399
4922.84039542951  62.53279
4923.01395084364  76.42075
4923.18750625776  97.29919
4923.36106167189  67.46966
4923.53461708602  71.64523
4923.70817250014  74.1112
4923.88172791427  66.89153
4924.05528332839  66.3103
4924.22883874252  83.03613
4924.40239415665  98.37148
4924.57594957077  80.91994
4924.7495049849  79.53171
4924.92306039902  77.1497
4925.09661581315  87.07049
4925.27017122728  82.9549
4925.4437266414  45.85088
4925.61728205553  34.55413
4925.79083746965  55.67258
4925.96439288378  71.08779
4926.13794829791  71.35843
4926.31150371203  92.99811
4926.48505912616  106.2515
4926.65861454028  65.71098
4926.83216995441  88.14095
4927.00572536853  87.35612
4927.17928078266  58.27551
4927.35283619679  71.32686
4927.52639161091  81.92729
4927.69994702504  71.98372
4927.87350243916  92.17066
4928.04705785329  91.35403
4928.22061326742  77.82349
4928.39416868154  90.38916
4928.56772409567  94.5391
4928.74127950979  111.9589
4928.91483492392  136.0437
4929.08839033805  79.46849
4929.26194575217  82.32183
4929.4355011663  96.8548
4929.60905658042  78.52789
4929.78261199455  68.25592
4929.95616740868  69.96187
4930.1297228228  48.11969
4930.30327823693  46.29253
4930.47683365105  7.15264
4930.65038906518  40.03415
4930.82394447931  52.8125
4930.99749989343  57.01481
4931.17105530756  50.88502
4931.34461072168  52.09742
4931.51816613581  45.4007
4931.69172154994  90.95499
4931.86527696406  74.60791
4932.03883237819  55.95226
4932.21238779231  72.6289
4932.38594320644  63.30565
4932.55949862056  46.06664
4932.73305403469  62.01558
4932.90660944882  82.85288
4933.08016486294  66.82531
4933.25372027707  82.67996
4933.42727569119  66.66331
4933.60083110532  76.13965
4933.77438651945  38.91829
4933.94794193357  24.63198
4934.1214973477  38.65541
4934.29505276182  30.96205
4934.46860817595  42.67408
4934.64216359008  99.55928
4934.8157190042  37.55634
4934.98927441833  43.7442
4935.16282983245  82.56589
4935.33638524658  46.9886
4935.50994066071  44.27884
4935.68349607483  59.90353
4935.85705148896  68.59257
4936.03060690308  54.32066
4936.20416231721  66.88992
4936.37771773134  39.1705
4936.55127314546  23.76775
4936.72482855959  34.25311
4936.89838397371  112.3928
4937.07193938784  72.74161
4937.24549480197  26.40566
4937.41905021609  39.59992
4937.59260563022  51.97538
4937.76616104434  45.48877
4937.93971645847  7.716441
4938.1132718726  49.72293
4938.28682728672  49.41039
4938.46038270085  49.83942
4938.63393811497  54.96214
4938.8074935291  46.08644
4938.98104894322  31.78746
4939.15460435735  14.70609
4939.32815977148  40.43885
4939.5017151856  30.70628
4939.67527059973  34.65547
4939.84882601386  53.8041
4940.02238142798  22.05177
4940.19593684211  57.69367
4940.36949225623  36.04121
4940.54304767036  45.75819
4940.71660308448  40.16853
4940.89015849861  47.11489
4941.06371391274  5.8855
4941.23726932686  27.95323
4941.41082474099  24.79975
4941.58438015511  -3.984043
4941.75793556924  12.07579
4941.93149098337  28.58688
4942.10504639749  14.55578
4942.27860181162  41.38261
4942.45215722574  32.36025
4942.62571263987  31.40985
4942.799268054  -6.454091
4942.97282346812  -4.826019
4943.14637888225  22.5322
4943.31993429637  3.552992
4943.4934897105  29.04205
4943.66704512463  34.30982
4943.84060053875  36.20771
4944.01415595288  10.02266
4944.187711367  0.2884215
4944.36126678113  -26.64254
4944.53482219525  7.894482
4944.70837760938  28.12663
4944.88193302351  -7.140118
4945.05548843763  9.056933
4945.22904385176  47.756
4945.40259926588  0.3834632
4945.57615468001  4.809228
4945.74971009414  53.4979
