4768.0521668872  18.28704
4768.22581899673  17.96639
4768.39947110626  -0.3824791
4768.57312321579  5.99359
4768.74677532532  13.06068
4768.92042743485  -0.06308147
4769.09407954438  16.1397
4769.26773165391  34.43626
4769.44138376344  14.09686
4769.61503587297  3.270591
4769.7886879825  17.82578
4769.96234009203  17.02082
4770.13599220156  9.712628
4770.30964431109  20.6087
4770.48329642063  32.24609
4770.65694853016  11.16663
4770.83060063969  16.17119
4771.00425274922  5.44295
4771.17790485875  -4.618996
4771.35155696828  10.66432
4771.52520907781  15.14373
4771.69886118734  13.02913
4771.87251329687  10.57762
4772.0461654064  4.603664
4772.21981751593  19.54477
4772.39346962546  16.24955
4772.56712173499  0.7748215
4772.74077384452  14.00091
4772.91442595405  32.35622
4773.08807806358  -0.01893916
4773.26173017311  -6.930781
4773.43538228264  36.22008
4773.60903439217  35.54577
4773.7826865017  21.68501
4773.95633861123  7.095874
4774.12999072076  -0.9404942
4774.30364283029  20.97602
4774.47729493982  23.84922
4774.65094704935  13.09624
4774.82459915889  10.23717
4774.99825126842  14.24035
4775.17190337794  -5.205562
4775.34555548748  -0.8660166
4775.51920759701  1.778198
4775.69285970654  9.550444
4775.86651181607  -2.488088
4776.0401639256  3.724103
4776.21381603513  14.25378
4776.38746814466  17.1149
4776.56112025419  21.41422
4776.73477236372  22.42049
4776.90842447325  12.61062
4777.08207658278  -12.24828
4777.25572869231  12.65397
4777.42938080184  42.31644
4777.60303291137  25.55692
4777.7766850209  16.05659
4777.95033713043  -0.6875192
4778.12398923996  11.48415
4778.29764134949  20.251
4778.47129345902  35.51222
4778.64494556855  19.86659
4778.81859767808  2.94366
4778.99224978761  5.922411
4779.16590189715  -1.821459
4779.33955400668  6.804273
4779.51320611621  15.81734
4779.68685822574  11.59546
4779.86051033527  8.629642
4780.0341624448  -3.462504
4780.20781455433  8.33543
4780.38146666386  18.57368
4780.55511877339  27.1979
4780.72877088292  22.6736
4780.90242299245  9.697625
4781.07607510198  22.99907
4781.24972721151  22.4889
4781.42337932104  -1.034034
4781.59703143057  -1.732377
4781.7706835401  12.60868
4781.94433564963  14.91744
4782.11798775916  12.82753
4782.29163986869  22.30206
4782.46529197822  16.62474
4782.63894408775  36.6259
4782.81259619728  31.17763
4782.98624830681  13.55659
4783.15990041634  -6.224488
4783.33355252587  8.908486
4783.5072046354  10.56694
4783.68085674494  22.12626
4783.85450885446  17.53456
4784.028160964  3.37258
4784.20181307353  17.34386
4784.37546518306  15.85057
4784.54911729259  8.842719
4784.72276940212  13.08973
4784.89642151165  20.1904
4785.07007362118  31.80937
4785.24372573071  25.76278
4785.41737784024  50.92094
4785.59102994977  37.80384
4785.7646820593  4.798278
4785.93833416883  16.24799
4786.11198627836  44.64051
4786.28563838789  38.57608
4786.45929049742  32.0782
4786.63294260695  36.69736
4786.80659471648  19.16051
4786.98024682601  13.39286
4787.15389893554  24.94988
4787.32755104507  5.84663
4787.5012031546  19.36685
4787.67485526413  48.0692
4787.84850737366  13.20774
4788.0221594832  17.04605
4788.19581159272  27.26065
4788.36946370225  29.32749
4788.54311581179  13.48352
4788.71676792132  19.02843
4788.89042003085  13.03214
4789.06407214038  12.47421
4789.23772424991  32.39623
4789.41137635944  33.61873
4789.58502846897  16.93166
4789.7586805785  7.89932
4789.93233268803  10.75561
4790.10598479756  15.97265
4790.27963690709  13.47433
4790.45328901662  23.70829
4790.62694112615  38.41463
4790.80059323568  17.52592
4790.97424534521  25.81134
4791.14789745474  19.49529
4791.32154956427  -12.10055
4791.4952016738  20.37726
4791.66885378333  16.60337
4791.84250589286  5.84439
4792.01615800239  23.68631
4792.18981011192  33.45152
4792.36346222145  29.23347
4792.53711433098  24.73029
4792.71076644051  32.26241
4792.88441855005  30.01217
4793.05807065958  29.29516
4793.23172276911  13.7902
4793.40537487864  47.74582
4793.57902698817  41.20542
4793.7526790977  1.291594
4793.92633120723  16.54569
4794.09998331676  31.0173
4794.27363542629  13.3478
4794.44728753582  6.10404
4794.62093964535  11.55271
4794.79459175488  22.14338
4794.96824386441  31.28615
4795.14189597394  34.9669
4795.31554808347  26.55428
4795.489200193  17.43582
4795.66285230253  23.66675
4795.83650441206  34.99308
4796.01015652159  45.77234
4796.18380863112  6.700279
4796.35746074065  27.9286
4796.53111285018  40.87457
4796.70476495971  15.2281
4796.87841706924  32.64158
4797.05206917877  24.15383
4797.2257212883  32.62254
4797.39937339784  42.83348
4797.57302550737  30.70599
4797.7466776169  17.24366
4797.92032972643  22.44086
4798.09398183596  15.72848
4798.26763394549  6.620721
4798.44128605502  23.03426
4798.61493816455  31.05176
4798.78859027408  27.57614
4798.96224238361  14.4106
4799.13589449314  1.691358
4799.30954660267  15.49333
4799.4831987122  18.90558
4799.65685082173  19.90522
4799.83050293126  36.95947
4800.00415504079  39.07117
4800.17780715032  17.57675
4800.35145925985  15.34444
4800.52511136938  17.3867
4800.69876347891  17.0938
4800.87241558844  19.23937
4801.04606769797  49.97478
4801.2197198075  38.72273
4801.39337191703  11.96054
4801.56702402657  23.48043
4801.7406761361  24.25546
4801.91432824563  47.56096
4802.08798035516  34.77774
4802.26163246469  2.352581
4802.43528457422  18.9661
4802.60893668375  35.86961
4802.78258879328  20.66964
4802.95624090281  25.63647
4803.12989301234  7.689262
4803.30354512187  15.73432
4803.4771972314  41.45375
4803.65084934093  38.44427
4803.82450145046  48.47503
4803.99815355999  37.17221
4804.17180566952  20.56832
4804.34545777905  9.944567
4804.51910988858  9.982615
4804.69276199811  19.9277
4804.86641410764  29.05139
4805.04006621717  38.30685
4805.2137183267  24.03298
4805.38737043623  27.03015
4805.56102254576  47.82053
4805.73467465529  40.27019
4805.90832676482  21.14746
4806.08197887435  27.74279
4806.25563098389  49.18041
4806.42928309342  37.71495
4806.60293520295  53.0446
4806.77658731248  38.2746
4806.95023942201  32.94736
4807.12389153154  18.66436
4807.29754364107  1.03451
4807.4711957506  22.56805
4807.64484786013  15.37523
4807.81849996966  4.746164
4807.99215207919  13.04671
4808.16580418872  24.27976
4808.33945629825  44.60786
4808.51310840778  45.33412
4808.68676051731  30.68054
4808.86041262684  19.35773
4809.03406473637  33.17595
4809.2077168459  24.31793
4809.38136895543  35.49632
4809.55502106496  34.90102
4809.72867317449  23.78053
4809.90232528402  26.45686
4810.07597739355  43.53703
4810.24962950308  44.18692
4810.42328161262  13.19165
4810.59693372215  31.87264
4810.77058583168  29.64594
4810.94423794121  25.53824
4811.11789005074  18.73742
4811.29154216027  27.09505
4811.4651942698  26.47019
4811.63884637933  30.27684
4811.81249848886  49.69189
4811.98615059839  45.35949
4812.15980270792  28.67969
4812.33345481745  22.04422
4812.50710692698  51.19936
4812.68075903651  58.46408
4812.85441114604  22.08206
4813.02806325557  16.23331
4813.2017153651  30.2104
4813.37536747463  24.24469
4813.54901958416  38.69375
4813.72267169369  39.35915
4813.89632380322  33.50277
4814.06997591275  48.35111
4814.24362802228  19.8898
4814.41728013181  27.01273
4814.59093224134  27.2379
4814.76458435087  53.9403
4814.9382364604  52.68016
4815.11188856994  16.67274
4815.28554067947  16.05065
4815.459192789  41.63757
4815.63284489853  32.27564
4815.80649700806  27.44132
4815.98014911759  42.94741
4816.15380122712  27.43913
4816.32745333665  24.36384
4816.50110544618  35.40456
4816.67475755571  40.23353
4816.84840966524  48.21175
4817.02206177477  57.22577
4817.1957138843  47.59041
4817.36936599383  37.68243
4817.54301810336  40.10798
4817.71667021289  46.21544
4817.89032232242  21.14477
4818.06397443195  40.3198
4818.23762654148  45.39518
4818.41127865101  35.78689
4818.58493076054  32.27661
4818.75858287007  23.32736
4818.9322349796  21.63101
4819.10588708914  27.31826
4819.27953919867  58.94253
4819.4531913082  41.75095
4819.62684341773  31.40263
4819.80049552726  59.99177
4819.97414763679  52.32841
4820.14779974632  44.29155
4820.32145185585  35.2444
4820.49510396538  10.75815
4820.66875607491  22.46689
4820.84240818444  36.20351
4821.01606029397  49.83302
4821.1897124035  54.70761
4821.36336451303  19.76693
4821.53701662256  62.36441
4821.71066873209  61.64864
4821.88432084162  23.90572
4822.05797295115  48.52626
4822.23162506068  54.80986
4822.40527717021  46.77935
4822.57892927974  22.11772
4822.75258138927  20.81742
4822.9262334988  25.9933
4823.09988560833  45.32314
4823.27353771786  56.0716
4823.44718982739  56.23664
4823.62084193692  40.35905
4823.79449404645  20.90812
4823.96814615599  40.65309
4824.14179826552  34.18982
4824.31545037505  34.2555
4824.48910248458  56.56163
4824.66275459411  51.59766
4824.83640670364  35.78433
4825.01005881317  30.64322
4825.1837109227  41.02156
4825.35736303223  47.80289
4825.53101514176  46.01078
4825.70466725129  33.43133
4825.87831936082  51.62874
4826.05197147035  75.11053
4826.22562357988  28.88809
4826.39927568941  23.68112
4826.57292779894  40.14552
4826.74657990847  60.56266
4826.920232018  53.92185
4827.09388412753  33.09075
4827.26753623706  34.27464
4827.44118834659  59.44655
4827.61484045612  36.64655
4827.78849256565  29.7354
4827.96214467519  42.61049
4828.13579678471  62.93179
4828.30944889425  54.67207
4828.48310100377  56.13881
4828.65675311331  48.09475
4828.83040522284  32.06118
4829.00405733237  38.67711
4829.1777094419  59.6187
4829.35136155143  46.58572
4829.52501366096  48.71046
4829.69866577049  51.15249
4829.87231788002  33.83824
4830.04596998955  45.4135
4830.21962209908  54.09559
4830.39327420861  32.37762
4830.56692631814  28.69783
4830.74057842767  62.10252
4830.9142305372  68.2657
4831.08788264673  38.89793
4831.26153475626  25.59606
4831.43518686579  30.96288
4831.60883897532  49.67584
4831.78249108485  53.19986
4831.95614319438  51.15704
4832.12979530391  34.60181
4832.30344741344  61.03088
4832.47709952297  70.33847
4832.6507516325  43.79965
4832.82440374204  30.81637
4832.99805585157  32.00668
4833.1717079611  39.93229
4833.34536007063  36.37476
4833.51901218016  38.79719
4833.69266428969  36.70433
4833.86631639922  68.47874
4834.03996850875  62.83419
4834.21362061828  55.41174
4834.38727272781  41.12762
4834.56092483734  41.20999
4834.73457694687  59.97017
4834.9082290564  57.35585
4835.08188116593  55.13489
4835.25553327546  48.67643
4835.42918538499  57.54721
4835.60283749452  56.06203
4835.77648960405  44.88509
4835.95014171358  45.24211
4836.12379382311  37.56611
4836.29744593264  36.49713
4836.47109804217  44.51095
4836.6447501517  53.84696
4836.81840226123  54.23885
4836.99205437077  43.94156
4837.16570648029  40.07729
4837.33935858983  40.60089
4837.51301069936  54.15818
4837.68666280889  53.62632
4837.86031491842  50.04844
4838.03396702795  57.23882
4838.20761913748  59.07743
4838.38127124701  54.81018
4838.55492335654  41.66942
4838.72857546607  45.91533
4838.9022275756  86.49153
4839.07587968513  53.45985
4839.24953179466  50.45664
4839.42318390419  46.84345
4839.59683601372  49.68515
4839.77048812325  46.49868
4839.94414023278  70.01481
4840.11779234231  35.57192
4840.29144445184  43.09286
4840.46509656137  70.84545
4840.6387486709  52.11573
4840.81240078043  49.36672
4840.98605288996  62.4232
4841.15970499949  41.22333
4841.33335710902  45.26825
4841.50700921855  39.33358
4841.68066132809  64.01437
4841.85431343762  38.23262
4842.02796554715  60.47434
4842.20161765668  60.79052
4842.37526976621  61.84617
4842.54892187574  62.24091
4842.72257398527  32.4204
4842.8962260948  40.80109
4843.06987820433  67.97025
4843.24353031386  50.10471
4843.41718242339  44.95684
4843.59083453292  44.49504
4843.76448664245  34.80096
4843.93813875198  22.79321
4844.11179086151  50.05844
4844.28544297104  80.77657
4844.45909508057  58.61008
4844.6327471901  42.2128
4844.80639929963  49.95625
4844.98005140916  57.77494
4845.15370351869  56.75146
4845.32735562822  53.85826
4845.50100773775  49.31419
4845.67465984728  45.569
4845.84831195681  56.07979
4846.02196406634  52.09184
4846.19561617587  59.7329
4846.36926828541  54.6979
4846.54292039494  30.45676
4846.71657250447  59.72122
4846.890224614  50.82077
4847.06387672353  48.45813
4847.23752883306  30.67255
4847.41118094259  57.43513
4847.58483305212  64.03719
4847.75848516165  54.93136
4847.93213727118  39.78107
4848.10578938071  30.46301
4848.27944149024  59.39116
4848.45309359977  49.0099
4848.6267457093  36.59393
4848.80039781883  79.85462
4848.97404992836  51.83422
4849.14770203789  46.05687
4849.32135414742  47.81886
4849.49500625695  59.34795
4849.66865836648  58.09264
4849.84231047601  55.58083
4850.01596258554  40.63238
4850.18961469507  72.63905
4850.3632668046  63.10292
4850.53691891414  45.26434
4850.71057102367  58.67592
4850.8842231332  77.06789
4851.05787524273  85.74216
4851.23152735226  80.17492
4851.40517946179  60.45585
4851.57883157132  79.48573
4851.75248368085  64.11196
4851.92613579038  20.41862
4852.09978789991  46.25632
4852.27344000944  70.92181
4852.44709211897  68.46938
4852.6207442285  47.9608
4852.79439633803  67.32681
4852.96804844756  69.4746
4853.14170055709  60.32072
4853.31535266662  64.84226
4853.48900477615  36.24239
4853.66265688568  29.54923
4853.83630899521  65.10401
4854.00996110474  60.20276
4854.18361321427  79.03556
4854.3572653238  62.84245
4854.53091743333  69.59096
4854.70456954286  66.036
4854.87822165239  59.13721
4855.05187376192  36.70542
4855.22552587146  48.2637
4855.39917798099  67.7154
4855.57283009052  66.72269
4855.74648220005  80.32518
4855.92013430958  75.80593
4856.09378641911  64.77307
4856.26743852864  64.163
4856.44109063817  74.62962
4856.6147427477  58.85447
4856.78839485723  57.38677
4856.96204696676  53.23427
4857.13569907629  62.20807
4857.30935118582  41.78941
4857.48300329535  49.87119
4857.65665540488  53.58122
4857.83030751441  66.22791
4858.00395962394  60.3926
4858.17761173347  55.54141
4858.351263843  66.33935
4858.52491595253  56.30494
4858.69856806206  85.70909
4858.87222017159  82.98412
4859.04587228112  53.87473
4859.21952439065  84.98703
4859.39317650019  58.60202
4859.56682860971  57.06112
4859.74048071925  41.41394
4859.91413282878  62.71848
4860.08778493831  60.20882
4860.26143704784  70.71069
4860.43508915737  81.05577
4860.6087412669  69.99249
4860.78239337643  57.99266
4860.95604548596  63.58959
4861.12969759549  68.43414
4861.30334970502  67.13763
4861.47700181455  82.92516
4861.65065392408  91.22354
4861.82430603361  76.67461
4861.99795814314  66.08404
4862.17161025267  61.44169
4862.3452623622  47.66829
4862.51891447173  68.47339
4862.69256658126  66.56414
4862.86621869079  78.86595
4863.03987080032  70.19212
4863.21352290985  65.0033
4863.38717501938  69.33227
4863.56082712891  44.72459
4863.73447923844  54.28572
4863.90813134797  82.11144
4864.08178345751  62.64509
4864.25543556704  47.4733
4864.42908767657  59.30651
4864.6027397861  61.94743
4864.77639189563  65.64297
4864.95004400516  48.29912
4865.12369611469  69.01515
4865.29734822422  79.77952
4865.47100033375  64.3852
4865.64465244328  54.92147
4865.81830455281  58.24529
4865.99195666234  66.02979
4866.16560877187  67.69119
4866.3392608814  66.5769
4866.51291299093  58.25312
4866.68656510046  52.47659
4866.86021720999  57.74856
4867.03386931952  78.92605
4867.20752142905  82.25344
4867.38117353858  69.74535
4867.55482564811  75.57462
4867.72847775764  77.9647
4867.90212986717  83.3317
4868.0757819767  68.22845
4868.24943408623  59.31936
4868.42308619577  64.63315
4868.5967383053  76.93047
4868.77039041483  74.15376
4868.94404252436  66.09322
4869.11769463389  78.88031
4869.29134674342  65.66584
4869.46499885295  49.30398
4869.63865096248  60.01775
4869.81230307201  66.70171
4869.98595518154  64.94305
4870.15960729107  63.1648
4870.3332594006  92.37731
4870.50691151013  59.81359
4870.68056361966  67.85536
4870.85421572919  63.0965
4871.02786783872  62.82845
4871.20151994825  67.36467
4871.37517205778  59.39536
4871.54882416731  56.14634
4871.72247627684  77.33092
4871.89612838637  47.98507
4872.0697804959  71.65443
4872.24343260543  57.60404
4872.41708471496  63.52321
4872.59073682449  81.41402
4872.76438893403  70.15296
4872.93804104356  60.47009
4873.11169315309  52.92175
4873.28534526262  44.29013
4873.45899737215  63.45072
4873.63264948168  28.96927
4873.80630159121  64.95506
4873.97995370074  78.90984
4874.15360581027  55.30634
4874.3272579198  59.52767
4874.50091002933  78.62515
4874.67456213886  48.87173
4874.84821424839  71.89326
4875.02186635792  73.46642
4875.19551846745  60.92033
4875.36917057698  43.32134
4875.54282268651  60.66763
4875.71647479604  68.3663
4875.89012690557  66.38692
4876.0637790151  44.29654
4876.23743112463  49.11911
4876.41108323416  55.21294
4876.58473534369  52.04468
4876.75838745322  57.49126
4876.93203956275  52.29702
4877.10569167228  32.26421
4877.27934378182  50.60636
4877.45299589135  66.06037
4877.62664800088  66.18249
4877.80030011041  49.94853
4877.97395221994  57.2897
4878.14760432947  52.45302
4878.321256439  65.81207
4878.49490854853  64.52127
4878.66856065806  54.3038
4878.84221276759  69.27785
4879.01586487712  56.4433
4879.18951698665  65.03883
4879.36316909618  55.24396
4879.53682120571  33.45807
4879.71047331524  46.34026
4879.88412542477  43.37316
4880.0577775343  34.54386
4880.23142964383  47.12437
4880.40508175336  49.34005
4880.57873386289  52.61477
4880.75238597242  53.83395
4880.92603808195  44.64633
4881.09969019148  30.67428
4881.27334230101  18.85268
4881.44699441054  26.34088
4881.62064652007  49.71818
4881.7942986296  55.77558
4881.96795073914  38.54687
4882.14160284867  60.3465
4882.3152549582  83.76144
4882.48890706773  60.71808
4882.66255917726  43.24657
4882.83621128679  62.30704
4883.00986339632  58.3312
4883.18351550585  47.85328
4883.35716761538  54.78146
4883.53081972491  40.89281
4883.70447183444  33.08422
4883.87812394397  56.58079
4884.0517760535  39.73034
4884.22542816303  32.03895
4884.39908027256  36.34576
4884.57273238209  54.47612
4884.74638449162  52.23479
4884.92003660115  48.66491
4885.09368871068  39.41815
4885.26734082021  46.35096
4885.44099292974  53.85259
4885.61464503927  52.83167
4885.7882971488  37.25529
4885.96194925833  36.3411
4886.13560136787  45.18159
4886.30925347739  39.26833
4886.48290558693  37.95661
4886.65655769646  38.12894
4886.83020980599  42.27386
4887.00386191552  67.13935
4887.17751402505  25.52706
4887.35116613458  29.3829
4887.52481824411  49.85475
4887.69847035364  33.48909
4887.87212246317  52.34482
4888.0457745727  75.2972
4888.21942668223  70.3912
4888.39307879176  34.77503
4888.56673090129  37.01436
4888.74038301082  41.41841
4888.91403512035  46.00499
4889.08768722988  44.30551
4889.26133933941  30.15331
4889.43499144894  49.66329
4889.60864355847  60.89979
4889.782295668  56.76295
4889.95594777753  45.40607
4890.12959988706  41.23106
4890.30325199659  28.33877
4890.47690410612  30.7744
4890.65055621566  44.8811
4890.82420832519  45.90026
4890.99786043472  47.49806
4891.17151254425  44.38204
4891.34516465378  32.00255
4891.51881676331  23.49359
4891.69246887284  43.37429
4891.86612098237  31.62257
4892.0397730919  31.63114
4892.21342520143  42.02489
4892.38707731096  52.28445
4892.56072942049  59.18871
4892.73438153002  41.78075
4892.90803363955  52.62026
4893.08168574908  44.04702
4893.25533785861  48.76463
4893.42898996814  38.53128
4893.60264207767  27.0003
4893.7762941872  27.67507
4893.94994629673  52.9625
4894.12359840626  49.45693
4894.29725051579  39.24978
4894.47090262532  57.11297
4894.64455473485  53.99023
4894.81820684439  32.87489
4894.99185895391  45.82258
4895.16551106345  51.59144
4895.33916317298  48.00723
4895.51281528251  39.85633
4895.68646739204  45.30781
4895.86011950157  12.02057
4896.0337716111  21.2979
4896.20742372063  44.18289
4896.38107583016  48.12699
4896.55472793969  49.6552
4896.72838004922  49.13015
4896.90203215875  44.67896
4897.07568426828  34.16702
4897.24933637781  30.3359
4897.42298848734  40.84135
4897.59664059687  44.70972
4897.7702927064  53.57151
4897.94394481593  33.04208
4898.11759692546  16.38184
4898.29124903499  32.74857
4898.46490114452  35.4148
4898.63855325405  38.38653
4898.81220536358  45.62513
4898.98585747311  55.72174
4899.15950958264  65.71795
4899.33316169217  47.08814
4899.50681380171  30.73604
4899.68046591123  31.44777
4899.85411802076  31.27679
4900.0277701303  5.59694
4900.20142223983  29.82623
4900.37507434936  57.92993
4900.54872645889  56.63422
4900.72237856842  29.52425
4900.89603067795  28.79953
4901.06968278748  37.43748
4901.24333489701  37.74902
4901.41698700654  25.86553
4901.59063911607  52.82831
4901.7642912256  39.04574
4901.93794333513  40.23107
4902.11159544466  31.98977
4902.28524755419  35.33183
4902.45889966372  61.25569
4902.63255177325  23.90944
4902.80620388278  16.58532
4902.97985599231  36.03775
4903.15350810184  54.77569
4903.32716021137  37.09847
4903.5008123209  12.57183
4903.67446443043  46.76535
4903.84811653996  43.4931
4904.0217686495  36.08489
4904.19542075903  44.52949
4904.36907286856  61.56017
4904.54272497809  64.28536
4904.71637708762  30.11211
4904.89002919715  31.40643
4905.06368130668  47.07804
4905.23733341621  48.76821
4905.41098552574  34.12984
4905.58463763527  35.81131
4905.7582897448  55.73187
4905.93194185433  51.29147
4906.10559396386  51.45512
4906.27924607339  32.6531
4906.45289818292  9.45865
4906.62655029245  41.25083
4906.80020240198  33.89873
4906.97385451151  28.48629
4907.14750662104  53.08404
4907.32115873057  43.61268
4907.4948108401  36.68267
4907.66846294963  35.88835
4907.84211505916  29.93637
4908.01576716869  34.66242
4908.18941927822  28.49884
4908.36307138775  35.39622
4908.53672349728  34.27591
4908.71037560682  37.92384
4908.88402771635  30.48795
4909.05767982588  41.49386
4909.23133193541  36.60741
4909.40498404494  17.04722
4909.57863615447  32.01763
4909.752288264  30.63382
4909.92594037353  19.52872
4910.09959248306  33.2747
4910.27324459259  56.21956
4910.44689670212  46.6894
4910.62054881165  37.32
4910.79420092118  34.29352
4910.96785303071  62.14917
4911.14150514024  34.23796
4911.31515724977  36.23797
4911.4888093593  52.89878
4911.66246146883  38.78803
4911.83611357836  16.95096
4912.00976568789  20.29609
4912.18341779742  42.47626
4912.35706990695  39.79016
4912.53072201648  34.09935
4912.70437412602  48.989
4912.87802623554  37.39513
4913.05167834508  8.691587
4913.22533045461  21.4236
4913.39898256414  35.51075
4913.57263467367  23.92586
4913.7462867832  51.98173
4913.91993889273  48.85957
4914.09359100226  25.86211
4914.26724311179  16.18662
4914.44089522132  30.92608
4914.61454733085  23.03421
4914.78819944038  30.54111
4914.96185154991  9.518564
4915.13550365944  30.60567
4915.30915576897  26.51585
4915.4828078785  40.249
4915.65645998803  33.27884
4915.83011209756  29.24701
4916.00376420709  23.40175
4916.17741631662  41.16191
4916.35106842615  15.33
4916.52472053568  22.01929
4916.69837264521  46.6467
4916.87202475474  37.73326
4917.04567686427  28.51796
4917.2193289738  30.12601
4917.39298108333  29.44247
4917.56663319287  41.1765
4917.7402853024  23.36488
4917.91393741193  22.85709
4918.08758952146  32.38226
4918.26124163099  23.71728
4918.43489374052  7.054377
4918.60854585005  11.78691
4918.78219795958  10.80704
4918.95585006911  3.480835
4919.12950217864  19.02673
4919.30315428817  4.004042
4919.4768063977  31.11483
4919.65045850723  27.45392
4919.82411061676  22.29341
4919.99776272629  22.04405
4920.17141483582  24.01148
4920.34506694535  22.28261
4920.51871905488  26.72677
4920.69237116441  14.80293
4920.86602327394  6.821836
4921.03967538347  14.71337
4921.213327493  50.09406
4921.38697960253  23.65177
4921.56063171206  20.80917
4921.73428382159  16.49179
4921.90793593113  26.40694
4922.08158804066  23.69708
4922.25524015019  29.04236
4922.42889225972  28.93284
4922.60254436925  28.27566
4922.77619647878  24.21507
4922.94984858831  9.621059
4923.12350069784  24.10136
4923.29715280737  19.49435
4923.4708049169  -4.096116
4923.64445702643  16.76621
4923.81810913596  23.13209
4923.99176124549  31.38012
4924.16541335502  17.75142
4924.33906546455  -0.4809373
4924.51271757408  27.53978
4924.68636968361  18.11427
4924.86002179314  12.94794
4925.03367390267  16.63306
4925.2073260122  25.69041
4925.38097812173  18.04186
4925.55463023126  -11.8008
4925.72828234079  27.76137
4925.90193445032  28.02537
4926.07558655985  27.18968
4926.24923866939  22.13814
4926.42289077892  31.60895
4926.59654288845  10.64727
4926.77019499798  12.23149
4926.94384710751  19.82349
4927.11749921704  14.64867
4927.29115132657  10.79665
4927.4648034361  11.39239
4927.63845554563  25.64893
4927.81210765516  19.81372
4927.98575976469  13.10213
4928.15941187422  46.77562
4928.33306398375  33.39014
4928.50671609328  20.74166
4928.68036820281  26.47615
4928.85402031234  22.74808
4929.02767242187  31.03685
4929.2013245314  45.87641
4929.37497664093  37.52787
4929.54862875046  15.23628
4929.72228085999  10.3905
4929.89593296952  46.07167
4930.06958507905  25.91566
4930.24323718858  12.75017
4930.41688929811  20.74322
4930.59054140764  11.76706
4930.76419351718  -16.07624
4930.93784562671  21.07128
4931.11149773624  24.80354
4931.28514984577  27.10159
4931.4588019553  -1.330734
4931.63245406483  3.198046
4931.80610617436  21.87336
4931.97975828389  25.93696
4932.15341039342  30.15671
4932.32706250295  39.27687
4932.50071461248  46.86473
4932.67436672201  33.47742
4932.84801883154  19.94032
4933.02167094107  -7.403286
4933.1953230506  6.087173
4933.36897516013  13.76822
4933.54262726966  31.25522
4933.71627937919  22.50907
4933.88993148872  12.83169
4934.06358359825  9.122319
4934.23723570778  12.25572
4934.41088781731  25.90103
4934.58453992684  16.78725
4934.75819203637  1.940364
4934.93184414591  14.53454
4935.10549625544  21.7256
4935.27914836496  8.300017
4935.4528004745  -0.3441359
4935.62645258403  35.0477
4935.80010469356  14.40538
4935.97375680309  23.87713
4936.14740891262  3.844939
4936.32106102215  4.772845
4936.49471313168  16.38059
4936.66836524121  8.208528
4936.84201735074  18.7328
4937.01566946027  8.544675
4937.1893215698  16.07099
4937.36297367933  0.0272611
4937.53662578886  6.2149
4937.71027789839  6.551747
4937.88393000792  22.01159
4938.05758211745  12.0561
4938.23123422698  2.430753
4938.40488633651  8.405094
4938.57853844604  1.798579
4938.75219055557  4.518589
4938.9258426651  20.36947
4939.09949477463  5.012805
4939.27314688416  -3.977811
4939.44679899369  -1.810189
4939.62045110323  10.79395
4939.79410321276  16.33051
4939.96775532228  21.57707
4940.14140743182  39.36407
4940.31505954135  18.53599
4940.48871165088  -3.953266
4940.66236376041  11.07129
4940.83601586994  -0.06028841
4941.00966797947  2.76651
4941.183320089  -0.5660639
4941.35697219853  19.26672
4941.53062430806  25.92226
4941.70427641759  -0.476314
4941.87792852712  11.23232
4942.05158063665  4.552519
4942.22523274618  15.6972
4942.39888485571  16.9437
4942.57253696524  28.26078
4942.74618907477  22.54061
4942.9198411843  35.35275
4943.09349329383  -10.70651
4943.26714540336  -8.343075
4943.44079751289  -16.71646
4943.61444962242  -11.11625
4943.78810173195  -5.125113
4943.96175384148  19.6761
4944.13540595101  -4.294276
4944.30905806055  24.15837
4944.48271017008  17.81956
4944.65636227961  15.38495
4944.83001438914  -5.389403
4945.00366649867  0.6187797
4945.1773186082  5.312124
4945.35097071773  7.420512
4945.52462282726  12.14876
4945.69827493679  12.09664
