4767.9945172761  27.29557
4768.16818877605  22.4273
4768.34186027599  13.34015
4768.51553177594  1.443596
4768.68920327589  5.16144
4768.86287477583  10.26364
4769.03654627578  13.48245
4769.21021777573  10.48483
4769.38388927567  10.00705
4769.55756077562  11.0098
4769.73123227557  6.339074
4769.90490377551  9.780916
4770.07857527546  -0.3796685
4770.2522467754  19.3562
4770.42591827535  25.87675
4770.5995897753  16.19274
4770.77326127525  16.25819
4770.94693277519  3.628333
4771.12060427514  8.91347
4771.29427577509  6.28136
4771.46794727503  9.487249
4771.64161877498  16.25354
4771.81529027492  2.517688
4771.98896177487  -6.312163
4772.16263327482  0.471436
4772.33630477476  33.29557
4772.50997627471  35.22016
4772.68364777466  4.857127
4772.8573192746  -0.6692832
4773.03099077455  19.39304
4773.2046622745  23.69498
4773.37833377444  13.19365
4773.55200527439  9.895715
4773.72567677434  17.92826
4773.89934827428  14.32231
4774.07301977423  -4.234676
4774.24669127418  3.869089
4774.42036277412  28.48868
4774.59403427407  17.14796
4774.76770577402  10.3785
4774.94137727396  10.92801
4775.11504877391  5.780587
4775.28872027386  18.38919
4775.4623917738  20.30777
4775.63606327375  -1.668632
4775.8097347737  -2.18769
4775.98340627364  1.160004
4776.15707777359  -12.6553
4776.33074927354  -4.288882
4776.50442077348  13.78714
4776.67809227343  14.51109
4776.85176377337  11.43444
4777.02543527332  -10.91955
4777.19910677327  -14.76295
4777.37277827321  -0.2952686
4777.54644977316  32.20915
4777.72012127311  31.57522
4777.89379277305  11.22533
4778.067464273  15.08812
4778.24113577295  -1.515489
4778.41480727289  -7.806132
4778.58847877284  -0.2339284
4778.76215027279  10.24306
4778.93582177273  26.0201
4779.10949327268  5.559083
4779.28316477263  -19.38368
4779.45683627257  16.22624
4779.63050777252  35.74826
4779.80417927247  29.37548
4779.97785077241  27.77391
4780.15152227236  5.221725
4780.32519377231  1.283016
4780.49886527225  -1.282217
4780.6725367722  5.950021
4780.84620827215  14.534
4781.01987977209  25.05849
4781.19355127204  15.58201
4781.36722277199  7.709188
4781.54089427193  29.10975
4781.71456577188  38.06236
4781.88823727182  15.47018
4782.06190877177  -8.892917
4782.23558027172  12.63599
4782.40925177167  23.40719
4782.58292327161  22.11143
4782.75659477156  7.977128
4782.9302662715  18.19122
4783.10393777145  9.76881
4783.2776092714  33.84093
4783.45128077134  36.76581
4783.62495227129  10.95208
4783.79862377124  23.53477
4783.97229527118  20.48964
4784.14596677113  -7.883126
4784.31963827108  1.238823
4784.49330977102  5.348133
4784.66698127097  15.48327
4784.84065277092  27.83447
4785.01432427086  14.49593
4785.18799577081  30.71694
4785.36166727076  33.83428
4785.5353387707  39.27936
4785.70901027065  40.1244
4785.8826817706  33.64306
4786.05635327054  6.936257
4786.23002477049  -7.8907
4786.40369627044  3.989954
4786.57736777038  21.68178
4786.75103927033  26.07421
4786.92471077028  23.68401
4787.09838227022  31.92848
4787.27205377017  27.56613
4787.44572527012  18.73014
4787.61939677006  28.43122
4787.79306827001  41.92995
4787.96673976996  19.0367
4788.1404112699  38.49008
4788.31408276985  15.58964
4788.4877542698  9.767532
4788.66142576974  21.68227
4788.83509726969  2.895306
4789.00876876964  20.00504
4789.18244026958  29.0716
4789.35611176953  17.37412
4789.52978326947  25.57486
4789.70345476942  14.81586
4789.87712626937  18.80548
4790.05079776931  12.31692
4790.22446926926  -5.811948
4790.39814076921  23.08849
4790.57181226915  27.43217
4790.7454837691  4.894748
4790.91915526905  16.38485
4791.09282676899  28.86149
4791.26649826894  22.18259
4791.44016976889  21.35498
4791.61384126883  15.04767
4791.78751276878  18.64529
4791.96118426873  31.10818
4792.13485576867  31.0579
4792.30852726862  41.38626
4792.48219876857  54.5475
4792.65587026851  42.60054
4792.82954176846  38.27879
4793.00321326841  28.00262
4793.17688476835  13.70802
4793.3505562683  48.73331
4793.52422776825  31.45783
4793.69789926819  26.87858
4793.87157076814  30.4397
4794.04524226809  24.38182
4794.21891376803  16.15749
4794.39258526798  11.02117
4794.56625676793  8.379899
4794.73992826787  15.09291
4794.91359976782  25.74385
4795.08727126777  26.39883
4795.26094276771  23.03885
4795.43461426766  29.4286
4795.6082857676  38.56922
4795.78195726755  37.58853
4795.9556287675  33.3684
4796.12930026745  30.54548
4796.30297176739  30.47334
4796.47664326734  26.21716
4796.65031476728  36.43
4796.82398626723  24.5738
4796.99765776718  18.28249
4797.17132926712  10.66803
4797.34500076707  -1.218295
4797.51867226702  20.03966
4797.69234376696  43.32549
4797.86601526691  32.0386
4798.03968676686  24.40578
4798.2133582668  42.39259
4798.38702976675  43.04654
4798.5607012667  26.93421
4798.73437276664  35.06366
4798.90804426659  37.95719
4799.08171576654  30.57781
4799.25538726648  20.63392
4799.42905876643  21.29856
4799.60273026638  7.912204
4799.77640176632  36.95583
4799.95007326627  28.07824
4800.12374476621  12.91899
4800.29741626616  6.867401
4800.47108776611  19.57944
4800.64475926605  28.98429
4800.818430766  28.42661
4800.99210226595  39.54319
4801.1657737659  31.24954
4801.33944526584  18.69235
4801.51311676579  35.45944
4801.68678826573  29.6804
4801.86045976568  18.3258
4802.03413126563  30.19069
4802.20780276557  28.58875
4802.38147426552  40.99971
4802.55514576547  11.94975
4802.72881726541  26.22434
4802.90248876536  19.31825
4803.07616026531  14.8453
4803.24983176525  23.83215
4803.4235032652  13.87207
4803.59717476515  23.55314
4803.77084626509  44.71377
4803.94451776504  34.54387
4804.11818926499  24.74791
4804.29186076493  24.02023
4804.46553226488  23.24649
4804.63920376483  41.44299
4804.81287526477  46.821
4804.98654676472  32.04028
4805.16021826467  34.74812
4805.33388976461  24.48248
4805.50756126456  29.15661
4805.68123276451  46.26575
4805.85490426445  17.92111
4806.0285757644  30.44896
4806.20224726435  14.10337
4806.37591876429  46.69391
4806.54959026424  62.32286
4806.72326176419  13.52303
4806.89693326413  5.869236
4807.07060476408  11.42984
4807.24427626402  29.10468
4807.41794776397  40.28946
4807.59161926392  35.22355
4807.76529076387  24.22079
4807.93896226381  13.63941
4808.11263376376  8.914966
4808.2863052637  38.73689
4808.45997676365  55.6436
4808.6336482636  19.15981
4808.80731976354  39.83682
4808.98099126349  29.71379
4809.15466276344  6.295458
4809.32833426338  13.20861
4809.50200576333  9.04648
4809.67567726328  31.06405
4809.84934876322  38.24435
4810.02302026317  27.21497
4810.19669176312  30.04933
4810.37036326306  28.38025
4810.54403476301  31.16465
4810.71770626296  31.63307
4810.8913777629  28.71317
4811.06504926285  26.26926
4811.2387207628  24.39493
4811.41239226274  33.35471
4811.58606376269  15.52992
4811.75973526264  17.46426
4811.93340676258  58.1511
4812.10707826253  33.06101
4812.28074976247  3.825081
4812.45442126242  21.14643
4812.62809276237  23.27769
4812.80176426232  36.26625
4812.97543576226  25.37296
4813.14910726221  20.63269
4813.32277876215  20.50025
4813.4964502621  29.34849
4813.67012176205  49.73611
4813.84379326199  65.733
4814.01746476194  46.68785
4814.19113626189  45.9614
4814.36480776183  31.22852
4814.53847926178  20.28252
4814.71215076173  56.96925
4814.88582226167  55.79976
4815.05949376162  24.33216
4815.23316526157  26.88686
4815.40683676151  35.24579
4815.58050826146  32.13311
4815.75417976141  44.42705
4815.92785126135  54.33871
4816.1015227613  42.26319
4816.27519426125  35.63492
4816.44886576119  26.77739
4816.62253726114  8.051908
4816.79620876109  21.50457
4816.96988026103  45.66301
4817.14355176098  14.35098
4817.31722326093  26.63933
4817.49089476087  27.99378
4817.66456626082  54.34212
4817.83823776077  46.10695
4818.01190926071  54.62674
4818.18558076066  42.82424
4818.3592522606  14.58349
4818.53292376055  29.02505
4818.7065952605  41.23662
4818.88026676044  39.30542
4819.05393826039  33.35629
4819.22760976034  55.63108
4819.40128126029  39.50018
4819.57495276023  31.41964
4819.74862426018  66.00983
4819.92229576012  51.96955
4820.09596726007  25.68156
4820.26963876002  39.66393
4820.44331025996  35.23432
4820.61698175991  27.23077
4820.79065325986  57.93101
4820.9643247598  47.67918
4821.13799625975  31.21744
4821.3116677597  34.45603
4821.48533925964  52.57674
4821.65901075959  31.05522
4821.83268225954  42.44063
4822.00635375948  44.64502
4822.18002525943  39.48092
4822.35369675938  55.42556
4822.52736825932  23.10987
4822.70103975927  15.2124
4822.87471125922  34.54308
4823.04838275916  19.53917
4823.22205425911  39.101
4823.39572575906  19.51851
4823.569397259  21.74663
4823.74306875895  54.87227
4823.9167402589  53.80651
4824.09041175884  38.60439
4824.26408325879  51.35953
4824.43775475874  63.3977
4824.61142625868  58.42391
4824.78509775863  51.58719
4824.95876925857  48.76888
4825.13244075852  50.3428
4825.30611225847  39.63481
4825.47978375842  31.87964
4825.65345525836  34.13808
4825.82712675831  56.43539
4826.00079825825  44.17862
4826.1744697582  20.01159
4826.34814125815  25.45113
4826.52181275809  51.33198
4826.69548425804  45.8098
4826.86915575799  79.01265
4827.04282725793  36.95692
4827.21649875788  44.35085
4827.39017025783  47.87498
4827.56384175777  49.42072
4827.73751325772  33.17845
4827.91118475767  47.07865
4828.08485625761  28.69767
4828.25852775756  31.94737
4828.43219925751  40.5285
4828.60587075745  28.80386
4828.7795422574  57.85996
4828.95321375735  36.81218
4829.12688525729  47.43872
4829.30055675724  41.74772
4829.47422825719  11.7357
4829.64789975713  46.47525
4829.82157125708  43.15385
4829.99524275703  28.20743
4830.16891425697  55.02319
4830.34258575692  43.50992
4830.51625725686  23.43091
4830.68992875681  29.52518
4830.86360025676  54.18894
4831.03727175671  65.66528
4831.21094325665  26.70778
4831.3846147566  24.73978
4831.55828625654  37.39661
4831.73195775649  28.74088
4831.90562925644  18.89958
4832.07930075638  46.98989
4832.25297225633  42.68803
4832.42664375628  42.95659
4832.60031525622  45.90821
4832.77398675617  39.66653
4832.94765825612  66.1008
4833.12132975606  58.64314
4833.29500125601  31.61449
4833.46867275596  39.58376
4833.6423442559  38.69724
4833.81601575585  30.32627
4833.9896872558  42.69352
4834.16335875574  55.63716
4834.33703025569  46.62524
4834.51070175564  63.55282
4834.68437325558  75.92013
4834.85804475553  53.07495
4835.03171625548  28.64667
4835.20538775542  33.68714
4835.37905925537  45.48849
4835.55273075532  44.02745
4835.72640225526  41.77943
4835.90007375521  49.84631
4836.07374525516  31.84359
4836.2474167551  41.93925
4836.42108825505  83.60027
4836.59475975499  65.49957
4836.76843125494  46.41522
4836.94210275489  48.24999
4837.11577425484  49.15583
4837.28944575478  67.26254
4837.46311725473  74.4632
4837.63678875467  54.25549
4837.81046025462  44.75589
4837.98413175457  64.46876
4838.15780325451  49.08583
4838.33147475446  43.91378
4838.50514625441  48.70959
4838.67881775435  47.13072
4838.8524892543  45.81408
4839.02616075425  42.11864
4839.19983225419  52.74207
4839.37350375414  66.19413
4839.54717525409  71.32529
4839.72084675403  43.45566
4839.89451825398  54.66779
4840.06818975393  78.04249
4840.24186125387  56.8343
4840.41553275382  61.47058
4840.58920425377  75.02027
4840.76287575371  56.03511
4840.93654725366  50.40762
4841.11021875361  49.79233
4841.28389025355  50.63199
4841.4575617535  48.61224
4841.63123325345  45.07624
4841.80490475339  52.00922
4841.97857625334  55.79946
4842.15224775329  86.04254
4842.32591925323  66.456
4842.49959075318  40.98391
4842.67326225313  36.97176
4842.84693375307  24.39565
4843.02060525302  32.90839
4843.19427675296  53.82886
4843.36794825291  50.89706
4843.54161975286  31.65684
4843.7152912528  44.28753
4843.88896275275  59.5432
4844.0626342527  46.71404
4844.23630575264  61.09384
4844.40997725259  75.85597
4844.58364875254  43.01825
4844.75732025248  28.86242
4844.93099175243  62.6925
4845.10466325238  51.70147
4845.27833475232  27.4291
4845.45200625227  42.80957
4845.62567775222  34.99081
4845.79934925216  54.39772
4845.97302075211  71.0328
4846.14669225206  60.61807
4846.320363752  63.99524
4846.49403525195  59.93349
4846.6677067519  42.4743
4846.84137825184  45.1226
4847.01504975179  28.28806
4847.18872125174  61.69129
4847.36239275168  65.02278
4847.53606425163  31.84441
4847.70973575158  43.23089
4847.88340725152  71.28935
4848.05707875147  64.96361
4848.23075025142  67.09772
4848.40442175136  50.00309
4848.57809325131  47.00663
4848.75176475125  49.01877
4848.9254362512  53.40795
4849.09910775115  72.59541
4849.27277925109  61.01656
4849.44645075104  59.20098
4849.62012225099  43.69318
4849.79379375093  60.73879
4849.96746525088  53.85943
4850.14113675083  53.01779
4850.31480825077  64.4357
4850.48847975072  66.9541
4850.66215125067  50.58952
4850.83582275061  58.47112
4851.00949425056  88.3906
4851.18316575051  81.30611
4851.35683725045  70.72587
4851.5305087504  64.55888
4851.70418025035  42.54184
4851.87785175029  46.81701
4852.05152325024  38.93546
4852.22519475019  59.72269
4852.39886625013  44.93026
4852.57253775008  48.07874
4852.74620925003  75.04948
4852.91988074997  50.07067
4853.09355224992  45.84576
4853.26722374987  91.03486
4853.44089524981  81.4668
4853.61456674976  44.548
4853.7882382497  65.25953
4853.96190974965  49.82783
4854.1355812496  82.52911
4854.30925274955  54.33623
4854.48292424949  59.97087
4854.65659574944  76.34993
4854.83026724938  63.77371
4855.00393874933  72.92716
4855.17761024928  58.48881
4855.35128174922  62.08971
4855.52495324917  62.062
4855.69862474912  45.5929
4855.87229624907  76.92236
4856.04596774901  92.82598
4856.21963924896  72.80846
4856.3933107489  62.05919
4856.56698224885  54.45821
4856.7406537488  82.25191
4856.91432524874  51.37049
4857.08799674869  78.45986
4857.26166824864  113.1603
4857.43533974858  76.61256
4857.60901124853  87.67528
4857.78268274848  87.0723
4857.95635424842  68.40709
4858.13002574837  70.55363
4858.30369724832  63.0741
4858.47736874826  72.19099
4858.65104024821  78.82653
4858.82471174816  81.31806
4858.9983832481  96.114
4859.17205474805  97.18006
4859.345726248  102.9946
4859.51939774794  93.05534
4859.69306924789  90.04916
4859.86674074783  78.5498
4860.04041224778  60.81848
4860.21408374773  85.48781
4860.38775524768  87.54661
4860.56142674762  72.6478
4860.73509824757  65.33994
4860.90876974752  71.97288
4861.08244124746  73.18749
4861.25611274741  93.05682
4861.42978424735  69.44935
4861.6034557473  40.55464
4861.77712724725  69.99096
4861.95079874719  91.40338
4862.12447024714  80.35666
4862.29814174709  71.88034
4862.47181324703  58.0785
4862.64548474698  75.07394
4862.81915624693  72.41785
4862.99282774687  88.00671
4863.16649924682  92.63168
4863.34017074677  53.38925
4863.51384224671  58.0729
4863.68751374666  75.13836
4863.86118524661  57.23816
4864.03485674655  50.58133
4864.2085282465  81.31543
4864.38219974645  60.6771
4864.55587124639  59.67606
4864.72954274634  72.04351
4864.90321424629  71.35371
4865.07688574623  61.15542
4865.25055724618  72.60922
4865.42422874613  73.38472
4865.59790024607  39.03501
4865.77157174602  51.79371
4865.94524324597  77.06141
4866.11891474591  67.88492
4866.29258624586  81.09206
4866.4662577458  90.26929
4866.63992924575  67.18322
4866.8136007457  55.05975
4866.98727224564  66.39481
4867.16094374559  74.17965
4867.33461524554  57.72519
4867.50828674548  55.18291
4867.68195824543  63.73265
4867.85562974538  83.76291
4868.02930124532  68.99401
4868.20297274527  66.08813
4868.37664424522  57.91605
4868.55031574516  77.41862
4868.72398724511  63.99115
4868.89765874506  52.18776
4869.071330245  45.84558
4869.24500174495  55.89009
4869.4186732449  64.03806
4869.59234474484  53.45025
4869.76601624479  69.18781
4869.93968774474  56.80641
4870.11335924468  61.34814
4870.28703074463  57.23755
4870.46070224458  68.59033
4870.63437374452  79.40587
4870.80804524447  65.5771
4870.98171674442  51.21398
4871.15538824436  64.79253
4871.32905974431  73.63615
4871.50273124426  68.1271
4871.6764027442  59.8641
4871.85007424415  54.20258
4872.0237457441  64.90962
4872.19741724404  66.08964
4872.37108874399  82.25829
4872.54476024393  67.72122
4872.71843174388  60.96
4872.89210324383  68.67173
4873.06577474377  61.02608
4873.23944624372  58.83052
4873.41311774367  56.47282
4873.58678924361  34.88487
4873.76046074356  77.05379
4873.93413224351  68.63947
4874.10780374345  34.15437
4874.2814752434  64.47496
4874.45514674335  42.18614
4874.62881824329  21.54873
4874.80248974324  65.5792
4874.97616124319  66.72508
4875.14983274313  68.5835
4875.32350424308  47.13885
4875.49717574303  48.4469
4875.67084724297  40.76276
4875.84451874292  56.88905
4876.01819024287  59.66891
4876.19186174281  71.07529
4876.36553324276  65.54423
4876.53920474271  76.1502
4876.71287624265  73.83284
4876.8865477426  48.11323
4877.06021924255  51.78196
4877.23389074249  51.11262
4877.40756224244  82.15294
4877.58123374239  44.38073
4877.75490524233  43.43193
4877.92857674228  49.19357
4878.10224824222  30.5867
4878.27591974217  34.31308
4878.44959124212  61.18601
4878.62326274207  52.33206
4878.79693424201  34.19661
4878.97060574196  43.50753
4879.1442772419  51.40321
4879.31794874185  44.76358
4879.4916202418  34.02893
4879.66529174174  29.62542
4879.83896324169  42.25206
4880.01263474164  44.94246
4880.18630624158  56.47095
4880.35997774153  50.46726
4880.53364924148  50.26975
4880.70732074142  44.82281
4880.88099224137  25.45058
4881.05466374132  34.33773
4881.22833524126  50.14781
4881.40200674121  54.9659
4881.57567824116  47.55053
4881.7493497411  49.08855
4881.92302124105  50.37566
4882.096692741  42.6049
4882.27036424094  54.4929
4882.44403574089  35.68235
4882.61770724084  40.49267
4882.79137874078  62.31481
4882.96505024073  65.73853
4883.13872174068  73.60045
4883.31239324062  46.8457
4883.48606474057  43.92515
4883.65973624052  40.31284
4883.83340774046  39.6377
4884.00707924041  34.63372
4884.18075074036  35.72498
4884.3544222403  59.35813
4884.52809374025  53.50336
4884.70176524019  49.61858
4884.87543674014  45.96563
4885.04910824009  40.46162
4885.22277974003  51.56267
4885.39645123998  35.65881
4885.57012273993  35.2238
4885.74379423987  43.41131
4885.91746573982  64.17518
4886.09113723977  59.59898
4886.26480873971  58.02273
4886.43848023966  46.66468
4886.61215173961  65.2859
4886.78582323955  74.23157
4886.9594947395  66.34982
4887.13316623945  43.40857
4887.30683773939  38.38327
4887.48050923934  52.0683
4887.65418073929  46.70314
4887.82785223923  46.4688
4888.00152373918  35.38946
4888.17519523913  47.46597
4888.34886673907  48.25799
4888.52253823902  52.4437
4888.69620973897  37.67127
4888.86988123891  37.15831
4889.04355273886  49.63719
4889.21722423881  29.86467
4889.39089573875  38.23987
4889.5645672387  53.81559
4889.73823873865  45.67884
4889.91191023859  32.41137
4890.08558173854  41.54485
4890.25925323848  46.67962
4890.43292473843  40.56546
4890.60659623838  55.02872
4890.78026773832  38.40883
4890.95393923827  41.72602
4891.12761073822  26.79819
4891.30128223816  51.12403
4891.47495373811  56.98923
4891.64862523806  46.39274
4891.822296738  54.9079
4891.99596823795  40.21288
4892.1696397379  56.95732
4892.34331123784  51.34616
4892.51698273779  53.6135
4892.69065423774  32.51624
4892.86432573768  37.46192
4893.03799723763  41.9896
4893.21166873758  30.17402
4893.38534023752  38.70024
4893.55901173747  21.27262
4893.73268323742  49.22483
4893.90635473736  66.5466
4894.08002623731  47.07663
4894.25369773726  65.5408
4894.4273692372  58.9549
4894.60104073715  42.58747
4894.7747122371  53.22436
4894.94838373704  70.7972
4895.12205523699  68.96213
4895.29572673694  41.35057
4895.46939823688  27.59077
4895.64306973683  52.72323
4895.81674123678  29.4141
4895.99041273672  18.98793
4896.16408423667  40.27981
4896.33775573661  59.42907
4896.51142723656  21.97363
4896.68509873651  41.85529
4896.85877023646  52.75552
4897.0324417364  45.13522
4897.20611323635  35.36398
4897.37978473629  28.40388
4897.55345623624  71.10554
4897.72712773619  60.12605
4897.90079923613  40.01566
4898.07447073608  20.78523
4898.24814223603  43.30473
4898.42181373597  56.5084
4898.59548523592  61.81828
4898.76915673587  51.58778
4898.94282823581  55.7323
4899.11649973576  41.84993
4899.29017123571  57.67073
4899.46384273565  31.85703
4899.6375142356  47.49035
4899.81118573555  65.60209
4899.98485723549  24.93007
4900.15852873544  22.62712
4900.33220023539  13.93359
4900.50587173533  32.16562
4900.67954323528  24.74026
4900.85321473523  33.84292
4901.02688623517  68.6405
4901.20055773512  33.44681
4901.37422923507  21.85426
4901.54790073501  39.08046
4901.72157223496  46.11548
4901.89524373491  33.14177
4902.06891523485  27.84682
4902.2425867348  14.12572
4902.41625823475  39.5217
4902.58992973469  50.86346
4902.76360123464  33.32841
4902.93727273458  30.76192
4903.11094423453  28.47426
4903.28461573448  30.71922
4903.45828723442  33.4211
4903.63195873437  39.33218
4903.80563023432  47.13817
4903.97930173426  52.42713
4904.15297323421  47.13491
4904.32664473416  35.62552
4904.5003162341  52.46116
4904.67398773405  45.65469
4904.847659234  14.93754
4905.02133073394  28.22626
4905.19500223389  34.22816
4905.36867373384  25.89447
4905.54234523378  20.92354
4905.71601673373  33.35723
4905.88968823368  22.49959
4906.06335973362  33.78948
4906.23703123357  32.47594
4906.41070273352  42.91833
4906.58437423346  46.28145
4906.75804573341  38.57761
4906.93171723336  29.09042
4907.1053887333  21.58513
4907.27906023325  54.23968
4907.4527317332  53.52479
4907.62640323314  30.04056
4907.80007473309  29.33676
4907.97374623303  43.25362
4908.14741773298  24.88464
4908.32108923293  34.43911
4908.49476073287  27.79502
4908.66843223282  28.51679
4908.84210373277  33.60803
4909.01577523272  55.92235
4909.18944673266  30.72329
4909.36311823261  27.29867
4909.53678973255  20.21996
4909.7104612325  39.36626
4909.88413273245  46.25155
4910.05780423239  34.90558
4910.23147573234  27.08783
4910.40514723229  57.82465
4910.57881873224  40.43201
4910.75249023218  14.1952
4910.92616173213  30.01586
4911.09983323207  27.94515
4911.27350473202  21.89268
4911.44717623197  38.51964
4911.62084773191  52.94926
4911.79451923186  18.86727
4911.96819073181  31.58086
4912.14186223175  33.72805
4912.3155337317  33.18624
4912.48920523165  32.02076
4912.66287673159  29.87788
4912.83654823154  25.49886
4913.01021973149  26.9528
4913.18389123143  31.91242
4913.35756273138  35.48362
4913.53123423133  36.40051
4913.70490573127  36.84849
4913.87857723122  23.0467
4914.05224873117  35.22773
4914.22592023111  24.226
4914.39959173106  25.53401
4914.573263231  50.44464
4914.74693473095  27.56027
4914.9206062309  14.71093
4915.09427773084  42.41882
4915.26794923079  31.60746
4915.44162073074  21.68784
4915.61529223069  50.9704
4915.78896373063  48.22381
4915.96263523058  36.0479
4916.13630673052  58.40202
4916.30997823047  39.28126
4916.48364973042  23.1964
4916.65732123036  33.78156
4916.83099273031  33.47032
4917.00466423026  15.05248
4917.1783357302  21.36482
4917.35200723015  4.591153
4917.5256787301  35.27601
4917.69935023004  38.54771
4917.87302172999  26.50865
4918.04669322994  19.595
4918.22036472988  16.2709
4918.39403622983  44.7017
4918.56770772978  26.0501
4918.74137922972  6.013579
4918.91505072967  15.95397
4919.08872222962  40.95206
4919.26239372956  34.90941
4919.43606522951  36.44193
4919.60973672945  38.96638
4919.7834082294  27.0817
4919.95707972935  10.18112
4920.1307512293  28.69919
4920.30442272924  13.57655
4920.47809422919  39.08609
4920.65176572913  24.9722
4920.82543722908  12.20226
4920.99910872903  8.100726
4921.17278022897  27.68297
4921.34645172892  29.38517
4921.52012322887  31.74312
4921.69379472881  20.73995
4921.86746622876  32.42471
4922.04113772871  21.49279
4922.21480922865  14.87074
4922.3884807286  19.67702
4922.56215222855  36.79027
4922.73582372849  35.40446
4922.90949522844  17.56606
4923.08316672839  37.9869
4923.25683822833  42.17164
4923.43050972828  25.86974
4923.60418122823  19.95597
4923.77785272817  25.3064
4923.95152422812  19.86799
4924.12519572807  3.128356
4924.29886722801  17.21789
4924.47253872796  22.9456
4924.64621022791  -2.418247
4924.81988172785  9.380265
4924.9935532278  26.95931
4925.16722472775  -3.027781
4925.34089622769  6.699747
4925.51456772764  23.81756
4925.68823922759  41.3992
4925.86191072753  5.139174
4926.03558222748  21.9178
4926.20925372742  18.59341
4926.38292522737  17.13237
4926.55659672732  19.24707
4926.73026822726  21.17197
4926.90393972721  6.598328
4927.07761122716  -4.954806
4927.2512827271  19.66268
4927.42495422705  37.57108
4927.598625727  28.1476
4927.77229722694  36.23806
4927.94596872689  34.88037
4928.11964022684  31.13443
4928.29331172678  19.9606
4928.46698322673  26.53257
4928.64065472668  9.83005
4928.81432622662  18.60895
4928.98799772657  7.250893
4929.16166922652  31.97383
4929.33534072646  32.87752
4929.50901222641  12.50449
4929.68268372636  12.155
4929.8563552263  35.84673
4930.03002672625  33.56967
4930.2036982262  16.11518
4930.37736972614  19.69158
4930.55104122609  3.268625
4930.72471272604  -0.366274
4930.89838422598  10.93
4931.07205572593  34.18922
4931.24572722588  28.4949
4931.41939872582  7.225864
4931.59307022577  19.90982
4931.76674172571  5.618453
4931.94041322566  3.975338
4932.11408472561  29.93447
4932.28775622556  16.77549
4932.4614277255  10.71418
4932.63509922545  2.895397
4932.80877072539  17.63359
4932.98244222534  17.13817
4933.15611372529  0.963204
4933.32978522523  13.87576
4933.50345672518  8.423094
4933.67712822513  15.09537
4933.85079972507  21.99877
4934.02447122502  15.4153
4934.19814272497  11.1747
4934.37181422491  12.53386
4934.54548572486  0.6435573
4934.71915722481  -2.317696
4934.89282872475  4.438703
4935.0665002247  0.08836396
4935.24017172465  3.727139
4935.41384322459  25.20046
4935.58751472454  33.92194
4935.76118622449  33.83321
4935.93485772443  27.41846
4936.10852922438  -0.9680075
4936.28220072433  8.087
4936.45587222427  15.65108
4936.62954372422  13.07475
4936.80321522417  25.25656
4936.97688672411  49.51264
4937.15055822406  27.96144
4937.32422972401  -4.207547
4937.49790122395  17.06919
4937.6715727239  30.37535
4937.84524422385  11.46991
4938.01891572379  2.696018
4938.19258722374  17.12961
4938.36625872368  1.806424
4938.53993022363  12.00463
4938.71360172358  17.09552
4938.88727322353  33.72984
4939.06094472347  -17.00375
4939.23461622342  -11.44698
4939.40828772336  -17.48776
4939.58195922331  17.19398
4939.75563072326  7.916055
4939.9293022232  8.340553
4940.10297372315  4.359257
4940.2766452231  16.62095
4940.45031672304  8.489875
4940.62398822299  3.630766
4940.79765972294  10.59248
4940.97133122288  12.77728
4941.14500272283  8.911507
4941.31867422278  15.43667
4941.49234572272  9.974934
4941.66601722267  -6.884616
4941.83968872262  -3.013489
4942.01336022256  5.519521
4942.18703172251  15.70806
4942.36070322246  23.09501
4942.5343747224  15.9639
4942.70804622235  11.48953
4942.8817177223  25.54432
4943.05538922224  4.668426
4943.22906072219  -3.649096
4943.40273222214  16.2189
4943.57640372208  8.850978
4943.75007522203  1.440637
4943.92374672198  22.96847
4944.09741822192  3.42973
4944.27108972187  5.205239
4944.44476122182  12.38695
4944.61843272176  13.23
4944.79210422171  17.69206
4944.96577572165  19.58001
4945.1394472216  26.64121
4945.31311872155  8.738597
4945.48679022149  -11.8587
4945.66046172144  1.384471
