4767.9844342411  32.94585
4768.15810880064  40.63821
4768.33178336017  20.50578
4768.50545791971  -21.34229
4768.67913247925  -13.21591
4768.85280703879  -0.123568
4769.02648159832  29.70998
4769.20015615786  39.68812
4769.3738307174  22.87729
4769.54750527694  19.72444
4769.72117983647  6.895041
4769.89485439601  6.006632
4770.06852895555  2.615601
4770.24220351509  8.435983
4770.41587807462  26.17674
4770.58955263416  19.15222
4770.7632271937  -1.386833
4770.93690175324  10.36895
4771.11057631277  8.667531
4771.28425087231  18.66782
4771.45792543185  18.8595
4771.63159999139  9.850073
4771.80527455092  2.218354
4771.97894911046  2.628504
4772.15262367  42.43283
4772.32629822954  35.5928
4772.49997278907  54.71094
4772.67364734861  22.03433
4772.84732190815  27.3686
4773.02099646769  14.82491
4773.19467102722  33.37208
4773.36834558676  28.30392
4773.5420201463  31.63897
4773.71569470584  27.7743
4773.88936926537  -16.80223
4774.06304382491  -18.94679
4774.23671838445  22.74329
4774.41039294398  25.51147
4774.58406750352  43.51957
4774.75774206306  62.939
4774.9314166226  -13.74813
4775.10509118213  9.536013
4775.27876574167  19.86636
4775.45244030121  17.42031
4775.62611486075  49.86427
4775.79978942028  37.44178
4775.97346397982  -0.6011079
4776.14713853936  0.8158538
4776.3208130989  29.48252
4776.49448765843  57.37093
4776.66816221797  36.94756
4776.84183677751  0.894289
4777.01551133705  26.20856
4777.18918589658  -0.7049993
4777.36286045612  16.61868
4777.53653501566  5.359839
4777.7102095752  14.64192
4777.88388413473  46.17909
4778.05755869427  55.1542
4778.23123325381  10.00179
4778.40490781334  22.28195
4778.57858237288  50.22324
4778.75225693242  41.31007
4778.92593149196  43.65709
4779.09960605149  39.99493
4779.27328061103  20.25973
4779.44695517057  5.310987
4779.62062973011  6.293657
4779.79430428964  49.30536
4779.96797884918  29.11946
4780.14165340872  43.27463
4780.31532796826  20.62637
4780.48900252779  36.46801
4780.66267708733  28.46183
4780.83635164687  16.14489
4781.01002620641  30.73669
4781.18370076594  48.95202
4781.35737532548  45.21004
4781.53104988502  41.04999
4781.70472444456  42.20885
4781.87839900409  15.01945
4782.05207356363  21.15629
4782.22574812317  35.18161
4782.39942268271  15.10114
4782.57309724224  50.07962
4782.74677180178  12.57683
4782.92044636132  14.24184
4783.09412092085  15.86659
4783.26779548039  30.98016
4783.44147003993  20.77121
4783.61514459947  4.424845
4783.788819159  15.82522
4783.96249371854  34.79287
4784.13616827808  40.39695
4784.30984283762  35.53058
4784.48351739716  54.06184
4784.65719195669  53.06553
4784.83086651623  11.31048
4785.00454107577  37.54359
4785.1782156353  35.88115
4785.35189019484  38.50574
4785.52556475438  33.65986
4785.69923931392  42.5042
4785.87291387345  42.96321
4786.04658843299  30.34276
4786.22026299253  41.95507
4786.39393755207  39.01368
4786.5676121116  11.91704
4786.74128667114  27.90247
4786.91496123068  57.65568
4787.08863579022  32.39751
4787.26231034975  13.35083
4787.43598490929  33.58912
4787.60965946883  17.19765
4787.78333402837  23.57932
4787.9570085879  32.99784
4788.13068314744  41.60369
4788.30435770698  25.71702
4788.47803226652  30.56959
4788.65170682605  50.93791
4788.82538138559  56.25729
4788.99905594513  55.77651
4789.17273050467  57.07571
4789.3464050642  50.80523
4789.52007962374  62.52127
4789.69375418328  51.81874
4789.86742874281  12.77139
4790.04110330235  60.62321
4790.21477786189  49.35235
4790.38845242143  24.7452
4790.56212698096  25.92271
4790.7358015405  30.41043
4790.90947610004  37.12337
4791.08315065958  56.10617
4791.25682521911  55.50862
4791.43049977865  58.50705
4791.60417433819  24.07764
4791.77784889773  7.099736
4791.95152345726  38.0515
4792.1251980168  61.54928
4792.29887257634  54.92693
4792.47254713588  35.26633
4792.64622169541  44.10722
4792.81989625495  57.92932
4792.99357081449  40.39023
4793.16724537403  41.72345
4793.34091993356  51.48171
4793.5145944931  42.70715
4793.68826905264  33.37955
4793.86194361218  46.38503
4794.03561817171  70.68501
4794.20929273125  50.81981
4794.38296729079  37.23259
4794.55664185032  25.60094
4794.73031640986  18.07671
4794.9039909694  38.32261
4795.07766552894  49.29591
4795.25134008847  44.46053
4795.42501464801  57.78444
4795.59868920755  59.10169
4795.77236376709  44.82217
4795.94603832662  40.48634
4796.11971288616  -12.8643
4796.2933874457  50.54968
4796.46706200524  55.18154
4796.64073656477  50.11271
4796.81441112431  54.05213
4796.98808568385  52.34896
4797.16176024339  40.08854
4797.33543480292  60.43565
4797.50910936246  50.68003
4797.682783922  47.10869
4797.85645848154  49.48599
4798.03013304107  48.48655
4798.20380760061  75.90633
4798.37748216015  64.91289
4798.55115671968  38.83326
4798.72483127922  61.18155
4798.89850583876  52.17439
4799.0721803983  45.55143
4799.24585495784  64.9465
4799.41952951737  63.73951
4799.59320407691  49.50307
4799.76687863645  54.04938
4799.94055319599  39.28795
4800.11422775552  66.34251
4800.28790231506  59.62113
4800.4615768746  -7.562739
4800.63525143413  410.9296
4800.80892599367  362.9511
4800.98260055321  31.83734
4801.15627511275  62.94757
4801.32994967228  56.5356
4801.50362423182  44.58015
4801.67729879136  47.48429
4801.8509733509  43.4298
4802.02464791043  38.06881
4802.19832246997  29.31547
4802.37199702951  42.95658
4802.54567158905  37.78803
4802.71934614858  78.23732
4802.89302070812  58.29315
4803.06669526766  52.07545
4803.2403698272  53.85732
4803.41404438673  57.4669
4803.58771894627  43.4416
4803.76139350581  59.14261
4803.93506806535  83.11499
4804.10874262488  64.44936
4804.28241718442  71.91408
4804.45609174396  83.33873
4804.6297663035  61.63343
4804.80344086303  43.32848
4804.97711542257  52.7911
4805.15078998211  88.55574
4805.32446454165  53.44493
4805.49813910118  60.40184
4805.67181366072  90.47168
4805.84548822026  63.23059
4806.01916277979  79.79107
4806.19283733933  72.37702
4806.36651189887  63.18102
4806.54018645841  68.20884
4806.71386101794  60.50563
4806.88753557748  34.33428
4807.06121013702  44.87745
4807.23488469656  69.39013
4807.40855925609  67.68812
4807.58223381563  57.65826
4807.75590837517  49.66096
4807.92958293471  47.80902
4808.10325749424  34.9038
4808.27693205378  31.84124
4808.45060661332  54.18613
4808.62428117286  54.73913
4808.79795573239  74.03797
4808.97163029193  76.28909
4809.14530485147  60.92714
4809.31897941101  78.09148
4809.49265397054  76.2714
4809.66632853008  53.08386
4809.84000308962  68.53907
4810.01367764916  74.821
4810.18735220869  59.05765
4810.36102676823  71.7704
4810.53470132777  60.81052
4810.70837588731  48.68066
4810.88205044684  40.23203
4811.05572500638  41.97475
4811.22939956592  19.14101
4811.40307412545  14.36998
4811.57674868499  42.83937
4811.75042324453  52.73474
4811.92409780407  68.19916
4812.0977723636  73.24542
4812.27144692314  59.57013
4812.44512148268  57.06894
4812.61879604222  41.23605
4812.79247060175  50.49072
4812.96614516129  29.7953
4813.13981972083  44.54937
4813.31349428037  47.67382
4813.4871688399  45.33362
4813.66084339944  78.03352
4813.83451795898  80.43369
4814.00819251852  52.84598
4814.18186707805  54.17547
4814.35554163759  83.07652
4814.52921619713  69.69684
4814.70289075667  59.39317
4814.8765653162  73.98227
4815.05023987574  95.02072
4815.22391443528  82.99162
4815.39758899481  50.09198
4815.57126355435  43.58457
4815.74493811389  68.34302
4815.91861267343  65.06985
4816.09228723296  40.48403
4816.2659617925  64.83917
4816.43963635204  66.16167
4816.61331091158  63.2395
4816.78698547111  71.21436
4816.96066003065  54.61842
4817.13433459019  77.21505
4817.30800914973  94.89062
4817.48168370926  83.8977
4817.6553582688  80.70064
4817.82903282834  71.23178
4818.00270738788  90.50116
4818.17638194741  64.1575
4818.35005650695  45.16827
4818.52373106649  49.55576
4818.69740562603  60.01237
4818.87108018556  72.85031
4819.0447547451  80.76546
4819.21842930464  62.96391
4819.39210386418  43.96167
4819.56577842371  67.31459
4819.73945298325  78.46754
4819.91312754279  76.62822
4820.08680210233  73.0518
4820.26047666186  65.98174
4820.4341512214  76.85932
4820.60782578094  67.0637
4820.78150034048  74.39893
4820.95517490001  46.75513
4821.12884945955  56.51175
4821.30252401909  73.22383
4821.47619857863  109.9337
4821.64987313816  104.1451
4821.8235476977  103.9663
4821.99722225724  102.9845
4822.17089681678  93.72517
4822.34457137631  89.64407
4822.51824593585  60.74772
4822.69192049539  89.88374
4822.86559505492  80.02337
4823.03926961446  108.163
4823.212944174  81.6547
4823.38661873354  47.07783
4823.56029329307  83.23429
4823.73396785261  83.43132
4823.90764241215  71.29474
4824.08131697169  86.07561
4824.25499153122  94.7759
4824.42866609076  98.04395
4824.6023406503  85.53417
4824.77601520984  83.08452
4824.94968976937  86.03263
4825.12336432891  74.10991
4825.29703888845  99.02394
4825.47071344799  117.1961
4825.64438800752  98.22755
4825.81806256706  85.9083
4825.9917371266  98.12137
4826.16541168614  64.04666
4826.33908624567  58.77816
4826.51276080521  55.78404
4826.68643536475  67.18689
4826.86010992428  104.785
4827.03378448382  101.7245
4827.20745904336  101.3598
4827.3811336029  82.66186
4827.55480816243  73.75455
4827.72848272197  86.51951
4827.90215728151  96.1565
4828.07583184105  83.47427
4828.24950640058  69.74066
4828.42318096012  53.59379
4828.59685551966  40.58696
4828.7705300792  68.12576
4828.94420463873  80.70263
4829.11787919827  66.36421
4829.29155375781  87.68037
4829.46522831735  103.465
4829.63890287688  74.13483
4829.81257743642  87.13757
4829.98625199596  97.23059
4830.1599265555  79.7851
4830.33360111503  99.30146
4830.50727567457  79.65415
4830.68095023411  80.57259
4830.85462479365  114.66
4831.02829935318  81.01643
4831.20197391272  60.80977
4831.37564847226  95.58954
4831.5493230318  92.56364
4831.72299759133  70.45434
4831.89667215087  113.077
4832.07034671041  89.13632
4832.24402126995  56.20055
4832.41769582948  71.53492
4832.59137038902  80.72321
4832.76504494856  64.6055
4832.93871950809  84.57185
4833.11239406763  73.19677
4833.28606862717  77.96359
4833.45974318671  92.59089
4833.63341774624  95.30708
4833.80709230578  81.19263
4833.98076686532  93.07977
4834.15444142486  98.76002
4834.32811598439  86.18858
4834.50179054393  92.11298
4834.67546510347  62.70835
4834.84913966301  106.8867
4835.02281422254  121.2686
4835.19648878208  96.83278
4835.37016334162  110.5942
4835.54383790116  118.2202
4835.71751246069  115.7327
4835.89118702023  102.1665
4836.06486157977  80.708
4836.23853613931  104.0152
4836.41221069884  102.9216
4836.58588525838  78.13232
4836.75955981792  109.0652
4836.93323437746  101.7726
4837.10690893699  80.84287
4837.28058349653  83.08099
4837.45425805607  90.42409
4837.62793261561  105.7125
4837.80160717514  105.598
4837.97528173468  93.89773
4838.14895629422  91.83729
4838.32263085375  92.95988
4838.49630541329  88.3704
4838.66997997283  101.3235
4838.84365453237  112.9691
4839.0173290919  96.2189
4839.19100365144  108.177
4839.36467821098  118.9843
4839.53835277052  59.96721
4839.71202733005  80.14645
4839.88570188959  118.4936
4840.05937644913  89.23105
4840.23305100867  87.93803
4840.4067255682  83.40408
4840.58040012774  132.7989
4840.75407468728  92.61777
4840.92774924682  93.60802
4841.10142380635  103.5244
4841.27509836589  70.24306
4841.44877292543  97.62151
4841.62244748497  126.5431
4841.7961220445  139.0967
4841.96979660404  129.6746
4842.14347116358  127.9576
4842.31714572312  79.14117
4842.49082028265  84.2874
4842.66449484219  133.1788
4842.83816940173  120.1306
4843.01184396127  113.6316
4843.1855185208  92.30875
4843.35919308034  61.68418
4843.53286763988  78.96539
4843.70654219942  123.0894
4843.88021675895  110.5527
4844.05389131849  106.5211
4844.22756587803  98.2615
4844.40124043756  107.4901
4844.5749149971  114.59
4844.74858955664  104.0425
4844.92226411618  141.2478
4845.09593867571  100.0878
4845.26961323525  86.46817
4845.44328779479  105.3782
4845.61696235433  101.3829
4845.79063691386  105.2515
4845.9643114734  87.31408
4846.13798603294  88.06361
4846.31166059248  122.0637
4846.48533515201  -145.8664
4846.65900971155  -375.3803
4846.83268427109  108.5288
4847.00635883063  116.2665
4847.18003339016  105.4147
4847.3537079497  85.83073
4847.52738250924  133.8921
4847.70105706878  133.6148
4847.87473162831  100.0914
4848.04840618785  78.02416
4848.22208074739  110.7931
4848.39575530693  120.5554
4848.56942986646  102.0341
4848.743104426  137.6463
4848.91677898554  100.6538
4849.09045354507  111.3795
4849.26412810461  132.3108
4849.43780266415  113.0133
4849.61147722369  124.2412
4849.78515178322  118.6377
4849.95882634276  145.9763
4850.1325009023  124.1633
4850.30617546184  98.52139
4850.47985002137  104.8142
4850.65352458091  131.1306
4850.82719914045  105.5025
4851.00087369999  143.5261
4851.17454825952  138.9923
4851.34822281906  122.4046
4851.5218973786  145.3486
4851.69557193814  116.5249
4851.86924649767  109.8665
4852.04292105721  134.5296
4852.21659561675  99.08963
4852.39027017628  120.6137
4852.56394473582  96.25957
4852.73761929536  141.5847
4852.9112938549  119.3042
4853.08496841444  122.6008
4853.25864297397  142.2336
4853.43231753351  138.788
4853.60599209305  108.2108
4853.77966665259  121.9324
4853.95334121212  171.5349
4854.12701577166  150.3387
4854.3006903312  128.0878
4854.47436489074  119.4858
4854.64803945027  119.584
4854.82171400981  130.3013
4854.99538856935  145.938
4855.16906312889  119.7787
4855.34273768842  124.9976
4855.51641224796  140.3003
4855.6900868075  122.341
4855.86376136703  111.4853
4856.03743592657  109.909
4856.21111048611  90.96436
4856.38478504565  119.4654
4856.55845960518  122.1828
4856.73213416472  123.523
4856.90580872426  143.1809
4857.0794832838  99.3499
4857.25315784333  102.952
4857.42683240287  122.256
4857.60050696241  128.0179
4857.77418152195  105.1441
4857.94785608148  102.3676
4858.12153064102  116.634
4858.29520520056  129.5247
4858.4688797601  120.0683
4858.64255431963  118.0057
4858.81622887917  128.0357
4858.98990343871  137.1981
4859.16357799825  132.6597
4859.33725255778  125.0827
4859.51092711732  109.9494
4859.68460167686  108.4938
4859.85827623639  118.5788
4860.03195079593  130.255
4860.20562535547  112.5765
4860.37929991501  125.6465
4860.55297447454  122.8374
4860.72664903408  119.9022
4860.90032359362  147.6157
4861.07399815316  121.4473
4861.2476727127  114.4904
4861.42134727223  137.1699
4861.59502183177  136.998
4861.76869639131  146.567
4861.94237095084  147.8667
4862.11604551038  159.0693
4862.28972006992  157.8414
4862.46339462946  164.0988
4862.63706918899  159.5916
4862.81074374853  120.6833
4862.98441830807  171.6315
4863.15809286761  170.9394
4863.33176742714  133.8558
4863.50544198668  136.4777
4863.67911654622  135.2169
4863.85279110575  141.4159
4864.02646566529  160.8797
4864.20014022483  148.5677
4864.37381478437  144.4978
4864.54748934391  137.5493
4864.72116390344  107.2865
4864.89483846298  103.7731
4865.06851302252  130.9438
4865.24218758205  155.2021
4865.41586214159  173.9429
4865.58953670113  155.2059
4865.76321126067  112.4506
4865.9368858202  124.155
4866.11056037974  151.3118
4866.28423493928  138.1568
4866.45790949882  128.9286
4866.63158405836  133.3963
4866.80525861789  108.8961
4866.97893317743  126.2258
4867.15260773697  154.2039
4867.3262822965  127.6983
4867.49995685604  117.6899
4867.67363141558  153.265
4867.84730597512  125.793
4868.02098053465  106.9121
4868.19465509419  84.92519
4868.36832965373  117.7404
4868.54200421327  166.5412
4868.7156787728  163.4883
4868.88935333234  130.1387
4869.06302789188  107.3655
4869.23670245141  128.0668
4869.41037701095  137.0386
4869.58405157049  130.1283
4869.75772613003  124.6501
4869.93140068957  121.7968
4870.1050752491  108.9963
4870.27874980864  114.9947
4870.45242436818  127.6964
4870.62609892772  113.7177
4870.79977348725  100.4224
4870.97344804679  150.8894
4871.14712260633  143.1262
4871.32079716586  90.04034
4871.4944717254  132.2402
4871.66814628494  134.1495
4871.84182084448  133.7395
4872.01549540402  145.9971
4872.18916996355  135.9728
4872.36284452309  84.55097
4872.53651908263  104.8051
4872.71019364216  113.4294
4872.8838682017  111.2082
4873.05754276124  128.6205
4873.23121732078  100.1583
4873.40489188031  85.30573
4873.57856643985  0.8681497
4873.75224099939  124.6948
4873.92591555893  125.8967
4874.09959011846  80.87096
4874.273264678  113.5972
4874.44693923754  120.5152
4874.62061379708  105.4243
4874.79428835661  129.6283
4874.96796291615  132.125
4875.14163747569  118.1419
4875.31531203522  81.3774
4875.48898659476  93.7058
4875.6626611543  117.4455
4875.83633571384  144.3225
4876.01001027337  135.9559
4876.18368483291  111.531
4876.35735939245  123.088
4876.53103395199  102.2296
4876.70470851152  101.343
4876.87838307106  129.0974
4877.0520576306  109.6391
4877.22573219014  104.9729
4877.39940674967  85.85334
4877.57308130921  113.4753
4877.74675586875  96.88136
4877.92043042829  118.04
4878.09410498782  124.5347
4878.26777954736  123.5303
4878.4414541069  141.861
4878.61512866644  108.3461
4878.78880322597  96.21452
4878.96247778551  95.86065
4879.13615234505  96.57054
4879.30982690459  74.21607
4879.48350146412  77.49625
4879.65717602366  95.00627
4879.8308505832  108.56
4880.00452514274  133.0349
4880.17819970227  -147.0779
4880.35187426181  2376.439
4880.52554882135  2207.852
4880.69922338089  -157.0028
4880.87289794042  130.3411
4881.04657249996  92.68286
4881.2202470595  79.2406
4881.39392161903  92.77372
4881.56759617857  116.8303
4881.74127073811  123.0093
4881.91494529765  88.35057
4882.08861985718  109.9098
4882.26229441672  126.8928
4882.43596897626  106.6101
4882.6096435358  89.42837
4882.78331809533  92.47245
4882.95699265487  133.6682
4883.13066721441  133.0859
4883.30434177395  103.1488
4883.47801633349  95.72887
4883.65169089302  85.50658
4883.82536545256  112.0083
4883.9990400121  131.3362
4884.17271457163  86.23607
4884.34638913117  92.87896
4884.52006369071  100.9722
4884.69373825025  139.8733
4884.86741280978  124.5476
4885.04108736932  88.35432
4885.21476192886  101.7934
4885.3884364884  112.7444
4885.56211104793  77.34362
4885.73578560747  104.7887
4885.90946016701  101.2913
4886.08313472655  76.41837
4886.25680928608  108.5533
4886.43048384562  89.94431
4886.60415840516  84.13689
4886.77783296469  119.6737
4886.95150752423  73.52602
4887.12518208377  90.62212
4887.29885664331  96.32937
4887.47253120284  67.10835
4887.64620576238  91.15092
4887.81988032192  84.00733
4887.99355488146  40.74669
4888.16722944099  73.8291
4888.34090400053  72.77574
4888.51457856007  52.46759
4888.68825311961  57.48365
4888.86192767914  87.34087
4889.03560223868  82.2069
4889.20927679822  81.95756
4889.38295135776  97.98569
4889.55662591729  134.7499
4889.73030047683  140.1223
4889.90397503637  -203.9218
4890.07764959591  -319.4743
4890.25132415544  2.532933
4890.42499871498  94.3851
4890.59867327452  93.13889
4890.77234783406  68.48308
4890.94602239359  73.55907
4891.11969695313  88.03046
4891.29337151267  82.15049
4891.46704607221  85.76136
4891.64072063174  108.7053
4891.81439519128  109.4333
4891.98806975082  77.02189
4892.16174431036  67.20628
4892.33541886989  69.13612
4892.50909342943  70.38268
4892.68276798897  106.9056
4892.8564425485  118.3745
4893.03011710804  103.3276
4893.20379166758  97.39565
4893.37746622712  69.34501
4893.55114078665  94.02692
4893.72481534619  88.33257
4893.89848990573  77.09454
4894.07216446527  79.83412
4894.2458390248  63.83693
4894.41951358434  75.70353
4894.59318814388  84.56056
4894.76686270342  82.95167
4894.94053726295  98.77715
4895.11421182249  89.95323
4895.28788638203  74.42284
4895.46156094157  83.22456
4895.6352355011  83.41814
4895.80891006064  86.75742
4895.98258462018  105.9058
4896.15625917972  119.2492
4896.32993373925  92.64891
4896.50360829879  61.13041
4896.67728285833  87.91013
4896.85095741787  82.25843
4897.0246319774  79.94247
4897.19830653694  82.10893
4897.37198109648  62.69708
4897.54565565601  98.05518
4897.71933021555  104.3258
4897.89300477509  95.02081
4898.06667933463  80.47005
4898.24035389416  93.54958
4898.4140284537  91.32124
4898.58770301324  86.68716
4898.76137757278  95.53981
4898.93505213231  110.281
4899.10872669185  87.16995
4899.28240125139  69.26001
4899.45607581093  89.50449
4899.62975037046  92.35112
4899.80342493  61.74284
4899.97709948954  77.867
4900.15077404908  68.61192
4900.32444860861  99.12053
4900.49812316815  118.9777
4900.67179772769  91.67967
4900.84547228723  71.37167
4901.01914684676  80.83793
4901.1928214063  41.45333
4901.36649596584  86.37967
4901.54017052537  75.98438
4901.71384508491  75.39496
4901.88751964445  51.65978
4902.06119420399  60.50398
4902.23486876353  171.4741
4902.40854332306  -676.2914
4902.5822178826  -1823.967
4902.75589244214  -438.2143
4902.92956700168  110.1285
4903.10324156121  52.42009
4903.27691612075  78.80904
4903.45059068029  63.68179
4903.62426523983  49.96448
4903.79793979936  57.78969
4903.9716143589  63.47236
4904.14528891844  60.79445
4904.31896347797  89.7634
4904.49263803751  112.6578
4904.66631259705  88.50615
4904.83998715659  59.04872
4905.01366171612  90.06962
4905.18733627566  106.6914
4905.3610108352  94.83736
4905.53468539474  63.88795
4905.70835995427  81.40402
4905.88203451381  85.77411
4906.05570907335  59.3715
4906.22938363289  99.39613
4906.40305819242  85.38975
4906.57673275196  59.70752
4906.7504073115  101.0599
4906.92408187104  71.53214
4907.09775643057  57.24639
4907.27143099011  89.31551
4907.44510554965  82.18351
4907.61878010919  48.16702
4907.79245466872  65.26921
4907.96612922826  88.47591
4908.1398037878  81.07258
4908.31347834733  65.97302
4908.48715290687  75.87474
4908.66082746641  92.25699
4908.83450202595  66.31029
4909.00817658548  58.20861
4909.18185114502  93.33635
4909.35552570456  62.30935
4909.5292002641  31.1986
4909.70287482363  23.37562
4909.87654938317  81.21413
4910.05022394271  76.98625
4910.22389850225  87.12328
4910.39757306178  99.77655
4910.57124762132  82.12047
4910.74492218086  42.22983
4910.9185967404  51.79522
4911.09227129993  40.12927
4911.26594585947  88.53079
4911.43962041901  92.24628
4911.61329497855  75.77639
4911.78696953808  90.66849
4911.96064409762  79.19054
4912.13431865716  33.6406
4912.3079932167  57.83158
4912.48166777623  72.01026
4912.65534233577  63.65969
4912.82901689531  58.90652
4913.00269145485  63.03677
4913.17636601438  85.41808
4913.35004057392  52.0376
4913.52371513346  62.90573
4913.69738969299  90.92284
4913.87106425253  69.36765
4914.04473881207  75.66917
4914.21841337161  66.88757
4914.39208793114  77.19784
4914.56576249068  57.19424
4914.73943705022  84.16875
4914.91311160976  62.41238
4915.08678616929  45.01807
4915.26046072883  65.03853
4915.43413528837  57.40718
4915.60780984791  48.56519
4915.78148440744  70.19465
4915.95515896698  24.5079
4916.12883352652  57.89531
4916.30250808606  44.46132
4916.47618264559  37.18824
4916.64985720513  76.95159
4916.82353176467  102.5695
4916.99720632421  101.4686
4917.17088088374  59.703
4917.34455544328  59.45005
4917.51823000282  69.19559
4917.69190456236  64.98017
4917.86557912189  67.79929
4918.03925368143  38.5501
4918.21292824097  58.41161
4918.38660280051  39.39937
4918.56027736004  32.46557
4918.73395191958  82.25031
4918.90762647912  46.42727
4919.08130103866  56.03742
4919.25497559819  69.55421
4919.42865015773  36.66079
4919.60232471727  41.35655
4919.7759992768  63.86158
4919.94967383634  64.98255
4920.12334839588  44.28259
4920.29702295542  34.39426
4920.47069751495  64.62503
4920.64437207449  91.12523
4920.81804663403  33.45139
4920.99172119357  47.31993
4921.1653957531  48.28249
4921.33907031264  70.39124
4921.51274487218  27.63994
4921.68641943172  56.99788
4921.86009399125  68.9173
4922.03376855079  43.47517
4922.20744311033  32.23755
4922.38111766987  47.57438
4922.5547922294  57.8313
4922.72846678894  33.33881
4922.90214134848  52.86549
4923.07581590802  55.20107
4923.24949046755  55.66051
4923.42316502709  58.36959
4923.59683958663  40.31871
4923.77051414617  29.40509
4923.9441887057  42.24025
4924.11786326524  51.55671
4924.29153782478  46.74868
4924.46521238432  43.90424
4924.63888694385  24.34259
4924.81256150339  36.74705
4924.98623606293  24.23269
4925.15991062246  4.519414
4925.333585182  39.30118
4925.50725974154  52.21711
4925.68093430108  40.52988
4925.85460886061  69.11205
4926.02828342015  81.52264
4926.20195797969  37.98391
4926.37563253923  20.49272
4926.54930709876  36.40027
4926.7229816583  36.8197
4926.89665621784  11.95761
4927.07033077738  45.67748
4927.24400533691  80.6612
4927.41767989645  47.86328
4927.59135445599  26.31582
4927.76502901553  39.6181
4927.93870357506  62.58078
4928.1123781346  27.94278
4928.28605269414  50.42396
4928.45972725368  26.09772
4928.63340181321  9.581115
4928.80707637275  55.57256
4928.98075093229  69.65996
4929.15442549183  56.50154
4929.32810005136  40.79566
4929.5017746109  40.84586
4929.67544917044  44.00116
4929.84912372997  44.18986
4930.02279828951  62.51764
4930.19647284905  58.07488
4930.37014740859  24.88114
4930.54382196812  14.28722
4930.71749652766  6.949242
4930.8911710872  31.43171
4931.06484564674  31.93426
4931.23852020627  45.80261
4931.41219476581  11.35804
4931.58586932535  45.74125
4931.75954388489  39.24718
4931.93321844442  17.9414
4932.10689300396  35.01498
4932.2805675635  54.2274
4932.45424212304  57.60797
4932.62791668257  43.45044
4932.80159124211  32.21881
4932.97526580165  -9.161283
4933.14894036119  12.71025
4933.32261492072  43.65354
4933.49628948026  29.80545
4933.6699640398  29.10668
4933.84363859934  23.49106
4934.01731315887  51.68423
4934.19098771841  24.32338
4934.36466227795  46.92171
4934.53833683749  28.28581
4934.71201139702  51.81606
4934.88568595656  14.50867
4935.0593605161  42.19305
4935.23303507564  25.29233
4935.40670963517  32.91618
4935.58038419471  32.5567
4935.75405875425  1.007303
4935.92773331379  8.441194
4936.10140787332  40.91743
4936.27508243286  50.29395
4936.4487569924  55.79526
4936.62243155193  31.78284
4936.79610611147  56.96892
4936.96978067101  32.25629
4937.14345523055  17.03977
4937.31712979008  5.042807
4937.49080434962  20.03504
4937.66447890916  12.05333
4937.8381534687  23.05157
4938.01182802823  9.699139
4938.18550258777  38.89146
4938.35917714731  53.17041
4938.53285170685  33.81029
4938.70652626638  -2.586728
4938.88020082592  28.72782
4939.05387538546  24.68288
4939.227549945  9.032944
4939.40122450453  -10.05802
4939.57489906407  -5.127209
4939.74857362361  32.05414
4939.92224818315  10.50154
4940.09592274268  16.00908
4940.26959730222  25.20195
4940.44327186176  15.9905
4940.6169464213  12.06995
4940.79062098083  -0.5789022
4940.96429554037  12.53925
4941.13797009991  19.81477
4941.31164465944  43.12615
4941.48531921898  31.43697
4941.65899377852  18.89274
4941.83266833806  20.00113
4942.00634289759  15.3269
4942.18001745713  16.5552
4942.35369201667  6.400188
4942.52736657621  7.446223
4942.70104113574  -10.11389
4942.87471569528  16.73745
4943.04839025482  14.8691
4943.22206481436  27.30194
4943.39573937389  28.64959
4943.56941393343  21.08207
4943.74308849297  26.44422
4943.91676305251  7.842173
4944.09043761204  19.49664
4944.26411217158  24.19611
4944.43778673112  28.80791
4944.61146129066  23.35536
4944.78513585019  12.69765
4944.95881040973  -7.55461
4945.13248496927  15.93994
4945.30615952881  43.37782
4945.47983408834  18.96686
4945.65350864788  -8.905064
