4768.302964826  28.58628
4768.4764397298  40.97004
4768.64991463359  43.60308
4768.82338953739  5.419112
4768.99686444118  8.028343
4769.17033934498  7.638799
4769.34381424878  22.0796
4769.51728915257  20.34449
4769.69076405637  2.846089
4769.86423896016  25.5836
4770.03771386396  26.56859
4770.21118876776  10.19315
4770.38466367155  32.53252
4770.55813857535  12.44044
4770.73161347914  25.2022
4770.90508838294  2.468951
4771.07856328674  -10.95861
4771.25203819053  10.96415
4771.42551309433  10.11528
4771.59898799813  -4.504068
4771.77246290192  5.75699
4771.94593780572  23.26489
4772.11941270951  16.42239
4772.29288761331  15.4592
4772.46636251711  29.75767
4772.6398374209  9.372878
4772.8133123247  -2.206691
4772.98678722849  -2.185143
4773.16026213229  -0.6419452
4773.33373703609  12.60026
4773.50721193988  29.71229
4773.68068684368  54.47661
4773.85416174747  14.38575
4774.02763665127  0.5662116
4774.20111155507  10.08719
4774.37458645886  21.85285
4774.54806136266  30.10157
4774.72153626645  6.620311
4774.89501117025  22.90734
4775.06848607405  40.89148
4775.24196097784  18.08153
4775.41543588164  -9.273563
4775.58891078543  -1.180702
4775.76238568923  5.713992
4775.93586059303  31.37907
4776.10933549682  35.59798
4776.28281040062  23.51198
4776.45628530441  30.15659
4776.62976020821  18.56633
4776.80323511201  15.03553
4776.9767100158  23.64476
4777.1501849196  14.8415
4777.32365982339  34.35396
4777.49713472719  27.42571
4777.67060963099  4.729149
4777.84408453478  11.89527
4778.01755943858  26.73667
4778.19103434238  43.50211
4778.36450924617  28.09562
4778.53798414997  21.17741
4778.71145905376  30.08359
4778.88493395756  29.09848
4779.05840886136  34.68669
4779.23188376515  27.6762
4779.40535866895  7.996173
4779.57883357274  4.317344
4779.75230847654  9.929317
4779.92578338034  39.66943
4780.09925828413  45.13375
4780.27273318793  30.88968
4780.44620809172  36.96278
4780.61968299552  13.25889
4780.79315789932  3.523473
4780.96663280311  41.22614
4781.14010770691  53.92993
4781.3135826107  30.03991
4781.4870575145  33.62834
4781.6605324183  39.25351
4781.83400732209  27.7496
4782.00748222589  32.50509
4782.18095712968  32.06501
4782.35443203348  14.87005
4782.52790693728  4.76784
4782.70138184107  9.480094
4782.87485674487  22.85517
4783.04833164866  39.62857
4783.22180655246  44.17662
4783.39528145626  21.38853
4783.56875636005  28.70271
4783.74223126385  7.978278
4783.91570616765  9.27243
4784.08918107144  17.68536
4784.26265597524  14.82402
4784.43613087903  15.75303
4784.60960578283  28.47754
4784.78308068663  49.93151
4784.95655559042  30.46537
4785.13003049422  31.80914
4785.30350539801  18.36794
4785.47698030181  37.73239
4785.65045520561  34.81984
4785.8239301094  18.35869
4785.9974050132  53.57644
4786.17087991699  45.14503
4786.34435482079  41.96451
4786.51782972459  18.44242
4786.69130462838  19.81568
4786.86477953218  46.08601
4787.03825443597  35.16776
4787.21172933977  22.15757
4787.38520424357  28.14257
4787.55867914736  23.69628
4787.73215405116  6.324563
4787.90562895495  30.55675
4788.07910385875  39.53552
4788.25257876255  28.28906
4788.42605366634  23.06681
4788.59952857014  1.560469
4788.77300347394  32.30814
4788.94647837773  32.58812
4789.11995328153  31.63847
4789.29342818532  42.04211
4789.46690308912  43.1985
4789.64037799292  50.94273
4789.81385289671  60.29575
4789.98732780051  39.88472
4790.1608027043  22.4216
4790.3342776081  34.94957
4790.5077525119  18.32869
4790.68122741569  58.67699
4790.85470231949  39.90648
4791.02817722328  29.40735
4791.20165212708  25.51339
4791.37512703088  34.34613
4791.54860193467  25.45748
4791.72207683847  38.89089
4791.89555174226  36.22849
4792.06902664606  27.42162
4792.24250154986  44.9941
4792.41597645365  38.68017
4792.58945135745  15.96918
4792.76292626125  28.16982
4792.93640116504  47.20609
4793.10987606884  35.99021
4793.28335097263  16.05532
4793.45682587643  43.43542
4793.63030078022  38.67438
4793.80377568402  28.67588
4793.97725058782  15.54859
4794.15072549161  17.34643
4794.32420039541  58.20384
4794.4976752992  32.04044
4794.671150203  40.87653
4794.8446251068  43.84115
4795.01810001059  10.44741
4795.19157491439  18.36059
4795.36504981819  39.82948
4795.53852472198  48.12666
4795.71199962578  56.40618
4795.88547452957  34.31611
4796.05894943337  21.45423
4796.23242433717  41.18433
4796.40589924096  42.74638
4796.57937414476  47.05269
4796.75284904855  42.56454
4796.92632395235  51.42619
4797.09979885615  56.3458
4797.27327375994  39.81741
4797.44674866374  40.71595
4797.62022356753  55.11369
4797.79369847133  50.51817
4797.96717337513  61.67467
4798.14064827892  46.76142
4798.31412318272  26.68449
4798.48759808651  25.38406
4798.66107299031  10.90573
4798.83454789411  31.23357
4799.0080227979  60.76654
4799.1814977017  63.23962
4799.35497260549  41.71731
4799.52844750929  22.19428
4799.70192241309  16.18505
4799.87539731688  33.48567
4800.04887222068  39.17901
4800.22234712448  35.36894
4800.39582202827  57.72041
4800.56929693207  66.3904
4800.74277183586  40.48508
4800.91624673966  32.36891
4801.08972164346  47.43922
4801.26319654725  40.39227
4801.43667145105  32.36805
4801.61014635484  32.64657
4801.78362125864  35.73985
4801.95709616244  42.65181
4802.13057106623  24.82727
4802.30404597003  45.30961
4802.47752087382  63.86342
4802.65099577762  14.42449
4802.82447068142  40.81275
4802.99794558521  35.6064
4803.17142048901  32.52514
4803.3448953928  46.28673
4803.5183702966  41.81273
4803.6918452004  38.60604
4803.86532010419  63.77515
4804.03879500799  63.58367
4804.21226991179  56.34393
4804.38574481558  30.48661
4804.55921971938  4.987007
4804.73269462317  20.6441
4804.90616952697  39.45481
4805.07964443076  36.62533
4805.25311933456  54.72197
4805.42659423836  81.78548
4805.60006914215  61.32068
4805.77354404595  55.51407
4805.94701894974  51.77002
4806.12049385354  41.92489
4806.29396875734  37.72262
4806.46744366113  38.08455
4806.64091856493  38.06406
4806.81439346873  49.13033
4806.98786837252  26.67981
4807.16134327632  45.90213
4807.33481818011  45.58634
4807.50829308391  34.09394
4807.68176798771  31.4481
4807.8552428915  36.44017
4808.0287177953  37.74784
4808.20219269909  47.92748
4808.37566760289  58.19676
4808.54914250669  39.08178
4808.72261741048  27.84289
4808.89609231428  28.09852
4809.06956721807  24.22164
4809.24304212187  36.94215
4809.41651702567  35.60682
4809.58999192946  41.05223
4809.76346683326  53.56915
4809.93694173705  49.72578
4810.11041664085  45.62029
4810.28389154465  49.31486
4810.45736644844  62.10303
4810.63084135224  32.04216
4810.80431625603  47.90004
4810.97779115983  77.38525
4811.15126606363  74.56359
4811.32474096742  44.92716
4811.49821587122  37.11272
4811.67169077502  55.1087
4811.84516567881  50.5069
4812.01864058261  43.11318
4812.1921154864  61.09545
4812.3655903902  64.41654
4812.539065294  47.94006
4812.71254019779  53.8738
4812.88601510159  66.54444
4813.05949000538  51.43706
4813.23296490918  61.95964
4813.40643981298  85.51014
4813.57991471677  47.76286
4813.75338962057  34.69275
4813.92686452436  42.15123
4814.10033942816  36.67399
4814.27381433196  58.02384
4814.44728923575  38.90621
4814.62076413955  42.90215
4814.79423904334  68.04111
4814.96771394714  49.2283
4815.14118885094  27.77856
4815.31466375473  20.25901
4815.48813865853  35.31312
4815.66161356232  74.16639
4815.83508846612  60.52823
4816.00856336992  59.7815
4816.18203827371  96.54045
4816.35551317751  73.10491
4816.5289880813  44.29851
4816.7024629851  39.84271
4816.8759378889  58.2961
4817.04941279269  65.00582
4817.22288769649  43.92702
4817.39636260029  71.14174
4817.56983750408  45.69356
4817.74331240788  60.24554
4817.91678731167  63.59276
4818.09026221547  52.37565
4818.26373711926  59.20389
4818.43721202306  31.76431
4818.61068692686  20.53974
4818.78416183065  45.23388
4818.95763673445  72.29438
4819.13111163825  51.11461
4819.30458654204  56.91743
4819.47806144584  73.1983
4819.65153634963  61.56435
4819.82501125343  43.66906
4819.99848615723  54.50977
4820.17196106102  70.65613
4820.34543596482  83.60108
4820.51891086861  73.07784
4820.69238577241  28.27048
4820.86586067621  49.93389
4821.03933558  98.31466
4821.2128104838  80.60183
4821.38628538759  73.48453
4821.55976029139  64.34266
4821.73323519519  47.8517
4821.90671009898  47.24669
4822.08018500278  54.16661
4822.25365990657  61.63971
4822.42713481037  45.57207
4822.60060971417  37.58696
4822.77408461796  57.00865
4822.94755952176  79.30257
4823.12103442556  58.96428
4823.29450932935  60.76434
4823.46798423315  59.30075
4823.64145913694  54.83001
4823.81493404074  59.90603
4823.98840894454  65.38564
4824.16188384833  73.22155
4824.33535875213  88.5832
4824.50883365592  59.92979
4824.68230855972  78.51247
4824.85578346352  85.42554
4825.02925836731  44.31982
4825.20273327111  70.0695
4825.3762081749  86.0731
4825.5496830787  59.4405
4825.7231579825  60.26766
4825.89663288629  71.14066
4826.07010779009  92.96534
4826.24358269388  72.06435
4826.41705759768  28.35275
4826.59053250148  52.13402
4826.76400740527  56.06211
4826.93748230907  78.5032
4827.11095721286  76.31664
4827.28443211666  73.62017
4827.45790702046  64.61035
4827.63138192425  45.40847
4827.80485682805  72.10001
4827.97833173184  79.02453
4828.15180663564  78.63676
4828.32528153944  80.41973
4828.49875644323  44.38339
4828.67223134703  36.74751
4828.84570625082  56.28971
4829.01918115462  80.91385
4829.19265605842  52.82853
4829.36613096221  79.01214
4829.53960586601  78.10198
4829.71308076981  67.95383
4829.8865556736  50.3515
4830.0600305774  42.91647
4830.23350548119  67.47932
4830.40698038499  69.53439
4830.58045528879  72.8698
4830.75393019258  79.39371
4830.92740509638  83.88847
4831.10088000017  82.20866
4831.27435490397  62.86619
4831.44782980777  51.86301
4831.62130471156  51.24665
4831.79477961536  66.58573
4831.96825451915  66.60079
4832.14172942295  70.74377
4832.31520432675  65.20638
4832.48867923054  69.03307
4832.66215413434  57.23488
4832.83562903813  53.34522
4833.00910394193  37.74029
4833.18257884573  50.48933
4833.35605374952  80.50072
4833.52952865332  75.89688
4833.70300355711  93.42513
4833.87647846091  78.70738
4834.04995336471  67.69849
4834.2234282685  55.58139
4834.3969031723  66.6773
4834.5703780761  63.89264
4834.74385297989  87.37349
4834.91732788369  86.00185
4835.09080278748  85.55278
4835.26427769128  83.42078
4835.43775259507  75.73859
4835.61122749887  65.88268
4835.78470240267  74.51928
4835.95817730646  78.20153
4836.13165221026  80.85043
4836.30512711406  37.30012
4836.47860201785  36.5882
4836.65207692165  77.99176
4836.82555182544  77.55145
4836.99902672924  66.64514
4837.17250163304  74.39283
4837.34597653683  72.79717
4837.51945144063  54.27194
4837.69292634442  72.66662
4837.86640124822  87.16261
4838.03987615202  97.5747
4838.21335105581  99.68885
4838.38682595961  61.74651
4838.5603008634  56.71773
4838.7337757672  54.6308
4838.907250671  76.57475
4839.08072557479  79.07281
4839.25420047859  81.99232
4839.42767538238  83.04669
4839.60115028618  41.46566
4839.77462518998  84.52428
4839.94810009377  74.69153
4840.12157499757  63.97579
4840.29504990137  50.93147
4840.46852480516  48.79089
4840.64199970896  61.47198
4840.81547461275  36.96
4840.98894951655  64.95932
4841.16242442034  72.08895
4841.33589932414  52.74724
4841.50937422794  86.763
4841.68284913173  59.13771
4841.85632403553  76.63762
4842.02979893933  66.70324
4842.20327384312  107.6688
4842.37674874692  97.33372
4842.55022365071  99.46235
4842.72369855451  91.86656
4842.89717345831  77.87891
4843.0706483621  75.65403
4843.2441232659  35.23693
4843.41759816969  80.16134
4843.59107307349  94.68684
4843.76454797729  64.52969
4843.93802288108  59.1414
4844.11149778488  75.78166
4844.28497268867  79.64043
4844.45844759247  68.60235
4844.63192249627  81.55575
4844.80539740006  69.80904
4844.97887230386  61.45446
4845.15234720765  64.30711
4845.32582211145  48.84866
4845.49929701525  51.76304
4845.67277191904  78.06601
4845.84624682284  93.87885
4846.01972172664  112.5455
4846.19319663043  98.26093
4846.36667153423  85.36173
4846.54014643802  90.7519
4846.71362134182  103.4773
4846.88709624561  91.23394
4847.06057114941  91.41885
4847.23404605321  85.19972
4847.407520957  82.59156
4847.5809958608  103.5716
4847.7544707646  100.2662
4847.92794566839  88.35901
4848.10142057219  84.27387
4848.27489547598  91.41302
4848.44837037978  99.98
4848.62184528358  110.9676
4848.79532018737  93.22879
4848.96879509117  71.70156
4849.14226999496  96.41151
4849.31574489876  113.936
4849.48921980256  98.0296
4849.66269470635  117.4293
4849.83616961015  84.24522
4850.00964451394  90.1874
4850.18311941774  114.7222
4850.35659432154  103.8634
4850.53006922533  93.65047
4850.70354412913  110.3201
4850.87701903292  72.7793
4851.05049393672  64.60628
4851.22396884052  123.8574
4851.39744374431  105.8308
4851.57091864811  99.09239
4851.74439355191  96.37982
4851.9178684557  66.17297
4852.0913433595  69.99204
4852.26481826329  72.48324
4852.43829316709  100.8607
4852.61176807088  102.4589
4852.78524297468  76.31847
4852.95871787848  76.16974
4853.13219278227  101.7594
4853.30566768607  102.4655
4853.47914258987  118.0934
4853.65261749366  139.8793
4853.82609239746  119.4215
4853.99956730125  65.68901
4854.17304220505  101.959
4854.34651710885  142.8096
4854.51999201264  95.94886
4854.69346691644  74.28432
4854.86694182023  105.1079
4855.04041672403  98.23267
4855.21389162783  107.1961
4855.38736653162  83.6382
4855.56084143542  106.1666
4855.73431633921  101.685
4855.90779124301  109.3352
4856.08126614681  88.6133
4856.2547410506  82.07935
4856.4282159544  69.98318
4856.60169085819  54.87512
4856.77516576199  65.79219
4856.94864066579  102.3467
4857.12211556958  110.7534
4857.29559047338  116.376
4857.46906537718  71.87737
4857.64254028097  92.79644
4857.81601518477  99.67225
4857.98949008856  79.00343
4858.16296499236  124.1825
4858.33643989615  92.65101
4858.50991479995  64.1242
4858.68338970375  78.35889
4858.85686460754  87.24966
4859.03033951134  110.8515
4859.20381441514  115.3997
4859.37728931893  145.6127
4859.55076422273  97.68092
4859.72423912652  88.34014
4859.89771403032  84.26253
4860.07118893412  99.59461
4860.24466383791  98.49943
4860.41813874171  81.8989
4860.5916136455  104.1767
4860.7650885493  112.9504
4860.9385634531  78.45017
4861.11203835689  94.9938
4861.28551326069  116.1351
4861.45898816448  102.938
4861.63246306828  81.16409
4861.80593797208  101.8244
4861.97941287587  95.13496
4862.15288777967  130.1531
4862.32636268346  116.9532
4862.49983758726  120.5695
4862.67331249106  125.1695
4862.84678739485  108.2175
4863.02026229865  127.1516
4863.19373720244  98.80434
4863.36721210624  92.82643
4863.54068701004  97.37987
4863.71416191383  134.5179
4863.88763681763  107.7874
4864.06111172142  79.51598
4864.23458662522  96.73367
4864.40806152902  94.08086
4864.58153643281  104.6956
4864.75501133661  103.4612
4864.92848624041  88.54338
4865.1019611442  79.57796
4865.275436048  88.32379
4865.44891095179  107.5748
4865.62238585559  94.83784
4865.79586075939  93.43291
4865.96933566318  91.09507
4866.14281056698  90.76481
4866.31628547077  95.03196
4866.48976037457  128.7114
4866.66323527837  114.4989
4866.83671018216  114.8917
4867.01018508596  114.6183
4867.18365998975  121.2349
4867.35713489355  124.5537
4867.53060979735  123.52
4867.70408470114  108.1172
4867.87755960494  110.7901
4868.05103450873  100.0296
4868.22450941253  93.1973
4868.39798431633  98.39455
4868.57145922012  99.41734
4868.74493412392  62.42714
4868.91840902772  109.0113
4869.09188393151  96.53425
4869.26535883531  72.75526
4869.4388337391  85.06066
4869.6123086429  105.2952
4869.78578354669  86.69998
4869.95925845049  96.97149
4870.13273335429  89.20548
4870.30620825808  87.66921
4870.47968316188  72.06455
4870.65315806568  78.9918
4870.82663296947  79.35773
4871.00010787327  66.24966
4871.17358277706  45.09731
4871.34705768086  102.7438
4871.52053258466  108.5445
4871.69400748845  78.78838
4871.86748239225  91.7639
4872.04095729604  94.77985
4872.21443219984  66.47852
4872.38790710364  56.0745
4872.56138200743  104.4423
4872.73485691123  112.3792
4872.90833181502  90.43828
4873.08180671882  99.58112
4873.25528162262  106.7796
4873.42875652641  109.6292
4873.60223143021  63.86751
4873.775706334  26.95468
4873.9491812378  67.75197
4874.1226561416  92.21128
4874.29613104539  77.3766
4874.46960594919  107.4019
4874.64308085299  106.7203
4874.81655575678  83.74346
4874.99003066058  92.98087
4875.16350556437  90.05314
4875.33698046817  85.80283
4875.51045537196  82.14219
4875.68393027576  73.66601
4875.85740517956  77.7571
4876.03088008335  99.28246
4876.20435498715  77.52396
4876.37782989095  60.09447
4876.55130479474  82.58499
4876.72477969854  80.91078
4876.89825460233  84.1084
4877.07172950613  90.37309
4877.24520440993  93.32051
4877.41867931372  89.01199
4877.59215421752  129.8594
4877.76562912131  126.9338
4877.93910402511  60.58419
4878.11257892891  54.51181
4878.2860538327  73.64856
4878.4595287365  72.27818
4878.63300364029  78.50114
4878.80647854409  82.66555
4878.97995344789  90.12906
4879.15342835168  84.53838
4879.32690325548  63.72176
4879.50037815927  61.96969
4879.67385306307  89.09953
4879.84732796687  78.92023
4880.02080287066  88.02173
4880.19427777446  90.70914
4880.36775267826  44.2465
4880.54122758205  83.26151
4880.71470248585  103.6161
4880.88817738964  109.8952
4881.06165229344  74.42976
4881.23512719723  86.61359
4881.40860210103  104.3086
4881.58207700483  73.86975
4881.75555190862  54.22988
4881.92902681242  85.06509
4882.10250171622  69.16696
4882.27597662001  57.56012
4882.44945152381  76.34766
4882.6229264276  55.9184
4882.7964013314  62.44123
4882.9698762352  84.57621
4883.14335113899  85.33392
4883.31682604279  83.63251
4883.49030094658  86.51203
4883.66377585038  61.91542
4883.83725075418  50.34098
4884.01072565797  56.96729
4884.18420056177  40.05893
4884.35767546556  70.91089
4884.53115036936  86.38206
4884.70462527316  75.06668
4884.87810017695  90.44802
4885.05157508075  95.14856
4885.22504998454  77.55321
4885.39852488834  61.58591
4885.57199979214  68.78366
4885.74547469593  48.18515
4885.91894959973  66.54883
4886.09242450353  95.40094
4886.26589940732  62.62
4886.43937431112  67.57196
4886.61284921491  73.92019
4886.78632411871  73.00238
4886.9597990225  78.17252
4887.1332739263  78.58786
4887.3067488301  55.84599
4887.48022373389  69.17345
4887.65369863769  79.60489
4887.82717354149  83.50568
4888.00064844528  62.36462
4888.17412334908  67.44781
4888.34759825287  61.96646
4888.52107315667  47.74304
4888.69454806047  35.70048
4888.86802296426  71.37353
4889.04149786806  72.25274
4889.21497277185  87.77451
4889.38844767565  63.05942
4889.56192257945  74.0918
4889.73539748324  49.62396
4889.90887238704  67.24598
4890.08234729083  51.8394
4890.25582219463  73.88426
4890.42929709843  59.18762
4890.60277200222  59.13455
4890.77624690602  62.54913
4890.94972180981  76.52859
4891.12319671361  77.60674
4891.29667161741  62.33241
4891.4701465212  63.63808
4891.643621425  70.21239
4891.8170963288  62.37011
4891.99057123259  67.64256
4892.16404613639  70.58487
4892.33752104018  43.86798
4892.51099594398  52.59375
4892.68447084777  64.28702
4892.85794575157  74.00487
4893.03142065537  74.02468
4893.20489555916  52.3473
4893.37837046296  42.42283
4893.55184536676  55.87915
4893.72532027055  81.098
4893.89879517435  60.4402
4894.07227007814  69.86731
4894.24574498194  41.84004
4894.41921988574  51.26009
4894.59269478953  49.9942
4894.76616969333  62.09829
4894.93964459712  73.79285
4895.11311950092  90.29906
4895.28659440472  45.26685
4895.46006930851  82.58434
4895.63354421231  115.9689
4895.8070191161  81.48095
4895.9804940199  63.34275
4896.1539689237  69.74689
4896.32744382749  62.71309
4896.50091873129  48.50279
4896.67439363508  65.36761
4896.84786853888  51.40653
4897.02134344268  89.88844
4897.19481834647  46.09125
4897.36829325027  13.79565
4897.54176815407  45.1599
4897.71524305786  43.93044
4897.88871796166  58.74653
4898.06219286545  66.03814
4898.23566776925  54.50451
4898.40914267304  62.86493
4898.58261757684  62.77903
4898.75609248064  26.94037
4898.92956738443  57.87275
4899.10304228823  57.8486
4899.27651719203  39.56349
4899.44999209582  55.93835
4899.62346699962  62.38963
4899.79694190341  52.23582
4899.97041680721  63.82711
4900.14389171101  54.49169
4900.3173666148  76.35632
4900.4908415186  86.27496
4900.66431642239  61.75502
4900.83779132619  65.55897
4901.01126622999  72.76215
4901.18474113378  66.47308
4901.35821603758  39.6003
4901.53169094137  62.35713
4901.70516584517  65.14068
4901.87864074897  54.78872
4902.05211565276  35.37481
4902.22559055656  38.58988
4902.39906546035  70.18993
4902.57254036415  66.00208
4902.74601526795  42.9392
4902.91949017174  24.9349
4903.09296507554  30.29256
4903.26643997934  59.73935
4903.43991488313  40.64713
4903.61338978693  44.08937
4903.78686469072  21.50384
4903.96033959452  57.44571
4904.13381449831  48.85839
4904.30728940211  56.87471
4904.48076430591  40.72042
4904.6542392097  35.86483
4904.8277141135  66.76595
4905.0011890173  75.36812
4905.17466392109  52.74574
4905.34813882489  55.64647
4905.52161372868  68.28583
4905.69508863248  51.06027
4905.86856353628  63.10927
4906.04203844007  61.12665
4906.21551334387  41.62381
4906.38898824766  58.4077
4906.56246315146  63.46795
4906.73593805526  55.7869
4906.90941295905  49.41585
4907.08288786285  37.40255
4907.25636276664  58.33393
4907.42983767044  70.38275
4907.60331257424  51.74111
4907.77678747803  58.2334
4907.95026238183  81.00449
4908.12373728562  66.31924
4908.29721218942  67.27312
4908.47068709322  66.06708
4908.64416199701  27.85874
4908.81763690081  65.53396
4908.9911118046  56.61449
4909.1645867084  73.53456
4909.3380616122  77.10568
4909.51153651599  57.19391
4909.68501141979  46.19318
4909.85848632358  48.76546
4910.03196122738  28.65666
4910.20543613118  47.59871
4910.37891103497  57.33228
4910.55238593877  35.71425
4910.72586084257  43.48456
4910.89933574636  60.27481
4911.07281065016  66.66359
4911.24628555395  49.56947
4911.41976045775  67.15751
4911.59323536155  86.59422
4911.76671026534  51.14347
4911.94018516914  27.57245
4912.11366007293  37.02689
4912.28713497673  52.52065
4912.46060988053  54.45939
4912.63408478432  76.14134
4912.80755968812  92.21624
4912.98103459191  62.86084
4913.15450949571  20.92825
4913.32798439951  33.03664
4913.5014593033  72.2493
4913.6749342071  69.49412
4913.84840911089  41.95691
4914.02188401469  41.97254
4914.19535891849  37.50376
4914.36883382228  49.6014
4914.54230872608  74.03275
4914.71578362987  63.11019
4914.88925853367  62.63717
4915.06273343747  39.40459
4915.23620834126  41.12057
4915.40968324506  43.50893
4915.58315814885  56.50161
4915.75663305265  89.22031
4915.93010795645  60.97278
4916.10358286024  47.25933
4916.27705776404  51.08107
4916.45053266784  61.12383
4916.62400757163  29.35581
4916.79748247543  47.25738
4916.97095737922  66.169
4917.14443228302  45.82479
4917.31790718682  45.65495
4917.49138209061  46.54733
4917.66485699441  49.90496
4917.8383318982  42.80602
4918.011806802  62.48845
4918.1852817058  21.10322
4918.35875660959  50.08987
4918.53223151339  60.72613
4918.70570641718  28.80958
4918.87918132098  -2.495085
4919.05265622478  28.2806
4919.22613112857  56.42003
4919.39960603237  39.8593
4919.57308093616  43.65622
4919.74655583996  29.01572
4919.92003074376  45.26941
4920.09350564755  36.00141
4920.26698055135  24.50596
4920.44045545515  17.09107
4920.61393035894  42.43264
4920.78740526274  27.65411
4920.96088016653  0.04312143
4921.13435507033  14.04042
4921.30782997412  28.86528
4921.48130487792  11.13411
4921.65477978172  47.44889
4921.82825468551  43.26065
4922.00172958931  11.98799
4922.17520449311  41.46486
4922.3486793969  30.57047
4922.5221543007  30.54235
4922.69562920449  40.4474
4922.86910410829  49.77605
4923.04257901209  32.41969
4923.21605391588  15.78065
4923.38952881968  60.19551
4923.56300372347  54.01871
4923.73647862727  50.75634
4923.90995353107  25.7573
4924.08342843486  29.2076
4924.25690333866  28.87004
4924.43037824245  41.87497
4924.60385314625  26.70459
4924.77732805005  28.8718
4924.95080295384  64.3475
4925.12427785764  51.20202
4925.29775276143  28.43645
4925.47122766523  39.69891
4925.64470256903  36.28807
4925.81817747282  32.67392
4925.99165237662  20.32039
4926.16512728041  25.87617
4926.33860218421  48.97495
4926.51207708801  54.13177
4926.6855519918  27.16554
4926.8590268956  40.16589
4927.03250179939  52.16675
4927.20597670319  34.51451
4927.37945160699  13.79926
4927.55292651078  15.15471
4927.72640141458  41.13331
4927.89987631838  49.25741
4928.07335122217  47.02117
4928.24682612597  47.4049
4928.42030102976  34.85179
4928.59377593356  26.29522
4928.76725083735  35.62004
4928.94072574115  43.45648
4929.11420064495  57.82687
4929.28767554874  68.34364
4929.46115045254  45.83084
4929.63462535634  7.558487
4929.80810026013  18.46248
4929.98157516393  30.53048
4930.15505006772  24.68227
4930.32852497152  19.27234
4930.50199987532  4.622945
4930.67547477911  23.04679
4930.84894968291  44.09632
4931.0224245867  56.15807
4931.1958994905  -0.7020634
4931.3693743943  12.7316
4931.54284929809  10.54898
4931.71632420189  18.43845
4931.88979910568  18.19167
4932.06327400948  38.55415
4932.23674891328  5.63496
4932.41022381707  48.5391
4932.58369872087  57.12696
4932.75717362466  20.46793
4932.93064852846  29.19586
4933.10412343226  34.00378
4933.27759833605  60.83257
4933.45107323985  47.65488
4933.62454814365  45.569
4933.79802304744  30.1682
4933.97149795124  44.60929
4934.14497285503  27.86576
4934.31844775883  -0.9686521
4934.49192266262  3.530827
4934.66539756642  39.61013
4934.83887247022  32.03165
4935.01234737401  30.56339
4935.18582227781  30.77989
4935.35929718161  35.54121
4935.5327720854  36.06269
4935.7062469892  19.31036
4935.87972189299  6.298802
4936.05319679679  0.07400662
4936.22667170059  14.10134
4936.40014660438  24.63111
4936.57362150818  18.6429
4936.74709641197  26.71727
4936.92057131577  23.89376
4937.09404621957  24.06365
4937.26752112336  13.95268
4937.44099602716  -1.899626
4937.61447093095  22.75377
4937.78794583475  10.34894
4937.96142073855  14.56526
4938.13489564234  26.20294
4938.30837054614  27.38955
4938.48184544993  21.09865
4938.65532035373  3.756162
4938.82879525753  -1.775976
4939.00227016132  18.28154
4939.17574506512  42.5167
4939.34921996892  26.83391
4939.52269487271  25.59134
4939.69616977651  25.11679
4939.8696446803  5.439939
4940.0431195841  13.12535
4940.2165944879  15.55039
4940.39006939169  9.829621
4940.56354429549  4.984326
4940.73701919928  19.3026
4940.91049410308  13.85635
4941.08396900688  3.576378
4941.25744391067  20.52386
4941.43091881447  31.32459
4941.60439371826  -4.431743
4941.77786862206  -10.97989
4941.95134352586  14.86193
4942.12481842965  3.566408
4942.29829333345  3.226345
4942.47176823724  15.35767
4942.64524314104  22.189
4942.81871804484  22.791
4942.99219294863  9.558348
4943.16566785243  -7.33146
4943.33914275622  -0.6982009
4943.51261766002  -5.18391
4943.68609256382  19.45525
4943.85956746761  0.06073462
4944.03304237141  31.87243
4944.2065172752  7.364278
4944.379992179  18.66329
4944.5534670828  11.96593
4944.72694198659  -1.122118
4944.90041689039  4.882427
4945.07389179418  26.25824
4945.24736669798  11.67385
4945.42084160178  37.31681
4945.59431650557  13.3912
4945.76779140937  29.04632
