4768.2828944355  21.75413
4768.4563854267  24.6555
4768.62987641791  13.85547
4768.80336740911  8.330853
4768.97685840032  6.49264
4769.15034939152  -3.099995
4769.32384038273  -15.2461
4769.49733137393  -14.72529
4769.67082236514  16.00282
4769.84431335634  40.41291
4770.01780434755  16.09237
4770.19129533875  -6.970427
4770.36478632996  6.240928
4770.53827732116  25.29261
4770.71176831237  16.30624
4770.88525930357  -0.5038178
4771.05875029478  5.1814
4771.23224128598  15.53456
4771.40573227719  -3.568433
4771.57922326839  -0.03048351
4771.7527142596  10.31403
4771.9262052508  13.786
4772.09969624201  14.35642
4772.27318723321  0.5112743
4772.44667822442  2.718498
4772.62016921562  12.14496
4772.79366020683  8.722876
4772.96715119803  1.342144
4773.14064218924  4.415977
4773.31413318044  -0.9996911
4773.48762417165  -5.373555
4773.66111516285  14.30739
4773.83460615406  19.7523
4774.00809714526  29.52509
4774.18158813647  25.31092
4774.35507912767  1.003883
4774.52857011888  7.925225
4774.70206111008  14.19392
4774.87555210129  1.461568
4775.04904309249  18.3005
4775.2225340837  -2.814908
4775.3960250749  0.02281884
4775.56951606611  -1.116151
4775.74300705731  7.82643
4775.91649804851  0.7345574
4776.08998903972  9.881554
4776.26348003093  24.40787
4776.43697102213  25.49919
4776.61046201333  10.92478
4776.78395300454  13.25808
4776.95744399575  15.34071
4777.13093498695  -6.486889
4777.30442597815  0.9573503
4777.47791696936  14.1439
4777.65140796056  23.44964
4777.82489895177  22.87981
4777.99838994297  18.22327
4778.17188093418  20.27407
4778.34537192538  -1.329748
4778.51886291659  -0.3576063
4778.69235390779  5.685484
4778.865844899  -6.065852
4779.0393358902  1.029907
4779.21282688141  10.09473
4779.38631787261  13.24826
4779.55980886382  13.97798
4779.73329985502  -5.075655
4779.90679084623  9.355504
4780.08028183743  22.6972
4780.25377282864  33.67952
4780.42726381984  39.35144
4780.60075481105  7.994244
4780.77424580225  33.19309
4780.94773679346  33.11353
4781.12122778466  15.93872
4781.29471877587  5.712845
4781.46820976707  16.14762
4781.64170075828  20.60173
4781.81519174948  15.45921
4781.98868274069  27.18762
4782.16217373189  24.44707
4782.3356647231  11.20528
4782.5091557143  18.6315
4782.68264670551  22.19464
4782.85613769671  31.24729
4783.02962868792  18.24297
4783.20311967912  10.53657
4783.37661067033  21.52309
4783.55010166153  26.40441
4783.72359265274  10.05147
4783.89708364394  7.308574
4784.07057463515  15.81234
4784.24406562635  3.698219
4784.41755661756  -1.060089
4784.59104760876  26.17049
4784.76453859996  31.05795
4784.93802959117  8.585636
4785.11152058238  16.37495
4785.28501157358  8.194532
4785.45850256478  4.425962
4785.63199355599  17.33801
4785.80548454719  15.26682
4785.9789755384  20.61572
4786.1524665296  27.7693
4786.32595752081  26.5575
4786.49944851201  22.44038
4786.67293950322  12.17038
4786.84643049442  27.13181
4787.01992148563  31.18712
4787.19341247683  7.499238
4787.36690346804  16.71069
4787.54039445924  23.65265
4787.71388545045  16.35267
4787.88737644165  6.617677
4788.06086743286  13.40654
4788.23435842406  11.20469
4788.40784941527  19.39442
4788.58134040647  -4.27624
4788.75483139768  23.66827
4788.92832238888  10.6691
4789.10181338009  2.651854
4789.27530437129  34.07824
4789.4487953625  30.32502
4789.6222863537  13.26425
4789.79577734491  27.36889
4789.96926833611  17.83567
4790.14275932732  1.620605
4790.31625031852  30.47577
4790.48974130973  20.93451
4790.66323230093  8.337962
4790.83672329214  -0.02100695
4791.01021428334  18.99747
4791.18370527455  16.83591
4791.35719626575  21.6658
4791.53068725696  11.61577
4791.70417824816  14.71553
4791.87766923937  19.93954
4792.05116023057  20.18542
4792.22465122178  7.266844
4792.39814221298  6.278385
4792.57163320419  13.451
4792.74512419539  8.175757
4792.9186151866  18.60017
4793.0921061778  20.0471
4793.26559716901  14.20861
4793.43908816021  12.05443
4793.61257915142  -2.675575
4793.78607014262  17.54674
4793.95956113382  20.42895
4794.13305212503  16.45666
4794.30654311623  31.56333
4794.48003410744  32.77652
4794.65352509864  15.22878
4794.82701608985  10.56493
4795.00050708105  15.95809
4795.17399807226  26.02662
4795.34748906346  17.36089
4795.52098005467  -2.950535
4795.69447104587  4.25867
4795.86796203708  17.19485
4796.04145302828  19.66107
4796.21494401949  19.41703
4796.38843501069  23.57173
4796.5619260019  23.2981
4796.7354169931  32.38296
4796.90890798431  28.54933
4797.08239897551  26.64816
4797.25588996672  15.1442
4797.42938095792  12.33873
4797.60287194913  18.57863
4797.77636294033  20.72102
4797.94985393154  20.19062
4798.12334492274  14.54317
4798.29683591395  4.668118
4798.47032690515  12.13977
4798.64381789636  13.5986
4798.81730888756  -6.566531
4798.99079987877  7.079293
4799.16429086997  34.01215
4799.33778186118  38.88807
4799.51127285238  21.18225
4799.68476384359  0.2723271
4799.85825483479  13.09544
4800.031745826  10.55163
4800.2052368172  10.96179
4800.37872780841  1.940664
4800.55221879961  7.048985
4800.72570979082  1.516518
4800.89920078202  8.309968
4801.07269177323  22.73292
4801.24618276443  11.61135
4801.41967375564  18.24663
4801.59316474684  14.90824
4801.76665573805  3.38664
4801.94014672925  31.11707
4802.11363772045  29.931
4802.28712871166  36.17933
4802.46061970287  27.12888
4802.63411069407  10.59322
4802.80760168528  26.5495
4802.98109267648  13.41314
4803.15458366768  21.21577
4803.32807465889  13.20724
4803.50156565009  9.097681
4803.6750566413  23.16973
4803.8485476325  11.50856
4804.02203862371  32.25027
4804.19552961491  32.11324
4804.36902060612  16.65437
4804.54251159732  13.68551
4804.71600258853  19.33571
4804.88949357973  10.22091
4805.06298457094  1.500162
4805.23647556214  30.22731
4805.40996655335  33.46432
4805.58345754455  19.7705
4805.75694853576  13.38777
4805.93043952696  23.74555
4806.10393051817  27.23307
4806.27742150937  18.83312
4806.45091250058  6.985324
4806.62440349178  47.03908
4806.79789448299  27.79604
4806.97138547419  7.423589
4807.1448764654  31.16087
4807.3183674566  22.43958
4807.49185844781  25.77459
4807.66534943901  22.89795
4807.83884043022  16.11414
4808.01233142142  25.30261
4808.18582241263  26.02827
4808.35931340383  17.51117
4808.53280439504  26.64672
4808.70629538624  36.91565
4808.87978637745  20.23638
4809.05327736865  9.950991
4809.22676835986  1.394146
4809.40025935106  20.50711
4809.57375034227  37.2543
4809.74724133347  14.77571
4809.92073232468  7.452314
4810.09422331588  18.53446
4810.26771430708  18.76096
4810.44120529829  42.39724
4810.6146962895  23.51572
4810.7881872807  6.638614
4810.9616782719  21.87008
4811.13516926311  23.47018
4811.30866025431  22.61458
4811.48215124552  23.42632
4811.65564223673  25.86227
4811.82913322793  19.23074
4812.00262421913  32.97514
4812.17611521034  46.16301
4812.34960620155  22.84731
4812.52309719275  21.86802
4812.69658818395  17.57192
4812.87007917516  7.371067
4813.04357016636  16.35571
4813.21706115757  37.09166
4813.39055214877  39.4775
4813.56404313998  41.52301
4813.73753413118  53.74428
4813.91102512239  35.15626
4814.08451611359  19.41212
4814.2580071048  21.36503
4814.431498096  26.95035
4814.60498908721  39.72581
4814.77848007841  14.98793
4814.95197106962  36.32512
4815.12546206082  43.32209
4815.29895305203  21.71007
4815.47244404323  16.07087
4815.64593503444  21.99581
4815.81942602564  24.51134
4815.99291701685  8.268282
4816.16640800805  5.558414
4816.33989899926  33.32762
4816.51338999046  26.82414
4816.68688098167  10.25343
4816.86037197287  35.15791
4817.03386296408  33.28897
4817.20735395528  36.4739
4817.38084494649  29.98753
4817.55433593769  35.64226
4817.7278269289  52.59394
4817.9013179201  38.17648
4818.07480891131  28.31694
4818.24829990251  32.05332
4818.42179089372  32.20844
4818.59528188492  14.1157
4818.76877287613  14.0382
4818.94226386733  21.71302
4819.11575485854  23.69054
4819.28924584974  27.13144
4819.46273684095  35.78284
4819.63622783215  21.83909
4819.80971882335  30.04964
4819.98320981456  43.06184
4820.15670080576  35.45832
4820.33019179697  27.91902
4820.50368278817  23.57005
4820.67717377938  26.58019
4820.85066477058  36.62798
4821.02415576179  38.48566
4821.19764675299  20.55266
4821.3711377442  19.21704
4821.5446287354  14.58638
4821.71811972661  38.86665
4821.89161071781  44.05579
4822.06510170902  41.53523
4822.23859270022  39.61784
4822.41208369143  33.91101
4822.58557468263  26.63159
4822.75906567384  31.07586
4822.93255666504  16.25703
4823.10604765625  28.02453
4823.27953864745  35.87336
4823.45302963866  9.872375
4823.62652062986  21.45192
4823.80001162107  31.41732
4823.97350261227  34.76095
4824.14699360348  38.26719
4824.32048459468  38.94984
4824.49397558589  29.1504
4824.66746657709  20.12372
4824.8409575683  36.86094
4825.0144485595  44.6398
4825.18793955071  37.13876
4825.36143054191  45.23571
4825.53492153312  27.10619
4825.70841252432  10.80465
4825.88190351553  29.28763
4826.05539450673  33.04632
4826.22888549794  44.06963
4826.40237648914  20.21996
4826.57586748035  15.47904
4826.74935847155  23.45223
4826.92284946276  23.70961
4827.09634045396  23.36933
4827.26983144517  26.22997
4827.44332243637  37.387
4827.61681342758  36.28191
4827.79030441878  19.38021
4827.96379540999  11.39678
4828.13728640119  28.26191
4828.31077739239  23.10633
4828.4842683836  30.31202
4828.6577593748  28.18275
4828.83125036601  27.15479
4829.00474135722  33.37807
4829.17823234842  28.30992
4829.35172333962  40.60495
4829.52521433083  21.14381
4829.69870532204  40.89278
4829.87219631324  39.68007
4830.04568730444  21.5631
4830.21917829565  23.86073
4830.39266928685  34.24144
4830.56616027806  49.79564
4830.73965126926  37.43075
4830.91314226047  33.08986
4831.08663325167  46.46843
4831.26012424288  38.02997
4831.43361523408  36.49872
4831.60710622529  36.83855
4831.78059721649  25.21772
4831.9540882077  31.06339
4832.1275791989  29.74949
4832.30107019011  16.82909
4832.47456118131  39.60857
4832.64805217252  37.18781
4832.82154316372  41.81939
4832.99503415493  21.89612
4833.16852514613  17.55438
4833.34201613734  16.07845
4833.51550712854  8.52619
4833.68899811975  14.03452
4833.86248911095  28.3668
4834.03598010216  31.00991
4834.20947109336  29.6484
4834.38296208457  32.95212
4834.55645307577  36.1489
4834.72994406698  26.63106
4834.90343505818  35.63245
4835.07692604939  45.57871
4835.25041704059  43.45239
4835.4239080318  40.68071
4835.597399023  29.63871
4835.77089001421  28.71915
4835.94438100541  19.78916
4836.11787199662  24.12825
4836.29136298782  23.29117
4836.46485397903  12.05602
4836.63834497023  19.55772
4836.81183596144  29.23477
4836.98532695264  38.06228
4837.15881794384  26.50092
4837.33230893505  30.00329
4837.50579992625  50.57163
4837.67929091746  31.14076
4837.85278190866  16.66664
4838.02627289987  44.53802
4838.19976389107  59.17751
4838.37325488228  43.99243
4838.54674587348  30.93359
4838.72023686469  34.08442
4838.89372785589  57.83073
4839.0672188471  43.537
4839.2407098383  36.17978
4839.41420082951  47.25521
4839.58769182071  39.57592
4839.76118281192  34.81842
4839.93467380312  36.21194
4840.10816479433  20.15833
4840.28165578553  16.1855
4840.45514677674  45.66415
4840.62863776794  48.61132
4840.80212875915  43.21949
4840.97561975035  60.48378
4841.14911074156  55.18062
4841.32260173276  40.49892
4841.49609272397  36.39133
4841.66958371517  41.47992
4841.84307470638  29.97508
4842.01656569758  39.85929
4842.19005668879  56.03979
4842.36354767999  35.47488
4842.5370386712  30.30935
4842.7105296624  50.04165
4842.88402065361  56.33145
4843.05751164481  45.82867
4843.23100263602  27.79539
4843.40449362722  18.53653
4843.57798461843  32.76064
4843.75147560963  38.46584
4843.92496660084  42.86685
4844.09845759204  41.73692
4844.27194858325  48.58794
4844.44543957445  37.08196
4844.61893056566  43.10116
4844.79242155686  53.93943
4844.96591254807  52.31808
4845.13940353927  41.86992
4845.31289453048  38.08293
4845.48638552168  27.46993
4845.65987651288  31.28284
4845.83336750409  34.14956
4846.0068584953  38.88936
4846.1803494865  32.36689
4846.35384047771  15.05536
4846.52733146891  27.18721
4846.70082246011  33.40641
4846.87431345132  42.44818
4847.04780444252  52.49815
4847.22129543373  46.62586
4847.39478642493  33.38045
4847.56827741614  34.71702
4847.74176840734  59.2194
4847.91525939855  44.15434
4848.08875038975  23.93987
4848.26224138096  40.14101
4848.43573237216  45.68243
4848.60922336337  43.10554
4848.78271435457  50.78933
4848.95620534578  54.67719
4849.12969633698  59.00126
4849.30318732819  56.40176
4849.47667831939  43.33392
4849.6501693106  46.27773
4849.8236603018  57.16087
4849.99715129301  48.33157
4850.17064228421  39.81962
4850.34413327542  26.08379
4850.51762426662  47.70615
4850.69111525783  45.98589
4850.86460624903  39.19515
4851.03809724024  54.13758
4851.21158823144  61.44753
4851.38507922265  48.486
4851.55857021385  61.05413
4851.73206120506  34.15552
4851.90555219626  41.17953
4852.07904318747  42.83493
4852.25253417867  55.46753
4852.42602516988  41.84921
4852.59951616108  45.26334
4852.77300715229  39.33981
4852.94649814349  39.89829
4853.1199891347  42.18821
4853.2934801259  44.13352
4853.46697111711  30.41377
4853.64046210831  52.50593
4853.81395309951  38.13361
4853.98744409072  36.32504
4854.16093508193  53.96547
4854.33442607313  49.20658
4854.50791706433  41.44976
4854.68140805554  56.57519
4854.85489904674  39.40741
4855.02839003795  46.34233
4855.20188102915  33.38611
4855.37537202036  29.02635
4855.54886301157  42.07287
4855.72235400277  43.39608
4855.89584499397  58.98072
4856.06933598518  41.7121
4856.24282697638  44.01969
4856.41631796759  36.95538
4856.58980895879  38.29743
4856.76329995  46.25217
4856.9367909412  46.18986
4857.11028193241  49.35859
4857.28377292361  64.40835
4857.45726391482  50.74919
4857.63075490602  40.44052
4857.80424589723  37.38313
4857.97773688843  47.25085
4858.15122787964  42.00188
4858.32471887084  49.38989
4858.49820986205  53.68098
4858.67170085325  51.87215
4858.84519184446  42.7722
4859.01868283566  43.14674
4859.19217382687  47.0199
4859.36566481807  41.0834
4859.53915580928  49.39127
4859.71264680048  39.03516
4859.88613779169  40.04988
4860.05962878289  46.58878
4860.2331197741  61.56421
4860.4066107653  43.74543
4860.58010175651  39.05668
4860.75359274771  61.88327
4860.92708373892  42.89528
4861.10057473012  40.38055
4861.27406572133  52.67892
4861.44755671253  53.00911
4861.62104770374  58.25516
4861.79453869494  48.53964
4861.96802968615  55.56834
4862.14152067735  60.67685
4862.31501166855  57.60522
4862.48850265976  54.40386
4862.66199365097  65.25187
4862.83548464217  58.07028
4863.00897563338  70.9028
4863.18246662458  48.39767
4863.35595761579  56.47275
4863.52944860699  44.96625
4863.70293959819  59.01532
4863.8764305894  52.34591
4864.04992158061  34.07221
4864.22341257181  39.19374
4864.39690356301  39.38003
4864.57039455422  31.38126
4864.74388554542  61.85244
4864.91737653663  54.12395
4865.09086752783  45.99585
4865.26435851904  44.89116
4865.43784951024  57.49954
4865.61134050145  39.9257
4865.78483149265  30.32936
4865.95832248386  46.29764
4866.13181347506  44.16658
4866.30530446627  54.50666
4866.47879545747  52.885
4866.65228644868  45.3754
4866.82577743988  54.91642
4866.99926843109  38.16964
4867.17275942229  52.71646
4867.3462504135  41.9954
4867.5197414047  50.45325
4867.69323239591  53.30294
4867.86672338711  48.52463
4868.04021437832  53.66395
4868.21370536952  33.21626
4868.38719636073  40.85382
4868.56068735193  52.08054
4868.73417834314  42.23061
4868.90766933434  59.66554
4869.08116032555  36.43682
4869.25465131675  42.36034
4869.42814230796  49.0945
4869.60163329916  46.93355
4869.77512429037  51.75939
4869.94861528157  50.94485
4870.12210627278  25.58302
4870.29559726398  43.38903
4870.46908825519  40.17483
4870.64257924639  57.60799
4870.8160702376  37.2758
4870.9895612288  50.39517
4871.16305222001  43.55484
4871.33654321121  59.00409
4871.51003420241  40.63407
4871.68352519362  34.0423
4871.85701618482  34.42405
4872.03050717603  26.33511
4872.20399816723  32.02296
4872.37748915844  34.21378
4872.55098014964  54.04588
4872.72447114085  45.01857
4872.89796213205  39.06825
4873.07145312326  40.07626
4873.24494411446  44.77093
4873.41843510567  38.70991
4873.59192609687  40.30066
4873.76541708808  45.79223
4873.93890807928  47.4208
4874.11239907049  40.17575
4874.28589006169  42.47508
4874.4593810529  47.51929
4874.6328720441  34.22373
4874.80636303531  17.29677
4874.97985402651  22.94348
4875.15334501772  41.87659
4875.32683600892  52.96925
4875.50032700013  27.53826
4875.67381799133  29.54
4875.84730898254  28.29757
4876.02079997374  40.66882
4876.19429096495  39.17596
4876.36778195615  25.39791
4876.54127294736  34.42854
4876.71476393856  19.6893
4876.88825492977  40.13161
4877.06174592097  45.66677
4877.23523691218  38.4328
4877.40872790338  42.11117
4877.58221889459  29.84008
4877.75570988579  42.75836
4877.929200877  47.93928
4878.1026918682  35.61561
4878.27618285941  30.82169
4878.44967385061  39.82011
4878.62316484182  42.47642
4878.79665583302  41.88394
4878.97014682423  47.38293
4879.14363781543  35.87999
4879.31712880664  39.65244
4879.49061979784  40.02792
4879.66411078905  32.80878
4879.83760178025  34.95255
4880.01109277146  28.9226
4880.18458376266  31.19653
4880.35807475387  43.36205
4880.53156574507  45.81012
4880.70505673628  44.33009
4880.87854772748  36.07982
4881.05203871868  30.73585
4881.22552970989  32.91944
4881.39902070109  40.76961
4881.5725116923  45.67849
4881.7460026835  31.85532
4881.91949367471  39.57466
4882.09298466591  33.82446
4882.26647565712  28.35516
4882.43996664832  30.26629
4882.61345763953  40.42184
4882.78694863073  37.71618
4882.96043962194  31.5182
4883.13393061314  24.46067
4883.30742160435  27.46056
4883.48091259555  44.90883
4883.65440358676  35.59871
4883.82789457796  8.325798
4884.00138556917  32.24753
4884.17487656037  28.81022
4884.34836755158  30.4052
4884.52185854278  26.65917
4884.69534953399  37.01834
4884.86884052519  42.19211
4885.0423315164  28.71871
4885.2158225076  32.49434
4885.38931349881  39.55127
4885.56280449001  38.46408
4885.73629548122  31.88968
4885.90978647242  20.37677
4886.08327746363  39.90033
4886.25676845483  37.03678
4886.43025944604  38.89338
4886.60375043724  29.74839
4886.77724142845  23.41619
4886.95073241965  20.78268
4887.12422341086  39.16874
4887.29771440206  32.98101
4887.47120539327  27.64852
4887.64469638447  46.97133
4887.81818737568  36.23666
4887.99167836688  17.32267
4888.16516935808  37.4567
4888.33866034929  60.84339
4888.51215134049  26.32862
4888.6856423317  34.86228
4888.8591333229  36.79206
4889.03262431411  31.77878
4889.20611530532  19.65042
4889.37960629652  30.59501
4889.55309728772  26.78418
4889.72658827893  1.421967
4889.90007927013  30.12527
4890.07357026134  33.10802
4890.24706125254  13.48512
4890.42055224375  27.47384
4890.59404323495  24.73007
4890.76753422616  33.69815
4890.94102521736  67.27055
4891.11451620857  54.49482
4891.28800719977  29.26779
4891.46149819098  38.90587
4891.63498918218  37.72136
4891.80848017339  22.77984
4891.98197116459  27.43717
4892.1554621558  26.88459
4892.328953147  38.84576
4892.50244413821  34.10359
4892.67593512941  17.65629
4892.84942612062  21.24056
4893.02291711182  34.36457
4893.19640810303  24.98082
4893.36989909423  35.27869
4893.54339008544  31.40879
4893.71688107664  17.47718
4893.89037206785  34.65546
4894.06386305905  36.91974
4894.23735405026  22.77897
4894.41084504146  36.92279
4894.58433603267  42.65911
4894.75782702387  20.26569
4894.93131801508  25.57723
4895.10480900628  22.61788
4895.27829999749  23.20533
4895.45179098869  32.2851
4895.6252819799  24.34761
4895.7987729711  40.1186
4895.97226396231  5.15679
4896.14575495351  28.98044
4896.31924594472  34.22388
4896.49273693592  38.11725
4896.66622792713  39.99006
4896.83971891833  31.44811
4897.01320990954  39.9177
4897.18670090074  38.46436
4897.36019189195  35.95932
4897.53368288315  23.51879
4897.70717387436  19.17689
4897.88066486556  28.0653
4898.05415585676  27.63144
4898.22764684797  32.36469
4898.40113783917  38.99633
4898.57462883038  46.26208
4898.74811982158  33.23763
4898.92161081279  29.04727
4899.09510180399  33.76954
4899.2685927952  37.58227
4899.4420837864  29.47589
4899.61557477761  38.89035
4899.78906576881  27.81224
4899.96255676002  25.46906
4900.13604775122  37.13715
4900.30953874243  33.59121
4900.48302973363  10.69522
4900.65652072484  28.05957
4900.83001171604  28.77395
4901.00350270725  27.18207
4901.17699369845  32.76109
4901.35048468966  4.185804
4901.52397568086  17.0086
4901.69746667207  41.47903
4901.87095766327  23.23384
4902.04444865448  0.5340877
4902.21793964568  28.53392
4902.39143063689  22.73678
4902.56492162809  19.9366
4902.7384126193  28.89343
4902.9119036105  22.04214
4903.08539460171  31.72143
4903.25888559291  56.03729
4903.43237658412  30.8878
4903.60586757532  20.24368
4903.77935856653  47.02381
4903.95284955773  48.74331
4904.12634054894  18.57082
4904.29983154014  20.77328
4904.47332253135  18.91054
4904.64681352255  27.96845
4904.82030451376  23.92221
4904.99379550496  22.25851
4905.16728649616  19.53812
4905.34077748737  51.28113
4905.51426847857  36.40946
4905.68775946978  32.15594
4905.86125046098  29.74462
4906.03474145219  20.53407
4906.20823244339  26.00151
4906.3817234346  50.69613
4906.55521442581  26.4463
4906.72870541701  29.691
4906.90219640822  18.84086
4907.07568739942  29.48228
4907.24917839062  34.57605
4907.42266938183  37.9996
4907.59616037303  24.94161
4907.76965136424  35.38747
4907.94314235544  19.33104
4908.11663334665  25.9101
4908.29012433785  17.21893
4908.46361532906  15.38819
4908.63710632026  2.444023
4908.81059731147  29.81092
4908.98408830267  37.0181
4909.15757929388  21.53109
4909.33107028508  20.05447
4909.50456127629  31.49802
4909.67805226749  20.80103
4909.8515432587  15.45109
4910.0250342499  21.04585
4910.19852524111  18.45181
4910.37201623231  21.14048
4910.54550722352  20.02755
4910.71899821472  24.38482
4910.89248920593  10.47941
4911.06598019713  24.94622
4911.23947118834  22.92797
4911.41296217954  22.50049
4911.58645317075  18.06191
4911.75994416195  22.52912
4911.93343515316  49.19275
4912.10692614436  35.5975
4912.28041713557  29.14956
4912.45390812677  28.56606
4912.62739911798  41.43932
4912.80089010918  28.60645
4912.97438110039  35.71769
4913.14787209159  15.57571
4913.3213630828  20.71009
4913.494854074  18.1468
4913.66834506521  24.82637
4913.84183605641  21.99232
4914.01532704762  44.07851
4914.18881803882  41.96334
4914.36230903003  23.81782
4914.53580002123  20.90547
4914.70929101244  23.74709
4914.88278200364  20.28552
4915.05627299484  30.66192
4915.22976398605  9.471506
4915.40325497725  22.35374
4915.57674596846  26.93843
4915.75023695967  34.94886
4915.92372795087  25.79603
4916.09721894207  21.86412
4916.27070993328  31.50041
4916.44420092448  5.069518
4916.61769191569  28.35855
4916.79118290689  49.70686
4916.9646738981  34.35264
4917.1381648893  0.4757319
4917.31165588051  6.041295
4917.48514687171  31.55585
4917.65863786292  27.80643
4917.83212885412  38.00001
4918.00561984533  28.02918
4918.17911083653  21.17552
4918.35260182774  25.62723
4918.52609281894  17.51886
4918.69958381015  4.986872
4918.87307480135  8.792633
4919.04656579256  16.18453
4919.22005678376  23.44366
4919.39354777497  16.69594
4919.56703876617  0.8581261
4919.74052975738  25.10645
4919.91402074858  26.85103
4920.08751173979  22.94175
4920.26100273099  23.33902
4920.4344937222  24.6836
4920.6079847134  27.12944
4920.78147570461  24.70748
4920.95496669581  10.19658
4921.12845768702  20.17959
4921.30194867822  30.17613
4921.47543966943  18.74327
4921.64893066063  16.59722
4921.82242165184  26.87797
4921.99591264304  23.51293
4922.16940363425  11.35235
4922.34289462545  36.53616
4922.51638561666  30.23833
4922.68987660786  27.66578
4922.86336759907  22.42261
4923.03685859027  38.72892
4923.21034958148  21.61041
4923.38384057268  18.32382
4923.55733156389  16.52557
4923.73082255509  24.5143
4923.9043135463  27.18616
4924.0778045375  29.22364
4924.2512955287  26.85667
4924.42478651991  36.29457
4924.59827751111  22.49323
4924.77176850232  4.469322
4924.94525949352  18.39671
4925.11875048473  12.19178
4925.29224147593  6.89234
4925.46573246714  9.043999
4925.63922345834  -9.899824
4925.81271444955  3.564794
4925.98620544075  3.17799
4926.15969643196  18.09688
4926.33318742316  22.5474
4926.50667841437  33.69659
4926.68016940557  23.51208
4926.85366039678  21.62887
4927.02715138798  -5.614405
4927.20064237919  -13.08055
4927.37413337039  -1.537693
4927.5476243616  11.89878
4927.7211153528  23.30641
4927.89460634401  13.4616
4928.06809733521  24.57284
4928.24158832642  32.534
4928.41507931762  3.804561
4928.58857030883  27.34422
4928.76206130003  21.86612
4928.93555229124  17.82362
4929.10904328244  16.19662
4929.28253427365  9.598874
4929.45602526485  18.41079
4929.62951625606  12.31882
4929.80300724726  28.71177
4929.97649823847  13.82304
4930.14998922967  2.081466
4930.32348022088  2.30728
4930.49697121208  26.64254
4930.67046220329  8.474424
4930.84395319449  4.945308
4931.0174441857  18.0602
4931.1909351769  0.9274807
4931.36442616811  9.247105
4931.53791715931  23.10977
4931.71140815052  14.61283
4931.88489914172  4.373262
4932.05839013293  20.88739
4932.23188112413  11.68255
4932.40537211533  26.9079
4932.57886310654  21.67482
4932.75235409774  16.12313
4932.92584508895  11.87048
4933.09933608016  13.57414
4933.27282707136  5.631579
4933.44631806256  10.1165
4933.61980905377  7.844956
4933.79330004497  12.70902
4933.96679103618  -1.46488
4934.14028202738  24.17785
4934.31377301859  21.71132
4934.48726400979  31.44948
4934.660755001  12.19695
4934.8342459922  16.62529
4935.00773698341  12.96202
4935.18122797461  7.035085
4935.35471896582  23.63993
4935.52820995702  25.42534
4935.70170094823  24.64656
4935.87519193943  6.763855
4936.04868293064  17.57288
4936.22217392184  9.750391
4936.39566491305  8.58934
4936.56915590425  21.69467
4936.74264689546  27.44806
4936.91613788666  20.51084
4937.08962887787  17.31389
4937.26311986907  20.52233
4937.43661086028  31.97237
4937.61010185148  27.03922
4937.78359284269  -4.730892
4937.95708383389  2.781061
4938.1305748251  17.22427
4938.3040658163  17.2266
4938.47755680751  20.87998
4938.65104779871  4.281769
4938.82453878992  -8.646722
4938.99802978112  11.3584
4939.17152077233  23.64774
4939.34501176353  26.77183
4939.51850275474  6.202461
4939.69199374594  14.99709
4939.86548473715  36.10524
4940.03897572835  15.64293
4940.21246671956  5.986494
4940.38595771076  -4.641508
4940.55944870197  -2.090937
4940.73293969317  15.06565
4940.90643068437  -5.412734
4941.07992167558  -12.56425
4941.25341266679  8.394947
4941.42690365799  8.603461
4941.60039464919  14.4902
4941.7738856404  -7.530968
4941.9473766316  2.016987
4942.12086762281  8.408276
4942.29435861401  9.995616
4942.46784960522  10.79382
4942.64134059642  16.40775
4942.81483158763  4.704458
4942.98832257883  26.44492
4943.16181357004  25.86326
4943.33530456124  4.280112
4943.50879555245  -6.793201
4943.68228654365  21.95547
4943.85577753486  16.44983
4944.02926852606  8.146921
4944.20275951727  -24.18232
4944.37625050847  6.16869
4944.54974149968  4.604851
4944.72323249088  -6.055906
4944.89672348209  0.7865922
4945.07021447329  10.72109
4945.2437054645  -0.4163693
4945.4171964557  8.659537
4945.59068744691  1.47088
4945.76417843811  10.3236
