4768.0850553814  0.1909826
4768.25869491621  21.42173
4768.43233445102  -3.955671
4768.60597398584  5.714309
4768.77961352065  7.729108
4768.95325305546  3.028447
4769.12689259027  18.55855
4769.30053212509  53.12928
4769.4741716599  64.71571
4769.64781119471  49.38165
4769.82145072952  39.81897
4769.99509026434  28.20277
4770.16872979915  43.43867
4770.34236933396  42.94807
4770.51600886877  38.03569
4770.68964840358  47.37951
4770.8632879384  29.0134
4771.03692747321  35.10857
4771.21056700802  30.52638
4771.38420654283  18.34934
4771.55784607765  16.31318
4771.73148561246  27.31998
4771.90512514727  16.1926
4772.07876468208  19.5406
4772.2524042169  59.55225
4772.42604375171  10.67581
4772.59968328652  21.55392
4772.77332282133  -2.410568
4772.94696235615  14.61491
4773.12060189096  56.82239
4773.29424142577  57.97763
4773.46788096058  59.0668
4773.64152049539  45.88668
4773.81516003021  32.9001
4773.98879956502  2.810651
4774.16243909983  10.01679
4774.33607863464  43.0544
4774.50971816946  25.75791
4774.68335770427  27.88398
4774.85699723908  -7.413202
4775.03063677389  28.98597
4775.20427630871  23.83199
4775.37791584352  11.52074
4775.55155537833  2.844361
4775.72519491314  33.18859
4775.89883444795  58.65425
4776.07247398277  80.1962
4776.24611351758  58.1649
4776.41975305239  52.32293
4776.5933925872  42.14645
4776.76703212202  12.82999
4776.94067165683  52.69978
4777.11431119164  58.07394
4777.28795072645  56.64721
4777.46159026127  51.17015
4777.63522979608  56.5579
4777.80886933089  6.818464
4777.9825088657  44.89896
4778.15614840052  88.07755
4778.32978793533  57.52906
4778.50342747014  26.34601
4778.67706700495  43.93555
4778.85070653976  60.22903
4779.02434607458  34.83946
4779.19798560939  13.09133
4779.3716251442  34.01584
4779.54526467901  57.79272
4779.71890421383  57.82753
4779.89254374864  54.55659
4780.06618328345  67.06574
4780.23982281826  58.25263
4780.41346235308  2.222988
4780.58710188789  5.803855
4780.7607414227  74.7299
4780.93438095751  41.4993
4781.10802049232  19.13595
4781.28166002714  70.10046
4781.45529956195  57.36701
4781.62893909676  40.64494
4781.80257863157  86.08995
4781.97621816639  65.708
4782.1498577012  22.29178
4782.32349723601  23.82079
4782.49713677082  25.18814
4782.67077630564  69.48599
4782.84441584045  52.97287
4783.01805537526  43.70125
4783.19169491007  47.08015
4783.36533444489  37.61364
4783.5389739797  59.3471
4783.71261351451  42.38369
4783.88625304932  30.09187
4784.05989258413  47.12962
4784.23353211895  42.43551
4784.40717165376  46.07691
4784.58081118857  60.28014
4784.75445072338  68.3202
4784.9280902582  42.51744
4785.10172979301  27.1702
4785.27536932782  62.63938
4785.44900886263  82.17815
4785.62264839745  56.92522
4785.79628793226  41.67173
4785.96992746707  56.56783
4786.14356700188  12.23199
4786.31720653669  53.9077
4786.49084607151  102.597
4786.66448560632  81.41072
4786.83812514113  85.8369
4787.01176467594  75.09671
4787.18540421076  45.32994
4787.35904374557  58.58523
4787.53268328038  78.38657
4787.70632281519  66.69343
4787.87996235001  40.222
4788.05360188482  60.29912
4788.22724141963  11.60145
4788.40088095444  84.14146
4788.57452048925  58.95446
4788.74816002407  72.52615
4788.92179955888  61.79517
4789.09543909369  75.9922
4789.2690786285  59.62427
4789.44271816332  32.87827
4789.61635769813  90.84964
4789.78999723294  81.05949
4789.96363676775  28.6152
4790.13727630257  39.87418
4790.31091583738  49.2776
4790.48455537219  57.9272
4790.658194907  94.8623
4790.83183444181  88.8959
4791.00547397663  90.04757
4791.17911351144  70.86208
4791.35275304625  42.66605
4791.52639258106  61.37737
4791.70003211588  66.67455
4791.87367165069  86.52402
4792.0473111855  89.64626
4792.22095072031  43.78402
4792.39459025513  36.6428
4792.56822978994  59.53904
4792.74186932475  58.34009
4792.91550885956  85.29159
4793.08914839437  92.01919
4793.26278792919  31.75617
4793.436427464  73.29464
4793.61006699881  89.78365
4793.78370653362  62.22553
4793.95734606844  31.48966
4794.13098560325  33.48456
4794.30462513806  43.25021
4794.47826467287  75.38474
4794.65190420769  56.7412
4794.8255437425  52.46804
4794.99918327731  91.42384
4795.17282281212  84.69731
4795.34646234694  50.07615
4795.52010188175  42.89061
4795.69374141656  46.35882
4795.86738095137  72.37368
4796.04102048618  99.24966
4796.214660021  51.48112
4796.38829955581  94.16618
4796.56193909062  115.8956
4796.73557862543  90.53925
4796.90921816025  106.1501
4797.08285769506  122.5138
4797.25649722987  71.37118
4797.43013676468  87.2952
4797.6037762995  102.495
4797.77741583431  80.63218
4797.95105536912  55.19189
4798.12469490393  43.27568
4798.29833443875  51.68592
4798.47197397356  50.67654
4798.64561350837  42.09857
4798.81925304318  29.79924
4798.99289257799  37.18837
4799.16653211281  105.9417
4799.34017164762  101.2675
4799.51381118243  93.17419
4799.68745071724  101.6974
4799.86109025206  52.56451
4800.03472978687  71.27731
4800.20836932168  48.55959
4800.38200885649  48.03144
4800.55564839131  58.18679
4800.72928792612  47.65183
4800.90292746093  66.2816
4801.07656699574  107.8203
4801.25020653056  93.41811
4801.42384606537  75.79582
4801.59748560018  88.49208
4801.77112513499  49.75912
4801.9447646698  40.19814
4802.11840420462  89.98771
4802.29204373943  83.21245
4802.46568327424  82.55371
4802.63932280905  64.8064
4802.81296234387  83.66037
4802.98660187868  102.439
4803.16024141349  111.4111
4803.3338809483  60.30106
4803.50752048312  93.85143
4803.68116001793  78.08034
4803.85479955274  54.03407
4804.02843908755  89.87653
4804.20207862236  92.26322
4804.37571815718  52.96618
4804.54935769199  65.13421
4804.7229972268  55.89118
4804.89663676161  36.05426
4805.07027629643  75.03065
4805.24391583124  79.76526
4805.41755536605  90.74795
4805.59119490086  82.12811
4805.76483443568  78.22833
4805.93847397049  63.81989
4806.1121135053  114.6222
4806.28575304011  91.97281
4806.45939257492  45.77395
4806.63303210974  79.4148
4806.80667164455  76.04945
4806.98031117936  109.0559
4807.15395071417  106.061
4807.32759024899  69.49229
4807.5012297838  50.78553
4807.67486931861  76.51434
4807.84850885342  99.96172
4808.02214838824  98.55363
4808.19578792305  99.00064
4808.36942745786  97.05891
4808.54306699267  51.23444
4808.71670652749  31.38887
4808.8903460623  103.3296
4809.06398559711  89.66425
4809.23762513192  73.47653
4809.41126466673  101.7767
4809.58490420155  118.9721
4809.75854373636  98.45048
4809.93218327117  44.19712
4810.10582280598  88.09592
4810.2794623408  89.68661
4810.45310187561  72.89635
4810.62674141042  80.40221
4810.80038094523  57.71026
4810.97402048004  49.17039
4811.14766001486  105.2748
4811.32129954967  84.22155
4811.49493908448  62.1756
4811.66857861929  94.9908
4811.84221815411  107.0105
4812.01585768892  126.3458
4812.18949722373  98.24949
4812.36313675854  40.20332
4812.53677629336  65.90376
4812.71041582817  91.73518
4812.88405536298  101.0358
4813.05769489779  92.99346
4813.23133443261  91.13785
4813.40497396742  88.58398
4813.57861350223  50.64211
4813.75225303704  92.79507
4813.92589257185  115.5343
4814.09953210667  117.6259
4814.27317164148  144.9372
4814.44681117629  108.6011
4814.6204507111  92.42278
4814.79409024592  84.04524
4814.96772978073  112.6052
4815.14136931554  108.3261
4815.31500885035  89.26611
4815.48864838517  67.14906
4815.66228791998  53.2678
4815.83592745479  92.8185
4816.0095669896  111.9571
4816.18320652442  96.37267
4816.35684605923  96.77456
4816.53048559404  70.66626
4816.70412512885  50.87581
4816.87776466366  114.562
4817.05140419848  122.2729
4817.22504373329  94.31131
4817.3986832681  139.1294
4817.57232280291  161.7746
4817.74596233773  161.4041
4817.91960187254  110.0065
4818.09324140735  81.5626
4818.26688094216  93.98524
4818.44052047698  54.87607
4818.61416001179  75.40102
4818.7877995466  58.57262
4818.96143908141  110.2852
4819.13507861622  120.5028
4819.30871815104  98.95776
4819.48235768585  113.4763
4819.65599722066  83.41239
4819.82963675547  115.7492
4820.00327629029  139.7528
4820.1769158251  100.6431
4820.35055535991  116.1273
4820.52419489472  67.8403
4820.69783442954  45.28563
4820.87147396435  120.8135
4821.04511349916  110.6659
4821.21875303397  102.4943
4821.39239256879  95.35481
4821.5660321036  130.9572
4821.73967163841  168.2631
4821.91331117322  173.0034
4822.08695070803  140.8756
4822.26059024285  133.1415
4822.43422977766  122.4923
4822.60786931247  91.81707
4822.78150884728  105.5119
4822.9551483821  103.2703
4823.12878791691  115.5871
4823.30242745172  103.4399
4823.47606698653  127.4684
4823.64970652135  128.2797
4823.82334605616  127.9616
4823.99698559097  136.1499
4824.17062512578  125.223
4824.34426466059  125.1391
4824.51790419541  137.9067
4824.69154373022  131.7368
4824.86518326503  102.5514
4825.03882279984  94.97005
4825.21246233466  125.1005
4825.38610186947  124.1292
4825.55974140428  101.1175
4825.73338093909  97.15577
4825.90702047391  56.20408
4826.08066000872  56.85798
4826.25429954353  99.36494
4826.42793907834  115.1784
4826.60157861315  98.07616
4826.77521814797  112.8449
4826.94885768278  139.8063
4827.12249721759  100.7506
4827.2961367524  118.4003
4827.46977628722  151.0625
4827.64341582203  142.0284
4827.81705535684  154.4456
4827.99069489165  112.921
4828.16433442647  153.6736
4828.33797396128  117.1477
4828.51161349609  125.553
4828.6852530309  147.9148
4828.85889256571  130.9353
4829.03253210053  150.0946
4829.20617163534  145.8516
4829.37981117015  125.9157
4829.55345070496  144.9333
4829.72709023978  143.8838
4829.90072977459  96.28398
4830.0743693094  91.19407
4830.24800884421  152.6837
4830.42164837903  168.3718
4830.59528791384  120.5745
4830.76892744865  100.6944
4830.94256698346  105.8281
4831.11620651828  98.93218
4831.28984605309  103.1072
4831.4634855879  120.7949
4831.63712512271  93.18224
4831.81076465752  82.5202
4831.98440419234  129.7012
4832.15804372715  107.8109
4832.33168326196  127.3212
4832.50532279678  109.5688
4832.67896233159  103.4882
4832.8526018664  120.8384
4833.02624140121  119.126
4833.19988093602  161.2657
4833.37352047084  134.5024
4833.54716000565  128.6714
4833.72079954046  100.7873
4833.89443907527  91.05105
4834.06807861009  134.1561
4834.2417181449  145.2944
4834.41535767971  141.4554
4834.58899721452  136.8068
4834.76263674933  119.4922
4834.93627628415  99.94123
4835.10991581896  124.5487
4835.28355535377  148.8307
4835.45719488858  134.6637
4835.6308344234  156.933
4835.80447395821  125.4466
4835.97811349302  105.8025
4836.15175302783  76.42397
4836.32539256265  39.77508
4836.49903209746  94.2906
4836.67267163227  113.6228
4836.84631116708  109.7412
4837.0199507019  112.7898
4837.19359023671  109.5592
4837.36722977152  100.918
4837.54086930633  102.4709
4837.71450884114  146.5356
4837.88814837596  101.281
4838.06178791077  95.87829
4838.23542744558  115.7104
4838.40906698039  87.23515
4838.58270651521  147.9183
4838.75634605002  165.1455
4838.92998558483  93.7348
4839.10362511964  145.1599
4839.27726465445  140.1055
4839.45090418927  144.6836
4839.62454372408  177.4366
4839.79818325889  147.1751
4839.9718227937  138.8647
4840.14546232852  119.7415
4840.31910186333  106.3659
4840.49274139814  142.4962
4840.66638093295  123.9877
4840.84002046777  160.2513
4841.01366000258  181.2725
4841.18729953739  126.3368
4841.3609390722  81.48588
4841.53457860702  144.1068
4841.70821814183  153.9154
4841.88185767664  101.0578
4842.05549721145  97.86836
4842.22913674626  145.6252
4842.40277628108  146.2714
4842.57641581589  150.634
4842.7500553507  138.9167
4842.92369488551  102.6737
4843.09733442033  113.6379
4843.27097395514  128.9723
4843.44461348995  135.4857
4843.61825302476  103.8171
4843.79189255958  107.669
4843.96553209439  139.3876
4844.1391716292  138.9173
4844.31281116401  170.1332
4844.48645069883  149.8726
4844.66009023364  111.4761
4844.83372976845  158.0738
4845.00736930326  194.2405
4845.18100883807  149.6321
4845.35464837289  135.9965
4845.5282879077  175.1995
4845.70192744251  154.2974
4845.87556697732  164.4599
4846.04920651214  163.1197
4846.22284604695  129.1179
4846.39648558176  148.3415
4846.57012511657  165.1926
4846.74376465139  184.4895
4846.9174041862  199.0296
4847.09104372101  158.0406
4847.26468325582  138.4769
4847.43832279063  166.2324
4847.61196232545  166.7086
4847.78560186026  199.3789
4847.95924139507  158.4312
4848.13288092988  121.6026
4848.3065204647  179.6932
4848.48015999951  193.4352
4848.65379953432  193.1904
4848.82743906913  193.3027
4849.00107860395  164.2631
4849.17471813876  167.4501
4849.34835767357  163.72
4849.52199720838  168.7512
4849.69563674319  172.9613
4849.86927627801  150.348
4850.04291581282  181.7105
4850.21655534763  210.7012
4850.39019488244  183.8554
4850.56383441726  163.8161
4850.73747395207  170.3201
4850.91111348688  263.5274
4851.08475302169  213.7315
4851.25839255651  214.687
4851.43203209132  201.795
4851.60567162613  178.3854
4851.77931116094  179.1728
4851.95295069576  143.3796
4852.12659023057  187.5499
4852.30022976538  185.4738
4852.47386930019  190.3401
4852.647508835  233.9458
4852.82114836982  217.1941
4852.99478790463  190.8731
4853.16842743944  155.7022
4853.34206697425  175.4654
4853.51570650907  204.604
4853.68934604388  203.9804
4853.86298557869  229.5056
4854.0366251135  238.0803
4854.21026464831  198.7979
4854.38390418313  222.8513
4854.55754371794  235.941
4854.73118325275  196.2862
4854.90482278756  203.3098
4855.07846232238  217.5283
4855.25210185719  208.6923
4855.425741392  192.7228
4855.59938092681  206.2469
4855.77302046163  220.2085
4855.94665999644  196.4823
4856.12029953125  196.4975
4856.29393906606  218.9837
4856.46757860088  215.7695
4856.64121813569  237.7644
4856.8148576705  229.0117
4856.98849720531  216.0468
4857.16213674012  185.8065
4857.33577627494  189.5936
4857.50941580975  206.3387
4857.68305534456  194.2472
4857.85669487937  185.1876
4858.03033441419  162.1421
4858.203973949  189.6728
4858.37761348381  176.6414
4858.55125301862  154.9562
4858.72489255344  183.0497
4858.89853208825  206.5321
4859.07217162306  179.5069
4859.24581115787  148.9812
4859.41945069269  161.6018
4859.5930902275  150.9416
4859.76672976231  160.0567
4859.94036929712  147.8581
4860.11400883193  152.8949
4860.28764836675  135.0081
4860.46128790156  167.7764
4860.63492743637  151.0526
4860.80856697118  172.5134
4860.982206506  200.1444
4861.15584604081  154.2364
4861.32948557562  195.0884
4861.50312511043  201.5691
4861.67676464525  209.1544
4861.85040418006  170.2838
4862.02404371487  150.2559
4862.19768324968  185.9724
4862.37132278449  133.6773
4862.54496231931  183.1526
4862.71860185412  190.6104
4862.89224138893  160.5624
4863.06588092374  197.6756
4863.23952045856  176.0662
4863.41315999337  140.3343
4863.58679952818  165.981
4863.76043906299  157.2219
4863.93407859781  185.0119
4864.10771813262  215.3459
4864.28135766743  185.8325
4864.45499720224  185.0201
4864.62863673706  169.8251
4864.80227627187  174.3116
4864.97591580668  180.8891
4865.14955534149  153.8723
4865.32319487631  160.1195
4865.49683441112  181.5949
4865.67047394593  173.1769
4865.84411348074  167.117
4866.01775301555  179.119
4866.19139255037  178.166
4866.36503208518  193.431
4866.53867161999  176.7409
4866.7123111548  165.0598
4866.88595068962  163.2587
4867.05959022443  172.3127
4867.23322975924  221.2487
4867.40686929405  175.5802
4867.58050882887  166.6728
4867.75414836368  150.2331
4867.92778789849  150.4655
4868.1014274333  133.4045
4868.27506696811  146.7813
4868.44870650293  133.5038
4868.62234603774  160.522
4868.79598557255  205.0109
4868.96962510736  154.0213
4869.14326464218  153.0633
4869.31690417699  164.7652
4869.4905437118  156.6374
4869.66418324661  175.4592
4869.83782278143  174.2521
4870.01146231624  178.1061
4870.18510185105  135.1741
4870.35874138586  144.0424
4870.53238092067  167.9641
4870.70602045549  147.6903
4870.8796599903  152.882
4871.05329952511  198.7481
4871.22693905992  180.0502
4871.40057859474  143.0374
4871.57421812955  172.8434
4871.74785766436  187.2894
4871.92149719917  166.8807
4872.09513673399  154.8279
4872.2687762688  135.8889
4872.44241580361  158.1869
4872.61605533842  173.3707
4872.78969487324  132.4095
4872.96333440805  159.7856
4873.13697394286  158.25
4873.31061347767  148.1806
4873.48425301248  144.8137
4873.6578925473  91.14782
4873.83153208211  155.6217
4874.00517161692  109.8207
4874.17881115173  162.9764
4874.35245068655  197.9204
4874.52609022136  180.6741
4874.69972975617  139.7921
4874.87336929098  114.3573
4875.0470088258  181.3074
4875.22064836061  173.7412
4875.39428789542  142.0143
4875.56792743023  120.3241
4875.74156696505  156.3526
4875.91520649986  157.2032
4876.08884603467  179.7594
4876.26248556948  144.6356
4876.43612510429  171.9603
4876.60976463911  198.7772
4876.78340417392  197.9718
4876.95704370873  177.1391
4877.13068324354  162.241
4877.30432277836  151.2708
4877.47796231317  122.7402
4877.65160184798  78.2617
4877.82524138279  114.0508
4877.9988809176  123.4373
4878.17252045242  97.47229
4878.34615998723  104.2217
4878.51979952204  132.7665
4878.69343905685  123.7123
4878.86707859167  145.8206
4879.04071812648  158.3981
4879.21435766129  151.5227
4879.3879971961  164.4422
4879.56163673092  165.0423
4879.73527626573  116.6904
4879.90891580054  116.0925
4880.08255533535  141.5604
4880.25619487017  159.425
4880.42983440498  118.9291
4880.60347393979  118.4895
4880.7771134746  148.809
4880.95075300941  125.4275
4881.12439254423  112.416
4881.29803207904  100.2296
4881.47167161385  104.6425
4881.64531114866  119.1974
4881.81895068348  152.412
4881.99259021829  143.3653
4882.1662297531  132.8834
4882.33986928791  147.6574
4882.51350882272  105.8925
4882.68714835754  123.0202
4882.86078789235  156.2906
4883.03442742716  184.8551
4883.20806696197  155.3339
4883.38170649679  112.1723
4883.5553460316  112.6667
4883.72898556641  65.41548
4883.90262510122  108.6692
4884.07626463604  98.93031
4884.24990417085  97.88049
4884.42354370566  116.303
4884.59718324047  154.6584
4884.77082277529  142.5824
4884.9444623101  145.4351
4885.11810184491  192.7406
4885.29174137972  156.0314
4885.46538091453  148.798
4885.63902044935  164.5406
4885.81265998416  127.9616
4885.98629951897  133.197
4886.15993905378  113.4321
4886.3335785886  154.8481
4886.50721812341  130.3599
4886.68085765822  105.767
4886.85449719303  147.7456
4887.02813672785  128.2555
4887.20177626266  135.5715
4887.37541579747  143.135
4887.54905533228  128.6885
4887.7226948671  102.1775
4887.89633440191  127.1962
4888.06997393672  119.2197
4888.24361347153  130.3041
4888.41725300634  114.5954
4888.59089254116  118.5349
4888.76453207597  105.9045
4888.93817161078  133.2326
4889.11181114559  132.9821
4889.28545068041  99.61451
4889.45909021522  101.9652
4889.63272975003  130.3484
4889.80636928484  157.3103
4889.98000881966  118.4161
4890.15364835447  107.5512
4890.32728788928  105.7801
4890.50092742409  85.34119
4890.6745669589  97.48505
4890.84820649372  167.9646
4891.02184602853  171.0028
4891.19548556334  116.6956
4891.36912509815  92.75204
4891.54276463297  126.9144
4891.71640416778  114.6069
4891.89004370259  142.219
4892.0636832374  109.2672
4892.23732277222  83.89994
4892.41096230703  127.7079
4892.58460184184  119.4056
4892.75824137665  112.7584
4892.93188091146  92.64861
4893.10552044628  115.5699
4893.27915998109  124.6414
4893.4527995159  125.2286
4893.62643905071  95.03089
4893.80007858553  68.23024
4893.97371812034  100.3141
4894.14735765515  137.3027
4894.32099718996  125.9348
4894.49463672478  114.7653
4894.66827625959  136.4942
4894.8419157944  122.5976
4895.01555532921  124.9019
4895.18919486403  126.3648
4895.36283439884  99.76474
4895.53647393365  146.742
4895.71011346846  127.475
4895.88375300327  91.40541
4896.05739253809  115.8716
4896.2310320729  103.4125
4896.40467160771  115.8502
4896.57831114252  90.65531
4896.75195067734  127.3432
4896.92559021215  119.6785
4897.09922974696  122.0678
4897.27286928177  113.0472
4897.44650881658  127.7598
4897.6201483514  117.793
4897.79378788621  122.8038
4897.96742742102  113.4646
4898.14106695584  121.6508
4898.31470649065  119.8451
4898.48834602546  98.94953
4898.66198556027  126.0629
4898.83562509508  142.2209
4899.0092646299  126.3355
4899.18290416471  110.1741
4899.35654369952  112.8559
4899.53018323433  110.1268
4899.70382276915  129.5246
4899.87746230396  130.466
4900.05110183877  124.7283
4900.22474137358  102.2509
4900.3983809084  119.5855
4900.57202044321  117.4226
4900.74565997802  93.68812
4900.91929951283  135.0609
4901.09293904765  118.9624
4901.26657858246  119.8699
4901.44021811727  122.4925
4901.61385765208  117.1371
4901.78749718689  153.9339
4901.96113672171  78.565
4902.13477625652  63.91023
4902.30841579133  116.9143
4902.48205532614  144.7982
4902.65569486096  87.01118
4902.82933439577  73.02625
4903.00297393058  132.7445
4903.17661346539  128.5707
4903.35025300021  116.7551
4903.52389253502  91.15549
4903.69753206983  105.7968
4903.87117160464  88.92215
4904.04481113946  61.46812
4904.21845067427  78.61755
4904.39209020908  72.01356
4904.56572974389  130.7615
4904.7393692787  118.7603
4904.91300881352  121.3835
4905.08664834833  137.3615
4905.26028788314  131.8539
4905.43392741795  76.68826
4905.60756695277  61.92003
4905.78120648758  96.0245
4905.95484602239  104.381
4906.1284855572  92.25462
4906.30212509201  150.8853
4906.47576462683  100.6641
4906.64940416164  88.52818
4906.82304369645  63.66
4906.99668323126  31.11566
4907.17032276608  68.04253
4907.34396230089  146.113
4907.5176018357  159.2908
4907.69124137051  138.0664
4907.86488090533  150.3264
4908.03852044014  82.82552
4908.21215997495  73.6105
4908.38579950976  91.69426
4908.55943904458  98.53677
4908.73307857939  118.7103
4908.9067181142  129.2464
4909.08035764901  100.319
4909.25399718382  126.7113
4909.42763671864  106.1564
4909.60127625345  77.62604
4909.77491578826  104.1459
4909.94855532307  71.31516
4910.12219485789  92.95869
4910.2958343927  90.02665
4910.46947392751  90.25587
4910.64311346232  114.8932
4910.81675299714  65.66188
4910.99039253195  78.01459
4911.16403206676  91.21791
4911.33767160157  91.10104
4911.51131113638  161.4257
4911.6849506712  125.3153
4911.85859020601  100.4767
4912.03222974082  126.4311
4912.20586927563  78.44038
4912.37950881045  63.31834
4912.55314834526  82.8568
4912.72678788007  98.05798
4912.90042741488  96.08896
4913.0740669497  115.6484
4913.24770648451  97.72558
4913.42134601932  84.55582
4913.59498555413  84.01511
4913.76862508894  85.17826
4913.94226462376  127.5566
4914.11590415857  92.64743
4914.28954369338  40.2129
4914.46318322819  92.69573
4914.63682276301  87.28793
4914.81046229782  91.73209
4914.98410183263  46.97863
4915.15774136744  87.78971
4915.33138090226  92.21175
4915.50502043707  93.64213
4915.67865997188  85.76237
4915.85229950669  83.35283
4916.02593904151  67.12574
4916.19957857632  96.98743
4916.37321811113  93.9458
4916.54685764594  78.70507
4916.72049718075  60.63708
4916.89413671557  94.2983
4917.06777625038  120.1489
4917.24141578519  90.40136
4917.41505532  58.18153
4917.58869485482  101.78
4917.76233438963  72.03844
4917.93597392444  80.78958
4918.10961345925  80.2153
4918.28325299407  90.45369
4918.45689252888  116.7827
4918.63053206369  70.73765
4918.8041715985  110.5739
4918.97781113331  104.3011
4919.15145066813  86.55595
4919.32509020294  79.25383
4919.49872973775  95.43941
4919.67236927256  113.8437
4919.84600880738  85.49467
4920.01964834219  28.79647
4920.193287877  45.10313
4920.36692741181  58.2503
4920.54056694663  77.01787
4920.71420648144  57.15398
4920.88784601625  49.62939
4921.06148555106  62.22172
4921.23512508587  73.85758
4921.40876462069  31.05597
4921.5824041555  68.36606
4921.75604369031  59.11541
4921.92968322512  42.88332
4922.10332275994  50.66563
4922.27696229475  51.6516
4922.45060182956  94.40868
4922.62424136437  70.11226
4922.79788089919  57.85041
4922.971520434  68.47601
4923.14515996881  104.9453
4923.31879950362  61.04265
4923.49243903844  97.13408
4923.66607857325  57.00163
4923.83971810806  48.65487
4924.01335764287  44.23051
4924.18699717768  54.69827
4924.3606367125  83.12656
4924.53427624731  76.14339
4924.70791578212  75.20004
4924.88155531693  41.48793
4925.05519485175  24.30977
4925.22883438656  53.68206
4925.40247392137  74.52737
4925.57611345618  64.42045
4925.74975299099  110.0371
4925.92339252581  45.23972
4926.09703206062  51.28999
4926.27067159543  71.94717
4926.44431113024  117.0397
4926.61795066506  83.66259
4926.79159019987  52.5867
4926.96522973468  81.78617
4927.13886926949  61.95126
4927.31250880431  87.28475
4927.48614833912  53.35036
4927.65978787393  -5.953379
4927.83342740874  54.99059
4928.00706694356  55.88494
4928.18070647837  48.76
4928.35434601318  65.31903
4928.52798554799  67.99038
4928.7016250828  54.62001
4928.87526461762  115.1036
4929.04890415243  90.23327
4929.22254368724  47.51995
4929.39618322206  45.72667
4929.56982275687  44.39371
4929.74346229168  54.56289
4929.91710182649  86.57796
4930.0907413613  50.46775
4930.26438089612  37.80521
4930.43802043093  31.72917
4930.61165996574  26.40388
4930.78529950055  21.82967
4930.95893903537  14.49395
4931.13257857018  66.14143
4931.30621810499  79.29564
4931.4798576398  51.67586
4931.65349717462  42.06501
4931.82713670943  52.16072
4932.00077624424  46.9374
4932.17441577905  42.39867
4932.34805531386  64.39078
4932.52169484868  68.27478
4932.69533438349  62.22493
4932.8689739183  51.11689
4933.04261345311  32.48505
4933.21625298793  48.54918
4933.38989252274  55.90796
4933.56353205755  51.75531
4933.73717159236  42.2027
4933.91081112718  15.56524
4934.08445066199  -2.714477
4934.2580901968  37.17914
4934.43172973161  70.12916
4934.60536926642  67.4487
4934.77900880124  43.77432
4934.95264833605  0.445956
4935.12628787086  33.07286
4935.29992740567  43.31086
4935.47356694049  40.8749
4935.6472064753  65.94189
4935.82084601011  53.37955
4935.99448554492  18.48307
4936.16812507974  -1.074107
4936.34176461455  19.57568
4936.51540414936  19.38104
4936.68904368417  40.9266
4936.86268321898  46.092
4937.0363227538  58.28638
4937.20996228861  47.86569
4937.38360182342  44.778
4937.55724135823  7.047022
4937.73088089305  26.53887
4937.90452042786  11.27984
4938.07815996267  21.08341
4938.25179949748  10.39865
4938.4254390323  15.90357
4938.59907856711  -0.2966513
4938.77271810192  14.22963
4938.94635763673  70.42545
4939.11999717154  42.30896
4939.29363670636  17.30602
4939.46727624117  11.20378
4939.64091577598  60.7318
4939.81455531079  26.30046
4939.98819484561  6.136397
4940.16183438042  38.54195
4940.33547391523  29.35348
4940.50911345004  47.57433
4940.68275298486  5.96285
4940.85639251967  -14.14626
4941.03003205448  15.49853
4941.20367158929  23.24899
4941.37731112411  -0.8364642
4941.55095065892  44.20491
4941.72459019373  2.991368
4941.89822972854  25.59434
4942.07186926335  44.56794
4942.24550879817  15.02047
4942.41914833298  40.3851
4942.59278786779  43.51039
4942.7664274026  18.20655
4942.94006693742  18.8174
4943.11370647223  30.98818
4943.28734600704  33.57483
4943.46098554185  62.04752
4943.63462507667  63.42348
4943.80826461148  8.102426
4943.98190414629  69.66537
4944.1555436811  43.09116
4944.32918321592  27.34874
4944.50282275073  12.1507
4944.67646228554  17.72871
4944.85010182035  37.47616
4945.02374135516  17.47724
4945.19738088998  23.93604
4945.37102042479  27.97092
4945.5446599596  7.591305
4945.71829949441  2.87961
