4768.0146833323  26.13644
4768.18834871307  16.81656
4768.36201409384  7.531145
4768.53567947461  -15.95333
4768.70934485538  15.24117
4768.88301023615  11.34176
4769.05667561691  -5.921752
4769.23034099768  7.45933
4769.40400637845  23.39362
4769.57767175922  23.01477
4769.75133713999  9.876756
4769.92500252076  17.6305
4770.09866790153  14.12181
4770.2723332823  -16.68207
4770.44599866307  -20.28693
4770.61966404384  11.83122
4770.7933294246  -6.774099
4770.96699480537  7.750153
4771.14066018614  20.63867
4771.31432556691  10.72132
4771.48799094768  -3.727647
4771.66165632845  1.688345
4771.83532170922  17.94266
4772.00898708999  25.40989
4772.18265247076  33.16562
4772.35631785153  11.10993
4772.5299832323  6.128008
4772.70364861307  -8.94426
4772.87731399383  11.76193
4773.0509793746  24.50437
4773.22464475537  -14.82156
4773.39831013614  5.163968
4773.57197551691  7.402273
4773.74564089768  -4.941127
4773.91930627845  8.902267
4774.09297165922  9.764569
4774.26663703999  20.67629
4774.44030242076  32.1615
4774.61396780153  2.669802
4774.78763318229  6.877512
4774.96129856306  2.634048
4775.13496394383  -6.59761
4775.3086293246  19.39147
4775.48229470537  1.513586
4775.65596008614  -3.069561
4775.82962546691  15.34973
4776.00329084768  2.727473
4776.17695622845  -7.778871
4776.35062160922  7.613894
4776.52428698999  13.3165
4776.69795237076  -0.3089533
4776.87161775152  8.293561
4777.04528313229  29.07395
4777.21894851306  -11.8396
4777.39261389383  -9.20041
4777.5662792746  6.923308
4777.73994465537  10.42813
4777.91361003614  12.94782
4778.08727541691  5.049363
4778.26094079768  16.05885
4778.43460617844  20.29323
4778.60827155921  1.690503
4778.78193693998  1.48814
4778.95560232075  12.27257
4779.12926770152  4.836701
4779.30293308229  3.987982
4779.47659846306  9.497528
4779.65026384383  4.926922
4779.8239292246  15.14632
4779.99759460537  14.90679
4780.17125998614  10.1463
4780.34492536691  -1.781881
4780.51859074768  8.798386
4780.69225612844  21.16717
4780.86592150921  6.911071
4781.03958688998  12.10259
4781.21325227075  26.14351
4781.38691765152  13.45392
4781.56058303229  6.743464
4781.73424841306  19.89837
4781.90791379383  17.33655
4782.0815791746  -1.787392
4782.25524455537  2.572528
4782.42890993614  27.92437
4782.6025753169  17.86175
4782.77624069767  2.951971
4782.94990607844  -6.15093
4783.12357145921  7.776849
4783.29723683998  5.537557
4783.47090222075  10.632
4783.64456760152  11.93563
4783.81823298229  16.77172
4783.99189836306  25.85001
4784.16556374383  11.5717
4784.3392291246  17.84709
4784.51289450536  41.22525
4784.68655988613  25.57561
4784.8602252669  20.18086
4785.03389064767  1.99542
4785.20755602844  34.00598
4785.38122140921  21.0654
4785.55488678998  15.90317
4785.72855217075  15.22891
4785.90221755152  26.12359
4786.07588293229  6.640603
4786.24954831306  -2.98644
4786.42321369382  10.06671
4786.59687907459  15.06737
4786.77054445536  10.82934
4786.94420983613  10.83504
4787.1178752169  14.38291
4787.29154059767  6.803338
4787.46520597844  22.79854
4787.63887135921  9.355722
4787.81253673998  3.622189
4787.98620212075  23.77817
4788.15986750152  22.82481
4788.33353288228  7.363348
4788.50719826305  19.03341
4788.68086364382  19.58203
4788.85452902459  18.69995
4789.02819440536  29.35823
4789.20185978613  16.33791
4789.3755251669  6.286064
4789.54919054767  17.14787
4789.72285592844  12.7816
4789.89652130921  13.99406
4790.07018668998  25.81282
4790.24385207074  29.0783
4790.41751745151  34.32825
4790.59118283228  15.00302
4790.76484821305  10.47429
4790.93851359382  28.12408
4791.11217897459  11.60797
4791.28584435536  -1.314483
4791.45950973613  37.28386
4791.6331751169  26.45938
4791.80684049767  15.25921
4791.98050587844  30.72232
4792.1541712592  17.33911
4792.32783663997  0.876332
4792.50150202074  7.348412
4792.67516740151  24.93892
4792.84883278228  28.56246
4793.02249816305  15.34925
4793.19616354382  21.71555
4793.36982892459  19.44953
4793.54349430536  13.47797
4793.71715968613  15.20754
4793.89082506689  18.3259
4794.06449044767  22.03395
4794.23815582843  23.5124
4794.4118212092  7.248106
4794.58548658997  18.05151
4794.75915197074  32.45333
4794.93281735151  30.67929
4795.10648273228  16.90601
4795.28014811305  4.668832
4795.45381349382  9.528679
4795.62747887459  11.26144
4795.80114425536  29.86748
4795.97480963612  34.03679
4796.14847501689  21.03949
4796.32214039766  19.61361
4796.49580577843  13.50664
4796.6694711592  15.13542
4796.84313653997  24.56514
4797.01680192074  20.78263
4797.19046730151  34.81196
4797.36413268228  40.22282
4797.53779806305  36.60972
4797.71146344382  25.62672
4797.88512882458  10.43569
4798.05879420535  4.767549
4798.23245958612  -2.464944
4798.40612496689  7.230741
4798.57979034766  32.21391
4798.75345572843  28.1363
4798.9271211092  35.74098
4799.10078648997  28.837
4799.27445187074  -5.681458
4799.44811725151  14.82083
4799.62178263228  7.635028
4799.79544801305  10.2707
4799.96911339381  1.627473
4800.14277877458  10.30838
4800.31644415535  -2.252033
4800.49010953612  4.352273
4800.66377491689  17.96865
4800.83744029766  27.41953
4801.01110567843  22.9173
4801.1847710592  22.37353
4801.35843643997  18.87246
4801.53210182074  2.268374
4801.70576720151  18.40531
4801.87943258227  39.85757
4802.05309796304  35.51013
4802.22676334381  15.92306
4802.40042872458  22.04622
4802.57409410535  13.85159
4802.74775948612  7.870547
4802.92142486689  21.37151
4803.09509024766  32.26443
4803.26875562843  25.02545
4803.4424210092  16.25434
4803.61608638996  19.02783
4803.78975177073  22.60946
4803.9634171515  26.15012
4804.13708253227  23.18193
4804.31074791304  33.06226
4804.48441329381  31.99698
4804.65807867458  25.90359
4804.83174405535  16.46978
4805.00540943612  4.628796
4805.17907481689  25.82877
4805.35274019766  19.06919
4805.52640557843  47.41093
4805.70007095919  37.10661
4805.87373633996  27.27862
4806.04740172073  25.09116
4806.2210671015  33.2479
4806.39473248227  18.50723
4806.56839786304  30.02778
4806.74206324381  21.73278
4806.91572862458  36.26426
4807.08939400535  33.813
4807.26305938612  22.23367
4807.43672476689  33.99541
4807.61039014765  43.21709
4807.78405552842  32.96174
4807.95772090919  23.39616
4808.13138628996  16.41962
4808.30505167073  25.3649
4808.4787170515  49.46575
4808.65238243227  52.10091
4808.82604781304  43.56781
4808.99971319381  18.76969
4809.17337857458  14.42784
4809.34704395535  16.30112
4809.52070933611  23.57261
4809.69437471688  39.43698
4809.86804009765  39.27748
4810.04170547842  23.56649
4810.21537085919  30.23181
4810.38903623996  22.59403
4810.56270162073  19.6787
4810.7363670015  24.6252
4810.91003238227  21.13426
4811.08369776304  20.30359
4811.2573631438  21.14987
4811.43102852457  13.2851
4811.60469390534  25.2559
4811.77835928611  28.60495
4811.95202466688  28.97618
4812.12569004765  35.28239
4812.29935542842  11.7862
4812.47302080919  27.37181
4812.64668618996  31.96791
4812.82035157073  22.43805
4812.9940169515  28.11145
4813.16768233227  55.6263
4813.34134771303  32.67096
4813.5150130938  35.39725
4813.68867847457  36.57137
4813.86234385534  17.87595
4814.03600923611  16.3596
4814.20967461688  31.39765
4814.38333999765  28.47724
4814.55700537842  37.02019
4814.73067075919  50.06055
4814.90433613996  21.62749
4815.07800152073  10.02571
4815.25166690149  48.96248
4815.42533228226  40.09372
4815.59899766303  12.31933
4815.7726630438  31.4228
4815.94632842457  30.41746
4816.11999380534  16.86684
4816.29365918611  14.02165
4816.46732456688  -0.1075659
4816.64098994765  13.55168
4816.81465532842  32.80716
4816.98832070919  47.49714
4817.16198608996  44.12442
4817.33565147072  37.13632
4817.50931685149  37.00858
4817.68298223226  19.78823
4817.85664761303  36.77391
4818.0303129938  55.57447
4818.20397837457  30.91945
4818.37764375534  24.35773
4818.55130913611  41.72209
4818.72497451688  22.69125
4818.89863989765  18.09418
4819.07230527842  38.52222
4819.24597065918  54.87877
4819.41963603995  33.53037
4819.59330142072  40.82634
4819.76696680149  61.6829
4819.94063218226  42.33053
4820.11429756303  33.7552
4820.2879629438  40.40067
4820.46162832457  35.51902
4820.63529370534  27.49986
4820.80895908611  27.78202
4820.98262446687  27.75074
4821.15628984764  44.35286
4821.32995522841  51.30021
4821.50362060918  47.34119
4821.67728598995  45.89771
4821.85095137072  19.35935
4822.02461675149  31.01186
4822.19828213226  29.01902
4822.37194751303  39.04699
4822.5456128938  10.09003
4822.71927827457  14.41602
4822.89294365533  33.27862
4823.06660903611  37.81402
4823.24027441687  37.10921
4823.41393979764  44.46183
4823.58760517841  47.96733
4823.76127055918  54.54062
4823.93493593995  44.70975
4824.10860132072  27.23621
4824.28226670149  43.85824
4824.45593208226  58.75748
4824.62959746303  47.99652
4824.80326284379  40.97754
4824.97692822456  38.06543
4825.15059360533  37.01157
4825.3242589861  35.8204
4825.49792436687  43.26169
4825.67158974764  49.59721
4825.84525512841  35.37913
4826.01892050918  48.65892
4826.19258588995  24.52256
4826.36625127072  21.94035
4826.53991665149  39.31043
4826.71358203226  29.1266
4826.88724741302  53.22307
4827.06091279379  31.43818
4827.23457817456  33.03086
4827.40824355533  32.04668
4827.5819089361  26.81902
4827.75557431687  47.76815
4827.92923969764  37.05996
4828.10290507841  66.86816
4828.27657045918  70.39609
4828.45023583995  40.53382
4828.62390122072  33.39591
4828.79756660148  44.3706
4828.97123198225  39.15316
4829.14489736302  34.41744
4829.31856274379  26.4196
4829.49222812456  30.04102
4829.66589350533  29.87124
4829.8395588861  20.10887
4830.01322426687  20.34672
4830.18688964764  35.51166
4830.36055502841  52.93974
4830.53422040918  38.35847
4830.70788578994  24.20638
4830.88155117071  32.61497
4831.05521655148  39.0575
4831.22888193225  34.90199
4831.40254731302  40.3135
4831.57621269379  61.65654
4831.74987807456  52.56982
4831.92354345533  50.81981
4832.0972088361  52.08744
4832.27087421687  32.90484
4832.44453959764  37.35027
4832.6182049784  39.69402
4832.79187035917  52.79914
4832.96553573994  58.42101
4833.13920112071  52.24907
4833.31286650148  41.50083
4833.48653188225  21.13814
4833.66019726302  21.40387
4833.83386264379  20.108
4834.00752802456  54.72904
4834.18119340533  39.92925
4834.3548587861  44.71179
4834.52852416687  52.87354
4834.70218954763  63.90448
4834.8758549284  59.95311
4835.04952030917  28.3667
4835.22318568994  20.96832
4835.39685107071  60.11843
4835.57051645148  47.95623
4835.74418183225  25.14716
4835.91784721302  32.09352
4836.09151259379  29.43122
4836.26517797456  46.74248
4836.43884335533  59.94751
4836.61250873609  40.81758
4836.78617411686  44.76483
4836.95983949763  64.80418
4837.1335048784  44.66068
4837.30717025917  29.86261
4837.48083563994  41.54111
4837.65450102071  32.39804
4837.82816640148  29.92574
4838.00183178225  37.73706
4838.17549716302  48.47326
4838.34916254379  47.31125
4838.52282792455  51.29107
4838.69649330532  55.83189
4838.87015868609  31.81261
4839.04382406686  44.93136
4839.21748944763  49.69707
4839.3911548284  58.88313
4839.56482020917  44.5626
4839.73848558994  35.75493
4839.91215097071  38.72688
4840.08581635148  38.84673
4840.25948173224  56.59956
4840.43314711301  50.38143
4840.60681249378  41.5605
4840.78047787455  42.22551
4840.95414325532  47.26917
4841.12780863609  23.71974
4841.30147401686  43.0569
4841.47513939763  43.90752
4841.6488047784  50.9611
4841.82247015917  53.93661
4841.99613553994  41.04953
4842.16980092071  65.59227
4842.34346630147  53.94981
4842.51713168224  43.68201
4842.69079706301  53.93834
4842.86446244378  58.41085
4843.03812782455  27.49482
4843.21179320532  34.28611
4843.38545858609  47.24172
4843.55912396686  46.01289
4843.73278934763  58.66675
4843.9064547284  54.00502
4844.08012010917  49.75682
4844.25378548993  57.07123
4844.4274508707  47.42027
4844.60111625147  20.40256
4844.77478163224  20.36044
4844.94844701301  48.22245
4845.12211239378  41.10611
4845.29577777455  41.04689
4845.46944315532  55.52026
4845.64310853609  48.96659
4845.81677391686  74.56326
4845.99043929763  68.73148
4846.16410467839  38.56879
4846.33777005916  53.3434
4846.51143543993  60.82538
4846.6851008207  49.45417
4846.85876620147  51.08334
4847.03243158224  59.36707
4847.20609696301  43.36778
4847.37976234378  29.10416
4847.55342772455  30.88217
4847.72709310532  60.12477
4847.90075848609  53.99107
4848.07442386685  49.40376
4848.24808924762  48.9901
4848.42175462839  54.79945
4848.59542000916  32.89808
4848.76908538993  63.81322
4848.9427507707  55.03519
4849.11641615147  37.34515
4849.29008153224  32.83873
4849.46374691301  23.21093
4849.63741229378  78.58362
4849.81107767455  69.3924
4849.98474305531  49.20177
4850.15840843608  56.41896
4850.33207381685  54.54522
4850.50573919762  39.94907
4850.67940457839  49.04179
4850.85306995916  42.51483
4851.02673533993  40.62831
4851.2004007207  71.16327
4851.37406610147  52.03085
4851.54773148224  57.4424
4851.72139686301  34.84262
4851.89506224378  46.1954
4852.06872762454  57.68134
4852.24239300531  58.41096
4852.41605838608  44.60093
4852.58972376685  63.77369
4852.76338914762  57.15009
4852.93705452839  56.29206
4853.11071990916  64.51263
4853.28438528993  60.37096
4853.4580506707  50.09998
4853.63171605147  66.68295
4853.80538143223  82.18141
4853.979046813  71.21975
4854.15271219377  73.56647
4854.32637757454  43.22877
4854.50004295531  51.8939
4854.67370833608  74.47593
4854.84737371685  58.89358
4855.02103909762  59.69103
4855.19470447839  53.33459
4855.36836985916  43.91658
4855.54203523993  53.42798
4855.7157006207  64.33508
4855.88936600147  63.58166
4856.06303138223  69.15742
4856.236696763  71.09043
4856.41036214377  65.65944
4856.58402752454  48.38571
4856.75769290531  47.68282
4856.93135828608  67.77734
4857.10502366685  41.5007
4857.27868904762  51.4909
4857.45235442839  63.33643
4857.62601980915  62.85993
4857.79968518992  80.87453
4857.97335057069  78.95119
4858.14701595146  74.33031
4858.32068133223  57.2011
4858.494346713  58.12857
4858.66801209377  43.47445
4858.84167747454  56.57698
4859.01534285531  94.16136
4859.18900823608  86.99419
4859.36267361685  58.05606
4859.53633899762  70.21686
4859.71000437838  79.94666
4859.88366975915  73.07012
4860.05733513992  61.44194
4860.23100052069  43.61445
4860.40466590146  35.75251
4860.57833128223  71.89436
4860.751996663  77.57872
4860.92566204377  54.41006
4861.09932742454  52.67012
4861.27299280531  62.92438
4861.44665818608  66.65676
4861.62032356684  86.00966
4861.79398894761  79.98714
4861.96765432838  70.25445
4862.14131970915  58.42727
4862.31498508992  54.67263
4862.48865047069  60.62374
4862.66231585146  58.79826
4862.83598123223  52.65377
4863.009646613  70.20744
4863.18331199377  82.20218
4863.35697737454  64.12356
4863.53064275531  74.00549
4863.70430813607  67.33235
4863.87797351684  46.35234
4864.05163889761  57.81871
4864.22530427838  55.54237
4864.39896965915  55.94276
4864.57263503992  69.72278
4864.74630042069  72.21815
4864.91996580146  68.72322
4865.09363118223  48.47478
4865.267296563  53.97074
4865.44096194376  79.89091
4865.61462732453  59.07248
4865.7882927053  56.8527
4865.96195808607  69.4138
4866.13562346684  77.19833
4866.30928884761  64.85969
4866.48295422838  50.56863
4866.65661960915  71.02247
4866.83028498992  60.32432
4867.00395037069  72.59579
4867.17761575146  73.6179
4867.35128113223  57.20148
4867.52494651299  66.13516
4867.69861189376  75.97453
4867.87227727453  70.9537
4868.0459426553  43.49146
4868.21960803607  33.74237
4868.39327341684  55.56583
4868.56693879761  58.22622
4868.74060417838  42.47738
4868.91426955915  49.77926
4869.08793493992  47.12405
4869.26160032069  45.20229
4869.43526570145  48.6779
4869.60893108222  75.18525
4869.78259646299  77.56598
4869.95626184376  57.06156
4870.12992722453  48.36318
4870.3035926053  57.7207
4870.47725798607  51.28268
4870.65092336684  78.94713
4870.82458874761  67.77604
4870.99825412838  56.41278
4871.17191950915  69.67632
4871.34558488991  68.18069
4871.51925027068  63.75851
4871.69291565145  72.11831
4871.86658103222  67.67969
4872.04024641299  57.82802
4872.21391179376  44.53045
4872.38757717453  67.30098
4872.5612425553  60.63752
4872.73490793607  55.78986
4872.90857331684  68.3394
4873.0822386976  77.68756
4873.25590407838  53.85775
4873.42956945914  44.72729
4873.60323483991  25.1431
4873.77690022068  48.25109
4873.95056560145  70.97017
4874.12423098222  58.53045
4874.29789636299  54.60163
4874.47156174376  56.92464
4874.64522712453  41.69602
4874.8188925053  50.38894
4874.99255788607  56.72176
4875.16622326683  49.53268
4875.3398886476  70.22344
4875.51355402837  60.78159
4875.68721940914  46.05785
4875.86088478991  53.31878
4876.03455017068  54.59988
4876.20821555145  37.4647
4876.38188093222  63.87943
4876.55554631299  53.52908
4876.72921169376  55.52517
4876.90287707453  59.83042
4877.07654245529  48.77349
4877.25020783606  62.78792
4877.42387321683  52.14929
4877.5975385976  55.5361
4877.77120397837  54.84641
4877.94486935914  48.21685
4878.11853473991  44.87572
4878.29220012068  50.07436
4878.46586550145  67.19447
4878.63953088222  46.12119
4878.81319626299  32.50343
4878.98686164375  47.94018
4879.16052702452  31.20999
4879.33419240529  25.00335
4879.50785778606  49.65956
4879.68152316683  48.08166
4879.8551885476  45.48955
4880.02885392837  54.52086
4880.20251930914  46.89959
4880.37618468991  49.22704
4880.54985007068  39.57219
4880.72351545145  43.25383
4880.89718083221  32.43043
4881.07084621298  37.111
4881.24451159375  46.54116
4881.41817697452  48.05772
4881.59184235529  57.63978
4881.76550773606  43.56013
4881.93917311683  33.55466
4882.1128384976  60.3581
4882.28650387837  67.91577
4882.46016925914  40.15956
4882.63383463991  48.07782
4882.80750002067  37.48123
4882.98116540144  52.04604
4883.15483078221  55.34534
4883.32849616298  57.40945
4883.50216154375  41.26997
4883.67582692452  25.84598
4883.84949230529  54.64298
4884.02315768606  41.24728
4884.19682306683  50.22319
4884.3704884476  58.57827
4884.54415382837  60.15247
4884.71781920913  54.12186
4884.8914845899  35.15009
4885.06514997067  27.59043
4885.23881535144  53.84862
4885.41248073221  44.44416
4885.58614611298  52.19806
4885.75981149375  57.65784
4885.93347687452  57.03526
4886.10714225529  35.29209
4886.28080763606  16.94158
4886.45447301683  40.67693
4886.62813839759  37.09878
4886.80180377836  38.70617
4886.97546915913  42.0302
4887.1491345399  42.56702
4887.32279992067  44.6685
4887.49646530144  61.83469
4887.67013068221  34.89834
4887.84379606298  28.56565
4888.01746144375  39.2268
4888.19112682452  48.24892
4888.36479220529  41.42876
4888.53845758606  35.72234
4888.71212296682  27.31886
4888.88578834759  37.76807
4889.05945372836  27.83971
4889.23311910913  36.48858
4889.4067844899  47.60133
4889.58044987067  48.43108
4889.75411525144  46.28238
4889.92778063221  33.38396
4890.10144601298  34.08439
4890.27511139375  33.58034
4890.44877677452  43.65225
4890.62244215528  53.84799
4890.79610753605  50.26109
4890.96977291682  46.23019
4891.14343829759  21.13813
4891.31710367836  22.86226
4891.49076905913  40.12354
4891.6644344399  41.14873
4891.83809982067  49.10341
4892.01176520144  42.25246
4892.18543058221  32.69346
4892.35909596298  36.91438
4892.53276134374  67.12511
4892.70642672451  58.46516
4892.88009210528  57.25478
4893.05375748605  56.50427
4893.22742286682  27.38141
4893.40108824759  28.7361
4893.57475362836  43.63824
4893.74841900913  43.53995
4893.9220843899  43.47593
4894.09574977067  37.95425
4894.26941515144  33.15825
4894.4430805322  34.87545
4894.61674591297  34.48366
4894.79041129374  14.77568
4894.96407667451  43.11756
4895.13774205528  46.10033
4895.31140743605  43.10165
4895.48507281682  55.68274
4895.65873819759  46.82887
4895.83240357836  31.5534
4896.00606895913  34.4265
4896.1797343399  30.39933
4896.35339972066  41.67128
4896.52706510143  38.53688
4896.7007304822  48.2724
4896.87439586297  50.74919
4897.04806124374  36.21055
4897.22172662451  25.43576
4897.39539200528  38.79801
4897.56905738605  21.4167
4897.74272276682  21.40141
4897.91638814759  20.81533
4898.09005352836  23.80556
4898.26371890912  38.10805
4898.43738428989  43.90903
4898.61104967066  42.00813
4898.78471505143  51.47069
4898.9583804322  28.58602
4899.13204581297  48.27863
4899.30571119374  36.60899
4899.47937657451  21.51181
4899.65304195528  25.00033
4899.82670733605  58.574
4900.00037271682  45.50766
4900.17403809758  28.37494
4900.34770347835  25.41945
4900.52136885912  24.32215
4900.69503423989  31.35298
4900.86869962066  34.09666
4901.04236500143  27.73396
4901.2160303822  29.84459
4901.38969576297  26.78931
4901.56336114374  45.33085
4901.73702652451  44.30994
4901.91069190528  31.83084
4902.08435728604  21.1967
4902.25802266681  21.45853
4902.43168804758  45.68568
4902.60535342835  18.28073
4902.77901880912  1.125697
4902.95268418989  34.96
4903.12634957066  48.97747
4903.30001495143  34.15999
4903.4736803322  25.89119
4903.64734571297  44.082
4903.82101109374  49.79562
4903.9946764745  44.64575
4904.16834185527  23.26566
4904.34200723604  11.70212
4904.51567261681  49.07751
4904.68933799758  40.90084
4904.86300337835  37.956
4905.03666875912  20.9918
4905.21033413989  19.62949
4905.38399952066  30.06194
4905.55766490143  45.84235
4905.7313302822  45.56722
4905.90499566297  28.00116
4906.07866104373  31.69771
4906.2523264245  28.33242
4906.42599180527  39.75995
4906.59965718604  42.94001
4906.77332256681  56.66098
4906.94698794758  27.36984
4907.12065332835  9.30067
4907.29431870912  43.10365
4907.46798408989  38.33561
4907.64164947066  26.12374
4907.81531485142  32.55309
4907.98898023219  45.95726
4908.16264561296  30.01724
4908.33631099373  11.64952
4908.5099763745  21.87254
4908.68364175527  49.11112
4908.85730713604  29.99678
4909.03097251681  32.90596
4909.20463789758  30.08058
4909.37830327835  40.34386
4909.55196865912  32.64599
4909.72563403989  30.99325
4909.89929942065  27.19043
4910.07296480142  22.92386
4910.24663018219  26.0971
4910.42029556296  39.94817
4910.59396094373  54.55351
4910.7676263245  20.66034
4910.94129170527  20.79725
4911.11495708604  26.97812
4911.28862246681  18.31335
4911.46228784758  12.22603
4911.63595322835  20.76913
4911.80961860911  40.85779
4911.98328398988  10.33115
4912.15694937065  32.50713
4912.33061475142  23.20785
4912.50428013219  41.00587
4912.67794551296  19.29169
4912.85161089373  15.01024
4913.0252762745  14.91272
4913.19894165527  12.71385
4913.37260703604  40.96682
4913.5462724168  41.04676
4913.71993779757  43.72219
4913.89360317834  45.58144
4914.06726855911  30.0003
4914.24093393988  15.71063
4914.41459932065  32.48389
4914.58826470142  10.38735
4914.76193008219  10.18986
4914.93559546296  2.181576
4915.10926084373  17.82039
4915.2829262245  19.80772
4915.45659160527  37.90044
4915.63025698603  39.78109
4915.8039223668  21.25696
4915.97758774757  32.43686
4916.15125312834  36.65474
4916.32491850911  16.58063
4916.49858388988  20.35488
4916.67224927065  18.23224
4916.84591465142  24.33505
4917.01958003219  45.67478
4917.19324541296  35.64868
4917.36691079373  37.59785
4917.5405761745  57.01249
4917.71424155526  28.73956
4917.88790693603  17.83937
4918.0615723168  19.35127
4918.23523769757  9.915993
4918.40890307834  34.23104
4918.58256845911  39.66639
4918.75623383988  7.751609
4918.92989922065  9.163309
4919.10356460142  15.014
4919.27722998219  16.86217
4919.45089536295  25.43447
4919.62456074372  25.21516
4919.79822612449  9.761568
4919.97189150526  24.33161
4920.14555688603  43.63876
4920.3192222668  33.72829
4920.49288764757  29.25116
4920.66655302834  20.92924
4920.84021840911  9.741562
4921.01388378988  -3.330279
4921.18754917065  29.08772
4921.36121455142  2.120179
4921.53487993218  16.87432
4921.70854531295  8.788249
4921.88221069372  32.0254
4922.05587607449  27.80951
4922.22954145526  26.16967
4922.40320683603  34.39054
4922.5768722168  18.70624
4922.75053759757  22.44875
4922.92420297834  18.71218
4923.09786835911  12.32596
4923.27153373987  26.44752
4923.44519912064  34.95564
4923.61886450141  35.09379
4923.79252988218  22.49876
4923.96619526295  52.10593
4924.13986064372  26.19942
4924.31352602449  35.33528
4924.48719140526  18.60737
4924.66085678603  -6.638959
4924.8345221668  -6.64809
4925.00818754757  1.399005
4925.18185292834  3.486138
4925.3555183091  15.06429
4925.52918368987  4.856863
4925.70284907064  27.16328
4925.87651445141  52.56093
4926.05017983218  16.20697
4926.22384521295  18.44027
4926.39751059372  16.81006
4926.57117597449  17.49933
4926.74484135526  6.971663
4926.91850673603  15.02456
4927.0921721168  4.038666
4927.26583749756  10.43611
4927.43950287833  26.64436
4927.6131682591  18.19082
4927.78683363987  13.74224
4927.96049902064  39.81517
4928.13416440141  46.84839
4928.30782978218  24.59332
4928.48149516295  19.13548
4928.65516054372  16.54276
4928.82882592449  33.21212
4929.00249130526  24.5146
4929.17615668602  9.741037
4929.34982206679  31.2596
4929.52348744756  22.82062
4929.69715282833  19.94507
4929.8708182091  21.21184
4930.04448358987  23.79737
4930.21814897064  34.35889
4930.39181435141  11.58139
4930.56547973218  14.45228
4930.73914511295  22.72896
4930.91281049372  12.26083
4931.08647587448  21.65097
4931.26014125525  26.99639
4931.43380663602  13.69901
4931.60747201679  12.41564
4931.78113739756  20.92282
4931.95480277833  7.047324
4932.1284681591  -10.80481
4932.30213353987  31.50801
4932.47579892064  9.939444
4932.64946430141  18.82907
4932.82312968218  20.95667
4932.99679506294  10.9408
4933.17046044371  7.967724
4933.34412582448  3.48193
4933.51779120525  5.316826
4933.69145658602  27.19594
4933.86512196679  -1.807868
4934.03878734756  4.896823
4934.21245272833  24.86633
4934.3861181091  11.6748
4934.55978348987  7.523203
4934.73344887064  20.60492
4934.9071142514  19.94551
4935.08077963217  8.173321
4935.25444501294  9.113171
4935.42811039371  17.41222
4935.60177577448  17.60192
4935.77544115525  23.71773
4935.94910653602  11.88197
4936.12277191679  -4.632578
4936.29643729756  10.77066
4936.47010267833  5.173611
4936.6437680591  12.19895
4936.81743343987  22.6455
4936.99109882063  11.45026
4937.1647642014  5.34047
4937.33842958217  -6.845775
4937.51209496294  3.712046
4937.68576034371  2.87729
4937.85942572448  6.779931
4938.03309110525  -0.7628406
4938.20675648602  22.28144
4938.38042186679  16.94044
4938.55408724756  -0.8508101
4938.72775262833  -3.399069
4938.90141800909  34.77288
4939.07508338986  14.43531
4939.24874877063  18.67322
4939.4224141514  10.34665
4939.59607953217  5.71916
4939.76974491294  20.25503
4939.94341029371  5.646646
4940.11707567448  6.955916
4940.29074105525  24.64135
4940.46440643602  11.40416
4940.63807181679  -5.210856
4940.81173719755  4.940642
4940.98540257832  7.25808
4941.15906795909  16.70357
4941.33273333986  20.40702
4941.50639872063  12.12733
4941.6800641014  12.10213
4941.85372948217  14.75134
4942.02739486294  0.7050971
4942.20106024371  11.0747
4942.37472562448  -5.970825
4942.54839100524  -0.2864364
4942.72205638601  22.11032
4942.89572176678  18.81105
4943.06938714755  -14.04586
4943.24305252832  1.61592
4943.41671790909  14.41423
4943.59038328986  20.14902
4943.76404867063  15.71527
4943.9377140514  10.75799
4944.11137943217  -15.35643
4944.28504481294  0.2654966
4944.4587101937  -10.79929
4944.63237557447  -5.10849
4944.80604095524  -14.27559
4944.97970633601  4.390428
4945.15337171678  15.51089
4945.32703709755  -7.40034
4945.50070247832  20.64299
4945.67436785909  23.72141
