4767.9202233369  91.82538
4768.09397497154  15.28608
4768.26772660619  -8.632969
4768.44147824083  1.549505
4768.61522987548  42.20599
4768.78898151012  58.86506
4768.96273314476  10.18003
4769.13648477941  33.44247
4769.31023641405  46.29276
4769.4839880487  -2.395682
4769.65773968334  20.76517
4769.83149131799  19.7649
4770.00524295263  17.82083
4770.17899458727  23.6414
4770.35274622192  34.65518
4770.52649785656  43.62327
4770.70024949121  27.25539
4770.87400112585  30.47488
4771.04775276049  33.88451
4771.22150439514  53.73414
4771.39525602978  36.2949
4771.56900766443  6.960926
4771.74275929907  17.71253
4771.91651093371  42.8939
4772.09026256836  57.38811
4772.264014203  50.62157
4772.43776583765  56.08117
4772.61151747229  11.08443
4772.78526910694  14.31992
4772.95902074158  36.84018
4773.13277237622  26.47698
4773.30652401087  36.93047
4773.48027564551  39.51423
4773.65402728015  57.83823
4773.8277789148  29.95951
4774.00153054944  9.544924
4774.17528218409  26.94493
4774.34903381873  3.325759
4774.52278545338  -3.253684
4774.69653708802  19.89767
4774.87028872266  19.13982
4775.04404035731  -8.704253
4775.21779199195  -4.504601
4775.3915436266  16.16094
4775.56529526124  28.32239
4775.73904689588  41.32836
4775.91279853053  57.52264
4776.08655016517  18.71357
4776.26030179982  43.40618
4776.43405343446  47.34797
4776.60780506911  12.29971
4776.78155670375  43.82658
4776.95530833839  37.39693
4777.12905997304  18.97392
4777.30281160768  23.11896
4777.47656324233  14.47963
4777.65031487697  -4.716471
4777.82406651161  15.31217
4777.99781814626  28.30691
4778.1715697809  20.95543
4778.34532141555  15.51727
4778.51907305019  53.29915
4778.69282468483  49.09708
4778.86657631948  18.27249
4779.04032795412  12.5128
4779.21407958877  24.71175
4779.38783122341  25.114
4779.56158285806  -5.561356
4779.7353344927  9.856842
4779.90908612734  30.36944
4780.08283776199  48.01843
4780.25658939663  50.51411
4780.43034103128  76.28906
4780.60409266592  36.85653
4780.77784430056  37.23829
4780.95159593521  23.60651
4781.12534756985  28.36843
4781.2990992045  63.37611
4781.47285083914  60.0473
4781.64660247378  50.55954
4781.82035410843  25.62833
4781.99410574307  11.09111
4782.16785737772  62.42459
4782.34160901236  30.50907
4782.515360647  37.85718
4782.68911228165  38.21214
4782.86286391629  13.44996
4783.03661555094  38.70127
4783.21036718558  70.82288
4783.38411882022  54.9356
4783.55787045487  28.08378
4783.73162208951  21.65362
4783.90537372416  52.48061
4784.0791253588  52.86691
4784.25287699345  17.99401
4784.42662862809  -3.948825
4784.60038026273  10.71365
4784.77413189738  43.47887
4784.94788353202  20.87107
4785.12163516667  57.35839
4785.29538680131  39.2249
4785.46913843595  41.62584
4785.6428900706  49.71612
4785.81664170524  60.0378
4785.99039333989  47.95114
4786.16414497453  55.35564
4786.33789660918  39.30479
4786.51164824382  42.60232
4786.68539987846  52.24803
4786.85915151311  63.21249
4787.03290314775  78.15019
4787.2066547824  60.96842
4787.38040641704  58.54579
4787.55415805168  63.56413
4787.72790968633  43.00084
4787.90166132097  42.33609
4788.07541295562  63.77503
4788.24916459026  48.41896
4788.4229162249  61.79769
4788.59666785955  41.74023
4788.77041949419  44.42764
4788.94417112884  56.55719
4789.11792276348  47.84319
4789.29167439812  29.89114
4789.46542603277  16.60931
4789.63917766741  60.34965
4789.81292930206  96.84038
4789.9866809367  61.86323
4790.16043257135  56.43319
4790.33418420599  65.51419
4790.50793584063  47.17627
4790.68168747528  28.8396
4790.85543910992  45.69732
4791.02919074457  68.91361
4791.20294237921  59.89617
4791.37669401385  93.33749
4791.5504456485  87.64226
4791.72419728314  62.14173
4791.89794891779  39.2372
4792.07170055243  33.25851
4792.24545218707  70.17958
4792.41920382172  62.12577
4792.59295545636  55.45298
4792.76670709101  71.33761
4792.94045872565  43.17293
4793.1142103603  52.58772
4793.28796199494  27.3752
4793.46171362958  56.50991
4793.63546526423  62.60718
4793.80921689887  91.90137
4793.98296853352  62.25372
4794.15672016816  46.16652
4794.3304718028  68.60187
4794.50422343745  76.03398
4794.67797507209  90.40257
4794.85172670674  59.63146
4795.02547834138  41.46241
4795.19922997602  62.94075
4795.37298161067  56.90834
4795.54673324531  60.21943
4795.72048487996  81.87212
4795.8942365146  72.01408
4796.06798814925  61.40928
4796.24173978389  42.02644
4796.41549141853  48.86776
4796.58924305318  65.8279
4796.76299468782  52.19321
4796.93674632247  81.26018
4797.11049795711  69.68733
4797.28424959175  77.39678
4797.4580012264  71.57758
4797.63175286104  61.04892
4797.80550449569  40.27392
4797.97925613033  74.51584
4798.15300776498  70.40263
4798.32675939962  81.98452
4798.50051103426  86.98954
4798.67426266891  52.33743
4798.84801430355  50.84206
4799.02176593819  19.85871
4799.19551757284  57.12681
4799.36926920748  54.74566
4799.54302084213  72.59782
4799.71677247677  101.9081
4799.89052411142  78.50532
4800.06427574606  71.666
4800.2380273807  87.8271
4800.41177901535  52.61832
4800.58553064999  74.03726
4800.75928228464  84.31847
4800.93303391928  59.38535
4801.10678555392  80.32957
4801.28053718857  102.6458
4801.45428882321  107.0188
4801.62804045786  93.90543
4801.8017920925  62.24777
4801.97554372715  70.35981
4802.14929536179  76.72578
4802.32304699643  52.22911
4802.49679863108  84.08543
4802.67055026572  112.2556
4802.84430190037  95.59663
4803.01805353501  102.7503
4803.19180516965  73.49623
4803.3655568043  67.65365
4803.53930843894  84.75105
4803.71306007359  65.97813
4803.88681170823  78.13454
4804.06056334287  65.6471
4804.23431497752  54.4291
4804.40806661216  47.20799
4804.58181824681  43.22963
4804.75556988145  65.6759
4804.92932151609  76.93871
4805.10307315074  53.98451
4805.27682478538  31.9146
4805.45057642003  63.60923
4805.62432805467  117.0117
4805.79807968932  94.34496
4805.97183132396  90.80722
4806.1455829586  125.4837
4806.31933459325  77.16917
4806.49308622789  73.55733
4806.66683786254  140.9539
4806.84058949718  95.63309
4807.01434113182  63.2103
4807.18809276647  83.70255
4807.36184440111  141.2119
4807.53559603576  95.31905
4807.7093476704  77.44273
4807.88309930505  88.48599
4808.05685093969  101.7098
4808.23060257433  119.4659
4808.40435420898  104.6535
4808.57810584362  96.01924
4808.75185747827  69.83742
4808.92560911291  41.08689
4809.09936074755  71.10729
4809.2731123822  72.01341
4809.44686401684  83.53896
4809.62061565149  78.0906
4809.79436728613  81.40357
4809.96811892077  105.7178
4810.14187055542  97.64168
4810.31562219006  75.56581
4810.48937382471  68.01909
4810.66312545935  116.2428
4810.83687709399  116.1583
4811.01062872864  52.1628
4811.18438036328  67.80795
4811.35813199793  102.2734
4811.53188363257  81.2673
4811.70563526721  115.9495
4811.87938690186  129.9081
4812.0531385365  86.24348
4812.22689017115  91.47411
4812.40064180579  94.4869
4812.57439344044  75.93748
4812.74814507508  96.11064
4812.92189670972  104.0565
4813.09564834437  59.97908
4813.26939997901  60.7522
4813.44315161366  94.03934
4813.6169032483  107.2522
4813.79065488295  83.50261
4813.96440651759  52.84687
4814.13815815223  70.88547
4814.31190978688  110.7724
4814.48566142152  171.1883
4814.65941305616  85.33128
4814.83316469081  85.69575
4815.00691632545  75.59709
4815.1806679601  85.72694
4815.35441959474  117.4249
4815.52817122939  99.11474
4815.70192286403  92.35129
4815.87567449867  82.86438
4816.04942613332  91.38535
4816.22317776796  93.61486
4816.39692940261  67.79852
4816.57068103725  90.84449
4816.74443267189  80.16595
4816.91818430654  89.11778
4817.09193594118  123.3666
4817.26568757583  122.8217
4817.43943921047  130.1506
4817.61319084512  97.77888
4817.78694247976  107.05
4817.9606941144  116.7647
4818.13444574905  105.4669
4818.30819738369  142.084
4818.48194901834  128.2217
4818.65570065298  100.5207
4818.82945228762  85.6815
4819.00320392227  166.2723
4819.17695555691  144.739
4819.35070719156  134.45
4819.5244588262  87.41816
4819.69821046084  70.06772
4819.87196209549  93.25243
4820.04571373013  88.78474
4820.21946536478  87.51146
4820.39321699942  95.46867
4820.56696863406  112.2688
4820.74072026871  123.4663
4820.91447190335  120.5541
4821.088223538  110.876
4821.26197517264  141.5021
4821.43572680729  134.1657
4821.60947844193  97.23191
4821.78323007657  126.1643
4821.95698171122  106.0782
4822.13073334586  92.14957
4822.30448498051  112.5742
4822.47823661515  86.64463
4822.65198824979  91.74208
4822.82573988444  137.7509
4822.99949151908  151.3788
4823.17324315373  112.1245
4823.34699478837  91.06612
4823.52074642302  134.8091
4823.69449805766  105.7772
4823.8682496923  102.4006
4824.04200132695  86.47648
4824.21575296159  96.31091
4824.38950459623  117.6588
4824.56325623088  88.87405
4824.73700786552  105.1726
4824.91075950017  129.0323
4825.08451113481  86.3912
4825.25826276946  83.73244
4825.4320144041  106.3034
4825.60576603874  92.44694
4825.77951767339  123.0484
4825.95326930803  127.7988
4826.12702094268  107.1133
4826.30077257732  150.5573
4826.47452421196  120.5457
4826.64827584661  81.90047
4826.82202748125  139.7828
4826.9957791159  157.9043
4827.16953075054  136.357
4827.34328238518  137.5119
4827.51703401983  135.3076
4827.69078565447  137.1933
4827.86453728912  136.8058
4828.03828892376  116.0821
4828.21204055841  110.4521
4828.38579219305  83.40327
4828.55954382769  101.4311
4828.73329546234  106.0732
4828.90704709698  143.2647
4829.08079873163  147.5635
4829.25455036627  107.2894
4829.42830200091  127.8571
4829.60205363556  125.9103
4829.7758052702  93.06398
4829.94955690485  112.4273
4830.12330853949  134.6425
4830.29706017414  110.469
4830.47081180878  122.6032
4830.64456344342  159.2582
4830.81831507807  110.0421
4830.99206671271  109.9144
4831.16581834736  187.6653
4831.339569982  154.2807
4831.51332161664  115.8737
4831.68707325129  142.2075
4831.86082488593  145.1473
4832.03457652058  125.3371
4832.20832815522  117.9588
4832.38207978986  159.5295
4832.55583142451  131.6871
4832.72958305915  116.7148
4832.9033346938  117.8171
4833.07708632844  142.1433
4833.25083796309  108.6888
4833.42458959773  106.8405
4833.59834123237  119.5991
4833.77209286702  157.6954
4833.94584450166  146.626
4834.11959613631  97.18031
4834.29334777095  98.00221
4834.46709940559  131.6454
4834.64085104024  133.8429
4834.81460267488  129.0858
4834.98835430953  115.4859
4835.16210594417  109.3457
4835.33585757881  157.6826
4835.50960921346  135.2353
4835.6833608481  110.9219
4835.85711248275  100.6005
4836.03086411739  93.99161
4836.20461575203  81.81891
4836.37836738668  124.455
4836.55211902132  171.309
4836.72587065597  132.4326
4836.89962229061  128.8592
4837.07337392526  143.3002
4837.2471255599  107.767
4837.42087719454  91.951
4837.59462882919  150.0879
4837.76838046383  147.7065
4837.94213209848  135.6394
4838.11588373312  139.5017
4838.28963536776  142.2045
4838.46338700241  162.953
4838.63713863705  127.0949
4838.8108902717  129.5512
4838.98464190634  159.1005
4839.15839354098  140.836
4839.33214517563  183.3436
4839.50589681027  120.4986
4839.67964844492  153.1757
4839.85340007956  118.6629
4840.02715171421  123.3523
4840.20090334885  142.1041
4840.37465498349  159.9901
4840.54840661814  162.5465
4840.72215825278  125.0487
4840.89590988743  152.8558
4841.06966152207  117.9375
4841.24341315671  148.3206
4841.41716479136  168.6941
4841.590916426  152.4521
4841.76466806065  125.9375
4841.93841969529  146.4357
4842.11217132993  175.3731
4842.28592296458  187.0696
4842.45967459922  156.3826
4842.63342623387  149.2472
4842.80717786851  158.2932
4842.98092950316  140.3998
4843.1546811378  131.6359
4843.32843277244  148.0257
4843.50218440709  146.2853
4843.67593604173  125.3943
4843.84968767638  129.2123
4844.02343931102  136.7131
4844.19719094566  173.676
4844.37094258031  196.3503
4844.54469421495  177.2072
4844.7184458496  137.2977
4844.89219748424  98.07423
4845.06594911888  113.8222
4845.23970075353  136.433
4845.41345238817  135.6906
4845.58720402282  129.295
4845.76095565746  164.2248
4845.93470729211  182.0688
4846.10845892675  133.6251
4846.28221056139  145.1316
4846.45596219604  158.6013
4846.62971383068  154.9949
4846.80346546533  149.9919
4846.97721709997  133.2912
4847.15096873461  163.5004
4847.32472036926  184.6552
4847.4984720039  201.3124
4847.67222363854  167.2371
4847.84597527319  149.3839
4848.01972690783  161.6976
4848.19347854248  142.8995
4848.36723017712  242.3185
4848.54098181177  224.8026
4848.71473344641  184.8307
4848.88848508105  198.9007
4849.0622367157  181.3403
4849.23598835034  185.7254
4849.40973998499  211.9587
4849.58349161963  185.4159
4849.75724325428  198.759
4849.93099488892  207.9817
4850.10474652356  164.1817
4850.27849815821  187.0332
4850.45224979285  216.6846
4850.6260014275  201.0934
4850.79975306214  187.3918
4850.97350469678  166.1871
4851.14725633143  185.4368
4851.32100796607  226.6601
4851.49475960072  210.201
4851.66851123536  238.5171
4851.84226287  222.8754
4852.01601450465  177.7394
4852.18976613929  119.5423
4852.36351777394  172.09
4852.53726940858  196.9659
4852.71102104323  222.0978
4852.88477267787  190.4772
4853.05852431251  188.4915
4853.23227594716  184.5117
4853.4060275818  234.1778
4853.57977921645  242.6694
4853.75353085109  271.9799
4853.92728248573  275.2196
4854.10103412038  243.4594
4854.27478575502  215.2624
4854.44853738967  192.7121
4854.62228902431  210.3591
4854.79604065895  232.0931
4854.9697922936  214.409
4855.14354392824  189.793
4855.31729556289  162.0404
4855.49104719753  149.6742
4855.66479883218  220.7981
4855.83855046682  169.2926
4856.01230210146  173.7741
4856.18605373611  218.3423
4856.35980537075  179.5681
4856.5335570054  178.5228
4856.70730864004  205.0987
4856.88106027468  214.6359
4857.05481190933  186.6115
4857.22856354397  167.9034
4857.40231517862  220.136
4857.57606681326  244.5257
4857.7498184479  213.443
4857.92357008255  201.8618
4858.09732171719  195.0471
4858.27107335184  171.2527
4858.44482498648  155.3523
4858.61857662112  195.4475
4858.79232825577  169.6152
4858.96607989041  154.4584
4859.13983152506  172.3861
4859.3135831597  161.381
4859.48733479435  162.4314
4859.66108642899  169.3262
4859.83483806363  152.1406
4860.00858969828  157.2011
4860.18234133292  185.3227
4860.35609296757  196.5841
4860.52984460221  177.3232
4860.70359623685  182.6967
4860.8773478715  210.8952
4861.05109950614  187.8921
4861.22485114079  166.1899
4861.39860277543  176.4373
4861.57235441007  196.8716
4861.74610604472  136.3556
4861.91985767936  159.3786
4862.09360931401  162.6091
4862.26736094865  185.0122
4862.4411125833  196.8911
4862.61486421794  180.3273
4862.78861585258  204.7678
4862.96236748723  195.3013
4863.13611912187  178.2923
4863.30987075652  178.5693
4863.48362239116  174.8993
4863.6573740258  158.2156
4863.83112566045  184.6965
4864.00487729509  173.0043
4864.17862892974  163.1177
4864.35238056438  185.3259
4864.52613219902  186.039
4864.69988383367  144.4022
4864.87363546831  174.2427
4865.04738710296  189.3148
4865.2211387376  178.9151
4865.39489037225  199.2538
4865.56864200689  196.4181
4865.74239364153  158.5045
4865.91614527618  148.428
4866.08989691082  198.9692
4866.26364854547  203.7143
4866.43740018011  187.6311
4866.61115181475  172.9485
4866.7849034494  212.7872
4866.95865508404  191.0563
4867.13240671869  166.335
4867.30615835333  167.4165
4867.47990998798  174.4964
4867.65366162262  182.5453
4867.82741325726  178.5906
4868.00116489191  167.5999
4868.17491652655  184.243
4868.34866816119  249.5822
4868.52241979584  204.039
4868.69617143048  173.378
4868.86992306513  185.4053
4869.04367469977  121.8752
4869.21742633442  167.4539
4869.39117796906  190.8549
4869.5649296037  193.6837
4869.73868123835  181.0462
4869.91243287299  157.5585
4870.08618450764  125.5642
4870.25993614228  182.3892
4870.43368777693  200.9313
4870.60743941157  177.1299
4870.78119104621  165.8311
4870.95494268086  173.5027
4871.1286943155  179.123
4871.30244595014  154.9106
4871.47619758479  130.4108
4871.64994921943  176.7524
4871.82370085408  150.6293
4871.99745248872  143.1336
4872.17120412337  162.9995
4872.34495575801  182.6926
4872.51870739265  159.6416
4872.6924590273  152.328
4872.86621066194  197.5085
4873.03996229659  138.3251
4873.21371393123  120.4931
4873.38746556587  187.2472
4873.56121720052  82.17303
4873.73496883516  118.0919
4873.90872046981  153.6029
4874.08247210445  156.0088
4874.25622373909  176.7474
4874.42997537374  158.6129
4874.60372700838  199.8999
4874.77747864303  195.8627
4874.95123027767  134.2108
4875.12498191232  116.1066
4875.29873354696  157.8553
4875.4724851816  126.8222
4875.64623681625  162.129
4875.81998845089  161.3628
4875.99374008554  149.7024
4876.16749172018  176.83
4876.34124335482  165.8623
4876.51499498947  148.2932
4876.68874662411  125.6503
4876.86249825876  176.4745
4877.0362498934  139.1071
4877.21000152805  142.1647
4877.38375316269  138.7972
4877.55750479733  136.9467
4877.73125643198  111.7428
4877.90500806662  109.2762
4878.07875970126  123.0264
4878.25251133591  131.6114
4878.42626297055  138.5445
4878.6000146052  161.868
4878.77376623984  148.962
4878.94751787449  127.3463
4879.12126950913  152.1615
4879.29502114377  171.8511
4879.46877277842  149.5266
4879.64252441306  147.7524
4879.81627604771  151.8577
4879.99002768235  135.531
4880.16377931699  108.2202
4880.33753095164  159.9395
4880.51128258628  179.5
4880.68503422093  162.8635
4880.85878585557  178.9104
4881.03253749022  177.545
4881.20628912486  152.3015
4881.3800407595  169.0066
4881.55379239415  154.1932
4881.72754402879  148.1638
4881.90129566344  174.2437
4882.07504729808  132.5997
4882.24879893272  154.1284
4882.42255056737  167.6218
4882.59630220201  157.9432
4882.77005383666  166.6953
4882.9438054713  182.8176
4883.11755710594  141.0031
4883.29130874059  171.0017
4883.46506037523  156.5531
4883.63881200988  140.4196
4883.81256364452  180.2523
4883.98631527916  140.8699
4884.16006691381  125.6103
4884.33381854845  170.081
4884.5075701831  118.1386
4884.68132181774  135.8694
4884.85507345239  150.1579
4885.02882508703  158.2439
4885.20257672167  84.23846
4885.37632835632  143.7055
4885.55007999096  176.4409
4885.72383162561  136.9938
4885.89758326025  135.0878
4886.0713348949  138.1434
4886.24508652954  129.3841
4886.41883816418  135.6833
4886.59258979883  160.9145
4886.76634143347  112.1686
4886.94009306812  144.0243
4887.11384470276  137.1415
4887.2875963374  116.1651
4887.46134797205  130.1439
4887.63509960669  144.2024
4887.80885124134  125.8208
4887.98260287598  136.3297
4888.15635451062  147.8288
4888.33010614527  162.4322
4888.50385777991  126.2845
4888.67760941456  133.2257
4888.8513610492  113.8812
4889.02511268384  88.61542
4889.19886431849  107.9585
4889.37261595313  149.9701
4889.54636758778  133.0799
4889.72011922242  128.3884
4889.89387085706  121.0395
4890.06762249171  131.5222
4890.24137412635  157.2836
4890.415125761  114.0946
4890.58887739564  145.1197
4890.76262903029  148.5238
4890.93638066493  146.6434
4891.11013229957  126.8055
4891.28388393422  151.0387
4891.45763556886  145.0718
4891.63138720351  115.0711
4891.80513883815  185.9167
4891.97889047279  143.1976
4892.15264210744  126.7739
4892.32639374208  127.7628
4892.50014537673  160.1882
4892.67389701137  121.4109
4892.84764864601  114.2825
4893.02140028066  123.8689
4893.1951519153  118.0062
4893.36890354995  129.4989
4893.54265518459  108.7995
4893.71640681924  75.36068
4893.89015845388  94.45168
4894.06391008852  100.3892
4894.23766172317  94.60924
4894.41141335781  119.8979
4894.58516499246  104.3456
4894.7589166271  131.3887
4894.93266826174  158.6232
4895.10641989639  130.3028
4895.28017153103  117.075
4895.45392316568  94.13509
4895.62767480032  92.00446
4895.80142643497  114.2049
4895.97517806961  80.86243
4896.14892970425  117.5069
4896.3226813389  124.4472
4896.49643297354  98.86042
4896.67018460819  86.27025
4896.84393624283  142.2675
4897.01768787747  90.94967
4897.19143951212  100.0776
4897.36519114676  118.9862
4897.53894278141  138.9168
4897.71269441605  133.9202
4897.88644605069  139.4045
4898.06019768534  138.9317
4898.23394931998  143.0234
4898.40770095463  115.8839
4898.58145258927  111.2443
4898.75520422392  90.32521
4898.92895585856  100.2542
4899.1027074932  144.9358
4899.27645912785  148.6716
4899.45021076249  109.0164
4899.62396239713  121.6753
4899.79771403178  108.0968
4899.97146566642  108.0149
4900.14521730107  100.5577
4900.31896893571  112.1211
4900.49272057036  136.4953
4900.666472205  135.8888
4900.84022383964  123.5553
4901.01397547429  125.1119
4901.18772710893  127.0393
4901.36147874358  127.3915
4901.53523037822  124.8942
4901.70898201286  125.0429
4901.88273364751  124.9413
4902.05648528215  136.5756
4902.2302369168  122.1539
4902.40398855144  112.3524
4902.57774018608  95.04501
4902.75149182073  75.92618
4902.92524345537  74.76846
4903.09899509002  111.6142
4903.27274672466  114.1026
4903.44649835931  80.21626
4903.62024999395  125.9986
4903.79400162859  156.0238
4903.96775326324  118.6919
4904.14150489788  110.0826
4904.31525653253  111.9991
4904.48900816717  83.30061
4904.66275980181  112.7967
4904.83651143646  93.53807
4905.0102630711  94.29129
4905.18401470575  61.98291
4905.35776634039  67.01637
4905.53151797504  115.9331
4905.70526960968  111.135
4905.87902124432  108.228
4906.05277287897  142.982
4906.22652451361  145.8454
4906.40027614826  119.2341
4906.5740277829  90.20628
4906.74777941754  96.04541
4906.92153105219  57.31644
4907.09528268683  56.91825
4907.26903432148  79.96591
4907.44278595612  92.13309
4907.61653759076  84.94523
4907.79028922541  93.17877
4907.96404086005  99.6172
4908.1377924947  132.6385
4908.31154412934  91.6823
4908.48529576399  107.4349
4908.65904739863  57.14417
4908.83279903327  118.804
4909.00655066792  102.575
4909.18030230256  103.8835
4909.35405393721  89.8147
4909.52780557185  75.10854
4909.70155720649  82.32038
4909.87530884114  113.4259
4910.04906047578  114.5315
4910.22281211043  93.85072
4910.39656374507  102.2698
4910.57031537971  115.1686
4910.74406701436  82.93652
4910.917818649  91.47211
4911.09157028365  84.62903
4911.26532191829  112.0505
4911.43907355293  116.6592
4911.61282518758  101.0052
4911.78657682222  87.83788
4911.96032845687  129.6838
4912.13408009151  80.90078
4912.30783172615  76.14574
4912.4815833608  149.9422
4912.65533499544  110.3721
4912.82908663009  58.72834
4913.00283826473  62.21555
4913.17658989937  94.15665
4913.35034153402  100.0449
4913.52409316866  95.76059
4913.69784480331  127.1564
4913.87159643795  83.08038
4914.0453480726  63.69121
4914.21909970724  75.797
4914.39285134188  94.34212
4914.56660297653  74.44955
4914.74035461117  66.80206
4914.91410624582  58.59674
4915.08785788046  73.28629
4915.26160951511  73.40546
4915.43536114975  58.6309
4915.60911278439  81.98257
4915.78286441904  82.38725
4915.95661605368  79.00348
4916.13036768833  93.35384
4916.30411932297  104.0972
4916.47787095761  68.64794
4916.65162259226  61.60815
4916.8253742269  40.16192
4916.99912586155  64.08476
4917.17287749619  76.66526
4917.34662913083  70.13485
4917.52038076548  114.9405
4917.69413240012  97.26122
4917.86788403477  95.98195
4918.04163566941  78.14288
4918.21538730405  103.1912
4918.3891389387  52.10358
4918.56289057334  64.08472
4918.73664220799  59.66266
4918.91039384263  81.46294
4919.08414547728  91.13492
4919.25789711192  69.79112
4919.43164874656  56.30305
4919.60540038121  49.236
4919.77915201585  76.85374
4919.9529036505  75.97339
4920.12665528514  49.91233
4920.30040691978  39.07576
4920.47415855443  45.84917
4920.64791018907  48.11125
4920.82166182372  72.48442
4920.99541345836  59.69024
4921.169165093  23.15343
4921.34291672765  64.56434
4921.51666836229  83.64355
4921.69041999694  21.03419
4921.86417163158  44.40635
4922.03792326623  75.79761
4922.21167490087  79.16951
4922.38542653551  60.20662
4922.55917817016  40.08544
4922.7329298048  64.12735
4922.90668143945  58.21301
4923.08043307409  89.28389
4923.25418470873  50.98135
4923.42793634338  73.65172
4923.60168797802  63.5146
4923.77543961267  53.1783
4923.94919124731  73.16805
4924.12294288195  79.59861
4924.2966945166  68.3521
4924.47044615124  43.39452
4924.64419778589  63.11253
4924.81794942053  61.7416
4924.99170105518  103.9221
4925.16545268982  101.8837
4925.33920432446  26.89149
4925.51295595911  50.11746
4925.68670759375  84.18249
4925.8604592284  43.80683
4926.03421086304  86.75293
4926.20796249768  36.49139
4926.38171413233  60.81922
4926.55546576697  74.62814
4926.72921740162  66.19543
4926.90296903626  47.66228
4927.0767206709  32.8195
4927.25047230555  70.13302
4927.42422394019  87.46889
4927.59797557484  64.92324
4927.77172720948  24.8907
4927.94547884412  50.77697
4928.11923047877  51.49462
4928.29298211341  56.82737
4928.46673374806  54.03096
4928.6404853827  56.4573
4928.81423701735  53.37017
4928.98798865199  37.19933
4929.16174028663  40.01345
4929.33549192128  63.14621
4929.50924355592  64.0983
4929.68299519057  76.95007
4929.85674682521  73.51637
4930.03049845985  39.18622
4930.2042500945  29.55314
4930.37800172914  51.33776
4930.55175336379  59.26741
4930.72550499843  84.17876
4930.89925663307  48.2629
4931.07300826772  38.66486
4931.24675990236  74.53271
4931.42051153701  85.47107
4931.59426317165  76.85389
4931.7680148063  66.63787
4931.94176644094  59.72573
4932.11551807558  54.28898
4932.28926971023  37.40332
4932.46302134487  64.73532
4932.63677297952  52.53099
4932.81052461416  46.59988
4932.9842762488  53.6652
4933.15802788345  84.98669
4933.33177951809  40.74046
4933.50553115274  24.04096
4933.67928278738  54.75619
4933.85303442202  53.24548
4934.02678605667  28.59232
4934.20053769131  35.12646
4934.37428932596  47.26746
4934.5480409606  55.80946
4934.72179259525  52.55602
4934.89554422989  29.90662
4935.06929586453  47.41895
4935.24304749918  45.63991
4935.41679913382  48.93839
4935.59055076846  39.91063
4935.76430240311  21.90102
4935.93805403775  55.15386
4936.1118056724  37.05216
4936.28555730704  38.01693
4936.45930894169  54.39817
4936.63306057633  47.42435
4936.80681221097  63.34312
4936.98056384562  25.63183
4937.15431548026  23.45478
4937.32806711491  31.19563
4937.50181874955  20.4236
4937.6755703842  30.05048
4937.84932201884  25.1568
4938.02307365348  30.70561
4938.19682528813  48.31087
4938.37057692277  59.66726
4938.54432855742  41.64241
4938.71808019206  8.04834
4938.8918318267  32.48908
4939.06558346135  29.59775
4939.23933509599  50.33303
4939.41308673064  40.2542
4939.58683836528  27.84109
4939.76058999993  14.79658
4939.93434163457  40.89335
4940.10809326921  39.83455
4940.28184490386  37.43641
4940.4555965385  41.96339
4940.62934817315  22.28394
4940.80309980779  17.78384
4940.97685144243  30.78299
4941.15060307708  35.41381
4941.32435471172  52.07288
4941.49810634637  57.7827
4941.67185798101  9.817883
4941.84560961565  -14.86987
4942.0193612503  48.77199
4942.19311288494  34.55229
4942.36686451959  28.08721
4942.54061615423  21.30655
4942.71436778887  34.5296
4942.88811942352  52.80315
4943.06187105816  53.21498
4943.23562269281  16.57149
4943.40937432745  29.32097
4943.58312596209  -24.62456
4943.75687759674  16.1342
4943.93062923138  42.30724
4944.10438086603  50.46162
4944.27813250067  33.67373
4944.45188413532  30.54037
4944.62563576996  37.76506
4944.7993874046  40.26484
4944.97313903925  40.53648
4945.14689067389  -13.34936
4945.32064230854  -11.12748
4945.49439394318  56.24873
4945.66814557783  27.6598
