4768.0036009122  78.49268
4768.17730614352  -38.44455
4768.35101137485  -17.06004
4768.52471660617  23.62532
4768.69842183749  53.79136
4768.87212706881  75.68433
4769.04583230014  38.11549
4769.21953753146  32.72066
4769.39324276278  57.05982
4769.5669479941  15.34897
4769.74065322543  6.283068
4769.91435845675  33.80843
4770.08806368807  -30.74238
4770.26176891939  -10.4531
4770.43547415072  49.54675
4770.60917938204  55.41017
4770.78288461336  9.262001
4770.95658984468  -6.924819
4771.13029507601  -4.31309
4771.30400030733  15.49029
4771.47770553865  31.9939
4771.65141076997  29.18591
4771.8251160013  36.79831
4771.99882123262  60.68613
4772.17252646394  63.6817
4772.34623169526  24.88433
4772.51993692659  7.31855
4772.69364215791  45.74522
4772.86734738923  34.13651
4773.04105262055  72.12927
4773.21475785188  45.88098
4773.3884630832  30.15852
4773.56216831452  17.8859
4773.73587354584  14.89412
4773.90957877717  16.72592
4774.08328400849  5.508251
4774.25698923981  40.09065
4774.43069447114  65.82638
4774.60439970246  23.56298
4774.77810493378  16.72002
4774.9518101651  -46.80161
4775.12551539643  -15.33158
4775.29922062775  17.12677
4775.47292585907  37.84277
4775.64663109039  44.09738
4775.82033632172  0.2711125
4775.99404155304  5.15377
4776.16774678436  -2.01911
4776.34145201568  -5.251323
4776.51515724701  25.2536
4776.68886247833  16.14243
4776.86256770965  -16.31056
4777.03627294097  -33.83822
4777.2099781723  25.77802
4777.38368340362  46.37377
4777.55738863494  6.983826
4777.73109386626  17.26747
4777.90479909759  64.26479
4778.07850432891  46.34148
4778.25220956023  10.1706
4778.42591479155  4.062651
4778.59962002288  12.41994
4778.7733252542  -0.7947776
4778.94703048552  2.651407
4779.12073571684  6.350671
4779.29444094817  -7.296997
4779.46814617949  27.9114
4779.64185141081  13.69193
4779.81555664214  6.985643
4779.98926187346  20.31821
4780.16296710478  16.60523
4780.3366723361  -5.723477
4780.51037756743  35.41495
4780.68408279875  10.93001
4780.85778803007  13.41978
4781.03149326139  22.0011
4781.20519849272  40.58255
4781.37890372404  61.69621
4781.55260895536  53.25537
4781.72631418668  32.41129
4781.90001941801  0.8564653
4782.07372464933  9.402946
4782.24742988065  -10.41011
4782.42113511197  15.72406
4782.5948403433  72.52938
4782.76854557462  82.0902
4782.94225080594  34.86206
4783.11595603726  70.35118
4783.28966126858  46.45736
4783.46336649991  69.31913
4783.63707173123  46.01592
4783.81077696255  19.10653
4783.98448219388  54.36448
4784.1581874252  35.59102
4784.33189265652  23.85132
4784.50559788784  31.72781
4784.67930311917  0.2897776
4784.85300835049  34.02953
4785.02671358181  28.53934
4785.20041881313  27.11448
4785.37412404446  49.31345
4785.54782927578  33.71911
4785.7215345071  13.12656
4785.89523973842  37.87752
4786.06894496975  42.07391
4786.24265020107  2.73802
4786.41635543239  -10.98181
4786.59006066371  20.53861
4786.76376589504  38.75872
4786.93747112636  50.41209
4787.11117635768  59.96709
4787.284881589  11.41647
4787.45858682033  -12.64675
4787.63229205165  4.148594
4787.80599728297  38.43866
4787.9797025143  31.01086
4788.15340774562  -8.098514
4788.32711297694  42.76699
4788.50081820826  2.350206
4788.67452343958  63.5864
4788.84822867091  72.27766
4789.02193390223  62.13387
4789.19563913355  38.86783
4789.36934436488  -9.167227
4789.5430495962  5.697886
4789.71675482752  25.9457
4789.89046005884  38.49398
4790.06416529017  26.4819
4790.23787052149  61.30763
4790.41157575281  139.1028
4790.58528098413  82.23208
4790.75898621546  41.34254
4790.93269144678  38.49829
4791.1063966781  26.20601
4791.28010190942  37.30429
4791.45380714075  40.04976
4791.62751237207  52.5008
4791.80121760339  40.13711
4791.97492283471  25.42251
4792.14862806604  57.99003
4792.32233329736  58.93631
4792.49603852868  17.36932
4792.66974376  34.23187
4792.84344899133  65.68942
4793.01715422265  33.06192
4793.19085945397  25.07273
4793.36456468529  91.02689
4793.53826991662  65.49391
4793.71197514794  33.2839
4793.88568037926  73.57136
4794.05938561058  83.99615
4794.23309084191  67.52699
4794.40679607323  43.23281
4794.58050130455  -1.90723
4794.75420653588  14.72365
4794.9279117672  20.28859
4795.10161699852  37.06925
4795.27532222984  64.29201
4795.44902746117  26.80743
4795.62273269249  39.58575
4795.79643792381  47.76387
4795.97014315513  57.41406
4796.14384838645  50.36162
4796.31755361778  10.34672
4796.4912588491  46.02745
4796.66496408042  28.70011
4796.83866931174  22.68777
4797.01237454307  41.04438
4797.18607977439  58.46257
4797.35978500571  51.35114
4797.53349023704  53.74426
4797.70719546836  9.566233
4797.88090069968  -27.54355
4798.054605931  29.81189
4798.22831116233  67.05824
4798.40201639365  30.18565
4798.57572162497  38.2562
4798.74942685629  89.61115
4798.92313208762  74.82104
4799.09683731894  25.04076
4799.27054255026  44.34806
4799.44424778158  52.66671
4799.61795301291  71.25875
4799.79165824423  70.03171
4799.96536347555  26.3519
4800.13906870687  56.21232
4800.3127739382  70.81137
4800.48647916952  65.23328
4800.66018440084  69.29591
4800.83388963216  66.92135
4801.00759486349  43.14924
4801.18130009481  30.67503
4801.35500532613  32.22679
4801.52871055745  24.97696
4801.70241578878  -1.419514
4801.8761210201  -12.04516
4802.04982625142  54.09006
4802.22353148274  63.22514
4802.39723671407  22.76665
4802.57094194539  30.89837
4802.74464717671  63.1403
4802.91835240804  60.94041
4803.09205763936  34.31142
4803.26576287068  44.95477
4803.439468102  9.028825
4803.61317333332  40.19046
4803.78687856465  54.51104
4803.96058379597  71.91151
4804.13428902729  58.10103
4804.30799425862  6.020734
4804.48169948994  -4.25089
4804.65540472126  48.40073
4804.82910995258  67.42137
4805.00281518391  60.05495
4805.17652041523  73.64287
4805.35022564655  9.921002
4805.52393087787  50.90406
4805.6976361092  58.24513
4805.87134134052  55.91492
4806.04504657184  61.24939
4806.21875180316  69.7562
4806.39245703449  51.94018
4806.56616226581  77.636
4806.73986749713  57.63907
4806.91357272845  20.50289
4807.08727795978  35.26013
4807.2609831911  66.57262
4807.43468842242  60.71523
4807.60839365374  78.42226
4807.78209888507  58.79337
4807.95580411639  17.7502
4808.12950934771  59.06396
4808.30321457903  82.25449
4808.47691981036  36.53774
4808.65062504168  23.86863
4808.824330273  61.34761
4808.99803550432  84.25648
4809.17174073565  53.83293
4809.34544596697  49.80478
4809.51915119829  65.97565
4809.69285642962  140.6241
4809.86656166094  75.38972
4810.04026689226  49.91168
4810.21397212358  103.2842
4810.3876773549  48.45199
4810.56138258623  -5.627546
4810.73508781755  63.72939
4810.90879304887  71.06858
4811.08249828019  34.53798
4811.25620351152  55.87655
4811.42990874284  88.29992
4811.60361397416  66.08047
4811.77731920549  97.48718
4811.95102443681  123.0619
4812.12472966813  64.44382
4812.29843489945  68.8423
4812.47214013078  61.46907
4812.6458453621  109.7249
4812.81955059342  117.2989
4812.99325582474  1.310889
4813.16696105607  60.38828
4813.34066628739  47.26348
4813.51437151871  68.92287
4813.68807675003  45.99438
4813.86178198136  68.81746
4814.03548721268  67.77878
4814.209192444  77.20605
4814.38289767532  99.51959
4814.55660290665  99.49868
4814.73030813797  72.93233
4814.90401336929  58.91522
4815.07771860061  88.71912
4815.25142383194  83.01429
4815.42512906326  59.01842
4815.59883429458  87.50058
4815.7725395259  126.9462
4815.94624475723  127.1642
4816.11994998855  94.19477
4816.29365521987  31.7358
4816.46736045119  -5.154048
4816.64106568252  56.14938
4816.81477091384  76.0761
4816.98847614516  62.72626
4817.16218137649  56.25001
4817.33588660781  98.22899
4817.50959183913  35.55529
4817.68329707045  61.55199
4817.85700230178  94.29907
4818.0307075331  62.98804
4818.20441276442  83.47896
4818.37811799574  81.33508
4818.55182322707  67.07502
4818.72552845839  77.22739
4818.89923368971  52.63001
4819.07293892103  61.63898
4819.24664415236  82.71589
4819.42034938368  99.39523
4819.594054615  75.22141
4819.76775984632  52.58736
4819.94146507765  64.86524
4820.11517030897  79.77104
4820.28887554029  65.55145
4820.46258077161  56.33095
4820.63628600294  93.39361
4820.80999123426  50.49789
4820.98369646558  54.61606
4821.1574016969  81.78371
4821.33110692823  98.9531
4821.50481215955  85.97484
4821.67851739087  58.26123
4821.85222262219  47.43219
4822.02592785352  117.0669
4822.19963308484  77.29424
4822.37333831616  52.7453
4822.54704354748  70.54441
4822.72074877881  91.06814
4822.89445401013  102.5891
4823.06815924145  135.0026
4823.24186447278  71.70418
4823.4155697041  112.0174
4823.58927493542  97.74509
4823.76298016674  68.9042
4823.93668539807  26.68274
4824.11039062939  -1.412174
4824.28409586071  83.23076
4824.45780109203  73.25487
4824.63150632335  21.18902
4824.80521155468  95.00342
4824.978916786  106.4069
4825.15262201732  27.22462
4825.32632724865  22.86441
4825.50003247997  46.82914
4825.67373771129  20.92106
4825.84744294261  32.60138
4826.02114817393  22.66277
4826.19485340526  68.96233
4826.36855863658  60.95511
4826.5422638679  43.34583
4826.71596909923  68.75542
4826.88967433055  75.22623
4827.06337956187  62.69247
4827.23708479319  40.29232
4827.41079002452  105.9409
4827.58449525584  114.5442
4827.75820048716  67.86415
4827.93190571848  53.99648
4828.10561094981  70.28867
4828.27931618113  64.19855
4828.45302141245  64.74988
4828.62672664377  90.4756
4828.8004318751  111.2175
4828.97413710642  37.40587
4829.14784233774  65.42239
4829.32154756906  127.5759
4829.49525280039  116.7458
4829.66895803171  91.6852
4829.84266326303  72.42484
4830.01636849435  76.21891
4830.19007372568  53.88067
4830.363778957  35.68329
4830.53748418832  61.00277
4830.71118941965  95.51003
4830.88489465097  87.4191
4831.05859988229  2.854728
4831.23230511361  18.87052
4831.40601034493  85.75484
4831.57971557626  89.32852
4831.75342080758  64.48275
4831.9271260389  63.75438
4832.10083127023  67.30968
4832.27453650155  40.4876
4832.44824173287  105.094
4832.62194696419  141.7644
4832.79565219552  73.12784
4832.96935742684  44.03329
4833.14306265816  68.53213
4833.31676788948  103.2792
4833.49047312081  93.33945
4833.66417835213  101.3912
4833.83788358345  45.67796
4834.01158881477  54.13412
4834.1852940461  77.23453
4834.35899927742  74.25377
4834.53270450874  141.2877
4834.70640974006  153.3121
4834.88011497139  121.8351
4835.05382020271  94.88171
4835.22752543403  49.6883
4835.40123066535  108.2899
4835.57493589668  146.2869
4835.748641128  120.3343
4835.92234635932  90.92607
4836.09605159064  62.08701
4836.26975682197  84.01476
4836.44346205329  78.90961
4836.61716728461  61.86196
4836.79087251593  105.3046
4836.96457774726  130.8106
4837.13828297858  98.68993
4837.3119882099  79.89194
4837.48569344123  108.5514
4837.65939867255  103.7755
4837.83310390387  101.1294
4838.00680913519  93.8707
4838.18051436652  139.9328
4838.35421959784  118.7428
4838.52792482916  91.1517
4838.70163006048  55.96258
4838.8753352918  66.62141
4839.04904052313  100.6379
4839.22274575445  92.61042
4839.39645098577  133.3425
4839.57015621709  101.0925
4839.74386144842  116.3157
4839.91756667974  106.4341
4840.09127191106  67.82311
4840.26497714239  112.2046
4840.43868237371  105.4526
4840.61238760503  89.41313
4840.78609283635  116.2469
4840.95979806768  136.2113
4841.133503299  100.6797
4841.30720853032  88.13508
4841.48091376164  77.42842
4841.65461899297  119.0911
4841.82832422429  146.0454
4842.00202945561  86.73754
4842.17573468693  73.53487
4842.34943991826  96.77763
4842.52314514958  94.98207
4842.6968503809  123.8574
4842.87055561222  97.4561
4843.04426084355  88.31074
4843.21796607487  67.10297
4843.39167130619  84.8183
4843.56537653751  78.5546
4843.73908176884  73.87491
4843.91278700016  101.7774
4844.08649223148  97.84322
4844.2601974628  148.6518
4844.43390269413  162.4913
4844.60760792545  86.03503
4844.78131315677  94.72684
4844.95501838809  135.7702
4845.12872361942  99.54497
4845.30242885074  128.2662
4845.47613408206  159.1367
4845.64983931339  94.69112
4845.82354454471  81.12373
4845.99724977603  88.92323
4846.17095500735  96.57386
4846.34466023868  102.7385
4846.51836547  123.755
4846.69207070132  143.697
4846.86577593264  129.1632
4847.03948116396  136.3583
4847.21318639529  136.0879
4847.38689162661  110.9669
4847.56059685793  114.4415
4847.73430208926  70.12627
4847.90800732058  82.20331
4848.0817125519  104.0995
4848.25541778322  58.40993
4848.42912301455  82.00007
4848.60282824587  182.5638
4848.77653347719  100.2536
4848.95023870851  136.6017
4849.12394393984  123.7082
4849.29764917116  120.3054
4849.47135440248  122.067
4849.6450596338  90.51973
4849.81876486513  132.7571
4849.99247009645  123.4255
4850.16617532777  132.7847
4850.33988055909  124.4764
4850.51358579042  139.024
4850.68729102174  186.6667
4850.86099625306  193.2382
4851.03470148438  154.821
4851.20840671571  118.1155
4851.38211194703  163.9919
4851.55581717835  153.6935
4851.72952240967  178.8832
4851.903227641  145.0074
4852.07693287232  170.8029
4852.25063810364  144.2655
4852.42434333497  184.0257
4852.59804856629  132.1756
4852.77175379761  138.7052
4852.94545902893  153.5862
4853.11916426025  145.6232
4853.29286949158  166.6738
4853.4665747229  228.0157
4853.64027995422  217.9823
4853.81398518554  156.4432
4853.98769041687  145.4908
4854.16139564819  146.23
4854.33510087951  171.1832
4854.50880611084  197.8137
4854.68251134216  204.4703
4854.85621657348  181.8216
4855.0299218048  191.4623
4855.20362703613  138.976
4855.37733226745  104.5125
4855.55103749877  125.3812
4855.72474273009  140.8283
4855.89844796142  147.7825
4856.07215319274  183.2685
4856.24585842406  189.8732
4856.41956365538  199.5561
4856.59326888671  150.3888
4856.76697411803  182.1871
4856.94067934935  173.6852
4857.11438458067  157.8207
4857.288089812  204.9861
4857.46179504332  161.06
4857.63550027464  159.4707
4857.80920550596  206.2652
4857.98291073729  180.2307
4858.15661596861  158.9217
4858.33032119993  170.2618
4858.50402643125  221.152
4858.67773166258  198.2942
4858.8514368939  130.8656
4859.02514212522  165.1263
4859.19884735654  149.1759
4859.37255258787  160.1112
4859.54625781919  178.0964
4859.71996305051  126.8744
4859.89366828183  190.9509
4860.06737351316  198.6343
4860.24107874448  161.5317
4860.4147839758  145.4635
4860.58848920713  168.0853
4860.76219443845  188.7282
4860.93589966977  152.9425
4861.10960490109  121.481
4861.28331013241  170.1916
4861.45701536374  209.6074
4861.63072059506  123.0147
4861.80442582638  165.8426
4861.97813105771  206.9498
4862.15183628903  151.3013
4862.32554152035  177.5915
4862.49924675167  191.148
4862.672951983  155.3997
4862.84665721432  184.5617
4863.02036244564  243.3236
4863.19406767696  179.19
4863.36777290829  121.0294
4863.54147813961  158.3796
4863.71518337093  155.3697
4863.88888860225  152.5113
4864.06259383358  166.1138
4864.2362990649  149.7289
4864.41000429622  197.9351
4864.58370952754  172.8446
4864.75741475887  192.6524
4864.93111999019  216.4878
4865.10482522151  158.3494
4865.27853045283  176.2898
4865.45223568416  169.2401
4865.62594091548  179.3745
4865.7996461468  185.0362
4865.97335137812  131.6114
4866.14705660945  173.4767
4866.32076184077  166.0329
4866.49446707209  172.5203
4866.66817230341  200.2364
4866.84187753474  156.7687
4867.01558276606  133.6528
4867.18928799738  156.0377
4867.3629932287  158.2255
4867.53669846003  174.0166
4867.71040369135  157.1224
4867.88410892267  111.9577
4868.057814154  108.0351
4868.23151938532  98.18725
4868.40522461664  121.8137
4868.57892984796  141.1603
4868.75263507928  85.14071
4868.92634031061  166.1051
4869.10004554193  174.4358
4869.27375077325  134.9491
4869.44745600458  115.0926
4869.6211612359  111.8055
4869.79486646722  90.19961
4869.96857169854  98.89328
4870.14227692987  122.2466
4870.31598216119  118.1995
4870.48968739251  123.302
4870.66339262383  97.54934
4870.83709785516  188.187
4871.01080308648  133.8777
4871.1845083178  133.7013
4871.35821354912  85.73721
4871.53191878045  93.10367
4871.70562401177  128.92
4871.87932924309  105.7775
4872.05303447441  125.0106
4872.22673970574  120.8428
4872.40044493706  144.1748
4872.57415016838  131.3992
4872.7478553997  91.3016
4872.92156063103  150.2252
4873.09526586235  110.7633
4873.26897109367  173.4733
4873.44267632499  123.0512
4873.61638155632  35.08721
4873.79008678764  109.622
4873.96379201896  123.0941
4874.13749725028  98.58062
4874.31120248161  98.19112
4874.48490771293  105.0956
4874.65861294425  117.5326
4874.83231817558  104.021
4875.0060234069  127.0392
4875.17972863822  116.4311
4875.35343386954  118.3805
4875.52713910087  99.36471
4875.70084433219  124.9117
4875.87454956351  74.66338
4876.04825479483  76.85715
4876.22196002616  132.4812
4876.39566525748  131.0492
4876.5693704888  116.2787
4876.74307572012  91.71449
4876.91678095145  119.1256
4877.09048618277  100.7666
4877.26419141409  91.31345
4877.43789664541  136.6339
4877.61160187674  154.342
4877.78530710806  173.4769
4877.95901233938  133.9582
4878.1327175707  117.9967
4878.30642280203  97.58521
4878.48012803335  154.1108
4878.65383326467  126.1021
4878.82753849599  87.44174
4879.00124372732  117.5708
4879.17494895864  105.2567
4879.34865418996  98.97251
4879.52235942128  86.85384
4879.69606465261  107.5304
4879.86976988393  94.38768
4880.04347511525  100.7844
4880.21718034657  102.0315
4880.3908855779  131.5722
4880.56459080922  160.5135
4880.73829604054  86.38002
4880.91200127186  79.40815
4881.08570650319  103.1535
4881.25941173451  119.923
4881.43311696583  150.0551
4881.60682219715  172.1861
4881.78052742848  129.4919
4881.9542326598  93.42192
4882.12793789112  161.4819
4882.30164312244  143.0541
4882.47534835377  108.829
4882.64905358509  75.86919
4882.82275881641  127.2794
4882.99646404774  133.1625
4883.17016927906  113.9745
4883.34387451038  97.7301
4883.5175797417  92.96567
4883.69128497303  112.7534
4883.86499020435  76.94516
4884.03869543567  80.97675
4884.21240066699  115.9532
4884.38610589832  101.7364
4884.55981112964  109.6952
4884.73351636096  135.9577
4884.90722159228  82.32838
4885.08092682361  81.96609
4885.25463205493  83.33934
4885.42833728625  98.32069
4885.60204251757  73.97558
4885.7757477489  120.9476
4885.94945298022  61.29955
4886.12315821154  68.99065
4886.29686344286  80.97546
4886.47056867419  74.87944
4886.64427390551  79.15317
4886.81797913683  99.7161
4886.99168436815  112.9528
4887.16538959948  90.15406
4887.3390948308  85.52549
4887.51280006212  95.18526
4887.68650529344  113.5126
4887.86021052477  98.77489
4888.03391575609  78.6725
4888.20762098741  102.5144
4888.38132621873  131.8772
4888.55503145006  67.47345
4888.72873668138  14.5975
4888.9024419127  77.62492
4889.07614714403  61.0592
4889.24985237535  52.14783
4889.42355760667  58.44555
4889.59726283799  58.58741
4889.77096806932  106.3166
4889.94467330064  83.42538
4890.11837853196  68.68257
4890.29208376328  87.93826
4890.46578899461  131.2019
4890.63949422593  111.9529
4890.81319945725  131.3284
4890.98690468857  100.7636
4891.1606099199  101.4772
4891.33431515122  108.8354
4891.50802038254  70.32993
4891.68172561386  118.7661
4891.85543084519  99.60767
4892.02913607651  81.50005
4892.20284130783  93.92052
4892.37654653915  83.01898
4892.55025177048  106.036
4892.7239570018  126.2412
4892.89766223312  108.6974
4893.07136746444  161.7515
4893.24507269577  117.3989
4893.41877792709  95.07446
4893.59248315841  75.89678
4893.76618838973  66.18629
4893.93989362106  95.05204
4894.11359885238  132.106
4894.2873040837  126.291
4894.46100931502  123.9746
4894.63471454635  86.58377
4894.80841977767  94.37373
4894.98212500899  128.192
4895.15583024031  95.33424
4895.32953547164  69.31484
4895.50324070296  56.89456
4895.67694593428  57.63036
4895.8506511656  82.347
4896.02435639693  81.92283
4896.19806162825  137.4225
4896.37176685957  129.2232
4896.54547209089  128.9808
4896.71917732222  72.89645
4896.89288255354  116.4789
4897.06658778486  120.7346
4897.24029301619  129.5711
4897.41399824751  110.3308
4897.58770347883  71.91709
4897.76140871015  76.71616
4897.93511394148  68.00981
4898.1088191728  103.0951
4898.28252440412  71.73883
4898.45622963544  46.93083
4898.62993486677  98.71366
4898.80364009809  65.32581
4898.97734532941  75.54858
4899.15105056073  80.5043
4899.32475579206  93.46788
4899.49846102338  72.27941
4899.6721662547  83.54573
4899.84587148602  99.30695
4900.01957671735  61.83462
4900.19328194867  77.88365
4900.36698717999  90.04396
4900.54069241131  49.75723
4900.71439764264  56.27075
4900.88810287396  67.29908
4901.06180810528  65.11311
4901.2355133366  85.31747
4901.40921856793  105.146
4901.58292379925  78.02766
4901.75662903057  54.41422
4901.93033426189  51.12671
4902.10403949322  48.93909
4902.27774472454  112.5012
4902.45144995586  65.08425
4902.62515518719  43.43338
4902.79886041851  102.1883
4902.97256564983  55.17394
4903.14627088115  47.68367
4903.31997611247  105.3643
4903.4936813438  123.8638
4903.66738657512  132.3473
4903.84109180644  81.73217
4904.01479703776  44.61094
4904.18850226909  90.57344
4904.36220750041  64.20687
4904.53591273173  109.64
4904.70961796306  58.27096
4904.88332319438  62.03419
4905.0570284257  72.3418
4905.23073365702  39.03829
4905.40443888835  48.37217
4905.57814411967  53.34008
4905.75184935099  94.90124
4905.92555458231  67.32427
4906.09925981363  120.5624
4906.27296504496  113.5517
4906.44667027628  73.32051
4906.6203755076  63.92248
4906.79408073893  91.39713
4906.96778597025  82.8792
4907.14149120157  56.49179
4907.31519643289  30.37785
4907.48890166422  37.87706
4907.66260689554  15.5947
4907.83631212686  -3.385041
4908.01001735818  99.46619
4908.18372258951  137.8322
4908.35742782083  40.75874
4908.53113305215  61.26241
4908.70483828347  68.50417
4908.8785435148  85.3317
4909.05224874612  88.06172
4909.22595397744  69.86525
4909.39965920876  105.4156
4909.57336444009  50.74362
4909.74706967141  57.82609
4909.92077490273  83.98337
4910.09448013405  26.12379
4910.26818536538  17.36366
4910.4418905967  67.76485
4910.61559582802  80.53115
4910.78930105934  42.74704
4910.96300629067  67.15771
4911.13671152199  57.51938
4911.31041675331  32.30955
4911.48412198463  78.73816
4911.65782721596  67.48651
4911.83153244728  64.10098
4912.0052376786  88.09705
4912.17894290992  54.52887
4912.35264814125  53.58017
4912.52635337257  54.85996
4912.70005860389  59.89337
4912.87376383522  71.04195
4913.04746906654  78.78507
4913.22117429786  99.52544
4913.39487952918  89.22872
4913.56858476051  107.6956
4913.74228999183  77.98771
4913.91599522315  60.73716
4914.08970045447  64.91499
4914.2634056858  36.62043
4914.43711091712  65.7123
4914.61081614844  65.84553
4914.78452137976  17.19842
4914.95822661109  65.26615
4915.13193184241  74.04973
4915.30563707373  32.46295
4915.47934230505  86.29161
4915.65304753638  39.58762
4915.8267527677  40.62115
4916.00045799902  15.43153
4916.17416323034  40.18813
4916.34786846167  88.12376
4916.52157369299  89.94002
4916.69527892431  73.428
4916.86898415563  108.9512
4917.04268938696  89.63905
4917.21639461828  76.11517
4917.3900998496  76.66498
4917.56380508093  51.72033
4917.73751031225  43.62411
4917.91121554357  89.58826
4918.08492077489  71.65475
4918.25862600621  0.7510358
4918.43233123754  45.65269
4918.60603646886  70.94312
4918.77974170018  64.06142
4918.95344693151  50.40626
4919.12715216283  27.93447
4919.30085739415  40.6505
4919.47456262547  10.97271
4919.64826785679  41.49032
4919.82197308812  80.66357
4919.99567831944  42.49179
4920.16938355076  25.43032
4920.34308878209  11.34844
4920.51679401341  68.58496
4920.69049924473  9.093463
4920.86420447605  -0.483474
4921.03790970738  29.35568
4921.2116149387  52.53
4921.38532017002  11.79037
4921.55902540134  12.87264
4921.73273063267  45.30733
4921.90643586399  97.90657
4922.08014109531  23.47416
4922.25384632663  64.47657
4922.42755155796  34.72904
4922.60125678928  49.36167
4922.7749620206  119.1952
4922.94866725192  54.20971
4923.12237248325  7.933299
4923.29607771457  27.1039
4923.46978294589  23.9324
4923.64348817721  66.07027
4923.81719340854  15.75318
4923.99089863986  17.25916
4924.16460387118  48.48391
4924.3383091025  76.64612
4924.51201433383  49.07829
4924.68571956515  47.76303
4924.85942479647  53.74919
4925.03313002779  77.04377
4925.20683525912  56.25898
4925.38054049044  56.62231
4925.55424572176  75.80317
4925.72795095309  65.22672
4925.90165618441  89.72152
4926.07536141573  58.21386
4926.24906664705  43.40783
4926.42277187837  46.11072
4926.5964771097  67.03175
4926.77018234102  46.51773
4926.94388757234  73.61137
4927.11759280367  30.29681
4927.29129803499  31.44971
4927.46500326631  46.44664
4927.63870849763  6.518212
4927.81241372896  21.9233
4927.98611896028  34.72347
4928.1598241916  8.430788
4928.33352942292  70.37682
4928.50723465425  36.36077
4928.68093988557  26.61741
4928.85464511689  35.37107
4929.02835034821  38.65948
4929.20205557954  43.71934
4929.37576081086  61.42989
4929.54946604218  46.70582
4929.7231712735  14.3678
4929.89687650483  67.59349
4930.07058173615  62.20993
4930.24428696747  72.15663
4930.41799219879  27.65668
4930.59169743012  65.43241
4930.76540266144  13.88252
4930.93910789276  9.464882
4931.11281312408  56.78613
4931.28651835541  18.41002
4931.46022358673  25.97027
4931.63392881805  25.48706
4931.80763404937  42.5536
4931.9813392807  -9.858397
4932.15504451202  -26.25065
4932.32874974334  10.5212
4932.50245497467  50.70086
4932.67616020599  44.1167
4932.84986543731  11.92413
4933.02357066863  -11.39805
4933.19727589996  5.545233
4933.37098113128  19.61537
4933.5446863626  43.59785
4933.71839159392  60.21315
4933.89209682524  29.63683
4934.06580205657  39.23241
4934.23950728789  36.80433
4934.41321251921  16.25573
4934.58691775054  29.15872
4934.76062298186  -2.544184
4934.93432821318  27.12501
4935.1080334445  9.074158
4935.28173867583  5.808405
4935.45544390715  6.990254
4935.62914913847  38.22964
4935.80285436979  27.44115
4935.97655960112  25.01422
4936.15026483244  37.1649
4936.32397006376  17.56315
4936.49767529508  33.52398
4936.67138052641  3.547632
4936.84508575773  38.89093
4937.01879098905  65.26433
4937.19249622037  33.89802
4937.3662014517  49.63454
4937.53990668302  89.52977
4937.71361191434  30.54993
4937.88731714566  28.29352
4938.06102237699  39.25498
4938.23472760831  6.855685
4938.40843283963  39.81416
4938.58213807095  28.86113
4938.75584330228  -5.059422
4938.9295485336  28.95871
4939.10325376492  31.10895
4939.27695899624  23.45132
4939.45066422757  19.2334
4939.62436945889  5.257807
4939.79807469021  12.3057
4939.97177992154  34.25096
4940.14548515286  34.74532
4940.31919038418  28.56097
4940.4928956155  50.48568
4940.66660084683  14.7066
4940.84030607815  -18.16379
4941.01401130947  7.644058
4941.18771654079  -12.24824
4941.36142177212  4.543874
4941.53512700344  31.78773
4941.70883223476  13.82416
4941.88253746608  -50.19957
4942.05624269741  48.55888
4942.22994792873  50.18292
4942.40365316005  20.89686
4942.57735839137  2.174845
4942.7510636227  -0.8396251
4942.92476885402  36.09838
4943.09847408534  19.10706
4943.27217931666  10.91739
4943.44588454799  52.47939
4943.61958977931  39.68832
4943.79329501063  28.3154
4943.96700024195  8.097023
4944.14070547328  15.12531
4944.3144107046  10.53279
4944.48811593592  30.80186
4944.66182116724  -22.89775
4944.83552639857  -30.91989
4945.00923162989  -11.10633
4945.18293686121  -4.158365
4945.35664209253  -22.81079
4945.53034732386  16.60614
4945.70405255518  8.140653
