4767.9111623217  11.40918
4768.08472600433  22.72319
4768.25828968696  9.890293
4768.43185336959  9.607965
4768.60541705221  11.06408
4768.77898073484  -0.1010365
4768.95254441747  -9.801159
4769.1261081001  21.46569
4769.29967178273  33.82621
4769.47323546536  -3.318279
4769.64679914798  1.425261
4769.82036283061  -7.320727
4769.99392651324  49.90109
4770.16749019587  18.59771
4770.3410538785  24.73577
4770.51461756113  22.74937
4770.68818124376  56.30159
4770.86174492638  63.28824
4771.03530860901  35.82877
4771.20887229164  53.65616
4771.38243597427  44.86535
4771.5559996569  13.0041
4771.72956333953  63.49651
4771.90312702215  43.49002
4772.07669070478  41.13453
4772.25025438741  44.89246
4772.42381807004  51.7366
4772.59738175267  41.76767
4772.7709454353  40.82087
4772.94450911792  25.53356
4773.11807280055  42.80641
4773.29163648318  49.67563
4773.46520016581  15.78737
4773.63876384844  44.11995
4773.81232753107  87.14274
4773.98589121369  54.02831
4774.15945489632  12.20797
4774.33301857895  60.46389
4774.50658226158  47.51047
4774.68014594421  20.61097
4774.85370962684  34.22016
4775.02727330946  60.08437
4775.20083699209  61.86837
4775.37440067472  39.652
4775.54796435735  30.43155
4775.72152803998  40.73887
4775.89509172261  53.87877
4776.06865540523  75.3646
4776.24221908786  72.7494
4776.41578277049  52.60563
4776.58934645312  57.87013
4776.76291013575  53.41474
4776.93647381838  57.96284
4777.11003750101  73.21153
4777.28360118363  61.43388
4777.45716486626  44.8011
4777.63072854889  65.60516
4777.80429223152  47.67239
4777.97785591415  22.5036
4778.15141959678  50.27668
4778.3249832794  39.62581
4778.49854696203  56.55623
4778.67211064466  74.68193
4778.84567432729  38.56172
4779.01923800992  52.08899
4779.19280169255  73.85323
4779.36636537518  84.25
4779.5399290578  52.28553
4779.71349274043  33.65612
4779.88705642306  45.41925
4780.06062010569  52.91962
4780.23418378832  50.15591
4780.40774747094  56.14053
4780.58131115357  81.97817
4780.7548748362  93.39856
4780.92843851883  61.51138
4781.10200220146  44.7431
4781.27556588409  56.29918
4781.44912956671  50.51863
4781.62269324934  21.7454
4781.79625693197  35.09977
4781.9698206146  58.80671
4782.14338429723  56.98902
4782.31694797986  27.54689
4782.49051166248  48.25849
4782.66407534511  54.13694
4782.83763902774  41.57055
4783.01120271037  51.81777
4783.184766393  34.60523
4783.35833007563  79.59905
4783.53189375826  92.09541
4783.70545744088  43.14176
4783.87902112351  63.27715
4784.05258480614  74.26381
4784.22614848877  69.52146
4784.3997121714  73.90748
4784.57327585403  29.39175
4784.74683953665  58.68814
4784.92040321928  82.04034
4785.09396690191  61.88084
4785.26753058454  45.94753
4785.44109426717  41.39462
4785.6146579498  59.33843
4785.78822163242  76.63229
4785.96178531505  58.67431
4786.13534899768  35.45804
4786.30891268031  94.96142
4786.48247636294  72.79819
4786.65604004557  38.63153
4786.8296037282  64.4991
4787.00316741082  84.98219
4787.17673109345  44.66608
4787.35029477608  54.79338
4787.52385845871  34.9679
4787.69742214134  48.45822
4787.87098582397  99.23729
4788.04454950659  109.0248
4788.21811318922  86.83678
4788.39167687185  62.72318
4788.56524055448  64.98702
4788.73880423711  64.31895
4788.91236791974  61.33064
4789.08593160236  76.20353
4789.25949528499  62.71611
4789.43305896762  16.57888
4789.60662265025  94.2733
4789.78018633288  64.9996
4789.95375001551  32.64978
4790.12731369813  102.8342
4790.30087738076  67.70665
4790.47444106339  71.13092
4790.64800474602  100.7643
4790.82156842865  113.0253
4790.99513211128  106.0345
4791.1686957939  39.22009
4791.34225947653  36.5052
4791.51582315916  96.78959
4791.68938684179  107.655
4791.86295052442  81.90295
4792.03651420705  81.22383
4792.21007788967  81.78796
4792.3836415723  81.13396
4792.55720525493  98.06569
4792.73076893756  99.46141
4792.90433262019  54.31203
4793.07789630282  49.83278
4793.25145998545  111.7383
4793.42502366807  66.51876
4793.5985873507  37.01226
4793.77215103333  78.48586
4793.94571471596  74.10658
4794.11927839859  85.84148
4794.29284208122  89.23344
4794.46640576384  62.08563
4794.63996944647  103.711
4794.8135331291  79.82077
4794.98709681173  85.32766
4795.16066049436  126.8679
4795.33422417699  91.49677
4795.50778785961  65.43973
4795.68135154224  32.36701
4795.85491522487  58.31067
4796.0284789075  81.24615
4796.20204259013  109.4553
4796.37560627276  76.17284
4796.54916995539  73.74692
4796.72273363801  73.70781
4796.89629732064  66.45198
4797.06986100327  96.79827
4797.2434246859  88.45876
4797.41698836853  98.44828
4797.59055205115  139.9174
4797.76411573378  97.43887
4797.93767941641  102.1234
4798.11124309904  99.12639
4798.28480678167  44.55788
4798.4583704643  84.67121
4798.63193414693  96.73104
4798.80549782955  94.1043
4798.97906151218  86.72693
4799.15262519481  31.19579
4799.32618887744  87.35312
4799.49975256007  127.2757
4799.6733162427  109.6109
4799.84687992532  52.76651
4800.02044360795  16.76112
4800.19400729058  64.79248
4800.36757097321  111.7086
4800.54113465584  83.06468
4800.71469833847  71.85126
4800.88826202109  121.1455
4801.06182570372  138.6657
4801.23538938635  120.7104
4801.40895306898  123.6131
4801.58251675161  122.936
4801.75608043424  97.494
4801.92964411686  122.16
4802.10320779949  111.6087
4802.27677148212  114.5621
4802.45033516475  114.6219
4802.62389884738  142.7947
4802.79746253001  123.273
4802.97102621264  79.77745
4803.14458989526  102.7714
4803.31815357789  144.5922
4803.49171726052  123.4848
4803.66528094315  103.4465
4803.83884462578  99.56577
4804.01240830841  89.68735
4804.18597199103  107.5928
4804.35953567366  140.9026
4804.53309935629  106.6319
4804.70666303892  46.17519
4804.88022672155  95.1883
4805.05379040418  127.3335
4805.2273540868  119.5092
4805.40091776943  87.33326
4805.57448145206  133.1588
4805.74804513469  102.5239
4805.92160881732  99.86941
4806.09517249995  118.0914
4806.26873618258  115.1424
4806.4422998652  116.2328
4806.61586354783  128.3201
4806.78942723046  116.803
4806.96299091309  89.00293
4807.13655459572  115.0232
4807.31011827834  106.2175
4807.48368196097  88.70036
4807.6572456436  127.6189
4807.83080932623  143.2223
4808.00437300886  119.0564
4808.17793669149  130.865
4808.35150037411  159.2793
4808.52506405674  155.494
4808.69862773937  157.9902
4808.872191422  102.8629
4809.04575510463  93.92847
4809.21931878726  122.8454
4809.39288246989  115.2459
4809.56644615251  85.33688
4809.74000983514  97.78097
4809.91357351777  89.74181
4810.0871372004  116.8291
4810.26070088303  117.2731
4810.43426456566  118.7039
4810.60782824828  132.2204
4810.78139193091  123.2126
4810.95495561354  121.8053
4811.12851929617  137.5669
4811.3020829788  135.4287
4811.47564666143  93.82086
4811.64921034406  85.60342
4811.82277402668  140.7899
4811.99633770931  143.1835
4812.16990139194  128.0061
4812.34346507457  156.6349
4812.5170287572  126.1255
4812.69059243982  117.2542
4812.86415612245  152.6754
4813.03771980508  169.7697
4813.21128348771  149.6501
4813.38484717034  66.07297
4813.55841085297  121.7276
4813.73197453559  175.847
4813.90553821822  143.9682
4814.07910190085  153.3538
4814.25266558348  154.1813
4814.42622926611  141.2654
4814.59979294874  111.7075
4814.77335663136  101.2328
4814.94692031399  114.8161
4815.12048399662  106.2907
4815.29404767925  109.9924
4815.46761136188  169.5358
4815.64117504451  190.478
4815.81473872714  148.5831
4815.98830240976  121.7895
4816.16186609239  118.273
4816.33542977502  120.4966
4816.50899345765  117.1992
4816.68255714028  86.56647
4816.85612082291  104.5505
4817.02968450553  134.0199
4817.20324818816  101.6405
4817.37681187079  176.2478
4817.55037555342  121.5824
4817.72393923605  144.09
4817.89750291868  161.4756
4818.07106660131  129.5211
4818.24463028393  156.7668
4818.41819396656  135.2971
4818.59175764919  141.7
4818.76532133182  146.9247
4818.93888501445  161.0266
4819.11244869708  175.2132
4819.2860123797  174.0515
4819.45957606233  164.8961
4819.63313974496  135.0456
4819.80670342759  110.7689
4819.98026711022  175.0798
4820.15383079285  206.3842
4820.32739447547  116.6629
4820.5009581581  95.59887
4820.67452184073  109.9874
4820.84808552336  116.3498
4821.02164920599  125.9911
4821.19521288862  118.9852
4821.36877657125  150.2622
4821.54234025387  165.6756
4821.7159039365  183.382
4821.88946761913  143.9739
4822.06303130176  159.0668
4822.23659498439  210.597
4822.41015866702  149.2307
4822.58372234964  141.5699
4822.75728603227  172.595
4822.9308497149  96.20078
4823.10441339753  156.7407
4823.27797708016  139.3412
4823.45154076279  163.447
4823.62510444541  127.1791
4823.79866812804  113.8872
4823.97223181067  159.3366
4824.1457954933  116.1096
4824.31935917593  134.1071
4824.49292285856  159.6322
4824.66648654118  117.2044
4824.84005022381  129.4795
4825.01361390644  166.9397
4825.18717758907  165.3099
4825.3607412717  131.6387
4825.53430495433  109.7074
4825.70786863695  153.2166
4825.88143231958  188.1989
4826.05499600221  134.1205
4826.22855968484  130.2
4826.40212336747  166.3042
4826.5756870501  156.3882
4826.74925073272  156.9163
4826.92281441535  163.5874
4827.09637809798  196.056
4827.26994178061  117.3426
4827.44350546324  107.1535
4827.61706914587  206.6952
4827.79063282849  174.0573
4827.96419651112  129.063
4828.13776019375  138.6734
4828.31132387638  91.21568
4828.48488755901  160.0883
4828.65845124164  147.5278
4828.83201492427  137.8849
4829.00557860689  115.1388
4829.17914228952  140.5575
4829.35270597215  185.817
4829.52626965478  176.4972
4829.69983333741  168.8544
4829.87339702004  173.0216
4830.04696070266  190.7615
4830.22052438529  195.4156
4830.39408806792  177.7023
4830.56765175055  161.0689
4830.74121543318  169.9171
4830.91477911581  141.6967
4831.08834279843  167.1639
4831.26190648106  146.6621
4831.43547016369  116.8108
4831.60903384632  159.1467
4831.78259752895  165.4389
4831.95616121158  140.1481
4832.1297248942  154.0769
4832.30328857683  182.5922
4832.47685225946  188.9444
4832.65041594209  174.1392
4832.82397962472  149.6682
4832.99754330735  145.0137
4833.17110698997  144.3989
4833.3446706726  167.8706
4833.51823435523  207.3963
4833.69179803786  216.7704
4833.86536172049  203.2778
4834.03892540312  197.3543
4834.21248908575  196.0543
4834.38605276837  193.1975
4834.559616451  162.3347
4834.73318013363  199.2147
4834.90674381626  210.1554
4835.08030749889  142.5529
4835.25387118152  110.4201
4835.42743486414  173.4776
4835.60099854677  177.531
4835.7745622294  151.0982
4835.94812591203  191.0528
4836.12168959466  199.0496
4836.29525327729  141.3135
4836.46881695991  158.7203
4836.64238064254  188.2809
4836.81594432517  197.6687
4836.9895080078  207.4096
4837.16307169043  194.455
4837.33663537306  194.41
4837.51019905568  209.9629
4837.68376273831  190.8576
4837.85732642094  176.8088
4838.03089010357  206.7494
4838.2044537862  252.8785
4838.37801746883  238.3986
4838.55158115145  190.1533
4838.72514483408  181.6094
4838.89870851671  213.6855
4839.07227219934  192.2257
4839.24583588197  127.9363
4839.4193995646  139.9611
4839.59296324723  157.1044
4839.76652692985  194.4763
4839.94009061248  238.7618
4840.11365429511  175.4411
4840.28721797774  152.5761
4840.46078166037  142.9829
4840.634345343  153.9349
4840.80790902562  204.5421
4840.98147270825  180.521
4841.15503639088  206.8039
4841.32860007351  189.137
4841.50216375614  193.7613
4841.67572743877  218.1269
4841.84929112139  168.7034
4842.02285480402  176.2687
4842.19641848665  195.7095
4842.36998216928  171.0559
4842.54354585191  215.9194
4842.71710953454  224.3858
4842.89067321716  199.9985
4843.06423689979  189.7894
4843.23780058242  199.9956
4843.41136426505  203.5298
4843.58492794768  205.2379
4843.75849163031  176.319
4843.93205531294  197.6242
4844.10561899556  208.9112
4844.27918267819  182.3163
4844.45274636082  211.5781
4844.62631004345  202.2251
4844.79987372608  190.3292
4844.97343740871  159.2582
4845.14700109133  167.2889
4845.32056477396  201.9055
4845.49412845659  206.1516
4845.66769213922  201.6153
4845.84125582185  207.7625
4846.01481950448  203.858
4846.1883831871  212.1035
4846.36194686973  206.625
4846.53551055236  165.5693
4846.70907423499  182.2445
4846.88263791762  244.172
4847.05620160025  209.9463
4847.22976528287  206.2332
4847.4033289655  217.4317
4847.57689264813  200.5903
4847.75045633076  187.4523
4847.92402001339  203.677
4848.09758369602  228.6142
4848.27114737864  198.0027
4848.44471106127  181.3194
4848.6182747439  187.3254
4848.79183842653  218.6174
4848.96540210916  180.7104
4849.13896579179  168.599
4849.31252947442  229.3484
4849.48609315704  261.4558
4849.65965683967  220.0395
4849.8332205223  187.1783
4850.00678420493  226.4172
4850.18034788756  206.559
4850.35391157019  227.2497
4850.52747525281  226.1107
4850.70103893544  191.4226
4850.87460261807  224.462
4851.0481663007  214.5889
4851.22172998333  230.8184
4851.39529366596  250.2621
4851.56885734858  195.843
4851.74242103121  196.5131
4851.91598471384  239.4957
4852.08954839647  244.274
4852.2631120791  255.5938
4852.43667576173  237.3616
4852.61023944436  256.7648
4852.78380312698  250.1705
4852.95736680961  222.7145
4853.13093049224  252.9942
4853.30449417487  227.1858
4853.4780578575  216.6517
4853.65162154013  235.4018
4853.82518522275  235.5077
4853.99874890538  238.308
4854.17231258801  241.3764
4854.34587627064  274.7183
4854.51943995327  252.774
4854.6930036359  205.0108
4854.86656731852  256.4393
4855.04013100115  277.0872
4855.21369468378  228.8913
4855.38725836641  273.9742
4855.56082204904  337.488
4855.73438573167  310.6322
4855.90794941429  249.9427
4856.08151309692  268.9368
4856.25507677955  280.97
4856.42864046218  241.2133
4856.60220414481  259.7328
4856.77576782744  266.1245
4856.94933151006  280.4556
4857.12289519269  255.7708
4857.29645887532  235.2933
4857.47002255795  238.2685
4857.64358624058  275.6516
4857.81714992321  302.1558
4857.99071360583  352.3481
4858.16427728846  324.1505
4858.33784097109  306.1259
4858.51140465372  304.9818
4858.68496833635  333.0098
4858.85853201898  343.4811
4859.03209570161  325.7528
4859.20565938423  323.7882
4859.37922306686  308.722
4859.55278674949  349.5616
4859.72635043212  284.4305
4859.89991411475  301.8119
4860.07347779738  326.1843
4860.24704148  358.9623
4860.42060516263  358.453
4860.59416884526  340.9579
4860.76773252789  328.4359
4860.94129621052  337.4204
4861.11485989315  330.3805
4861.28842357577  335.499
4861.4619872584  358.3914
4861.63555094103  357.4656
4861.80911462366  333.0485
4861.98267830629  350.5051
4862.15624198892  307.3423
4862.32980567154  298.33
4862.50336935417  324.7157
4862.6769330368  327.5719
4862.85049671943  311.8173
4863.02406040206  300.1419
4863.19762408469  282.7662
4863.37118776732  272.2169
4863.54475144994  301.9037
4863.71831513257  339.8551
4863.8918788152  292.6625
4864.06544249783  354.2846
4864.23900618046  285.0398
4864.41256986309  220.2973
4864.58613354571  324.8714
4864.75969722834  305.5151
4864.93326091097  295.733
4865.1068245936  288.872
4865.28038827623  351.6267
4865.45395195886  329.3117
4865.62751564148  362.5074
4865.80107932411  307.361
4865.97464300674  261.5493
4866.14820668937  282.6458
4866.321770372  353.8829
4866.49533405463  341.512
4866.66889773725  263.6152
4866.84246141988  287.3764
4867.01602510251  299.8567
4867.18958878514  321.1039
4867.36315246777  281.7223
4867.5367161504  302.9662
4867.71027983302  329.2136
4867.88384351565  333.4858
4868.05740719828  261.1685
4868.23097088091  228.1302
4868.40453456354  266.3562
4868.57809824617  274.5181
4868.7516619288  218.3199
4868.92522561142  214.1083
4869.09878929405  308.048
4869.27235297668  324.4323
4869.44591665931  227.7905
4869.61948034194  235.5424
4869.79304402457  224.8686
4869.96660770719  237.828
4870.14017138982  249.2081
4870.31373507245  205.0737
4870.48729875508  215.3931
4870.66086243771  254.6042
4870.83442612034  272.8625
4871.00798980296  286.1024
4871.18155348559  263.0908
4871.35511716822  296.752
4871.52868085085  293.0879
4871.70224453348  220.8454
4871.87580821611  236.262
4872.04937189873  283.2685
4872.22293558136  197.7477
4872.39649926399  214.278
4872.57006294662  233.5852
4872.74362662925  236.8086
4872.91719031188  288.2185
4873.09075399451  248.0778
4873.26431767713  209.6445
4873.43788135976  136.8757
4873.61144504239  206.2435
4873.78500872502  219.7504
4873.95857240765  235.9815
4874.13213609027  199.0105
4874.3056997729  153.7679
4874.47926345553  242.916
4874.65282713816  335.5856
4874.82639082079  282.152
4874.99995450342  236.9059
4875.17351818605  272.0074
4875.34708186867  222.9673
4875.5206455513  184.5779
4875.69420923393  215.9696
4875.86777291656  210.3445
4876.04133659919  179.4152
4876.21490028182  187.6654
4876.38846396444  253.0127
4876.56202764707  230.1474
4876.7355913297  189.2934
4876.90915501233  235.5245
4877.08271869496  221.0322
4877.25628237759  193.0905
4877.42984606022  203.0753
4877.60340974284  189.4171
4877.77697342547  231.2612
4877.9505371081  215.6284
4878.12410079073  162.3576
4878.29766447336  203.506
4878.47122815598  242.47
4878.64479183861  217.5699
4878.81835552124  232.2112
4878.99191920387  216.4292
4879.1654828865  214.8727
4879.33904656913  174.0089
4879.51261025176  192.4743
4879.68617393438  219.3313
4879.85973761701  203.1627
4880.03330129964  154.1929
4880.20686498227  208.9472
4880.3804286649  224.0831
4880.55399234752  184.6199
4880.72755603015  201.8745
4880.90111971278  213.6368
4881.07468339541  144.8625
4881.24824707804  185.4507
4881.42181076067  195.0582
4881.59537444329  210.6807
4881.76893812592  223.2545
4881.94250180855  246.828
4882.11606549118  185.2756
4882.28962917381  235.3921
4882.46319285644  192.5838
4882.63675653907  150.5144
4882.81032022169  202.3109
4882.98388390432  135.0833
4883.15744758695  165.9435
4883.33101126958  176.7603
4883.50457495221  186.7288
4883.67813863484  166.9551
4883.85170231746  140.8069
4884.02526600009  159.4146
4884.19882968272  166.0252
4884.37239336535  199.6673
4884.54595704798  204.6895
4884.71952073061  245.9617
4884.89308441324  199.5788
4885.06664809586  203.5946
4885.24021177849  194.5332
4885.41377546112  218.5341
4885.58733914375  184.0464
4885.76090282638  188.4659
4885.93446650901  198.927
4886.10803019163  191.7688
4886.28159387426  145.9824
4886.45515755689  171.616
4886.62872123952  224.7438
4886.80228492215  234.8935
4886.97584860478  207.5967
4887.1494122874  178.2074
4887.32297597003  141.6803
4887.49653965266  169.6835
4887.67010333529  146.4843
4887.84366701792  150.3843
4888.01723070055  148.1188
4888.19079438317  206.4195
4888.3643580658  197.4663
4888.53792174843  161.7953
4888.71148543106  166.9305
4888.88504911369  198.6895
4889.05861279632  188.9774
4889.23217647894  184.4861
4889.40574016157  180.3656
4889.5793038442  235.3128
4889.75286752683  221.2977
4889.92643120946  164.9624
4890.09999489209  219.8909
4890.27355857471  208.1141
4890.44712225734  188.0962
4890.62068593997  185.0379
4890.7942496226  192.4362
4890.96781330523  146.8003
4891.14137698786  172.3144
4891.31494067049  186.1441
4891.48850435311  140.2683
4891.66206803574  164.5214
4891.83563171837  208.5953
4892.009195401  176.0072
4892.18275908363  191.41
4892.35632276626  182.633
4892.52988644888  176.5756
4892.70345013151  175.9854
4892.87701381414  202.2104
4893.05057749677  183.6218
4893.2241411794  181.7732
4893.39770486203  211.9292
4893.57126854465  165.8387
4893.74483222728  165.9702
4893.91839590991  195.8935
4894.09195959254  161.9899
4894.26552327517  163.0898
4894.4390869578  168.3794
4894.61265064043  175.8821
4894.78621432305  202.6016
4894.95977800568  140.3524
4895.13334168831  182.3393
4895.30690537094  165.5834
4895.48046905357  175.1345
4895.6540327362  192.6802
4895.82759641882  218.1775
4896.00116010145  180.2317
4896.17472378408  123.1905
4896.34828746671  213.4578
4896.52185114934  184.1365
4896.69541483197  194.8017
4896.86897851459  196.1816
4897.04254219722  137.134
4897.21610587985  102.8774
4897.38966956248  129.5179
4897.56323324511  172.088
4897.73679692774  167.7151
4897.91036061036  157.6771
4898.08392429299  167.3583
4898.25748797562  194.6463
4898.43105165825  160.7921
4898.60461534088  164.3798
4898.77817902351  172.2892
4898.95174270613  171.8299
4899.12530638876  159.53
4899.29887007139  180.1709
4899.47243375402  139.0148
4899.64599743665  194.4821
4899.81956111928  147.361
4899.99312480191  186.4991
4900.16668848453  172.091
4900.34025216716  132.514
4900.51381584979  170.3466
4900.68737953242  190.1406
4900.86094321505  142.8732
4901.03450689768  166.9277
4901.2080705803  196.8931
4901.38163426293  193.1426
4901.55519794556  143.6272
4901.72876162819  147.0689
4901.90232531082  156.6375
4902.07588899345  149.2843
4902.24945267608  136.1759
4902.4230163587  89.34041
4902.59658004133  87.33616
4902.77014372396  132.6354
4902.94370740659  153.9897
4903.11727108922  149.9821
4903.29083477184  154.4953
4903.46439845447  166.4922
4903.6379621371  161.511
4903.81152581973  138.0549
4903.98508950236  160.9566
4904.15865318499  116.2868
4904.33221686761  125.6113
4904.50578055024  131.3329
4904.67934423287  187.6589
4904.8529079155  180.3573
4905.02647159813  187.6165
4905.20003528076  173.7125
4905.37359896338  131.4615
4905.54716264601  162.0773
4905.72072632864  161.8227
4905.89429001127  153.8626
4906.0678536939  117.6819
4906.24141737653  132.043
4906.41498105916  160.7334
4906.58854474178  148.3588
4906.76210842441  134.1277
4906.93567210704  145.5146
4907.10923578967  159.717
4907.2827994723  126.9213
4907.45636315493  108.5987
4907.62992683755  151.7795
4907.80349052018  136.0076
4907.97705420281  147.6819
4908.15061788544  156.0605
4908.32418156807  195.5367
4908.4977452507  131.7128
4908.67130893332  147.9679
4908.84487261595  111.2451
4909.01843629858  128.5905
4909.19199998121  128.6498
4909.36556366384  99.69914
4909.53912734647  147.7454
4909.7126910291  122.5739
4909.88625471172  119.7274
4910.05981839435  120.2377
4910.23338207698  129.4601
4910.40694575961  125.7562
4910.58050944224  131.2435
4910.75407312487  101.5878
4910.92763680749  116.7025
4911.10120049012  177.7377
4911.27476417275  112.3355
4911.44832785538  133.6574
4911.62189153801  139.702
4911.79545522064  129.0205
4911.96901890326  142.7517
4912.14258258589  177.784
4912.31614626852  140.733
4912.48970995115  174.2267
4912.66327363378  126.3564
4912.83683731641  113.8502
4913.01040099903  148.0223
4913.18396468166  136.122
4913.35752836429  140.2478
4913.53109204692  106.8698
4913.70465572955  159.3578
4913.87821941218  146.0037
4914.0517830948  107.878
4914.22534677743  111.2712
4914.39891046006  143.7359
4914.57247414269  147.3573
4914.74603782532  115.5037
4914.91960150795  132.2353
4915.09316519057  99.15239
4915.2667288732  102.9969
4915.44029255583  140.2393
4915.61385623846  178.4854
4915.78741992109  130.3737
4915.96098360372  88.93841
4916.13454728635  128.5601
4916.30811096897  115.895
4916.4816746516  116.2064
4916.65523833423  141.7574
4916.82880201686  145.2063
4917.00236569949  115.9657
4917.17592938212  120.7711
4917.34949306474  149.5167
4917.52305674737  87.19579
4917.69662043  105.0318
4917.87018411263  114.686
4918.04374779526  64.06907
4918.21731147789  91.34421
4918.39087516052  116.2067
4918.56443884314  149.8163
4918.73800252577  120.0287
4918.9115662084  64.3842
4919.08512989103  63.21934
4919.25869357366  91.38625
4919.43225725629  141.4139
4919.60582093891  110.0022
4919.77938462154  86.12326
4919.95294830417  70.58846
4920.1265119868  90.14262
4920.30007566943  128.0808
4920.47363935206  136.2171
4920.64720303468  79.08401
4920.82076671731  52.2563
4920.99433039994  123.0945
4921.16789408257  112.5384
4921.3414577652  114.0202
4921.51502144783  61.79105
4921.68858513045  99.08085
4921.86214881308  106.4175
4922.03571249571  140.8573
4922.20927617834  141.0029
4922.38283986097  99.10208
4922.5564035436  124.7672
4922.72996722622  133.4404
4922.90353090885  72.07687
4923.07709459148  76.12645
4923.25065827411  89.64722
4923.42422195674  77.93795
4923.59778563937  85.72077
4923.77134932199  108.0994
4923.94491300462  97.3708
4924.11847668725  78.07898
4924.29204036988  88.00717
4924.46560405251  136.6579
4924.63916773514  112.6647
4924.81273141776  126.7435
4924.98629510039  93.87212
4925.15985878302  81.79081
4925.33342246565  90.533
4925.50698614828  85.21333
4925.68054983091  67.06938
4925.85411351354  86.79195
4926.02767719616  76.32631
4926.20124087879  72.15575
4926.37480456142  53.11735
4926.54836824405  83.28165
4926.72193192668  93.08248
4926.89549560931  101.4884
4927.06905929193  108.1163
4927.24262297456  54.20959
4927.41618665719  91.91125
4927.58975033982  92.07993
4927.76331402245  97.89121
4927.93687770508  116.803
4928.1104413877  31.23976
4928.28400507033  83.67563
4928.45756875296  81.29116
4928.63113243559  38.36051
4928.80469611822  49.97531
4928.97825980085  54.00626
4929.15182348347  51.59655
4929.3253871661  52.0967
4929.49895084873  72.15337
4929.67251453136  89.60766
4929.84607821399  103.3042
4930.01964189662  61.12389
4930.19320557925  51.45239
4930.36676926187  92.01862
4930.5403329445  129.5372
4930.71389662713  116.1205
4930.88746030976  102.0722
4931.06102399239  81.4044
4931.23458767502  52.75228
4931.40815135764  68.06786
4931.58171504027  59.98323
4931.7552787229  53.05331
4931.92884240553  42.72742
4932.10240608816  47.22073
4932.27596977079  78.14693
4932.44953345341  90.82568
4932.62309713604  88.98916
4932.79666081867  122.5786
4932.9702245013  99.19865
4933.14378818393  75.47638
4933.31735186656  104.6596
4933.49091554918  79.15513
4933.66447923181  69.21347
4933.83804291444  56.06492
4934.01160659707  56.20683
4934.1851702797  63.96853
4934.35873396233  75.31194
4934.53229764495  73.2976
4934.70586132758  79.58266
4934.87942501021  63.30472
4935.05298869284  88.16251
4935.22655237547  55.62918
4935.4001160581  41.38817
4935.57367974073  68.50264
4935.74724342335  74.83759
4935.92080710598  77.96687
4936.09437078861  57.62554
4936.26793447124  53.90289
4936.44149815387  97.19252
4936.6150618365  30.98627
4936.78862551912  42.89655
4936.96218920175  82.47093
4937.13575288438  56.5799
4937.30931656701  51.42991
4937.48288024964  54.06675
4937.65644393227  49.64523
4937.83000761489  53.62589
4938.00357129752  42.06594
4938.17713498015  29.4931
4938.35069866278  73.19122
4938.52426234541  41.06304
4938.69782602804  51.06125
4938.87138971066  4.888075
4939.04495339329  27.03725
4939.21851707592  32.95792
4939.39208075855  55.91768
4939.56564444118  48.84417
4939.73920812381  24.1534
4939.91277180644  15.03329
4940.08633548906  23.15736
4940.25989917169  57.91219
4940.43346285432  25.22906
4940.60702653695  45.72664
4940.78059021958  76.70505
4940.95415390221  51.60575
4941.12771758483  17.79044
4941.30128126746  42.64358
4941.47484495009  32.64061
4941.64840863272  104.8109
4941.82197231535  76.59775
4941.99553599798  56.02481
4942.1690996806  49.67209
4942.34266336323  7.132668
4942.51622704586  14.85214
4942.68979072849  34.37597
4942.86335441112  66.69091
4943.03691809375  57.16312
4943.21048177637  37.89745
4943.384045459  9.912111
4943.55760914163  48.0003
4943.73117282426  24.86874
4943.90473650689  -0.883515
4944.07830018951  -26.44102
4944.25186387214  -5.513651
4944.42542755477  11.67249
4944.5989912374  51.85119
4944.77255492003  26.90802
4944.94611860266  31.61257
4945.11968228529  -1.347273
4945.29324596792  25.48473
4945.46680965054  24.7866
