4767.7942766319  50.02027
4767.96802092379  22.34481
4768.14176521567  4.302168
4768.31550950756  -34.77475
4768.48925379944  -3.275918
4768.66299809133  -13.28706
4768.83674238322  5.261198
4769.0104866751  28.3317
4769.18423096699  6.525692
4769.35797525887  20.49359
4769.53171955076  35.99631
4769.70546384265  37.68332
4769.87920813453  32.64531
4770.05295242642  4.219931
4770.22669671831  44.99269
4770.40044101019  64.91564
4770.57418530208  71.51292
4770.74792959396  19.3283
4770.92167388585  9.950981
4771.09541817773  13.36554
4771.26916246962  8.576538
4771.44290676151  50.69432
4771.61665105339  43.62042
4771.79039534528  -19.49901
4771.96413963716  3.754723
4772.13788392905  29.23668
4772.31162822094  39.45679
4772.48537251282  64.69104
4772.65911680471  68.64333
4772.8328610966  22.94218
4773.00660538848  47.87424
4773.18034968037  63.1478
4773.35409397225  -3.766644
4773.52783826414  -8.186863
4773.70158255603  77.63522
4773.87532684791  72.83379
4774.0490711398  27.92021
4774.22281543168  56.38424
4774.39655972357  32.28342
4774.57030401546  9.433691
4774.74404830734  9.955451
4774.91779259923  72.99934
4775.09153689112  76.10693
4775.265281183  25.91624
4775.43902547489  59.22962
4775.61276976677  29.31792
4775.78651405866  20.16142
4775.96025835055  47.60365
4776.13400264243  30.6594
4776.30774693432  13.39483
4776.4814912262  17.85817
4776.65523551809  12.27248
4776.82897980998  20.99586
4777.00272410186  47.95423
4777.17646839375  28.01675
4777.35021268563  -4.929528
4777.52395697752  41.71532
4777.6977012694  8.02939
4777.87144556129  45.50272
4778.04518985318  95.8173
4778.21893414506  46.42253
4778.39267843695  32.7793
4778.56642272883  46.759
4778.74016702072  22.06771
4778.91391131261  30.80949
4779.08765560449  29.73494
4779.26139989638  0.9455515
4779.43514418827  42.60985
4779.60888848015  26.83686
4779.78263277204  37.57975
4779.95637706392  47.25519
4780.13012135581  26.31825
4780.3038656477  29.45676
4780.47760993958  22.15919
4780.65135423147  41.0709
4780.82509852335  69.64985
4780.99884281524  58.18694
4781.17258710713  23.31692
4781.34633139901  4.678444
4781.5200756909  20.5195
4781.69381998278  55.5545
4781.86756427467  71.38808
4782.04130856656  62.6884
4782.21505285844  47.5413
4782.38879715033  30.66345
4782.56254144222  40.45121
4782.7362857341  79.79808
4782.91003002599  46.85826
4783.08377431787  41.68637
4783.25751860976  57.33795
4783.43126290165  38.57814
4783.60500719353  69.05089
4783.77875148542  108.7443
4783.9524957773  68.45637
4784.12624006919  55.4031
4784.29998436108  78.10672
4784.47372865296  43.98198
4784.64747294485  66.8073
4784.82121723673  76.70524
4784.99496152862  38.46091
4785.16870582051  18.73928
4785.34245011239  28.49191
4785.51619440428  46.92206
4785.68993869616  54.90767
4785.86368298805  78.46043
4786.03742727994  101.0022
4786.21117157182  59.06786
4786.38491586371  39.61014
4786.55866015559  55.3515
4786.73240444748  39.47854
4786.90614873937  54.86918
4787.07989303125  67.25203
4787.25363732314  25.59481
4787.42738161502  45.10698
4787.60112590691  100.1706
4787.7748701988  82.89879
4787.94861449068  88.70023
4788.12235878257  62.89808
4788.29610307445  55.51641
4788.46984736634  109.3995
4788.64359165823  71.85363
4788.81733595011  53.6884
4788.991080242  82.5917
4789.16482453389  42.44701
4789.33856882577  9.011621
4789.51231311766  41.46507
4789.68605740954  41.78942
4789.85980170143  36.17924
4790.03354599331  79.04049
4790.2072902852  44.80239
4790.38103457709  47.4478
4790.55477886897  97.25419
4790.72852316086  125.0587
4790.90226745275  85.09568
4791.07601174463  42.71044
4791.24975603652  48.7542
4791.4235003284  67.76112
4791.59724462029  54.23326
4791.77098891218  73.93375
4791.94473320406  102.1386
4792.11847749595  90.44221
4792.29222178783  80.38179
4792.46596607972  82.57574
4792.63971037161  81.96069
4792.81345466349  70.27548
4792.98719895538  83.74274
4793.16094324726  90.53583
4793.33468753915  69.88415
4793.50843183104  105.7335
4793.68217612292  98.54314
4793.85592041481  52.85937
4794.02966470669  63.18029
4794.20340899858  77.59317
4794.37715329047  40.39857
4794.55089758235  5.91859
4794.72464187424  32.60947
4794.89838616612  56.79403
4795.07213045801  82.65283
4795.2458747499  80.74197
4795.41961904178  33.52754
4795.59336333367  68.49642
4795.76710762556  74.09863
4795.94085191744  57.87758
4796.11459620933  57.79796
4796.28834050121  87.47734
4796.4620847931  78.85233
4796.63582908498  94.72556
4796.80957337687  69.24196
4796.98331766876  45.10857
4797.15706196064  38.86304
4797.33080625253  53.58545
4797.50455054442  54.7679
4797.6782948363  65.42557
4797.85203912819  62.55362
4798.02578342007  52.31566
4798.19952771196  75.44483
4798.37327200385  70.40617
4798.54701629573  58.07114
4798.72076058762  95.85281
4798.8945048795  94.81481
4799.06824917139  65.49133
4799.24199346328  70.9958
4799.41573775516  98.66749
4799.58948204705  98.2373
4799.76322633893  61.48504
4799.93697063082  79.6664
4800.11071492271  108.7305
4800.28445921459  95.92265
4800.45820350648  88.24154
4800.63194779836  68.40394
4800.80569209025  55.37538
4800.97943638214  85.04758
4801.15318067402  71.94814
4801.32692496591  38.9586
4801.50066925779  59.64095
4801.67441354968  71.52525
4801.84815784157  69.57065
4802.02190213345  52.16002
4802.19564642534  54.70342
4802.36939071722  61.2683
4802.54313500911  37.02538
4802.716879301  70.14487
4802.89062359288  68.57695
4803.06436788477  68.12114
4803.23811217665  70.49418
4803.41185646854  91.052
4803.58560076043  122.4836
4803.75934505231  71.80958
4803.9330893442  48.49666
4804.10683363609  92.6553
4804.28057792797  94.72568
4804.45432221986  83.08147
4804.62806651174  80.88049
4804.80181080363  75.3903
4804.97555509552  100.5935
4805.1492993874  90.72241
4805.32304367929  64.95566
4805.49678797117  82.21166
4805.67053226306  76.23677
4805.84427655495  58.72059
4806.01802084683  90.42294
4806.19176513872  93.5239
4806.3655094306  91.03087
4806.53925372249  130.0917
4806.71299801438  101.2399
4806.88674230626  86.98089
4807.06048659815  89.80233
4807.23423089003  74.53329
4807.40797518192  63.63728
4807.58171947381  77.75839
4807.75546376569  107.936
4807.92920805758  99.04065
4808.10295234946  108.7128
4808.27669664135  129.1662
4808.45044093324  96.48363
4808.62418522512  123.7725
4808.79792951701  119.4794
4808.97167380889  88.83357
4809.14541810078  99.62756
4809.31916239267  68.09973
4809.49290668455  117.5323
4809.66665097644  107.1804
4809.84039526832  95.4099
4810.01413956021  84.51978
4810.1878838521  93.16982
4810.36162814398  110.1434
4810.53537243587  146.1481
4810.70911672775  100.7672
4810.88286101964  84.67703
4811.05660531153  89.05587
4811.23034960341  113.516
4811.4040938953  95.13885
4811.57783818719  66.39805
4811.75158247907  96.72098
4811.92532677096  83.64653
4812.09907106284  75.24911
4812.27281535473  99.07542
4812.44655964661  85.55919
4812.6203039385  79.29652
4812.79404823039  86.71755
4812.96779252227  87.8202
4813.14153681416  88.47167
4813.31528110605  75.42417
4813.48902539793  120.1389
4813.66276968982  103.4183
4813.8365139817  106.0117
4814.01025827359  70.45152
4814.18400256548  88.66904
4814.35774685736  88.10597
4814.53149114925  92.31374
4814.70523544113  104.1113
4814.87897973302  75.19598
4815.05272402491  100.9104
4815.22646831679  112.1514
4815.40021260868  104.5692
4815.57395690056  98.39264
4815.74770119245  94.30361
4815.92144548434  112.9328
4816.09518977622  93.70756
4816.26893406811  107.6477
4816.44267835999  97.89522
4816.61642265188  71.73682
4816.79016694377  72.54566
4816.96391123565  109.0161
4817.13765552754  102.8765
4817.31139981943  101.2608
4817.48514411131  59.17239
4817.6588884032  84.97642
4817.83263269508  113.6391
4818.00637698697  127.7355
4818.18012127886  115.7337
4818.35386557074  74.3036
4818.52760986263  87.62994
4818.70135415451  125.7052
4818.8750984464  110.041
4819.04884273828  112.8076
4819.22258703017  119.3512
4819.39633132206  107.6257
4819.57007561394  93.35142
4819.74381990583  92.55418
4819.91756419772  100.2057
4820.0913084896  119.644
4820.26505278149  133.8623
4820.43879707337  129.749
4820.61254136526  132.5429
4820.78628565714  68.62898
4820.96002994903  86.25868
4821.13377424092  137.1402
4821.3075185328  124.0547
4821.48126282469  118.3601
4821.65500711658  133.7615
4821.82875140846  132.7427
4822.00249570035  129.395
4822.17623999223  147.0385
4822.34998428412  135.914
4822.52372857601  116.3153
4822.69747286789  124.6244
4822.87121715978  102.5925
4823.04496145166  93.32275
4823.21870574355  123.7357
4823.39245003544  142.7624
4823.56619432732  103.1884
4823.73993861921  88.76897
4823.91368291109  107.3619
4824.08742720298  109.2638
4824.26117149487  130.9152
4824.43491578675  124.6822
4824.60866007864  85.25322
4824.78240437053  114.9492
4824.95614866241  116.3038
4825.1298929543  65.31303
4825.30363724618  109.4525
4825.47738153807  119.7373
4825.65112582996  82.23862
4825.82487012184  101.2525
4825.99861441373  64.01624
4826.17235870561  106.3717
4826.3461029975  119.0435
4826.51984728939  108.2839
4826.69359158127  129.9329
4826.86733587316  124.4191
4827.04108016504  92.94312
4827.21482445693  117.7906
4827.38856874881  101.4331
4827.5623130407  112.6325
4827.73605733259  97.64063
4827.90980162447  92.63588
4828.08354591636  126.6899
4828.25729020825  84.50069
4828.43103450013  136.6783
4828.60477879202  116.8137
4828.7785230839  94.79399
4828.95226737579  103.7838
4829.12601166768  117.2673
4829.29975595956  131.5906
4829.47350025145  125.9954
4829.64724454333  111.857
4829.82098883522  115.5139
4829.99473312711  124.9355
4830.16847741899  119.4351
4830.34222171088  122.1443
4830.51596600276  102.1579
4830.68971029465  104.9972
4830.86345458654  148.1035
4831.03719887842  173.6014
4831.21094317031  122.0635
4831.38468746219  93.88918
4831.55843175408  124.3682
4831.73217604597  114.1931
4831.90592033785  108.8898
4832.07966462974  126.7533
4832.25340892163  154.7701
4832.42715321351  154.3875
4832.6008975054  122.629
4832.77464179728  97.14042
4832.94838608917  140.9093
4833.12213038105  134.8586
4833.29587467294  129.4676
4833.46961896483  114.1211
4833.64336325671  123.2524
4833.8171075486  110.0318
4833.99085184049  91.62335
4834.16459613237  114.0485
4834.33834042426  116.4829
4834.51208471614  109.0806
4834.68582900803  120.0468
4834.85957329992  141.3133
4835.0333175918  127.0258
4835.20706188369  136.235
4835.38080617557  154.1308
4835.55455046746  131.1482
4835.72829475935  131.3831
4835.90203905123  138.5011
4836.07578334312  126.2169
4836.249527635  164.4263
4836.42327192689  170.7205
4836.59701621878  142.0454
4836.77076051066  168.1676
4836.94450480255  160.1039
4837.11824909443  153.3129
4837.29199338632  136.8584
4837.46573767821  138.1535
4837.63948197009  130.0252
4837.81322626198  125.9771
4837.98697055386  147.466
4838.16071484575  152.0921
4838.33445913764  137.1679
4838.50820342952  180.7395
4838.68194772141  124.9689
4838.85569201329  128.0284
4839.02943630518  163.9838
4839.20318059707  117.44
4839.37692488895  143.1585
4839.55066918084  175.6954
4839.72441347272  124.6116
4839.89815776461  142.5926
4840.0719020565  169.2478
4840.24564634838  114.6328
4840.41939064027  126.4411
4840.59313493216  129.3674
4840.76687922404  134.124
4840.94062351593  144.8867
4841.11436780781  149.4308
4841.2881120997  171.0193
4841.46185639159  148.3994
4841.63560068347  138.3534
4841.80934497536  192.7188
4841.98308926724  178.1109
4842.15683355913  163.6797
4842.33057785102  148.3885
4842.5043221429  184.1177
4842.67806643479  144.1369
4842.85181072667  143.5114
4843.02555501856  157.3031
4843.19929931045  170.0974
4843.37304360233  138.1844
4843.54678789422  133.9468
4843.7205321861  194.5285
4843.89427647799  160.3206
4844.06802076988  132.6003
4844.24176506176  131.7696
4844.41550935365  113.3307
4844.58925364553  108.1971
4844.76299793742  131.0607
4844.93674222931  152.6293
4845.11048652119  135.9307
4845.28423081308  171.6248
4845.45797510496  180.847
4845.63171939685  168.4136
4845.80546368874  185.8674
4845.97920798062  154.4743
4846.15295227251  155.4096
4846.32669656439  157.9931
4846.50044085628  148.1241
4846.67418514817  169.1078
4846.84792944005  221.7411
4847.02167373194  183.6485
4847.19541802383  124.2208
4847.36916231571  153.925
4847.5429066076  170.4429
4847.71665089948  176.4275
4847.89039519137  202.3797
4848.06413948326  184.9136
4848.23788377514  201.5306
4848.41162806703  196.3669
4848.58537235891  141.7432
4848.7591166508  196.8666
4848.93286094269  204.5861
4849.10660523457  198.496
4849.28034952646  188.8649
4849.45409381834  214.7373
4849.62783811023  215.3655
4849.80158240212  186.2733
4849.975326694  172.27
4850.14907098589  203.8763
4850.32281527777  217.1056
4850.49655956966  223.2451
4850.67030386155  201.2454
4850.84404815343  165.9487
4851.01779244532  182.7438
4851.1915367372  177.0361
4851.36528102909  169.7095
4851.53902532098  245.4367
4851.71276961286  214.5561
4851.88651390475  197.5672
4852.06025819663  203.2906
4852.23400248852  253.0504
4852.40774678041  229.6036
4852.58149107229  208.7324
4852.75523536418  187.1236
4852.92897965606  195.228
4853.10272394795  249.772
4853.27646823984  219.1981
4853.45021253172  214.2928
4853.62395682361  232.1954
4853.79770111549  220.0712
4853.97144540738  213.7375
4854.14518969927  208.11
4854.31893399115  229.8252
4854.49267828304  215.7837
4854.66642257493  191.4988
4854.84016686681  204.5263
4855.0139111587  246.9297
4855.18765545058  233.3445
4855.36139974247  193.2957
4855.53514403436  225.8346
4855.70888832624  268.5311
4855.88263261813  271.2544
4856.05637691001  278.2585
4856.2301212019  237.6447
4856.40386549379  222.7262
4856.57760978567  214.0911
4856.75135407756  202.3308
4856.92509836944  226.7715
4857.09884266133  199.721
4857.27258695322  175.5918
4857.4463312451  215.0602
4857.62007553699  196.572
4857.79381982887  194.7497
4857.96756412076  170.3861
4858.14130841265  186.6303
4858.31505270453  216.2244
4858.48879699642  213.8216
4858.6625412883  213.3784
4858.83628558019  166.4726
4859.01002987208  181.3598
4859.18377416396  167.9103
4859.35751845585  135.0882
4859.53126274773  196.5862
4859.70500703962  188.2259
4859.87875133151  144.4551
4860.05249562339  182.685
4860.22623991528  197.6836
4860.39998420716  158.9452
4860.57372849905  131.2885
4860.74747279094  150.0444
4860.92121708282  163.5243
4861.09496137471  148.976
4861.2687056666  148.8303
4861.44244995848  183.6825
4861.61619425037  209.0132
4861.78993854225  166.327
4861.96368283414  143.6993
4862.13742712602  184.3895
4862.31117141791  197.5042
4862.4849157098  171.8739
4862.65866000168  160.9238
4862.83240429357  172.3598
4863.00614858546  174.5699
4863.17989287734  187.2193
4863.35363716923  159.0183
4863.52738146111  134.0894
4863.701125753  145.0839
4863.87487004489  152.2412
4864.04861433677  157.6276
4864.22235862866  141.6355
4864.39610292054  147.2656
4864.56984721243  181.9027
4864.74359150432  173.0732
4864.9173357962  150.0787
4865.09108008809  175.8404
4865.26482437997  183.4442
4865.43856867186  176.9326
4865.61231296375  196.933
4865.78605725563  220.8628
4865.95980154752  193.6038
4866.1335458394  172.5503
4866.30729013129  157.3703
4866.48103442318  154.3963
4866.65477871506  160.2024
4866.82852300695  191.2179
4867.00226729883  203.8355
4867.17601159072  190.8244
4867.34975588261  137.6454
4867.52350017449  186.7438
4867.69724446638  261.4996
4867.87098875827  217.467
4868.04473305015  197.671
4868.21847734204  165.7912
4868.39222163392  123.6809
4868.56596592581  212.3749
4868.73971021769  216.3198
4868.91345450958  147.3823
4869.08719880147  175.4849
4869.26094309335  196.6258
4869.43468738524  229.6133
4869.60843167713  207.1729
4869.78217596901  173.5228
4869.9559202609  145.2001
4870.12966455278  114.6144
4870.30340884467  131.3724
4870.47715313656  174.1117
4870.65089742844  184.9678
4870.82464172033  197.0615
4870.99838601221  190.6261
4871.1721303041  193.3185
4871.34587459599  197.6408
4871.51961888787  196.0145
4871.69336317976  154.713
4871.86710747164  163.4975
4872.04085176353  209.4635
4872.21459605542  181.3917
4872.3883403473  178.4426
4872.56208463919  173.5125
4872.73582893107  178.497
4872.90957322296  153.8807
4873.08331751485  164.3681
4873.25706180673  117.2007
4873.43080609862  83.29847
4873.6045503905  166.056
4873.77829468239  146.9069
4873.95203897428  151.8575
4874.12578326616  178.0018
4874.29952755805  198.4104
4874.47327184993  171.3672
4874.64701614182  184.6762
4874.82076043371  136.4147
4874.99450472559  184.6979
4875.16824901748  164.4197
4875.34199330937  184.608
4875.51573760125  161.4703
4875.68948189314  178.4004
4875.86322618502  201.9349
4876.03697047691  188.51
4876.2107147688  133.5278
4876.38445906068  167.315
4876.55820335257  162.6071
4876.73194764445  158.6521
4876.90569193634  184.2788
4877.07943622823  183.5621
4877.25318052011  151.5965
4877.426924812  166.8332
4877.60066910388  220.4662
4877.77441339577  187.0313
4877.94815768766  147.5613
4878.12190197954  147.7165
4878.29564627143  157.3805
4878.46939056331  174.6415
4878.6431348552  142.5064
4878.81687914709  118.9126
4878.99062343897  111.8689
4879.16436773086  120.9186
4879.33811202274  156.3024
4879.51185631463  148.8136
4879.68560060652  143.651
4879.8593448984  139.6443
4880.03308919029  158.4613
4880.20683348217  135.5939
4880.38057777406  113.1548
4880.55432206595  113.8684
4880.72806635783  146.033
4880.90181064972  161.1189
4881.0755549416  188.7202
4881.24929923349  164.5869
4881.42304352538  137.2016
4881.59678781726  191.849
4881.77053210915  204.5801
4881.94427640103  156.9409
4882.11802069292  147.1705
4882.29176498481  166.0501
4882.46550927669  135.2218
4882.63925356858  115.1059
4882.81299786047  135.8168
4882.98674215235  158.6912
4883.16048644424  172.5185
4883.33423073612  150.3746
4883.50797502801  156.1884
4883.6817193199  161.6998
4883.85546361178  157.7116
4884.02920790367  164.5307
4884.20295219555  120.5675
4884.37669648744  115.1048
4884.55044077933  120.6557
4884.72418507121  117.031
4884.8979293631  121.8473
4885.07167365498  174.2321
4885.24541794687  150.4787
4885.41916223876  129.2495
4885.59290653064  142.1624
4885.76665082253  135.5656
4885.94039511441  150.1109
4886.1141394063  165.6047
4886.28788369819  129.9983
4886.46162799007  122.9038
4886.63537228196  165.0585
4886.80911657384  150.6401
4886.98286086573  148.4288
4887.15660515762  151.1722
4887.3303494495  115.6147
4887.50409374139  117.9432
4887.67783803327  129.6783
4887.85158232516  159.2819
4888.02532661705  156.4654
4888.19907090893  143.1106
4888.37281520082  169.8896
4888.5465594927  167.0608
4888.72030378459  118.281
4888.89404807648  108.5533
4889.06779236836  158.8969
4889.24153666025  155.0273
4889.41528095214  99.89427
4889.58902524402  142.1269
4889.76276953591  163.9066
4889.93651382779  147.9983
4890.11025811968  139.6703
4890.28400241157  159.4203
4890.45774670345  170.7346
4890.63149099534  176.8312
4890.80523528722  100.2615
4890.97897957911  113.4259
4891.152723871  136.9257
4891.32646816288  131.3471
4891.50021245477  128.0957
4891.67395674665  103.2237
4891.84770103854  146.0764
4892.02144533043  168.8808
4892.19518962231  123.3086
4892.3689339142  113.2311
4892.54267820608  150.5588
4892.71642249797  142.0418
4892.89016678986  143.1778
4893.06391108174  146.6762
4893.23765537363  99.34592
4893.41139966551  150.2242
4893.5851439574  156.2503
4893.75888824929  136.8952
4893.93263254117  126.8967
4894.10637683306  155.5165
4894.28012112494  114.518
4894.45386541683  122.3019
4894.62760970872  143.4113
4894.8013540006  109.8675
4894.97509829249  120.796
4895.14884258437  143.4486
4895.32258687626  150.5944
4895.49633116815  106.8638
4895.67007546003  110.6043
4895.84381975192  123.9671
4896.0175640438  125.5544
4896.19130833569  84.26125
4896.36505262758  109.5839
4896.53879691946  126.9799
4896.71254121135  136.374
4896.88628550324  158.0032
4897.06002979512  138.1306
4897.23377408701  147.2515
4897.40751837889  134.7546
4897.58126267078  171.8354
4897.75500696267  146.9594
4897.92875125455  142.2675
4898.10249554644  143.6155
4898.27623983832  139.4267
4898.44998413021  126.9984
4898.6237284221  101.284
4898.79747271398  123.8791
4898.97121700587  108.4328
4899.14496129775  120.6573
4899.31870558964  144.2278
4899.49244988153  133.5061
4899.66619417341  123.4788
4899.8399384653  116.6324
4900.01368275718  108.1308
4900.18742704907  104.05
4900.36117134096  118.2767
4900.53491563284  127.9009
4900.70865992473  121.9406
4900.88240421661  115.5017
4901.0561485085  137.3908
4901.22989280039  125.3781
4901.40363709227  165.9187
4901.57738138416  148.424
4901.75112567604  127.86
4901.92486996793  124.3063
4902.09861425982  143.7444
4902.2723585517  105.0853
4902.44610284359  102.7594
4902.61984713547  156.4605
4902.79359142736  105.2133
4902.96733571925  93.58874
4903.14108001113  125.993
4903.31482430302  125.4067
4903.4885685949  132.6072
4903.66231288679  120.1529
4903.83605717868  154.2148
4904.00980147056  128.1436
4904.18354576245  123.72
4904.35729005434  129.1477
4904.53103434622  90.8784
4904.70477863811  101.8985
4904.87852292999  133.6718
4905.05226722188  86.59345
4905.22601151377  119.8602
4905.39975580565  123.1133
4905.57350009754  125.409
4905.74724438942  84.28938
4905.92098868131  124.6684
4906.0947329732  132.1152
4906.26847726508  61.64429
4906.44222155697  59.68867
4906.61596584885  126.1999
4906.78971014074  142.1303
4906.96345443263  120.8663
4907.13719872451  103.8312
4907.3109430164  73.74312
4907.48468730829  135.6461
4907.65843160017  123.2858
4907.83217589206  93.83747
4908.00592018394  87.3521
4908.17966447583  108.6765
4908.35340876771  123.8709
4908.5271530596  93.56154
4908.70089735149  137.7273
4908.87464164337  117.7203
4909.04838593526  105.6739
4909.22213022714  82.67508
4909.39587451903  77.29111
4909.56961881092  106.4909
4909.7433631028  122.1541
4909.91710739469  120.9602
4910.09085168657  104.5207
4910.26459597846  104.3699
4910.43834027035  140.6265
4910.61208456223  103.6262
4910.78582885412  64.78362
4910.95957314601  117.7293
4911.13331743789  130.851
4911.30706172978  98.42467
4911.48080602166  129.0806
4911.65455031355  113.7658
4911.82829460544  96.22404
4912.00203889732  119.2225
4912.17578318921  126.8113
4912.34952748109  155.0946
4912.52327177298  137.2181
4912.69701606487  117.3517
4912.87076035675  88.08417
4913.04450464864  95.94379
4913.21824894052  99.3315
4913.39199323241  92.48083
4913.5657375243  105.7903
4913.73948181618  111.3711
4913.91322610807  146.1474
4914.08697039995  144.7438
4914.26071469184  119.7527
4914.43445898373  74.9973
4914.60820327561  123.3127
4914.7819475675  90.7167
4914.95569185939  70.36639
4915.12943615127  72.47025
4915.30318044316  95.93162
4915.47692473504  74.39534
4915.65066902693  109.7566
4915.82441331881  81.35619
4915.9981576107  78.28292
4916.17190190259  94.57999
4916.34564619447  100.0583
4916.51939048636  110.1124
4916.69313477824  112.9322
4916.86687907013  98.80489
4917.04062336202  106.9829
4917.2143676539  135.2034
4917.38811194579  73.1198
4917.56185623767  61.39936
4917.73560052956  70.31771
4917.90934482145  59.85135
4918.08308911333  45.25398
4918.25683340522  96.65499
4918.43057769711  93.31262
4918.60432198899  112.5029
4918.77806628088  112.9553
4918.95181057276  77.66906
4919.12555486465  77.39321
4919.29929915654  107.0353
4919.47304344842  75.64048
4919.64678774031  85.06789
4919.82053203219  101.1018
4919.99427632408  76.87152
4920.16802061597  47.23481
4920.34176490785  65.85219
4920.51550919974  57.04307
4920.68925349162  77.4988
4920.86299778351  82.15628
4921.0367420754  71.77323
4921.21048636728  41.7393
4921.38423065917  66.36215
4921.55797495106  117.7473
4921.73171924294  97.82322
4921.90546353483  68.74541
4922.07920782671  70.84248
4922.2529521186  55.46182
4922.42669641048  53.66151
4922.60044070237  61.86827
4922.77418499426  94.92673
4922.94792928614  56.03226
4923.12167357803  29.50721
4923.29541786991  37.49705
4923.4691621618  40.98554
4923.64290645369  38.66594
4923.81665074557  63.62843
4923.99039503746  43.72741
4924.16413932934  67.63561
4924.33788362123  101.0498
4924.51162791312  81.3652
4924.685372205  15.39608
4924.85911649689  29.22413
4925.03286078877  66.10917
4925.20660508066  92.80882
4925.38034937255  70.39262
4925.55409366443  39.50366
4925.72783795632  68.25595
4925.90158224821  32.70226
4926.07532654009  50.0843
4926.24907083198  66.06596
4926.42281512386  81.08599
4926.59655941575  107.9293
4926.77030370764  97.53094
4926.94404799952  79.26117
4927.11779229141  50.3097
4927.29153658329  75.94378
4927.46528087518  68.58234
4927.63902516707  56.84351
4927.81276945895  76.12249
4927.98651375084  102.3626
4928.16025804273  81.52401
4928.33400233461  35.94983
4928.5077466265  44.83865
4928.68149091838  49.54918
4928.85523521027  74.13875
4929.02897950215  56.06973
4929.20272379404  75.9143
4929.37646808593  75.78682
4929.55021237781  84.5831
4929.7239566697  37.89092
4929.89770096158  25.9698
4930.07144525347  59.81124
4930.24518954536  86.43907
4930.41893383724  120.0643
4930.59267812913  77.84372
4930.76642242101  68.39642
4930.9401667129  97.80972
4931.11391100479  104.8557
4931.28765529667  50.27606
4931.46139958856  61.44768
4931.63514388045  54.46163
4931.80888817233  44.25369
4931.98263246422  66.0135
4932.1563767561  65.47702
4932.33012104799  48.61222
4932.50386533988  64.98626
4932.67760963176  67.92352
4932.85135392365  73.49669
4933.02509821553  74.20272
4933.19884250742  64.24284
4933.37258679931  76.28573
4933.54633109119  71.55283
4933.72007538308  32.64187
4933.89381967496  52.46597
4934.06756396685  74.06938
4934.24130825874  39.76332
4934.41505255062  34.82278
4934.58879684251  24.49015
4934.76254113439  49.12409
4934.93628542628  44.85798
4935.11002971817  8.128064
4935.28377401005  27.37286
4935.45751830194  25.28306
4935.63126259382  31.04017
4935.80500688571  53.11749
4935.9787511776  40.52882
4936.15249546948  26.66591
4936.32623976137  85.29038
4936.49998405325  64.80709
4936.67372834514  34.89466
4936.84747263703  74.75203
4937.02121692891  28.87165
4937.1949612208  81.81821
4937.36870551268  39.3251
4937.54244980457  4.407966
4937.71619409646  39.8842
4937.88993838834  53.45289
4938.06368268023  26.45692
4938.23742697212  29.56898
4938.411171264  37.60167
4938.58491555589  19.06344
4938.75865984777  30.48792
4938.93240413966  45.83624
4939.10614843155  36.54824
4939.27989272343  47.53084
4939.45363701532  56.29592
4939.6273813072  38.8635
4939.80112559909  35.15631
4939.97486989098  39.90997
4940.14861418286  40.14107
4940.32235847475  16.48866
4940.49610276663  44.77387
4940.66984705852  -7.631798
4940.84359135041  41.35011
4941.01733564229  35.01571
4941.19107993418  22.33348
4941.36482422606  2.411021
4941.53856851795  10.89025
4941.71231280984  37.53467
4941.88605710172  43.78316
4942.05980139361  41.25057
4942.23354568549  12.08836
4942.40728997738  21.22152
4942.58103426927  -13.00353
4942.75477856115  28.76589
4942.92852285304  17.50878
4943.10226714492  7.783886
4943.27601143681  14.90502
4943.4497557287  53.8205
4943.62350002058  50.18762
4943.79724431247  -5.617468
4943.97098860435  26.39191
4944.14473289624  -10.85388
4944.31847718813  -5.106596
4944.49222148001  7.463499
4944.6659657719  26.36402
4944.83971006378  48.10611
4945.01345435567  41.13598
4945.18719864756  -32.6619
4945.36094293944  -7.928709
4945.53468723133  3.859066
