4767.7464446242  31.63147
4767.92022443535  48.53907
4768.0940042465  57.66526
4768.26778405765  27.89421
4768.4415638688  5.258872
4768.61534367995  2.50676
4768.7891234911  30.16578
4768.96290330225  50.14286
4769.1366831134  44.68693
4769.31046292455  56.86616
4769.4842427357  56.38795
4769.65802254685  30.88188
4769.831802358  50.96322
4770.00558216916  34.69979
4770.17936198031  31.07926
4770.35314179146  50.74424
4770.52692160261  27.09795
4770.70070141376  40.04272
4770.87448122491  34.95893
4771.04826103606  0.7944784
4771.22204084721  36.95451
4771.39582065836  43.65318
4771.56960046951  8.385513
4771.74338028066  35.9856
4771.91716009181  30.4574
4772.09093990296  5.659023
4772.26471971411  24.22837
4772.43849952526  32.13418
4772.61227933641  26.94295
4772.78605914756  3.506748
4772.95983895871  46.48647
4773.13361876986  59.11732
4773.30739858101  45.72043
4773.48117839216  55.27608
4773.65495820331  34.04366
4773.82873801447  32.35502
4774.00251782562  53.49086
4774.17629763677  24.58614
4774.35007744792  30.28905
4774.52385725907  52.85704
4774.69763707022  35.3066
4774.87141688137  47.88174
4775.04519669252  45.11454
4775.21897650367  19.88382
4775.39275631482  29.8525
4775.56653612597  42.79155
4775.74031593712  64.91422
4775.91409574827  61.64035
4776.08787555942  56.16962
4776.26165537057  72.01579
4776.43543518172  32.27249
4776.60921499287  0.5022899
4776.78299480402  61.47063
4776.95677461517  60.90702
4777.13055442632  34.64051
4777.30433423747  40.60498
4777.47811404862  23.19246
4777.65189385977  0.03635119
4777.82567367093  25.98086
4777.99945348208  43.93933
4778.17323329323  47.37393
4778.34701310438  21.54575
4778.52079291553  26.78515
4778.69457272668  61.18276
4778.86835253783  71.55903
4779.04213234898  48.98195
4779.21591216013  38.7714
4779.38969197128  75.55191
4779.56347178243  57.3798
4779.73725159358  66.20808
4779.91103140473  -3.054752
4780.08481121588  29.11859
4780.25859102703  69.5667
4780.43237083818  66.94962
4780.60615064933  47.25416
4780.77993046048  44.07016
4780.95371027163  66.83662
4781.12749008278  71.31006
4781.30126989393  48.82607
4781.47504970509  33.90644
4781.64882951623  28.94605
4781.82260932739  45.193
4781.99638913854  80.79933
4782.17016894969  76.35759
4782.34394876084  58.26932
4782.51772857199  37.17688
4782.69150838314  41.21503
4782.86528819429  44.04133
4783.03906800544  37.09513
4783.21284781659  21.20561
4783.38662762774  31.6832
4783.56040743889  46.74569
4783.73418725004  70.81858
4783.90796706119  76.07652
4784.08174687234  55.76902
4784.25552668349  57.33167
4784.42930649464  62.49261
4784.60308630579  52.83387
4784.77686611694  7.206127
4784.95064592809  13.93829
4785.12442573924  53.25046
4785.29820555039  37.27324
4785.47198536154  65.9387
4785.64576517269  102.6996
4785.81954498384  54.95774
4785.993324795  73.09142
4786.16710460615  89.68224
4786.3408844173  39.07149
4786.51466422845  26.35519
4786.6884440396  38.78604
4786.86222385075  29.75113
4787.0360036619  42.50913
4787.20978347305  56.04903
4787.3835632842  35.90113
4787.55734309535  17.36911
4787.7311229065  65.66928
4787.90490271765  111.1219
4788.0786825288  79.08426
4788.25246233995  54.33859
4788.4262421511  42.65624
4788.60002196225  50.2168
4788.7738017734  65.89761
4788.94758158455  81.99607
4789.1213613957  47.15892
4789.29514120685  23.5979
4789.468921018  53.01011
4789.64270082916  43.8883
4789.8164806403  33.28544
4789.99026045146  37.22049
4790.16404026261  13.47941
4790.33782007376  93.08459
4790.51159988491  102.6721
4790.68537969606  87.64629
4790.85915950721  62.40507
4791.03293931836  32.25468
4791.20671912951  85.65914
4791.38049894066  76.77707
4791.55427875181  57.88795
4791.72805856296  74.55479
4791.90183837411  87.54631
4792.07561818526  66.83541
4792.24939799641  50.22351
4792.42317780756  73.37238
4792.59695761871  69.68597
4792.77073742986  44.09685
4792.94451724101  69.86352
4793.11829705216  100.1878
4793.29207686331  86.54791
4793.46585667446  61.24383
4793.63963648561  65.38509
4793.81341629676  55.83337
4793.98719610792  43.57354
4794.16097591907  84.91128
4794.33475573022  64.05298
4794.50853554137  92.45937
4794.68231535252  63.78771
4794.85609516367  66.1293
4795.02987497482  96.7597
4795.20365478597  69.87748
4795.37743459712  91.16354
4795.55121440827  95.9603
4795.72499421942  55.98179
4795.89877403057  36.56452
4796.07255384172  54.31419
4796.24633365287  50.36824
4796.42011346402  65.78587
4796.59389327517  43.94219
4796.76767308632  97.68491
4796.94145289747  59.57604
4797.11523270862  74.86173
4797.28901251977  102.0379
4797.46279233092  93.37287
4797.63657214207  80.65698
4797.81035195322  41.54048
4797.98413176438  26.70754
4798.15791157553  78.46973
4798.33169138668  74.87318
4798.50547119783  40.99352
4798.67925100898  81.32521
4798.85303082013  84.0331
4799.02681063128  79.905
4799.20059044243  68.06495
4799.37437025358  87.91914
4799.54815006473  95.67387
4799.72192987588  85.0197
4799.89570968703  71.61134
4800.06948949818  95.55173
4800.24326930933  86.14053
4800.41704912048  63.49351
4800.59082893163  101.4016
4800.76460874278  94.90083
4800.93838855393  65.84374
4801.11216836508  63.24605
4801.28594817623  57.87796
4801.45972798738  75.77222
4801.63350779853  106.2922
4801.80728760968  91.7343
4801.98106742083  54.57109
4802.15484723198  41.98446
4802.32862704314  48.05361
4802.50240685429  89.20304
4802.67618666544  93.57055
4802.84996647659  84.61593
4803.02374628774  91.00266
4803.19752609889  67.99899
4803.37130591004  41.13697
4803.54508572119  57.06631
4803.71886553234  90.30238
4803.89264534349  98.01746
4804.06642515464  60.45684
4804.24020496579  64.54173
4804.41398477694  127.2098
4804.58776458809  137.076
4804.76154439924  87.57168
4804.93532421039  60.74456
4805.10910402154  59.97792
4805.28288383269  45.55634
4805.45666364384  46.03176
4805.63044345499  110.2211
4805.80422326614  118.781
4805.97800307729  80.04193
4806.15178288844  80.52871
4806.3255626996  64.95262
4806.49934251075  100.145
4806.6731223219  64.53745
4806.84690213305  110.5497
4807.0206819442  125.7909
4807.19446175535  100.1001
4807.3682415665  99.49917
4807.54202137765  77.23286
4807.7158011888  59.81849
4807.88958099995  104.4733
4808.0633608111  123.5146
4808.23714062225  120.9561
4808.4109204334  124.9027
4808.58470024455  104.8579
4808.7584800557  104.7565
4808.93225986685  76.96991
4809.106039678  111.4846
4809.27981948915  122.9974
4809.4535993003  97.96628
4809.62737911145  69.16742
4809.8011589226  65.17495
4809.97493873375  90.005
4810.1487185449  82.68855
4810.32249835606  114.6604
4810.49627816721  103.3521
4810.67005797836  84.65085
4810.84383778951  99.41369
4811.01761760066  93.84808
4811.19139741181  110.1275
4811.36517722296  98.43238
4811.53895703411  64.38297
4811.71273684526  94.16823
4811.88651665641  124.5309
4812.06029646756  96.67049
4812.23407627871  63.84359
4812.40785608986  96.89429
4812.58163590101  129.1149
4812.75541571216  74.11377
4812.92919552331  113.7458
4813.10297533446  105.6143
4813.27675514561  81.11341
4813.45053495676  103.9261
4813.62431476791  96.22412
4813.79809457906  111.9747
4813.97187439021  95.20086
4814.14565420136  117.1257
4814.31943401252  116.2062
4814.49321382367  121.6046
4814.66699363482  137.2027
4814.84077344597  133.9759
4815.01455325712  101.4045
4815.18833306827  72.24903
4815.36211287942  100.3988
4815.53589269057  105.926
4815.70967250172  112.0927
4815.88345231287  115.8253
4816.05723212402  94.03521
4816.23101193517  107.0742
4816.40479174632  86.48552
4816.57857155747  115.2546
4816.75235136862  124.4603
4816.92613117977  120.214
4817.09991099092  103.3783
4817.27369080207  113.8744
4817.44747061322  106.1987
4817.62125042437  104.8295
4817.79503023552  101.2444
4817.96881004667  125.2573
4818.14258985782  141.6939
4818.31636966898  134.4374
4818.49014948013  97.23294
4818.66392929128  52.04968
4818.83770910243  57.70422
4819.01148891358  99.64724
4819.18526872473  134.7071
4819.35904853588  126.6865
4819.53282834703  103.8126
4819.70660815818  138.84
4819.88038796933  149.61
4820.05416778048  121.941
4820.22794759163  113.9322
4820.40172740278  101.0137
4820.57550721393  108.0036
4820.74928702508  111.3545
4820.92306683623  106.6693
4821.09684664738  105.437
4821.27062645853  148.579
4821.44440626968  112.8758
4821.61818608083  135.0595
4821.79196589198  130.6676
4821.96574570313  116.2819
4822.13952551429  124.9838
4822.31330532544  132.473
4822.48708513659  173.2958
4822.66086494774  112.0946
4822.83464475889  108.875
4823.00842457004  154.6812
4823.18220438119  129.875
4823.35598419234  126.8582
4823.52976400349  158.395
4823.70354381464  126.7029
4823.87732362579  111.965
4824.05110343694  141.5006
4824.22488324809  137.3728
4824.39866305924  114.992
4824.57244287039  99.71674
4824.74622268154  99.80528
4824.92000249269  116.6474
4825.09378230384  143.6059
4825.26756211499  144.2149
4825.44134192614  114.8974
4825.61512173729  142.2266
4825.78890154844  130.4683
4825.96268135959  113.7063
4826.13646117075  142.7275
4826.3102409819  138.0262
4826.48402079305  104.8268
4826.6578006042  102.4565
4826.83158041535  150.2858
4827.0053602265  165.3272
4827.17914003765  141.8638
4827.3529198488  124.6992
4827.52669965995  131.4989
4827.7004794711  113.2432
4827.87425928225  100.1676
4828.0480390934  158.2978
4828.22181890455  131.8253
4828.3955987157  149.1631
4828.56937852685  146.7086
4828.743158338  113.7414
4828.91693814915  135.1971
4829.0907179603  127.6616
4829.26449777145  134.8991
4829.4382775826  163.9794
4829.61205739375  142.6444
4829.7858372049  139.774
4829.95961701605  130.8923
4830.1333968272  104.3722
4830.30717663835  160.2229
4830.4809564495  192.2964
4830.65473626066  126.8307
4830.82851607181  110.4203
4831.00229588296  152.6078
4831.17607569411  159.6088
4831.34985550526  141.6187
4831.52363531641  110.1905
4831.69741512756  149.7887
4831.87119493871  137.5218
4832.04497474986  105.6077
4832.21875456101  174.6648
4832.39253437216  142.0357
4832.56631418331  135.7936
4832.74009399446  134.031
4832.91387380561  158.1718
4833.08765361676  169.8945
4833.26143342791  135.276
4833.43521323906  123.6332
4833.60899305021  126.5893
4833.78277286136  105.3652
4833.95655267251  154.0895
4834.13033248366  151.1272
4834.30411229481  128.0707
4834.47789210597  113.4746
4834.65167191712  98.92677
4834.82545172827  146.8286
4834.99923153942  151.1438
4835.17301135057  153.5708
4835.34679116172  141.2741
4835.52057097287  153.166
4835.69435078402  172.1272
4835.86813059517  139.9484
4836.04191040632  137.5717
4836.21569021747  154.9495
4836.38947002862  139.0333
4836.56324983977  151.9432
4836.73702965092  159.2298
4836.91080946207  127.5279
4837.08458927322  158.8872
4837.25836908437  152.6321
4837.43214889552  123.6955
4837.60592870667  146.2863
4837.77970851782  180.5024
4837.95348832897  131.8097
4838.12726814012  149.0405
4838.30104795127  142.3705
4838.47482776242  146.138
4838.64860757358  129.1759
4838.82238738473  147.0431
4838.99616719588  163.8605
4839.16994700703  155.8645
4839.34372681818  179.6241
4839.51750662933  144.215
4839.69128644048  166.5218
4839.86506625163  205.1126
4840.03884606278  169.1449
4840.21262587393  126.5048
4840.38640568508  134.4255
4840.56018549623  148.6119
4840.73396530738  161.4982
4840.90774511853  134.8775
4841.08152492968  160.1801
4841.25530474083  128.9951
4841.42908455198  159.8677
4841.60286436313  144.8987
4841.77664417428  153.5918
4841.95042398543  123.2101
4842.12420379658  157.8157
4842.29798360773  150.4933
4842.47176341889  139.4439
4842.64554323004  142.4777
4842.81932304119  171.3764
4842.99310285234  125.8603
4843.16688266349  159.1465
4843.34066247464  186.5636
4843.51444228579  174.6015
4843.68822209694  153.3328
4843.86200190809  117.542
4844.03578171924  131.2689
4844.20956153039  137.9287
4844.38334134154  159.8297
4844.55712115269  170.1173
4844.73090096384  175.7938
4844.90468077499  195.0982
4845.07846058614  180.769
4845.25224039729  144.4628
4845.42602020844  131.0012
4845.59980001959  194.5898
4845.77357983074  196.7615
4845.94735964189  116.3072
4846.12113945304  109.0699
4846.29491926419  120.548
4846.46869907535  124.9605
4846.6424788865  126.7805
4846.81625869765  167.7396
4846.9900385088  149.6246
4847.16381831995  159.7337
4847.3375981311  180.9149
4847.51137794225  149.8595
4847.6851577534  155.2912
4847.85893756455  162.2781
4848.0327173757  192.0674
4848.20649718685  184.7674
4848.380276998  156.6507
4848.55405680915  140.2197
4848.7278366203  171.0232
4848.90161643145  206.6426
4849.0753962426  125.0615
4849.24917605375  107.0956
4849.4229558649  150.8336
4849.59673567605  220.7818
4849.7705154872  175.0751
4849.94429529835  213.6572
4850.1180751095  185.7137
4850.29185492065  199.255
4850.46563473181  194.4779
4850.63941454296  165.6802
4850.81319435411  165.9423
4850.98697416526  143.732
4851.16075397641  184.9141
4851.33453378756  203.2546
4851.50831359871  164.5289
4851.68209340986  200.7444
4851.85587322101  197.3424
4852.02965303216  217.5161
4852.20343284331  224.967
4852.37721265446  191.6301
4852.55099246561  181.6051
4852.72477227676  187.1649
4852.89855208791  156.2504
4853.07233189906  171.6777
4853.24611171021  223.3076
4853.41989152136  190.0462
4853.59367133251  210.4727
4853.76745114366  183.5541
4853.94123095481  205.2016
4854.11501076596  213.5773
4854.28879057711  197.0581
4854.46257038827  199.0035
4854.63635019942  225.2779
4854.81013001057  211.8
4854.98390982172  259.4208
4855.15768963287  178.8581
4855.33146944402  164.4475
4855.50524925517  187.0291
4855.67902906632  209.8338
4855.85280887747  209.9315
4856.02658868862  247.588
4856.20036849977  234.4151
4856.37414831092  207.5742
4856.54792812207  222.7642
4856.72170793322  209.7562
4856.89548774437  239.1163
4857.06926755552  271.8927
4857.24304736667  212.5936
4857.41682717782  174.2368
4857.59060698897  233.7073
4857.76438680012  234.9612
4857.93816661127  226.7354
4858.11194642242  251.9314
4858.28572623357  202.5531
4858.45950604472  232.7024
4858.63328585588  265.9459
4858.80706566703  251.7933
4858.98084547818  216.9032
4859.15462528933  178.8799
4859.32840510048  195.4652
4859.50218491163  242.2721
4859.67596472278  249.1395
4859.84974453393  222.3341
4860.02352434508  224.3439
4860.19730415623  210.1401
4860.37108396738  197.7743
4860.54486377853  220.5043
4860.71864358968  219.9602
4860.89242340083  222.9222
4861.06620321198  222.1997
4861.23998302313  232.7231
4861.41376283428  250.3621
4861.58754264543  251.6821
4861.76132245658  224.8409
4861.93510226773  192.276
4862.10888207888  246.4671
4862.28266189003  255.9685
4862.45644170119  221.4986
4862.63022151234  210.4588
4862.80400132349  237.2391
4862.97778113464  245.8262
4863.15156094579  227.4007
4863.32534075694  211.2339
4863.49912056809  194.2624
4863.67290037924  227.2104
4863.84668019039  258.2999
4864.02046000154  227.4959
4864.19423981269  213.4955
4864.36801962384  210.2517
4864.54179943499  232.1445
4864.71557924614  212.9957
4864.88935905729  208.8822
4865.06313886844  205.0336
4865.23691867959  217.7043
4865.41069849074  221.3983
4865.58447830189  195.5703
4865.75825811304  217.2599
4865.93203792419  229.8226
4866.10581773534  224.0953
4866.27959754649  243.645
4866.45337735764  251.5462
4866.62715716879  214.9196
4866.80093697995  231.3409
4866.9747167911  205.9279
4867.14849660225  197.6641
4867.3222764134  230.0961
4867.49605622455  229.918
4867.6698360357  275.8293
4867.84361584685  269.0847
4868.017395658  234.9917
4868.19117546915  198.9188
4868.3649552803  191.9035
4868.53873509145  233.1644
4868.7125149026  244.6189
4868.88629471375  186.8382
4869.0600745249  221.0941
4869.23385433605  207.0983
4869.4076341472  224.0278
4869.58141395835  257.9361
4869.7551937695  248.8073
4869.92897358065  245.7795
4870.1027533918  206.6688
4870.27653320295  231.1786
4870.45031301411  208.8782
4870.62409282525  228.1531
4870.79787263641  207.435
4870.97165244756  220.4969
4871.14543225871  222.2739
4871.31921206986  255.4299
4871.49299188101  243.5853
4871.66677169216  209.2576
4871.84055150331  185.7674
4872.01433131446  215.956
4872.18811112561  206.193
4872.36189093676  173.1608
4872.53567074791  207.2827
4872.70945055906  227.9691
4872.88323037021  211.9208
4873.05701018136  220.2268
4873.23078999251  198.0618
4873.40456980366  113.8949
4873.57834961481  176.5541
4873.75212942596  235.9274
4873.92590923711  215.2966
4874.09968904826  208.0885
4874.27346885941  224.3406
4874.44724867056  167.4402
4874.62102848171  205.1193
4874.79480829286  240.7474
4874.96858810402  179.9527
4875.14236791517  163.9172
4875.31614772632  186.9839
4875.48992753747  208.8063
4875.66370734862  147.9444
4875.83748715977  199.8321
4876.01126697092  237.4144
4876.18504678207  184.7267
4876.35882659322  174.3342
4876.53260640437  223.4079
4876.70638621552  191.8708
4876.88016602667  169.2058
4877.05394583782  191.8058
4877.22772564897  193.5747
4877.40150546012  194.5549
4877.57528527127  176.9025
4877.74906508242  184.012
4877.92284489357  185.4775
4878.09662470472  213.4973
4878.27040451587  198.4061
4878.44418432702  184.5836
4878.61796413817  159.0303
4878.79174394933  152.0716
4878.96552376048  192.9925
4879.13930357163  188.2426
4879.31308338278  188.379
4879.48686319393  144.5362
4879.66064300508  164.6945
4879.83442281623  205.0877
4880.00820262738  187.4973
4880.18198243853  150.3668
4880.35576224968  172.8814
4880.52954206083  161.5423
4880.70332187198  158.5477
4880.87710168313  161.44
4881.05088149428  163.3366
4881.22466130543  138.0704
4881.39844111658  188.9512
4881.57222092773  207.3502
4881.74600073888  210.4608
4881.91978055003  204.6765
4882.09356036118  147.9208
4882.26734017233  168.4379
4882.44111998348  179.884
4882.61489979463  154.1773
4882.78867960578  207.506
4882.96245941694  161.2949
4883.13623922808  143.7257
4883.31001903924  182.4074
4883.48379885039  179.6294
4883.65757866154  161.323
4883.83135847269  132.6835
4884.00513828384  158.7602
4884.17891809499  137.0246
4884.35269790614  176.4425
4884.52647771729  190.0197
4884.70025752844  164.4168
4884.87403733959  165.0739
4885.04781715074  170.4346
4885.22159696189  186.5597
4885.39537677304  180.3988
4885.56915658419  185.1138
4885.74293639534  163.72
4885.91671620649  169.5506
4886.09049601764  142.5274
4886.26427582879  147.3261
4886.43805563994  162.4884
4886.61183545109  170.3162
4886.78561526224  112.3301
4886.9593950734  162.3714
4887.13317488455  193.8797
4887.3069546957  195.6117
4887.48073450685  142.7172
4887.654514318  139.4818
4887.82829412915  151.9225
4888.0020739403  142.8941
4888.17585375145  160.8324
4888.3496335626  157.2809
4888.52341337375  173.8216
4888.6971931849  159.2061
4888.87097299605  158.954
4889.0447528072  150.5845
4889.21853261835  120.1279
4889.3923124295  137.7811
4889.56609224065  145.6018
4889.7398720518  160.7677
4889.91365186295  128.078
4890.0874316741  113.9917
4890.26121148525  119.6862
4890.4349912964  144.4679
4890.60877110755  135.378
4890.78255091871  133.4847
4890.95633072986  119.9429
4891.13011054101  128.2157
4891.30389035216  186.2529
4891.47767016331  136.9233
4891.65144997446  148.5682
4891.82522978561  172.4563
4891.99900959676  157.5051
4892.17278940791  112.6217
4892.34656921906  106.4425
4892.52034903021  151.4448
4892.69412884136  137.3906
4892.86790865251  134.5449
4893.04168846366  142.5342
4893.21546827481  166.7769
4893.38924808596  178.6904
4893.56302789711  164.1675
4893.73680770826  154.2768
4893.91058751941  129.2575
4894.08436733056  151.7257
4894.25814714171  131.3219
4894.43192695286  179.4424
4894.60570676401  182.0043
4894.77948657516  119.3096
4894.95326638631  121.7929
4895.12704619747  148.4267
4895.30082600862  182.6791
4895.47460581977  159.543
4895.64838563092  170.9473
4895.82216544207  121.1345
4895.99594525322  187.6392
4896.16972506437  118.2777
4896.34350487552  122.692
4896.51728468667  84.84619
4896.69106449782  115.4361
4896.86484430897  160.5533
4897.03862412012  170.2862
4897.21240393127  145.2245
4897.38618374242  102.5379
4897.55996355357  96.19388
4897.73374336472  148.2852
4897.90752317587  178.3387
4898.08130298702  171.9217
4898.25508279817  136.3921
4898.42886260932  130.0718
4898.60264242047  160.9977
4898.77642223162  136.2401
4898.95020204277  116.8388
4899.12398185393  130.2097
4899.29776166508  132.8267
4899.47154147623  116.5828
4899.64532128738  138.848
4899.81910109853  156.8533
4899.99288090968  162.0974
4900.16666072083  166.1658
4900.34044053198  114.8934
4900.51422034313  153.5549
4900.68800015428  104.4679
4900.86177996543  105.9389
4901.03555977658  139.6004
4901.20933958773  177.7239
4901.38311939888  141.8843
4901.55689921003  145.3267
4901.73067902118  128.0417
4901.90445883233  130.2542
4902.07823864348  118.8732
4902.25201845463  160.2126
4902.42579826578  86.38326
4902.59957807693  137.8914
4902.77335788808  100.5941
4902.94713769924  131.0415
4903.12091751039  145.5676
4903.29469732154  109.4142
4903.46847713269  103.4606
4903.64225694384  157.1526
4903.81603675499  126.2415
4903.98981656614  121.1818
4904.16359637729  128.5494
4904.33737618844  165.029
4904.51115599959  130.9453
4904.68493581074  116.241
4904.85871562189  102.202
4905.03249543304  94.97208
4905.20627524419  74.69726
4905.38005505534  117.0192
4905.55383486649  152.2569
4905.72761467764  125.9855
4905.90139448879  103.7858
4906.07517429994  108.328
4906.24895411109  113.1846
4906.42273392224  103.0489
4906.5965137334  130.0807
4906.77029354454  180.5162
4906.9440733557  155.9575
4907.11785316685  119.3013
4907.291632978  125.9385
4907.46541278915  150.9276
4907.6391926003  103.4447
4907.81297241145  67.43237
4907.9867522226  115.7566
4908.16053203375  145.6537
4908.3343118449  112.7074
4908.50809165605  73.76041
4908.6818714672  104.4276
4908.85565127835  91.39745
4909.0294310895  92.1185
4909.20321090065  150.5454
4909.3769907118  144.4174
4909.55077052295  114.5053
4909.7245503341  120.1544
4909.89833014525  128.8996
4910.0721099564  114.7852
4910.24588976755  132.6317
4910.4196695787  103.0287
4910.59344938985  109.3278
4910.767229201  113.0917
4910.94100901215  109.921
4911.1147888233  122.0451
4911.28856863446  100.4387
4911.46234844561  113.7218
4911.63612825676  126.0881
4911.80990806791  150.1811
4911.98368787906  133.5816
4912.15746769021  156.7831
4912.33124750136  118.9325
4912.50502731251  113.0942
4912.67880712366  99.97633
4912.85258693481  104.1529
4913.02636674596  93.47995
4913.20014655711  112.7836
4913.37392636826  101.1596
4913.54770617941  80.22337
4913.72148599056  107.1188
4913.89526580171  112.4077
4914.06904561286  96.59409
4914.24282542401  85.09679
4914.41660523516  74.05994
4914.59038504631  113.9414
4914.76416485746  106.9669
4914.93794466861  121.0916
4915.11172447976  130.2607
4915.28550429092  110.7873
4915.45928410207  108.8941
4915.63306391322  108.308
4915.80684372437  101.4112
4915.98062353552  104.9525
4916.15440334667  84.69392
4916.32818315782  83.74791
4916.50196296897  78.4332
4916.67574278012  88.74314
4916.84952259127  84.89063
4917.02330240242  71.4901
4917.19708221357  74.18063
4917.37086202472  96.73062
4917.54464183587  107.459
4917.71842164702  92.5123
4917.89220145817  168.979
4918.06598126932  140.9713
4918.23976108047  135.5102
4918.41354089162  80.84178
4918.58732070277  114.452
4918.76110051392  96.37967
4918.93488032507  92.0565
4919.10866013622  74.06191
4919.28243994738  82.59668
4919.45621975853  69.06711
4919.62999956968  70.50723
4919.80377938083  80.69654
4919.97755919198  108.335
4920.15133900313  107.9923
4920.32511881428  102.9178
4920.49889862543  147.5598
4920.67267843658  146.0624
4920.84645824773  75.78857
4921.02023805888  71.74717
4921.19401787003  106.6413
4921.36779768118  103.6126
4921.54157749233  82.34572
4921.71535730348  71.28828
4921.88913711463  81.2348
4922.06291692578  92.57601
4922.23669673693  79.76776
4922.41047654808  67.0725
4922.58425635923  65.62108
4922.75803617038  82.24727
4922.93181598153  92.89312
4923.10559579268  54.34552
4923.27937560384  64.54683
4923.45315541499  95.29936
4923.62693522614  37.16263
4923.80071503729  58.84396
4923.97449484844  81.72607
4924.14827465959  98.68733
4924.32205447074  58.47025
4924.49583428189  62.92856
4924.66961409304  59.0364
4924.84339390419  58.87524
4925.01717371534  90.53065
4925.19095352649  75.40966
4925.36473333764  52.26197
4925.53851314879  73.5555
4925.71229295994  95.43694
4925.88607277109  80.18382
4926.05985258224  34.89192
4926.23363239339  80.03561
4926.40741220454  35.6524
4926.58119201569  70.72065
4926.75497182684  67.4229
4926.92875163799  73.1415
4927.10253144914  54.743
4927.27631126029  25.9632
4927.45009107144  32.79158
4927.6238708826  25.30889
4927.79765069375  58.01365
4927.9714305049  85.10482
4928.14521031605  49.3583
4928.3189901272  33.77428
4928.49276993835  55.40391
4928.6665497495  54.93336
4928.84032956065  36.6977
4929.0141093718  36.43319
4929.18788918295  67.78843
4929.3616689941  79.12334
4929.53544880525  71.18164
4929.7092286164  92.21563
4929.88300842755  93.97156
4930.0567882387  63.23286
4930.23056804985  46.89228
4930.404347861  50.66542
4930.57812767215  73.90324
4930.7519074833  57.87494
4930.92568729445  52.99702
4931.0994671056  52.40072
4931.27324691675  42.99296
4931.4470267279  55.01444
4931.62080653906  58.73046
4931.79458635021  55.7648
4931.96836616136  65.25166
4932.14214597251  89.92581
4932.31592578366  47.71616
4932.48970559481  58.6158
4932.66348540596  37.14519
4932.83726521711  70.01779
4933.01104502826  55.25077
4933.18482483941  64.8026
4933.35860465056  65.41327
4933.53238446171  13.71601
4933.70616427286  38.80556
4933.87994408401  50.93207
4934.05372389516  16.71194
4934.22750370631  32.96045
4934.40128351746  30.62614
4934.57506332861  49.20909
4934.74884313976  12.91783
4934.92262295091  18.52126
4935.09640276206  19.70507
4935.27018257321  44.97401
4935.44396238437  11.51696
4935.61774219552  47.85696
4935.79152200667  53.13468
4935.96530181782  67.88534
4936.13908162897  34.21302
4936.31286144012  36.32468
4936.48664125127  79.14504
4936.66042106242  15.27065
4936.83420087357  60.25902
4937.00798068472  18.62685
4937.18176049587  49.86386
4937.35554030702  54.77448
4937.52932011817  63.30119
4937.70309992932  75.6382
4937.87687974047  22.44917
4938.05065955162  35.33376
4938.22443936277  54.02057
4938.39821917392  54.82895
4938.57199898507  55.70297
4938.74577879622  -2.503795
4938.91955860737  28.08929
4939.09333841852  38.21968
4939.26711822967  23.16462
4939.44089804082  52.38385
4939.61467785198  26.23554
4939.78845766313  58.40256
4939.96223747428  50.99259
4940.13601728543  31.18621
4940.30979709658  34.49104
4940.48357690773  29.64889
4940.65735671888  7.848631
4940.83113653003  -2.981815
4941.00491634118  11.53167
4941.17869615233  38.65399
4941.35247596348  45.15329
4941.52625577463  6.826405
4941.70003558578  26.1795
4941.87381539693  36.22895
4942.04759520808  46.00507
4942.22137501923  45.40118
4942.39515483038  21.80034
4942.56893464153  -0.9591795
4942.74271445268  29.58732
4942.91649426383  16.0249
4943.09027407498  -17.22388
4943.26405388613  12.96968
4943.43783369729  37.15081
4943.61161350844  43.72462
4943.78539331959  36.84972
4943.95917313074  34.25826
4944.13295294189  2.4701
4944.30673275304  9.635173
4944.48051256419  11.00055
4944.65429237534  17.30503
4944.82807218649  22.40959
4945.00185199764  -15.62298
4945.17563180879  42.09333
4945.34941161994  37.11446
4945.52319143109  63.15232
