4768.0574803646  31.69944
4768.23077761014  23.54332
4768.40407485568  32.09055
4768.57737210122  39.94799
4768.75066934676  18.30714
4768.9239665923  -2.079201
4769.09726383784  13.58895
4769.27056108338  30.28091
4769.44385832892  26.8098
4769.61715557446  41.67826
4769.79045282  58.76141
4769.96375006554  70.00981
4770.13704731108  50.79666
4770.31034455662  22.35158
4770.48364180216  30.117
4770.6569390477  25.39691
4770.83023629324  32.07406
4771.00353353878  62.61223
4771.17683078433  44.54475
4771.35012802986  13.62428
4771.52342527541  28.99421
4771.69672252095  24.55577
4771.87001976649  57.82874
4772.04331701203  34.05878
4772.21661425757  17.73438
4772.38991150311  10.54306
4772.56320874865  13.29597
4772.73650599419  61.43174
4772.90980323973  98.84647
4773.08310048527  84.49725
4773.25639773081  71.63074
4773.42969497635  59.29622
4773.60299222189  46.0895
4773.77628946743  -0.6641166
4773.94958671297  22.6653
4774.12288395851  71.89249
4774.29618120405  65.32117
4774.46947844959  22.86615
4774.64277569513  36.14976
4774.81607294067  64.53268
4774.98937018621  70.90768
4775.16266743175  78.80152
4775.33596467729  54.10069
4775.50926192283  65.4654
4775.68255916837  57.99389
4775.85585641391  41.48263
4776.02915365945  47.62598
4776.20245090499  60.58528
4776.37574815053  65.71544
4776.54904539607  17.35546
4776.72234264161  13.44778
4776.89563988715  41.7436
4777.06893713269  60.07362
4777.24223437823  79.5611
4777.41553162377  55.26488
4777.58882886931  62.46733
4777.76212611485  18.92377
4777.93542336039  36.36547
4778.10872060593  60.00874
4778.28201785147  45.45134
4778.45531509701  16.94092
4778.62861234255  36.7019
4778.8019095881  66.71169
4778.97520683363  90.42183
4779.14850407917  77.74818
4779.32180132471  22.94842
4779.49509857026  9.553106
4779.6683958158  37.79741
4779.84169306134  32.22337
4780.01499030688  19.53888
4780.18828755242  89.13974
4780.36158479796  30.76124
4780.5348820435  23.69733
4780.70817928904  71.44411
4780.88147653458  54.76476
4781.05477378012  66.04114
4781.22807102566  65.58209
4781.4013682712  73.92744
4781.57466551674  95.33626
4781.74796276228  29.28173
4781.92126000782  2.430338
4782.09455725336  67.17128
4782.2678544989  39.00157
4782.44115174444  34.6725
4782.61444898998  41.43777
4782.78774623552  30.07964
4782.96104348106  19.43358
4783.1343407266  40.61672
4783.30763797214  41.78185
4783.48093521768  34.21964
4783.65423246322  37.99589
4783.82752970876  41.19117
4784.0008269543  65.16949
4784.17412419984  86.78293
4784.34742144538  65.39529
4784.52071869092  35.9038
4784.69401593646  26.66233
4784.867313182  49.01661
4785.04061042754  62.49125
4785.21390767308  45.16474
4785.38720491862  58.71498
4785.56050216416  70.64348
4785.7337994097  70.28817
4785.90709665524  74.16863
4786.08039390079  75.13114
4786.25369114632  41.98436
4786.42698839186  40.35815
4786.60028563741  62.49617
4786.77358288295  85.73594
4786.94688012849  88.09777
4787.12017737403  61.70095
4787.29347461957  80.59395
4787.46677186511  70.75932
4787.64006911065  47.82321
4787.81336635619  110.7918
4787.98666360173  72.06134
4788.15996084727  78.31005
4788.33325809281  93.21918
4788.50655533835  69.84489
4788.67985258389  56.55111
4788.85314982943  98.00938
4789.02644707497  117.6515
4789.19974432051  83.04575
4789.37304156605  62.12
4789.54633881159  63.75137
4789.71963605713  69.45601
4789.89293330267  76.15468
4790.06623054821  73.3237
4790.23952779375  68.32453
4790.41282503929  62.56157
4790.58612228483  73.14285
4790.75941953037  86.99197
4790.93271677591  138.9528
4791.10601402145  83.04386
4791.27931126699  61.49847
4791.45260851253  75.92334
4791.62590575807  46.57587
4791.79920300361  64.48785
4791.97250024915  86.22939
4792.14579749469  79.1598
4792.31909474023  74.12466
4792.49239198577  56.84854
4792.66568923131  70.67866
4792.83898647685  76.62805
4793.01228372239  31.57137
4793.18558096793  33.56265
4793.35887821347  74.62814
4793.53217545901  78.89588
4793.70547270455  46.26155
4793.87876995009  64.66362
4794.05206719563  42.56683
4794.22536444117  78.04021
4794.39866168672  71.86067
4794.57195893225  39.23523
4794.7452561778  54.67682
4794.91855342334  73.53815
4795.09185066888  72.17886
4795.26514791442  73.98186
4795.43844515996  60.60975
4795.6117424055  66.17112
4795.78503965104  91.98048
4795.95833689658  98.25513
4796.13163414212  77.04308
4796.30493138766  62.96041
4796.4782286332  74.3755
4796.65152587874  83.86852
4796.82482312428  89.77154
4796.99812036982  84.98866
4797.17141761536  84.38073
4797.3447148609  82.15987
4797.51801210644  73.86306
4797.69130935198  98.2613
4797.86460659752  63.16012
4798.03790384306  94.92613
4798.2112010886  119.4678
4798.38449833414  91.47047
4798.55779557968  98.77538
4798.73109282522  86.49168
4798.90439007076  90.50033
4799.0776873163  78.61385
4799.25098456184  82.03046
4799.42428180738  114.5034
4799.59757905292  117.0244
4799.77087629846  88.75123
4799.944173544  59.08572
4800.11747078954  59.44176
4800.29076803508  100.8552
4800.46406528062  127.1131
4800.63736252616  77.69753
4800.8106597717  58.00301
4800.98395701724  90.45348
4801.15725426279  66.82447
4801.33055150832  81.03534
4801.50384875387  80.68286
4801.6771459994  73.95681
4801.85044324495  90.0937
4802.02374049049  102.8913
4802.19703773603  73.99612
4802.37033498157  83.07811
4802.54363222711  61.52901
4802.71692947265  78.66718
4802.89022671819  116.3101
4803.06352396373  89.73543
4803.23682120927  72.14737
4803.41011845481  66.96428
4803.58341570035  84.01923
4803.75671294589  89.56331
4803.93001019143  73.8035
4804.10330743697  94.68689
4804.27660468251  92.68545
4804.44990192805  114.8789
4804.62319917359  90.46247
4804.79649641913  94.37584
4804.96979366467  57.19146
4805.14309091021  65.50418
4805.31638815575  103.8868
4805.48968540129  77.9715
4805.66298264683  55.7265
4805.83627989237  97.66787
4806.00957713791  102.7777
4806.18287438345  123.6499
4806.35617162899  106.7875
4806.52946887453  101.9085
4806.70276612007  86.47053
4806.87606336561  96.84579
4807.04936061115  81.79554
4807.22265785669  83.77551
4807.39595510223  84.7729
4807.56925234777  77.40185
4807.74254959331  68.13534
4807.91584683885  62.93846
4808.08914408439  102.8819
4808.26244132993  130.276
4808.43573857547  117.5856
4808.60903582101  77.1351
4808.78233306655  106.4857
4808.95563031209  145.2051
4809.12892755763  70.70434
4809.30222480317  139.549
4809.47552204872  124.8033
4809.64881929426  98.97115
4809.8221165398  140.3105
4809.99541378534  131.5029
4810.16871103088  92.38993
4810.34200827642  51.44776
4810.51530552196  112.7248
4810.6886027675  102.8132
4810.86190001304  96.33807
4811.03519725858  86.90247
4811.20849450412  96.24885
4811.38179174966  110.5607
4811.5550889952  160.3227
4811.72838624074  114.2002
4811.90168348628  102.22
4812.07498073182  127.881
4812.24827797736  103.6297
4812.4215752229  108.1925
4812.59487246844  100.2953
4812.76816971398  100.8633
4812.94146695952  137.6017
4813.11476420506  125.9853
4813.2880614506  86.99073
4813.46135869614  112.2944
4813.63465594168  103.6189
4813.80795318722  113.1794
4813.98125043276  124.5135
4814.1545476783  111.2294
4814.32784492384  84.33163
4814.50114216938  129.7675
4814.67443941492  123.5067
4814.84773666046  128.1403
4815.021033906  136.0076
4815.19433115154  72.55131
4815.36762839708  125.7654
4815.54092564262  149.5652
4815.71422288816  113.2403
4815.8875201337  137.9556
4816.06081737924  132.3606
4816.23411462478  124.875
4816.40741187032  149.8842
4816.58070911586  127.6962
4816.75400636141  115.049
4816.92730360695  128.0479
4817.10060085249  108.8828
4817.27389809803  114.9893
4817.44719534357  138.2908
4817.62049258911  131.1139
4817.79378983465  114.8645
4817.96708708019  119.8824
4818.14038432573  129.1024
4818.31368157127  88.22742
4818.48697881681  108.0202
4818.66027606235  113.9557
4818.83357330789  88.94557
4819.00687055343  133.1181
4819.18016779897  134.0461
4819.35346504451  124.9003
4819.52676229005  126.8189
4819.70005953559  99.48011
4819.87335678113  130.1753
4820.04665402667  120.6348
4820.21995127221  141.1713
4820.39324851775  136.2382
4820.56654576329  132.1343
4820.73984300883  119.381
4820.91314025437  136.8448
4821.08643749991  136.9484
4821.25973474545  149.892
4821.43303199099  110.8901
4821.60632923653  109.8272
4821.77962648207  143.5807
4821.95292372761  142.3263
4822.12622097315  111.177
4822.29951821869  129.3595
4822.47281546423  142.6523
4822.64611270977  120.2235
4822.81940995531  118.6713
4822.99270720085  140.5604
4823.16600444639  143.4671
4823.33930169193  123.9991
4823.51259893747  139.2069
4823.68589618301  143.6407
4823.85919342855  117.758
4824.03249067409  106.8023
4824.20578791963  151.5555
4824.37908516517  144.3739
4824.55238241072  158.6327
4824.72567965626  142.921
4824.8989769018  165.6397
4825.07227414734  144.7104
4825.24557139288  98.99454
4825.41886863842  109.75
4825.59216588396  76.90434
4825.7654631295  104.5748
4825.93876037504  165.4579
4826.11205762058  139.3759
4826.28535486612  102.0407
4826.45865211166  86.8567
4826.6319493572  144.0331
4826.80524660274  143.4587
4826.97854384828  134.818
4827.15184109382  138.7731
4827.32513833936  127.9068
4827.4984355849  140.7793
4827.67173283044  110.0739
4827.84503007598  130.0405
4828.01832732152  157.3107
4828.19162456706  127.2957
4828.3649218126  131.6044
4828.53821905814  142.3624
4828.71151630368  143.2939
4828.88481354922  149.6151
4829.05811079476  161.0815
4829.2314080403  172.3841
4829.40470528584  149.4244
4829.57800253138  132.2877
4829.75129977692  138.4706
4829.92459702246  150.6336
4830.097894268  156.9716
4830.27119151354  163.0629
4830.44448875908  154.7139
4830.61778600462  106.9419
4830.79108325016  146.8009
4830.9643804957  140.5944
4831.13767774124  106.6132
4831.31097498678  173.479
4831.48427223233  161.5022
4831.65756947786  156.7879
4831.83086672341  145.113
4832.00416396894  140.3244
4832.17746121449  162.3077
4832.35075846003  122.0623
4832.52405570557  110.5884
4832.69735295111  118.8651
4832.87065019665  163.6122
4833.04394744219  136.0786
4833.21724468773  143.9163
4833.39054193327  156.8603
4833.56383917881  141.7302
4833.73713642435  92.21143
4833.91043366989  122.9949
4834.08373091543  171.8774
4834.25702816097  154.634
4834.43032540651  148.7347
4834.60362265205  151.3997
4834.77691989759  181.4354
4834.95021714313  132.6321
4835.12351438867  104.7205
4835.29681163421  149.3352
4835.47010887975  195.3456
4835.64340612529  154.4159
4835.81670337083  127.0278
4835.99000061637  151.0256
4836.16329786191  140.9207
4836.33659510745  163.8918
4836.50989235299  149.9306
4836.68318959853  125.7048
4836.85648684407  160.0936
4837.02978408961  125.3528
4837.20308133515  111.439
4837.37637858069  166.5918
4837.54967582623  170.4036
4837.72297307177  157.2869
4837.89627031731  128.9978
4838.06956756285  132.7395
4838.24286480839  145.5295
4838.41616205393  176.7156
4838.58945929947  141.7812
4838.76275654501  101.9302
4838.93605379055  153.3779
4839.10935103609  157.3323
4839.28264828164  185.44
4839.45594552718  209.2962
4839.62924277271  181.6942
4839.80254001826  122.5919
4839.9758372638  159.894
4840.14913450934  178.7783
4840.32243175488  172.9075
4840.49572900042  163.5419
4840.66902624596  170.9114
4840.8423234915  169.181
4841.01562073704  149.3489
4841.18891798258  140.8408
4841.36221522812  139.5754
4841.53551247366  165.8585
4841.7088097192  146.2625
4841.88210696474  165.494
4842.05540421028  154.1561
4842.22870145582  199.2349
4842.40199870136  169.0672
4842.5752959469  180.6706
4842.74859319244  171.5807
4842.92189043798  121.5844
4843.09518768352  137.1929
4843.26848492906  186.2021
4843.4417821746  160.4731
4843.61507942014  142.0029
4843.78837666568  151.7551
4843.96167391122  138.8845
4844.13497115676  152.6699
4844.3082684023  166.706
4844.48156564784  181.8564
4844.65486289338  186.9521
4844.82816013892  152.6672
4845.00145738446  157.2603
4845.17475463  132.9758
4845.34805187554  150.7231
4845.52134912108  218.2635
4845.69464636662  171.9225
4845.86794361216  163.7698
4846.0412408577  189.7165
4846.21453810324  185.2572
4846.38783534878  180.9719
4846.56113259432  152.6954
4846.73442983986  172.8766
4846.9077270854  185.3361
4847.08102433095  140.1398
4847.25432157649  134.0645
4847.42761882203  186.0719
4847.60091606757  200.0511
4847.77421331311  219.9734
4847.94751055865  210.2603
4848.12080780419  167.8077
4848.29410504973  173.9784
4848.46740229527  196.268
4848.64069954081  185.3027
4848.81399678635  150.3394
4848.98729403189  171.1886
4849.16059127743  193.2706
4849.33388852297  182.6467
4849.50718576851  148.6621
4849.68048301405  174.9391
4849.85378025959  181.34
4850.02707750513  186.5114
4850.20037475067  193.2512
4850.37367199621  188.6062
4850.54696924175  152.2495
4850.72026648729  147.6652
4850.89356373283  177.3009
4851.06686097837  191.9926
4851.24015822391  179.2204
4851.41345546945  165.6474
4851.58675271499  189.8411
4851.76004996053  206.754
4851.93334720607  204.4716
4852.10664445161  227.7802
4852.27994169715  224.1979
4852.45323894269  190.6312
4852.62653618823  199.6114
4852.79983343377  147.0002
4852.97313067931  203.0451
4853.14642792485  217.6032
4853.31972517039  215.8028
4853.49302241593  229.7293
4853.66631966147  221.1004
4853.83961690702  231.0314
4854.01291415256  222.3703
4854.18621139809  223.9009
4854.35950864364  222.1008
4854.53280588918  237.5115
4854.70610313471  188.3478
4854.87940038026  194.2495
4855.0526976258  217.35
4855.22599487134  224.2934
4855.39929211688  223.1155
4855.57258936242  240.2158
4855.74588660796  232.3129
4855.9191838535  222.8649
4856.09248109904  246.12
4856.26577834458  226.672
4856.43907559012  241.8917
4856.61237283566  215.7188
4856.7856700812  262.4315
4856.95896732674  208.2869
4857.13226457228  195.7711
4857.30556181782  250.6202
4857.47885906336  195.036
4857.6521563089  207.7058
4857.82545355444  227.7598
4857.99875079998  243.3306
4858.17204804552  216.739
4858.34534529106  239.3235
4858.5186425366  233.7771
4858.69193978214  220.4873
4858.86523702768  265.7743
4859.03853427322  213.8436
4859.21183151876  194.6224
4859.3851287643  204.0363
4859.55842600984  229.1509
4859.73172325538  268.8643
4859.90502050092  240.7608
4860.07831774646  223.4852
4860.251614992  195.1587
4860.42491223754  201.1412
4860.59820948308  203.7243
4860.77150672862  233.867
4860.94480397416  229.6257
4861.1181012197  224.624
4861.29139846524  238.0003
4861.46469571078  235.566
4861.63799295632  227.5858
4861.81129020186  242.284
4861.9845874474  241.549
4862.15788469295  270.8075
4862.33118193849  250.8011
4862.50447918403  218.9869
4862.67777642957  233.8164
4862.85107367511  216.1893
4863.02437092065  197.1563
4863.19766816619  236.027
4863.37096541173  250.1745
4863.54426265727  249.1451
4863.71755990281  269.3493
4863.89085714835  190.1687
4864.06415439389  189.9314
4864.23745163943  238.4899
4864.41074888497  213.1714
4864.58404613051  188.2032
4864.75734337605  217.9586
4864.93064062159  242.4106
4865.10393786713  248.1225
4865.27723511267  215.6319
4865.45053235821  194.2608
4865.62382960375  201.8337
4865.79712684929  203.9077
4865.97042409483  191.3401
4866.14372134037  220.1071
4866.31701858591  227.8433
4866.49031583145  217.2789
4866.66361307699  241.3153
4866.83691032253  236.1412
4867.01020756807  241.3661
4867.18350481361  232.3389
4867.35680205915  198.093
4867.53009930469  253.547
4867.70339655023  262.2852
4867.87669379577  203.4064
4868.04999104131  184.259
4868.22328828685  215.0274
4868.39658553239  262.201
4868.56988277794  238.6018
4868.74318002347  204.9018
4868.91647726902  243.8708
4869.08977451455  237.5512
4869.26307176009  233.5536
4869.43636900564  211.3359
4869.60966625117  201.1707
4869.78296349672  221.3473
4869.95626074226  192.4456
4870.1295579878  209.5703
4870.30285523334  232.2328
4870.47615247888  224.5176
4870.64944972442  244.7888
4870.82274696996  224.5533
4870.9960442155  191.7283
4871.16934146104  212.3435
4871.34263870658  241.1475
4871.51593595212  227.9293
4871.68923319766  178.6384
4871.8625304432  222.9795
4872.03582768874  228.7055
4872.20912493428  197.7437
4872.38242217982  209.814
4872.55571942536  230.4953
4872.7290166709  252.1104
4872.90231391644  254.3178
4873.07561116198  203.1391
4873.24890840752  77.26053
4873.42220565306  173.8721
4873.5955028986  198.4725
4873.76880014414  210.0351
4873.94209738968  192.4841
4874.11539463522  177.258
4874.28869188076  205.0438
4874.4619891263  168.0642
4874.63528637184  178.2005
4874.80858361738  245.3712
4874.98188086292  190.9483
4875.15517810846  236.2939
4875.328475354  213.4217
4875.50177259954  173.7975
4875.67506984508  186.0213
4875.84836709062  173.4358
4876.02166433616  169.0233
4876.1949615817  251.2793
4876.36825882724  206.9806
4876.54155607278  208.5716
4876.71485331832  196.7222
4876.88815056386  203.8228
4877.0614478094  209.2888
4877.23474505494  202.3687
4877.40804230049  185.3846
4877.58133954603  175.3683
4877.75463679157  189.6552
4877.92793403711  168.2536
4878.10123128265  219.174
4878.27452852819  184.3071
4878.44782577373  165.5696
4878.62112301927  162.2182
4878.79442026481  179.5389
4878.96771751035  111.0317
4879.14101475589  189.6464
4879.31431200143  194.8528
4879.48760924697  179.0583
4879.66090649251  200.4963
4879.83420373805  183.6084
4880.00750098359  196.3595
4880.18079822913  165.2377
4880.35409547467  136.9243
4880.52739272021  189.5594
4880.70068996575  200.6844
4880.87398721129  184.4358
4881.04728445683  151.4305
4881.22058170237  167.3813
4881.39387894791  222.4893
4881.56717619345  229.3957
4881.74047343899  190.347
4881.91377068453  146.5625
4882.08706793007  169.3126
4882.26036517561  162.4483
4882.43366242115  137.5723
4882.60695966669  179.6109
4882.78025691223  173.6166
4882.95355415777  149.3132
4883.12685140331  135.4097
4883.30014864885  162.9309
4883.47344589439  202.7185
4883.64674313993  177.2104
4883.82004038547  177.9331
4883.99333763102  165.8582
4884.16663487655  175.2738
4884.33993212209  183.4397
4884.51322936764  133.4227
4884.68652661318  111.8094
4884.85982385872  172.2974
4885.03312110426  177.7311
4885.2064183498  175.9474
4885.37971559534  198.671
4885.55301284088  156.3422
4885.72631008642  145.6831
4885.89960733196  173.6145
4886.0729045775  182.4104
4886.24620182304  159.5009
4886.41949906858  157.675
4886.59279631412  139.7321
4886.76609355966  159.352
4886.9393908052  195.8674
4887.11268805074  158.3219
4887.28598529628  190.5089
4887.45928254182  198.8829
4887.63257978736  191.1194
4887.8058770329  165.7981
4887.97917427844  141.9723
4888.15247152398  206.5539
4888.32576876952  186.9545
4888.49906601506  165.3643
4888.6723632606  185.7389
4888.84566050614  177.3882
4889.01895775168  135.6096
4889.19225499722  160.8689
4889.36555224276  179.8644
4889.5388494883  142.715
4889.71214673384  155.5777
4889.88544397938  158.822
4890.05874122492  148.8691
4890.23203847046  189.9658
4890.405335716  209.2599
4890.57863296154  182.4713
4890.75193020708  169.4572
4890.92522745262  190.9979
4891.09852469816  169.3271
4891.2718219437  127.7316
4891.44511918924  118.997
4891.61841643478  150.1126
4891.79171368032  177.2711
4891.96501092586  171.2743
4892.1383081714  190.2391
4892.31160541695  178.329
4892.48490266249  176.722
4892.65819990803  144.9111
4892.83149715357  152.3519
4893.00479439911  146.5274
4893.17809164465  173.3325
4893.35138889019  145.3868
4893.52468613573  130.9043
4893.69798338127  168.5326
4893.87128062681  211.5946
4894.04457787235  124.9165
4894.21787511789  129.3511
4894.39117236343  197.7519
4894.56446960897  162.0861
4894.73776685451  102.5507
4894.91106410005  140.9566
4895.08436134559  141.7209
4895.25765859113  119.8691
4895.43095583667  140.4752
4895.60425308221  159.1724
4895.77755032775  155.1025
4895.95084757329  154.2711
4896.12414481883  121.1245
4896.29744206437  90.34338
4896.47073930991  170.8188
4896.64403655545  205.9784
4896.81733380099  134.2337
4896.99063104653  125.1354
4897.16392829207  127.8416
4897.33722553761  140.3452
4897.51052278315  185.3079
4897.68382002869  149.8406
4897.85711727423  146.2206
4898.03041451977  172.7639
4898.20371176531  151.2322
4898.37700901085  131.1176
4898.55030625639  151.7979
4898.72360350193  176.2813
4898.89690074747  173.9231
4899.07019799301  146.4822
4899.24349523856  125.0693
4899.41679248409  101.004
4899.59008972964  110.7422
4899.76338697518  162.1982
4899.93668422071  131.9138
4900.10998146626  153.8976
4900.2832787118  181.6247
4900.45657595734  147.1823
4900.62987320288  179.0908
4900.80317044842  170.2878
4900.97646769396  153.4801
4901.1497649395  175.0232
4901.32306218504  152.2205
4901.49635943058  151.2162
4901.66965667612  111.3948
4901.84295392166  97.01488
4902.0162511672  113.6717
4902.18954841274  120.4523
4902.36284565828  151.8401
4902.53614290382  113.0638
4902.70944014936  117.567
4902.8827373949  131.2185
4903.05603464044  118.8515
4903.22933188598  134.6744
4903.40262913152  133.9382
4903.57592637706  144.4961
4903.7492236226  140.6419
4903.92252086814  108.5677
4904.09581811368  141.5242
4904.26911535922  170.6523
4904.44241260476  140.2936
4904.6157098503  164.3724
4904.78900709584  129.0766
4904.96230434138  140.1115
4905.13560158692  137.6902
4905.30889883246  118.6531
4905.482196078  133.124
4905.65549332354  111.7934
4905.82879056908  149.377
4906.00208781462  159.3521
4906.17538506016  86.25166
4906.3486823057  120.6181
4906.52197955124  123.1612
4906.69527679678  133.6681
4906.86857404233  96.52501
4907.04187128786  120.3192
4907.2151685334  123.4562
4907.38846577895  159.7065
4907.56176302449  96.62634
4907.73506027003  96.34393
4907.90835751557  116.0746
4908.08165476111  98.16068
4908.25495200665  109.8814
4908.42824925219  141.2383
4908.60154649773  122.8827
4908.77484374327  114.556
4908.94814098881  147.6687
4909.12143823435  125.9611
4909.29473547989  116.2379
4909.46803272543  117.4286
4909.64132997097  157.8411
4909.81462721651  150.8389
4909.98792446205  127.117
4910.16122170759  123.744
4910.33451895313  68.04533
4910.50781619867  105.6498
4910.68111344421  136.2273
4910.85441068975  118.8449
4911.02770793529  116.7062
4911.20100518083  98.99051
4911.37430242637  113.5748
4911.54759967191  120.0986
4911.72089691745  83.21305
4911.89419416299  113.1477
4912.06749140853  131.1816
4912.24078865407  138.8921
4912.41408589961  121.7029
4912.58738314515  107.4672
4912.76068039069  73.39056
4912.93397763623  147.1549
4913.10727488177  94.98392
4913.28057212731  107.7193
4913.45386937285  108.3645
4913.62716661839  83.22088
4913.80046386393  77.60576
4913.97376110947  121.5817
4914.14705835502  79.71465
4914.32035560055  99.3708
4914.49365284609  114.064
4914.66695009164  90.04552
4914.84024733718  94.68963
4915.01354458271  105.5295
4915.18684182826  88.07881
4915.3601390738  109.0846
4915.53343631934  116.9974
4915.70673356488  106.6738
4915.88003081042  73.70209
4916.05332805596  103.9953
4916.2266253015  88.75508
4916.39992254704  110.8421
4916.57321979258  126.8225
4916.74651703812  90.99327
4916.91981428366  125.6407
4917.0931115292  110.818
4917.26640877474  85.86423
4917.43970602028  86.02787
4917.61300326582  87.08385
4917.78630051136  88.78075
4917.9595977569  114.2928
4918.13289500244  119.5373
4918.30619224798  100.2524
4918.47948949352  89.11631
4918.65278673906  89.46295
4918.8260839846  49.60973
4918.99938123014  68.1096
4919.17267847568  137.9954
4919.34597572122  97.38328
4919.51927296676  114.1854
4919.6925702123  68.71563
4919.86586745784  94.81444
4920.03916470338  95.40857
4920.21246194892  106.7462
4920.38575919446  89.16828
4920.55905644  62.34288
4920.73235368554  92.32343
4920.90565093108  92.2238
4921.07894817662  95.47116
4921.25224542216  94.00424
4921.4255426677  31.20535
4921.59883991324  70.9094
4921.77213715878  93.15205
4921.94543440432  99.39027
4922.11873164986  90.68637
4922.29202889541  107.4044
4922.46532614095  106.8955
4922.63862338649  62.17741
4922.81192063203  95.70317
4922.98521787757  98.11393
4923.15851512311  82.65059
4923.33181236865  60.18989
4923.50510961419  62.57387
4923.67840685973  71.3307
4923.85170410527  106.2194
4924.02500135081  116.986
4924.19829859635  72.47646
4924.37159584189  73.75356
4924.54489308743  49.32983
4924.71819033297  75.89604
4924.89148757851  73.60118
4925.06478482405  87.16784
4925.23808206959  82.42776
4925.41137931513  49.72984
4925.58467656067  86.7805
4925.75797380621  94.23151
4925.93127105175  50.89169
4926.10456829729  53.51756
4926.27786554283  60.7903
4926.45116278837  71.33705
4926.62446003391  81.45844
4926.79775727945  48.65118
4926.97105452499  68.16196
4927.14435177053  88.74783
4927.31764901607  43.02197
4927.49094626161  51.41463
4927.66424350715  69.5492
4927.83754075269  91.58318
4928.01083799823  62.4395
4928.18413524377  51.80795
4928.35743248931  96.80006
4928.53072973485  103.9605
4928.70402698039  59.78405
4928.87732422593  74.4284
4929.05062147147  55.09785
4929.22391871702  85.42432
4929.39721596255  83.36579
4929.57051320809  79.20382
4929.74381045364  93.69415
4929.91710769918  54.33775
4930.09040494472  87.46773
4930.26370219026  29.20252
4930.4369994358  86.30733
4930.61029668134  75.90739
4930.78359392688  64.23666
4930.95689117242  74.56213
4931.13018841796  59.87616
4931.3034856635  84.42316
4931.47678290904  64.9916
4931.65008015458  96.81073
4931.82337740012  59.59664
4931.99667464566  71.46343
4932.1699718912  82.62514
4932.34326913674  83.07493
4932.51656638228  70.24361
4932.68986362782  85.10004
4932.86316087336  40.73249
4933.0364581189  53.89167
4933.20975536444  34.94226
4933.38305260998  39.20769
4933.55634985552  37.84855
4933.72964710106  53.80507
4933.9029443466  21.25388
4934.07624159214  54.24208
4934.24953883768  40.87574
4934.42283608322  59.40655
4934.59613332876  35.22661
4934.7694305743  39.22547
4934.94272781984  22.853
4935.11602506538  40.39614
4935.28932231092  63.09533
4935.46261955646  40.97649
4935.635916802  88.21494
4935.80921404754  99.8185
4935.98251129308  69.25945
4936.15580853862  71.98813
4936.32910578416  40.75138
4936.5024030297  63.60511
4936.67570027524  43.39176
4936.84899752079  2.038003
4937.02229476633  5.161842
4937.19559201187  25.61808
4937.36888925741  1.4428
4937.54218650295  49.87682
4937.71548374849  52.64392
4937.88878099403  68.8598
4938.06207823957  40.26229
4938.23537548511  15.7871
4938.40867273065  40.34019
4938.58196997619  29.06437
4938.75526722173  32.79372
4938.92856446727  48.56984
4939.10186171281  35.66673
4939.27515895835  28.70379
4939.44845620389  14.67738
4939.62175344943  49.42081
4939.79505069497  31.2475
4939.96834794051  9.109684
4940.14164518605  40.23598
4940.31494243159  47.49614
4940.48823967713  48.99909
4940.66153692267  24.12567
4940.83483416821  36.54259
4941.00813141375  83.29913
4941.18142865929  56.95171
4941.35472590483  19.55274
4941.52802315037  57.80838
4941.70132039591  58.65681
4941.87461764145  -14.11688
4942.04791488699  -8.689316
4942.22121213253  -2.500494
4942.39450937807  10.87197
4942.56780662361  16.3366
4942.74110386915  27.44706
4942.91440111469  31.14285
4943.08769836023  1.243659
4943.26099560577  22.2548
4943.43429285131  57.75718
4943.60759009685  29.92429
4943.78088734239  22.80686
4943.95418458793  -4.845495
4944.12748183347  25.75343
4944.30077907901  31.9358
4944.47407632456  -0.5057911
4944.64737357009  3.025789
4944.82067081564  7.663983
4944.99396806117  12.05388
4945.16726530671  -7.563166
4945.34056255226  43.41301
