4767.7534935658  18.5272
4767.92726420595  29.93571
4768.10103484609  -17.43681
4768.27480548624  -9.546363
4768.44857612638  18.06735
4768.62234676653  -26.81891
4768.79611740667  -22.54371
4768.96988804682  15.72959
4769.14365868696  30.39895
4769.31742932711  71.31926
4769.49119996725  58.40559
4769.6649706074  4.856309
4769.83874124754  47.40514
4770.01251188769  28.9196
4770.18628252783  50.3704
4770.36005316798  5.908455
4770.53382380812  31.15277
4770.70759444827  10.01392
4770.88136508841  30.49832
4771.05513572856  14.69606
4771.2289063687  -11.04733
4771.40267700885  -9.763413
4771.57644764899  -10.04137
4771.75021828914  64.59924
4771.92398892928  103.0723
4772.09775956943  51.56821
4772.27153020957  42.1665
4772.44530084972  57.14472
4772.61907148987  -2.602722
4772.79284213001  52.60076
4772.96661277015  110.8539
4773.1403834103  72.27637
4773.31415405045  29.24423
4773.48792469059  -3.995375
4773.66169533074  40.04236
4773.83546597088  87.99086
4774.00923661103  36.82554
4774.18300725117  10.94866
4774.35677789132  -32.92765
4774.53054853146  -39.11471
4774.70431917161  30.64369
4774.87808981175  34.66084
4775.0518604519  42.34577
4775.22563109204  68.44387
4775.39940173219  34.49923
4775.57317237233  6.475945
4775.74694301248  58.04266
4775.92071365262  102.033
4776.09448429277  96.62813
4776.26825493291  88.94509
4776.44202557306  75.30902
4776.6157962132  73.43195
4776.78956685335  86.18583
4776.96333749349  51.63502
4777.13710813364  62.93567
4777.31087877378  23.58776
4777.48464941393  55.56944
4777.65842005408  61.35072
4777.83219069422  46.5648
4778.00596133436  -17.56683
4778.17973197451  -51.80119
4778.35350261466  41.39131
4778.5272732548  92.79944
4778.70104389495  13.40104
4778.87481453509  -5.866776
4779.04858517524  56.22513
4779.22235581538  44.14643
4779.39612645553  13.56235
4779.56989709567  57.37282
4779.74366773582  32.51133
4779.91743837596  -3.008013
4780.09120901611  -0.7196621
4780.26497965625  57.29585
4780.4387502964  52.48621
4780.61252093654  56.95267
4780.78629157669  62.15273
4780.96006221683  64.0269
4781.13383285698  73.60283
4781.30760349712  62.00219
4781.48137413727  69.92723
4781.65514477741  101.1525
4781.82891541756  108.1903
4782.0026860577  26.8146
4782.17645669785  35.77069
4782.35022733799  38.77205
4782.52399797814  50.48724
4782.69776861828  103.0208
4782.87153925843  80.56409
4783.04530989857  65.42995
4783.21908053872  84.59448
4783.39285117886  82.59283
4783.56662181901  74.50527
4783.74039245916  98.89914
4783.9141630993  82.64075
4784.08793373945  41.62007
4784.26170437959  74.38562
4784.43547501974  59.49728
4784.60924565988  106.2618
4784.78301630003  103.0144
4784.95678694017  69.78978
4785.13055758032  74.8352
4785.30432822046  59.48154
4785.47809886061  71.56777
4785.65186950075  62.97817
4785.8256401409  94.80415
4785.99941078104  115.1671
4786.17318142119  55.60808
4786.34695206133  23.89527
4786.52072270148  55.53091
4786.69449334162  53.98099
4786.86826398177  48.81586
4787.04203462191  108.3068
4787.21580526206  115.3921
4787.3895759022  93.00611
4787.56334654235  90.13571
4787.73711718249  88.93221
4787.91088782264  87.36057
4788.08465846278  47.45663
4788.25842910293  65.23301
4788.43219974307  128.3607
4788.60597038322  74.84146
4788.77974102337  34.88183
4788.95351166351  73.53304
4789.12728230365  31.01163
4789.3010529438  -0.561567
4789.47482358395  38.72977
4789.64859422409  48.84224
4789.82236486424  124.7261
4789.99613550438  78.62318
4790.16990614453  42.45546
4790.34367678467  42.93194
4790.51744742482  99.6117
4790.69121806496  93.90337
4790.86498870511  75.11353
4791.03875934525  63.52188
4791.2125299854  67.09049
4791.38630062554  97.91566
4791.56007126569  67.67324
4791.73384190583  89.86601
4791.90761254598  133.4515
4792.08138318612  73.91676
4792.25515382627  87.29294
4792.42892446641  139.736
4792.60269510656  84.66209
4792.7764657467  58.19434
4792.95023638685  73.20535
4793.12400702699  52.68808
4793.29777766714  57.40985
4793.47154830728  74.92773
4793.64531894743  72.22661
4793.81908958757  105.8497
4793.99286022772  147.3102
4794.16663086787  90.90388
4794.34040150801  63.30444
4794.51417214815  81.60127
4794.6879427883  60.68374
4794.86171342844  79.13126
4795.03548406859  90.77314
4795.20925470874  35.69174
4795.38302534888  49.77249
4795.55679598903  75.43393
4795.73056662917  76.69336
4795.90433726932  43.3404
4796.07810790946  13.15328
4796.25187854961  59.68024
4796.42564918975  75.73116
4796.5994198299  131.378
4796.77319047004  138.2495
4796.94696111019  99.52356
4797.12073175033  90.6916
4797.29450239048  94.96799
4797.46827303062  85.48315
4797.64204367077  43.08339
4797.81581431091  40.10798
4797.98958495106  62.00002
4798.1633555912  47.89805
4798.33712623135  81.54961
4798.51089687149  112.9765
4798.68466751164  82.09232
4798.85843815178  33.15516
4799.03220879193  74.58184
4799.20597943208  131.3492
4799.37975007222  95.03373
4799.55352071236  64.24261
4799.72729135251  109.7108
4799.90106199265  65.48222
4800.0748326328  125.8983
4800.24860327295  84.53869
4800.42237391309  37.95834
4800.59614455324  101.7049
4800.76991519338  119.4321
4800.94368583353  81.45397
4801.11745647367  65.71881
4801.29122711382  97.14657
4801.46499775396  123.8645
4801.63876839411  114.432
4801.81253903425  126.6219
4801.9863096744  79.27308
4802.16008031454  91.13425
4802.33385095469  92.69086
4802.50762159483  72.11247
4802.68139223498  82.09615
4802.85516287512  125.4863
4803.02893351527  106.3794
4803.20270415541  84.3292
4803.37647479556  56.95872
4803.5502454357  72.29703
4803.72401607585  68.93147
4803.89778671599  81.86831
4804.07155735614  98.89764
4804.24532799628  90.08036
4804.41909863643  105.1594
4804.59286927657  120.9486
4804.76663991672  124.3976
4804.94041055686  118.7824
4805.11418119701  100.8409
4805.28795183715  73.49618
4805.4617224773  49.14544
4805.63549311744  96.86124
4805.80926375759  102.0341
4805.98303439774  78.98883
4806.15680503788  98.42408
4806.33057567803  109.7736
4806.50434631817  157.8039
4806.67811695832  92.921
4806.85188759846  77.61752
4807.02565823861  114.5647
4807.19942887875  145.4881
4807.3731995189  118.7846
4807.54697015904  110.3914
4807.72074079919  103.8311
4807.89451143933  113.7566
4808.06828207948  160.7994
4808.24205271962  125.0879
4808.41582335977  118.4486
4808.58959399991  138.5419
4808.76336464006  153.3824
4808.9371352802  133.9044
4809.11090592035  137.1841
4809.28467656049  98.63906
4809.45844720064  100.5629
4809.63221784078  100.2104
4809.80598848093  84.387
4809.97975912107  73.67821
4810.15352976122  160.5149
4810.32730040136  163.168
4810.50107104151  108.3177
4810.67484168166  95.94564
4810.8486123218  98.08901
4811.02238296195  147.4015
4811.19615360209  171.1735
4811.36992424224  82.84473
4811.54369488238  63.65951
4811.71746552253  131.4015
4811.89123616267  160.3194
4812.06500680282  142.7166
4812.23877744296  86.76492
4812.41254808311  185.7429
4812.58631872325  180.9903
4812.7600893634  137.4494
4812.93386000354  155.513
4813.10763064369  103.8506
4813.28140128383  102.7801
4813.45517192398  112.865
4813.62894256412  177.8438
4813.80271320427  115.0223
4813.97648384441  107.5828
4814.15025448456  153.1385
4814.3240251247  175.2716
4814.49779576485  108.2473
4814.67156640499  87.24622
4814.84533704514  138.3002
4815.01910768528  130.8745
4815.19287832543  131.2059
4815.36664896557  194.0334
4815.54041960572  167.8852
4815.71419024586  116.2551
4815.88796088601  160.9653
4816.06173152615  166.7179
4816.2355021663  139.0727
4816.40927280645  87.23688
4816.58304344659  53.14555
4816.75681408674  74.85857
4816.93058472688  112.4857
4817.10435536703  83.10841
4817.27812600717  108.3938
4817.45189664732  133.009
4817.62566728746  147.8198
4817.79943792761  144.1006
4817.97320856775  167.4528
4818.1469792079  160.3312
4818.32074984804  99.88331
4818.49452048819  171.4113
4818.66829112833  163.0284
4818.84206176848  123.4545
4819.01583240862  139.5403
4819.18960304877  154.8114
4819.36337368891  135.1384
4819.53714432906  147.3641
4819.7109149692  130.0769
4819.88468560935  94.22728
4820.05845624949  142.5478
4820.23222688964  116.2689
4820.40599752978  102.0763
4820.57976816993  132.7291
4820.75353881007  91.45181
4820.92730945022  57.43159
4821.10108009036  35.27879
4821.27485073051  87.5785
4821.44862137065  126.958
4821.6223920108  110.5741
4821.79616265095  78.76316
4821.96993329109  95.44608
4822.14370393124  183.3646
4822.31747457138  140.1293
4822.49124521153  124.3676
4822.66501585167  151.5789
4822.83878649182  178.1431
4823.01255713196  159.1681
4823.18632777211  111.2426
4823.36009841225  143.2616
4823.5338690524  137.8956
4823.70763969254  100.2939
4823.88141033269  168.8871
4824.05518097283  215.4469
4824.22895161298  133.6774
4824.40272225312  62.40381
4824.57649289327  107.7783
4824.75026353341  167.1647
4824.92403417356  146.4526
4825.0978048137  117.7466
4825.27157545385  124.3172
4825.44534609399  148.8203
4825.61911673414  124.5127
4825.79288737428  134.7206
4825.96665801443  159.7865
4826.14042865457  186.3508
4826.31419929472  146.0464
4826.48796993487  49.65533
4826.66174057501  151.1843
4826.83551121516  183.0291
4827.0092818553  167.2478
4827.18305249544  180.5283
4827.35682313559  172.4533
4827.53059377574  146.6877
4827.70436441588  130.1928
4827.87813505603  99.8296
4828.05190569617  120.8237
4828.22567633632  149.441
4828.39944697646  145.1868
4828.57321761661  143.094
4828.74698825675  176.2043
4828.9207588969  189.6527
4829.09452953704  159.7496
4829.26830017719  158.7773
4829.44207081733  157.2386
4829.61584145748  151.4948
4829.78961209762  138.5661
4829.96338273777  127.4094
4830.13715337791  166.2062
4830.31092401806  165.4407
4830.4846946582  142.1928
4830.65846529835  139.8064
4830.83223593849  188.8722
4831.00600657864  172.2567
4831.17977721878  132.6231
4831.35354785893  121.6284
4831.52731849907  149.2392
4831.70108913922  170.3257
4831.87485977936  171.8344
4832.04863041951  174.039
4832.22240105965  221.075
4832.3961716998  204.6676
4832.56994233995  150.2727
4832.74371298009  150.7206
4832.91748362024  136.9476
4833.09125426038  184.8142
4833.26502490052  168.8689
4833.43879554067  175.6414
4833.61256618082  180.5435
4833.78633682096  146.7225
4833.96010746111  117.303
4834.13387810125  206.2662
4834.3076487414  222.8976
4834.48141938154  183.8196
4834.65519002169  203.4039
4834.82896066183  205.8749
4835.00273130198  174.3866
4835.17650194212  160.2756
4835.35027258227  179.9855
4835.52404322241  204.4153
4835.69781386256  176.2366
4835.8715845027  110.4316
4836.04535514285  102.4849
4836.21912578299  196.5194
4836.39289642314  203.0597
4836.56666706328  130.4652
4836.74043770343  166.1347
4836.91420834357  226.2563
4837.08797898372  282.6116
4837.26174962387  157.991
4837.43552026401  217.3965
4837.60929090415  242.0383
4837.7830615443  195.7659
4837.95683218445  195.9911
4838.13060282459  160.7785
4838.30437346474  117.3301
4838.47814410488  98.67876
4838.65191474503  181.2603
4838.82568538517  242.4442
4838.99945602532  231.8843
4839.17322666546  274.126
4839.34699730561  208.5169
4839.52076794575  173.071
4839.6945385859  181.3081
4839.86830922604  250.5103
4840.04207986619  198.16
4840.21585050633  162.7259
4840.38962114648  161.4385
4840.56339178662  248.6733
4840.73716242677  210.2753
4840.91093306691  214.1295
4841.08470370706  162.7518
4841.2584743472  121.6065
4841.43224498735  139.2362
4841.60601562749  136.7662
4841.77978626764  194.7159
4841.95355690778  195.1
4842.12732754793  138.1487
4842.30109818807  178.6922
4842.47486882822  225.3265
4842.64863946836  244.4734
4842.82241010851  261.695
4842.99618074865  208.8945
4843.1699513888  200.0263
4843.34372202895  231.2257
4843.51749266909  238.316
4843.69126330923  254.2662
4843.86503394938  206.4637
4844.03880458953  171.7209
4844.21257522967  198.4935
4844.38634586982  208.8512
4844.56011650996  210.2089
4844.73388715011  160.3052
4844.90765779025  162.924
4845.0814284304  241.434
4845.25519907054  201.2894
4845.42896971069  175.4838
4845.60274035083  222.446
4845.77651099098  224.8249
4845.95028163112  197.9474
4846.12405227127  181.192
4846.29782291141  187.3989
4846.47159355156  153.9368
4846.6453641917  166.3939
4846.81913483185  171.5847
4846.99290547199  231.9823
4847.16667611214  204.7555
4847.34044675228  184.1753
4847.51421739243  177.9145
4847.68798803257  187.284
4847.86175867272  204.3588
4848.03552931286  252.8656
4848.20929995301  261.5163
4848.38307059316  241.8279
4848.5568412333  215.2887
4848.73061187345  234.723
4848.90438251359  191.811
4849.07815315374  181.5922
4849.25192379388  200.0699
4849.42569443403  224.3421
4849.59946507417  194.7836
4849.77323571432  217.5712
4849.94700635446  247.431
4850.12077699461  216.899
4850.29454763475  230.157
4850.4683182749  229.6324
4850.64208891504  196.5344
4850.81585955519  189.8263
4850.98963019533  183.2405
4851.16340083548  265.6722
4851.33717147562  302.0996
4851.51094211577  230.5248
4851.68471275591  208.9251
4851.85848339606  282.6552
4852.0322540362  309.3969
4852.20602467635  233.9365
4852.37979531649  270.6689
4852.55356595664  338.7339
4852.72733659678  322.6714
4852.90110723693  275.6137
4853.07487787707  330.368
4853.24864851722  341.016
4853.42241915736  287.0662
4853.59618979751  273.3054
4853.76996043765  313.267
4853.9437310778  321.0991
4854.11750171794  311.4528
4854.29127235809  327.2012
4854.46504299824  380.9702
4854.63881363838  284.8543
4854.81258427853  273.8041
4854.98635491867  295.2506
4855.16012555882  295.6463
4855.33389619896  266.8785
4855.50766683911  301.6093
4855.68143747925  320.2579
4855.8552081194  385.8611
4856.02897875954  350.2756
4856.20274939969  280.8513
4856.37652003983  257.5746
4856.55029067998  289.5805
4856.72406132012  311.1867
4856.89783196027  335.5835
4857.07160260041  327.9349
4857.24537324056  302.3735
4857.4191438807  288.898
4857.59291452085  300.4832
4857.76668516099  296.7122
4857.94045580114  246.4382
4858.11422644128  224.6031
4858.28799708143  248.7843
4858.46176772157  327.3976
4858.63553836172  341.8564
4858.80930900186  290.4004
4858.98307964201  284.6908
4859.15685028215  270.4608
4859.3306209223  286.0643
4859.50439156244  274.8339
4859.67816220259  215.8116
4859.85193284274  250.2269
4860.02570348288  315.4202
4860.19947412303  288.4819
4860.37324476317  258.9791
4860.54701540332  264.3919
4860.72078604346  258.7996
4860.89455668361  333.8631
4861.06832732375  301.077
4861.2420979639  242.6789
4861.41586860404  275.614
4861.58963924419  251.9787
4861.76340988433  306.0419
4861.93718052448  326.7794
4862.11095116462  298.3618
4862.28472180477  300.4528
4862.45849244491  256.3658
4862.63226308506  272.5414
4862.8060337252  284.485
4862.97980436535  303.9602
4863.15357500549  334.032
4863.32734564564  262.4452
4863.50111628578  250.3411
4863.67488692593  281.5487
4863.84865756607  269.8125
4864.02242820622  257.2554
4864.19619884637  259.9572
4864.36996948651  295.1606
4864.54374012665  336.8757
4864.7175107668  290.2875
4864.89128140695  265.3804
4865.06505204709  287.8457
4865.23882268724  243.151
4865.41259332738  239.0747
4865.58636396753  252.1297
4865.76013460767  274.8055
4865.93390524782  256.4081
4866.10767588796  243.9706
4866.28144652811  301.8044
4866.45521716825  318.0565
4866.6289878084  333.1235
4866.80275844854  313.8508
4866.97652908869  257.4187
4867.15029972883  235.4256
4867.32407036898  269.2802
4867.49784100912  308.1498
4867.67161164927  329.2899
4867.84538228941  283.5318
4868.01915292956  249.9507
4868.1929235697  282.5236
4868.36669420985  283.3352
4868.54046484999  251.4322
4868.71423549014  242.9722
4868.88800613028  268.174
4869.06177677043  271.7568
4869.23554741057  267.9916
4869.40931805072  309.7524
4869.58308869086  204.6214
4869.75685933101  175.783
4869.93062997115  279.6942
4870.1044006113  240.3668
4870.27817125144  210.3064
4870.45194189159  237.562
4870.62571253174  292.36
4870.79948317188  296.9773
4870.97325381202  348.0083
4871.14702445217  332.4585
4871.32079509232  221.5893
4871.49456573246  264.7319
4871.66833637261  189.4446
4871.84210701275  214.7276
4872.0158776529  228.4953
4872.18964829304  227.7148
4872.36341893319  210.2428
4872.53718957333  193.8297
4872.71096021348  212.4473
4872.88473085362  185.4686
4873.05850149377  209.7534
4873.23227213391  216.9462
4873.40604277406  137.7323
4873.5798134142  176.6759
4873.75358405435  195.5809
4873.92735469449  214.3625
4874.10112533464  238.284
4874.27489597478  188.2967
4874.44866661493  217.3719
4874.62243725507  238.8556
4874.79620789522  184.3657
4874.96997853536  197.9804
4875.14374917551  184.1745
4875.31751981565  184.1377
4875.4912904558  233.6162
4875.66506109595  267.97
4875.83883173609  241.3628
4876.01260237623  265.9087
4876.18637301638  179.9435
4876.36014365653  245.2104
4876.53391429667  228.5503
4876.70768493682  219.8545
4876.88145557696  210.4132
4877.05522621711  266.5125
4877.22899685725  233.0222
4877.4027674974  210.3969
4877.57653813754  160.2727
4877.75030877769  171.0216
4877.92407941783  232.7598
4878.09785005798  222.9839
4878.27162069812  241.9731
4878.44539133827  191.0397
4878.61916197841  125.506
4878.79293261856  153.7913
4878.9667032587  186.3477
4879.14047389885  163.197
4879.31424453899  177.5368
4879.48801517914  188.2645
4879.66178581928  218.373
4879.83555645943  179.9816
4880.00932709957  193.7102
4880.18309773972  228.9952
4880.35686837986  169.0349
4880.53063902001  205.6438
4880.70440966016  159.3478
4880.8781803003  162.705
4881.05195094044  187.2558
4881.22572158059  163.5536
4881.39949222074  183.1635
4881.57326286088  223.7698
4881.74703350103  223.8705
4881.92080414117  216.8695
4882.09457478132  219.7375
4882.26834542146  203.4263
4882.44211606161  157.6494
4882.61588670175  173.1957
4882.7896573419  161.8371
4882.96342798204  192.5425
4883.13719862219  176.0073
4883.31096926233  200.4007
4883.48473990248  194.6954
4883.65851054262  157.0908
4883.83228118277  166.767
4884.00605182291  183.5135
4884.17982246306  199.906
4884.3535931032  204.069
4884.52736374335  174.9331
4884.70113438349  163.5459
4884.87490502364  190.3734
4885.04867566378  155.8082
4885.22244630393  229.4614
4885.39621694407  262.3438
4885.56998758422  221.8513
4885.74375822436  213.7395
4885.91752886451  241.2897
4886.09129950465  210.0642
4886.2650701448  179.546
4886.43884078494  202.007
4886.61261142509  200.3109
4886.78638206523  174.2996
4886.96015270538  241.6394
4887.13392334553  200.8838
4887.30769398567  213.4544
4887.48146462582  172.0164
4887.65523526596  142.244
4887.82900590611  171.2531
4888.00277654625  181.8333
4888.1765471864  189.2096
4888.35031782654  190.345
4888.52408846669  191.6584
4888.69785910683  198.6545
4888.87162974698  195.3328
4889.04540038712  199.0906
4889.21917102727  165.3819
4889.39294166741  202.0996
4889.56671230756  196.9927
4889.7404829477  151.2949
4889.91425358785  179.6383
4890.08802422799  124.2575
4890.26179486814  120.3042
4890.43556550828  249.8154
4890.60933614843  243.0026
4890.78310678857  198.2736
4890.95687742872  149.2777
4891.13064806886  132.9581
4891.30441870901  138.0976
4891.47818934915  138.1266
4891.6519599893  179.3759
4891.82573062944  181.508
4891.99950126959  186.464
4892.17327190974  142.8421
4892.34704254988  199.7446
4892.52081319002  159.9907
4892.69458383017  188.1114
4892.86835447032  165.6841
4893.04212511046  169.7131
4893.21589575061  207.8898
4893.38966639075  182.6571
4893.5634370309  156.4806
4893.73720767104  192.5198
4893.91097831119  155.5115
4894.08474895133  118.7718
4894.25851959148  160.8799
4894.43229023162  192.779
4894.60606087177  209.0819
4894.77983151191  181.1162
4894.95360215206  151.6327
4895.1273727922  160.9584
4895.30114343235  129.9416
4895.47491407249  180.0697
4895.64868471264  178.7279
4895.82245535278  152.5325
4895.99622599293  174.9326
4896.16999663307  146.6592
4896.34376727322  133.4309
4896.51753791336  180.4538
4896.69130855351  226.2163
4896.86507919365  135.1042
4897.0388498338  137.982
4897.21262047394  154.0831
4897.38639111409  133.6046
4897.56016175424  163.5525
4897.73393239438  162.0353
4897.90770303452  184.3358
4898.08147367467  200.3924
4898.25524431482  156.7803
4898.42901495496  137.4248
4898.60278559511  163.6132
4898.77655623525  169.2769
4898.9503268754  178.8769
4899.12409751554  188.6155
4899.29786815569  186.0827
4899.47163879583  127.5763
4899.64540943598  108.8743
4899.81918007612  141.392
4899.99295071627  179.6498
4900.16672135641  178.9184
4900.34049199656  193.5674
4900.5142626367  185.7
4900.68803327685  154.4697
4900.86180391699  140.6953
4901.03557455714  124.4464
4901.20934519728  190.667
4901.38311583743  188.042
4901.55688647757  208.6047
4901.73065711772  156.7742
4901.90442775786  192.2072
4902.07819839801  158.6413
4902.25196903815  159.1193
4902.4257396783  136.3214
4902.59951031844  159.8092
4902.77328095859  128.9993
4902.94705159874  146.7851
4903.12082223888  156.2166
4903.29459287903  101.3255
4903.46836351917  68.12987
4903.64213415932  133.6326
4903.81590479946  214.4047
4903.98967543961  196.1418
4904.16344607975  167.3628
4904.3372167199  179.0037
4904.51098736004  128.121
4904.68475800019  123.3994
4904.85852864033  92.74188
4905.03229928048  95.79538
4905.20606992062  160.0075
4905.37984056077  169.9119
4905.55361120091  157.7719
4905.72738184106  166.7502
4905.9011524812  190.3104
4906.07492312135  129.3382
4906.24869376149  117.4252
4906.42246440164  133.7175
4906.59623504178  167.6421
4906.77000568193  198.3475
4906.94377632207  205.2569
4907.11754696222  175.0544
4907.29131760236  155.649
4907.46508824251  145.1844
4907.63885888265  136.9848
4907.8126295228  90.83118
4907.98640016294  195.0618
4908.16017080309  167.1836
4908.33394144324  150.552
4908.50771208338  157.4703
4908.68148272352  159.7308
4908.85525336367  109.1543
4909.02902400382  149.6159
4909.20279464396  100.5112
4909.37656528411  133.8176
4909.55033592425  183.5923
4909.7241065644  108.9701
4909.89787720454  115.0599
4910.07164784469  178.8908
4910.24541848483  168.8447
4910.41918912498  172.5114
4910.59295976512  127.798
4910.76673040527  137.9265
4910.94050104541  125.6161
4911.11427168556  174.8817
4911.2880423257  125.1915
4911.46181296585  88.49356
4911.63558360599  137.9522
4911.80935424614  123.0521
4911.98312488628  111.3311
4912.15689552643  136.8669
4912.33066616657  178.6916
4912.50443680672  124.0273
4912.67820744686  41.19313
4912.85197808701  145.8217
4913.02574872715  144.7042
4913.1995193673  175.4941
4913.37329000744  162.654
4913.54706064759  195.8643
4913.72083128774  169.4768
4913.89460192788  102.6786
4914.06837256803  122.0956
4914.24214320817  152.5583
4914.41591384832  127.5571
4914.58968448846  104.7985
4914.76345512861  74.90771
4914.93722576875  160.6326
4915.1109964089  104.7672
4915.28476704904  149.0676
4915.45853768919  145.9843
4915.63230832933  161.7181
4915.80607896948  134.2448
4915.97984960962  116.3974
4916.15362024977  110.6186
4916.32739088991  116.7908
4916.50116153006  158.9875
4916.6749321702  98.46686
4916.84870281035  111.6314
4917.02247345049  119.0771
4917.19624409064  157.0017
4917.37001473078  125.9329
4917.54378537093  170.3486
4917.71755601107  81.94562
4917.89132665122  84.41633
4918.06509729136  153.5539
4918.23886793151  155.8661
4918.41263857165  128.5229
4918.5864092118  98.22801
4918.76017985194  89.70368
4918.93395049209  115.0096
4919.10772113223  183.0604
4919.28149177238  162.3664
4919.45526241252  121.5227
4919.62903305267  123.1452
4919.80280369282  87.82883
4919.97657433296  98.30354
4920.1503449731  81.54092
4920.32411561325  93.90711
4920.4978862534  60.61524
4920.67165689354  98.02819
4920.84542753369  65.40509
4921.01919817383  111.0183
4921.19296881398  111.1297
4921.36673945412  59.27347
4921.54051009427  66.92218
4921.71428073441  36.19977
4921.88805137456  79.37666
4922.0618220147  145.7428
4922.23559265485  124.1607
4922.40936329499  106.9318
4922.58313393514  108.2656
4922.75690457528  75.28365
4922.93067521543  75.20082
4923.10444585557  92.98529
4923.27821649572  147.6556
4923.45198713586  80.81293
4923.62575777601  50.50919
4923.79952841615  107.8119
4923.9732990563  102.4969
4924.14706969644  31.9461
4924.32084033659  10.4833
4924.49461097674  122.5807
4924.66838161688  97.45267
4924.84215225703  83.98779
4925.01592289717  135.0404
4925.18969353732  61.6786
4925.36346417746  76.50653
4925.53723481761  56.46115
4925.71100545775  6.077215
4925.8847760979  79.56162
4926.05854673804  37.83029
4926.23231737819  100.8551
4926.40608801833  92.63654
4926.57985865848  101.1803
4926.75362929862  100.6429
4926.92739993877  65.25784
4927.10117057891  86.15907
4927.27494121906  73.6401
4927.4487118592  77.95965
4927.62248249935  103.9656
4927.79625313949  113.5964
4927.97002377964  111.0817
4928.14379441978  54.59835
4928.31756505993  50.19019
4928.49133570007  73.19613
4928.66510634022  68.46407
4928.83887698036  106.0307
4929.01264762051  85.89569
4929.18641826065  73.48775
4929.3601889008  60.20464
4929.53395954094  75.86033
4929.70773018109  58.20127
4929.88150082123  55.78852
4930.05527146138  70.17616
4930.22904210152  56.31472
4930.40281274167  119.5044
4930.57658338181  117.1782
4930.75035402196  46.15984
4930.92412466211  96.61322
4931.09789530225  101.4521
4931.2716659424  97.94024
4931.44543658254  105.4557
4931.61920722269  69.4148
4931.79297786283  81.21318
4931.96674850298  39.69558
4932.14051914312  54.28012
4932.31428978327  73.14915
4932.48806042341  93.3306
4932.66183106356  20.64925
4932.8356017037  107.1259
4933.00937234385  81.558
4933.18314298399  89.68019
4933.35691362414  44.24332
4933.53068426428  91.6709
4933.70445490443  87.84639
4933.87822554457  16.55879
4934.05199618472  41.07602
4934.22576682486  77.59667
4934.39953746501  71.22945
4934.57330810515  65.11837
4934.7470787453  62.78111
4934.92084938544  25.63529
4935.09462002559  65.85392
4935.26839066574  25.107
4935.44216130588  51.34071
4935.61593194602  45.40261
4935.78970258617  4.550671
4935.96347322632  68.12153
4936.13724386646  29.26588
4936.31101450661  40.69828
4936.48478514675  90.73639
4936.6585557869  81.51205
4936.83232642704  39.84147
4937.00609706719  39.8425
4937.17986770733  105.2444
4937.35363834748  107.5537
4937.52740898762  30.80293
4937.70117962777  32.11544
4937.87495026791  27.10723
4938.04872090806  61.6409
4938.2224915482  107.3162
4938.39626218835  41.21454
4938.57003282849  48.84336
4938.74380346864  33.20784
4938.91757410878  36.6488
4939.09134474893  -0.6565041
4939.26511538907  10.65929
4939.43888602922  59.53203
4939.61265666936  38.71916
4939.78642730951  42.04293
4939.96019794965  76.8764
4940.1339685898  35.82607
4940.30773922994  34.46102
4940.48150987009  91.71919
4940.65528051023  64.78773
4940.82905115038  92.40165
4941.00282179052  73.47241
4941.17659243067  -4.493037
4941.35036307082  4.53016
4941.52413371096  54.36147
4941.69790435111  84.96717
4941.87167499125  18.15592
4942.0454456314  32.7678
4942.21921627154  45.39154
4942.39298691169  37.56668
4942.56675755183  -17.06039
4942.74052819198  16.75522
4942.91429883212  35.63319
4943.08806947227  37.2994
4943.26184011241  39.28833
4943.43561075256  45.69479
4943.6093813927  51.43843
4943.78315203285  -10.82458
4943.95692267299  25.03237
4944.13069331314  78.25326
4944.30446395328  13.57392
4944.47823459343  18.95945
4944.65200523357  44.49125
4944.82577587372  39.94179
4944.99954651386  -21.77528
4945.17331715401  18.09034
4945.34708779415  64.17274
4945.5208584343  69.20592
