4767.7405711025  -16.69127
4767.91435855538  8.261122
4768.08814600826  23.25037
4768.26193346114  33.58294
4768.43572091402  8.165346
4768.6095083669  -8.62534
4768.78329581978  9.971049
4768.95708327265  3.471148
4769.13087072553  6.32694
4769.30465817841  37.72327
4769.47844563129  32.04105
4769.65223308417  27.39556
4769.82602053705  26.29324
4769.99980798993  10.0206
4770.1735954428  53.82566
4770.34738289568  33.58807
4770.52117034856  61.87324
4770.69495780144  24.83604
4770.86874525432  -18.94486
4771.0425327072  -16.43497
4771.21632016008  -23.85544
4771.39010761296  10.48913
4771.56389506584  46.4448
4771.73768251872  42.48854
4771.91146997159  56.63552
4772.08525742447  30.20933
4772.25904487735  13.78733
4772.43283233023  27.38342
4772.60661978311  57.63721
4772.78040723599  72.92914
4772.95419468887  60.63873
4773.12798214175  69.05672
4773.30176959463  11.65671
4773.47555704751  14.34127
4773.64934450038  56.42717
4773.82313195326  48.26017
4773.99691940614  27.2205
4774.17070685902  21.3712
4774.3444943119  23.18912
4774.51828176478  36.2668
4774.69206921766  60.27539
4774.86585667054  57.44739
4775.03964412342  61.29253
4775.21343157629  28.46659
4775.38721902917  56.09857
4775.56100648205  80.04659
4775.73479393493  67.69924
4775.90858138781  29.02552
4776.08236884069  44.88659
4776.25615629357  71.65094
4776.42994374645  52.81183
4776.60373119933  35.26041
4776.7775186522  35.86117
4776.95130610508  57.74015
4777.12509355796  66.33211
4777.29888101084  30.66706
4777.47266846372  68.03979
4777.6464559166  50.86679
4777.82024336948  44.88369
4777.99403082236  63.08586
4778.16781827524  18.97417
4778.34160572811  38.65225
4778.51539318099  78.62502
4778.68918063387  41.4443
4778.86296808675  19.12694
4779.03675553963  34.14589
4779.21054299251  20.24944
4779.38433044539  29.7251
4779.55811789827  69.99806
4779.73190535115  71.85363
4779.90569280403  69.12619
4780.0794802569  35.88771
4780.25326770978  55.38546
4780.42705516266  41.08186
4780.60084261554  48.10516
4780.77463006842  23.34957
4780.9484175213  71.72138
4781.12220497418  107.0425
4781.29599242706  69.0487
4781.46977987994  43.0662
4781.64356733282  66.13627
4781.81735478569  96.71234
4781.99114223857  72.4334
4782.16492969145  33.06763
4782.33871714433  35.17667
4782.51250459721  38.27654
4782.68629205009  35.72307
4782.86007950297  51.6275
4783.03386695585  42.14113
4783.20765440873  13.00015
4783.3814418616  36.34341
4783.55522931448  72.46545
4783.72901676736  81.60534
4783.90280422024  80.00491
4784.07659167312  68.19155
4784.250379126  41.89897
4784.42416657888  27.42472
4784.59795403176  51.31624
4784.77174148464  68.95413
4784.94552893751  41.08058
4785.11931639039  42.82964
4785.29310384327  16.58791
4785.46689129615  35.46554
4785.64067874903  75.10896
4785.81446620191  100.5562
4785.98825365479  109.71
4786.16204110767  78.55581
4786.33582856055  107.2316
4786.50961601342  125.0882
4786.6834034663  51.91626
4786.85719091918  -2.954689
4787.03097837206  1.363518
4787.20476582494  26.81937
4787.37855327782  50.52358
4787.5523407307  51.81517
4787.72612818358  96.84924
4787.89991563646  71.54915
4788.07370308933  46.43722
4788.24749054221  49.27435
4788.42127799509  65.90777
4788.59506544797  64.85957
4788.76885290085  48.78791
4788.94264035373  68.17081
4789.11642780661  59.59658
4789.29021525949  57.60642
4789.46400271237  83.22757
4789.63779016525  70.03926
4789.81157761812  54.32382
4789.985365071  50.72941
4790.15915252388  33.51012
4790.33293997676  66.95146
4790.50672742964  79.38156
4790.68051488252  62.07245
4790.8543023354  49.11495
4791.02808978828  18.10803
4791.20187724116  38.69364
4791.37566469403  30.71976
4791.54945214691  62.72286
4791.72323959979  93.62681
4791.89702705267  76.4756
4792.07081450555  60.03589
4792.24460195843  71.94707
4792.41838941131  88.96901
4792.59217686419  70.3185
4792.76596431707  47.02481
4792.93975176995  43.64867
4793.11353922282  15.73835
4793.2873266757  28.3782
4793.46111412858  58.85264
4793.63490158146  79.15302
4793.80868903434  49.13752
4793.98247648722  72.55487
4794.1562639401  53.85493
4794.33005139298  72.68277
4794.50383884585  89.15495
4794.67762629873  44.72462
4794.85141375161  47.40502
4795.02520120449  94.72915
4795.19898865737  96.90812
4795.37277611025  70.58957
4795.54656356313  69.1746
4795.72035101601  77.62825
4795.89413846889  80.84116
4796.06792592177  83.56985
4796.24171337464  68.27029
4796.41550082752  88.07467
4796.5892882804  104.7429
4796.76307573328  111.1024
4796.93686318616  81.03909
4797.11065063904  95.31361
4797.28443809192  133.7971
4797.4582255448  42.96211
4797.63201299768  13.28209
4797.80580045056  46.59563
4797.97958790343  76.7282
4798.15337535631  73.8024
4798.32716280919  65.69745
4798.50095026207  84.54038
4798.67473771495  74.95187
4798.84852516783  61.31006
4799.02231262071  84.48214
4799.19610007359  109.0536
4799.36988752647  122.6899
4799.54367497934  53.33181
4799.71746243222  59.39267
4799.8912498851  70.57184
4800.06503733798  105.1517
4800.23882479086  56.42849
4800.41261224374  88.60168
4800.58639969662  114.9883
4800.7601871495  77.23545
4800.93397460238  82.38317
4801.10776205525  104.2138
4801.28154950813  101.9204
4801.45533696101  74.66135
4801.62912441389  89.58706
4801.80291186677  111.9643
4801.97669931965  81.38858
4802.15048677253  66.40273
4802.32427422541  63.26226
4802.49806167829  119.7786
4802.67184913116  74.47227
4802.84563658404  77.34249
4803.01942403692  68.21389
4803.1932114898  38.52655
4803.36699894268  105.5701
4803.54078639556  83.1013
4803.71457384844  101.4987
4803.88836130132  115.3604
4804.0621487542  61.76049
4804.23593620708  38.97023
4804.40972365995  87.39233
4804.58351111283  103.1799
4804.75729856571  99.04556
4804.93108601859  120.434
4805.10487347147  110.2112
4805.27866092435  99.53793
4805.45244837723  103.3172
4805.62623583011  69.4876
4805.80002328299  57.4254
4805.97381073587  64.59798
4806.14759818874  109.7486
4806.32138564162  87.76733
4806.4951730945  107.4517
4806.66896054738  110.6189
4806.84274800026  80.93305
4807.01653545314  45.1692
4807.19032290602  92.14107
4807.3641103589  128.7568
4807.53789781177  152.3206
4807.71168526465  117.8979
4807.88547271753  71.42586
4808.05926017041  73.71177
4808.23304762329  115.9568
4808.40683507617  125.0129
4808.58062252905  119.4407
4808.75440998193  136.3651
4808.92819743481  96.36609
4809.10198488769  86.04733
4809.27577234056  110.3202
4809.44955979344  79.98763
4809.62334724632  69.97186
4809.7971346992  85.07302
4809.97092215208  108.5822
4810.14470960496  121.0024
4810.31849705784  103.2429
4810.49228451072  135.6902
4810.6660719636  124.5379
4810.83985941647  121.5448
4811.01364686935  153.228
4811.18743432223  115.9301
4811.36122177511  72.9343
4811.53500922799  56.96895
4811.70879668087  67.22778
4811.88258413375  103.543
4812.05637158663  135.2812
4812.23015903951  134.6147
4812.40394649239  91.17886
4812.57773394526  88.38679
4812.75152139814  129.4114
4812.92530885102  108.3472
4813.0990963039  92.79239
4813.27288375678  83.8943
4813.44667120966  100.8521
4813.62045866254  114.0857
4813.79424611542  117.8226
4813.9680335683  139.9221
4814.14182102118  93.42818
4814.31560847405  110.7091
4814.48939592693  111.0445
4814.66318337981  117.2377
4814.83697083269  108.3123
4815.01075828557  88.09999
4815.18454573845  76.43287
4815.35833319133  111.567
4815.5321206442  123.5458
4815.70590809708  103.3726
4815.87969554996  142.5857
4816.05348300284  155.0003
4816.22727045572  108.694
4816.4010579086  140.8266
4816.57484536148  164.0824
4816.74863281436  91.99146
4816.92242026724  72.58398
4817.09620772012  104.8561
4817.269995173  136.8929
4817.44378262587  141.4593
4817.61757007875  130.3657
4817.79135753163  90.34071
4817.96514498451  100.6459
4818.13893243739  94.39409
4818.31271989027  128.2531
4818.48650734315  149.886
4818.66029479603  73.21692
4818.83408224891  101.343
4819.00786970178  140.3884
4819.18165715466  88.92562
4819.35544460754  86.64807
4819.52923206042  134.5253
4819.7030195133  119.3589
4819.87680696618  74.37709
4820.05059441906  98.47848
4820.22438187194  123.1483
4820.39816932482  136.5262
4820.5719567777  175.2645
4820.74574423057  128.734
4820.91953168345  82.13695
4821.09331913633  114.5277
4821.26710658921  110.013
4821.44089404209  116.681
4821.61468149497  113.7089
4821.78846894785  140.0434
4821.96225640073  141.8094
4822.13604385361  151.1174
4822.30983130649  142.5602
4822.48361875936  134.5776
4822.65740621224  114.1143
4822.83119366512  95.64442
4823.004981118  102.7654
4823.17876857088  97.51201
4823.35255602376  157.6873
4823.52634347664  106.2498
4823.70013092952  84.85835
4823.87391838239  96.92365
4824.04770583527  105.6084
4824.22149328815  142.098
4824.39528074103  136.2659
4824.56906819391  97.19016
4824.74285564679  116.7776
4824.91664309967  132.7175
4825.09043055255  112.2654
4825.26421800543  100.8759
4825.43800545831  96.27593
4825.61179291118  147.3921
4825.78558036406  176.3759
4825.95936781694  140.6739
4826.13315526982  136.7579
4826.3069427227  149.4642
4826.48073017558  182.3077
4826.65451762846  111.4257
4826.82830508134  103.8276
4827.00209253421  147.974
4827.17587998709  151.9581
4827.34966743997  185.2229
4827.52345489285  173.1989
4827.69724234573  150.3578
4827.87102979861  149.9095
4828.04481725149  172.9456
4828.21860470437  157.1418
4828.39239215725  178.8365
4828.56617961013  170.224
4828.73996706301  126.7492
4828.91375451588  141.7089
4829.08754196876  141.3271
4829.26132942164  123.6495
4829.43511687452  150.0204
4829.6089043274  150.9018
4829.78269178028  134.4984
4829.95647923316  125.0083
4830.13026668604  141.4701
4830.30405413892  166.3202
4830.47784159179  130.0898
4830.65162904467  130.742
4830.82541649755  188.2824
4830.99920395043  179.0506
4831.17299140331  144.1987
4831.34677885619  161.8616
4831.52056630907  186.4277
4831.69435376195  160.0075
4831.86814121482  164.6014
4832.0419286677  170.0767
4832.21571612058  188.6494
4832.38950357346  148.2157
4832.56329102634  175.6258
4832.73707847922  167.7061
4832.9108659321  137.6408
4833.08465338498  180.3008
4833.25844083786  162.8786
4833.43222829074  124.8126
4833.60601574362  138.9834
4833.77980319649  118.4283
4833.95359064937  118.2574
4834.12737810225  154.4403
4834.30116555513  172.9116
4834.47495300801  146.4423
4834.64874046089  130.1519
4834.82252791377  170.478
4834.99631536665  140.1827
4835.17010281952  120.0944
4835.3438902724  122.1109
4835.51767772528  142.7403
4835.69146517816  148.8636
4835.86525263104  154.9803
4836.03904008392  166.0387
4836.2128275368  126.2393
4836.38661498968  113.6976
4836.56040244256  149.5325
4836.73418989544  152.7926
4836.90797734831  171.3068
4837.08176480119  145.2617
4837.25555225407  96.82775
4837.42933970695  176.0139
4837.60312715983  185.2109
4837.77691461271  138.5288
4837.95070206559  152.5293
4838.12448951847  179.3176
4838.29827697135  122.7126
4838.47206442423  162.0388
4838.6458518771  159.3479
4838.81963932998  118.8652
4838.99342678286  183.1759
4839.16721423574  178.4483
4839.34100168862  180.3797
4839.5147891415  199.986
4839.68857659438  134.9095
4839.86236404726  144.5112
4840.03615150013  186.3699
4840.20993895301  148.3614
4840.38372640589  157.7863
4840.55751385877  147.8301
4840.73130131165  140.5117
4840.90508876453  166.8341
4841.07887621741  213.5032
4841.25266367029  184.8043
4841.42645112317  165.0276
4841.60023857605  143.7489
4841.77402602892  194.3812
4841.9478134818  176.162
4842.12160093468  243.7397
4842.29538838756  262.163
4842.46917584044  191.9906
4842.64296329332  189.7315
4842.8167507462  236.9916
4842.99053819908  207.9478
4843.16432565196  167.1759
4843.33811310483  152.4335
4843.51190055771  122.3354
4843.68568801059  154.9012
4843.85947546347  154.1928
4844.03326291635  124.0616
4844.20705036923  164.548
4844.38083782211  190.3612
4844.55462527499  187.8528
4844.72841272787  185.7968
4844.90220018075  190.1044
4845.07598763362  187.1187
4845.2497750865  166.4731
4845.42356253938  166.8763
4845.59734999226  179.2126
4845.77113744514  187.1967
4845.94492489802  165.2589
4846.1187123509  160.7737
4846.29249980378  181.3434
4846.46628725666  157.8722
4846.64007470954  180.7555
4846.81386216241  206.2043
4846.98764961529  198.6863
4847.16143706817  230.1759
4847.33522452105  197.3955
4847.50901197393  162.0372
4847.68279942681  195.2126
4847.85658687969  189.3396
4848.03037433257  223.8826
4848.20416178544  190.7661
4848.37794923832  205.2504
4848.5517366912  214.2929
4848.72552414408  169.0615
4848.89931159696  148.1436
4849.07309904984  164.4243
4849.24688650272  170.6308
4849.4206739556  156.985
4849.59446140848  160.8296
4849.76824886136  173.8094
4849.94203631423  173.4953
4850.11582376711  190.4715
4850.28961121999  193.4825
4850.46339867287  222.9368
4850.63718612575  212.6189
4850.81097357863  164.2174
4850.98476103151  198.1694
4851.15854848439  187.1231
4851.33233593727  178.4616
4851.50612339014  179.2871
4851.67991084302  195.8359
4851.8536982959  212.1574
4852.02748574878  221.3894
4852.20127320166  221.3002
4852.37506065454  233.5937
4852.54884810742  243.4052
4852.7226355603  247.5779
4852.89642301318  239.7081
4853.07021046606  218.982
4853.24399791893  209.2341
4853.41778537181  213.4264
4853.59157282469  200.7355
4853.76536027757  194.0815
4853.93914773045  205.0907
4854.11293518333  229.0432
4854.28672263621  205.261
4854.46051008909  237.6164
4854.63429754197  248.9897
4854.80808499484  214.505
4854.98187244772  228.3079
4855.1556599006  214.8525
4855.32944735348  213.3452
4855.50323480636  224.2575
4855.67702225924  289.0306
4855.85080971212  292.4036
4856.024597165  258.1266
4856.19838461788  217.1272
4856.37217207075  217.038
4856.54595952363  229.1416
4856.71974697651  278.037
4856.89353442939  309.6515
4857.06732188227  257.2934
4857.24110933515  266.1837
4857.41489678803  273.5392
4857.58868424091  255.7928
4857.76247169379  248.6195
4857.93625914666  270.0381
4858.11004659954  287.4128
4858.28383405242  290.9543
4858.4576215053  276.4838
4858.63140895818  243.124
4858.80519641106  284.507
4858.97898386394  295.8755
4859.15277131682  278.2294
4859.3265587697  283.4169
4859.50034622257  295.6636
4859.67413367545  298.3795
4859.84792112833  278.3957
4860.02170858121  231.4186
4860.19549603409  244.414
4860.36928348697  271.0655
4860.54307093985  274.9855
4860.71685839273  270.252
4860.89064584561  282.8517
4861.06443329849  286.9276
4861.23822075136  266.1896
4861.41200820424  317.1805
4861.58579565712  327.3822
4861.75958311  319.532
4861.93337056288  292.1775
4862.10715801576  317.8557
4862.28094546864  321.3536
4862.45473292152  271.8127
4862.6285203744  254.4595
4862.80230782728  264.9008
4862.97609528015  277.05
4863.14988273303  274.9847
4863.32367018591  270.8839
4863.49745763879  298.5117
4863.67124509167  280.6381
4863.84503254455  266.2326
4864.01881999743  278.7556
4864.19260745031  259.5291
4864.36639490318  296.9066
4864.54018235606  250.988
4864.71396980894  262.1198
4864.88775726182  291.5242
4865.0615447147  251.8407
4865.23533216758  272.7089
4865.40911962046  243.6084
4865.58290707334  226.0808
4865.75669452622  255.5938
4865.9304819791  250.8967
4866.10426943197  220.9596
4866.27805688485  261.6493
4866.45184433773  252.7814
4866.62563179061  206.8074
4866.79941924349  198.5959
4866.97320669637  243.7099
4867.14699414925  260.1819
4867.32078160213  234.5853
4867.49456905501  239.1053
4867.66835650788  263.0921
4867.84214396076  270.0534
4868.01593141364  206.1985
4868.18971886652  225.3235
4868.3635063194  266.6174
4868.53729377228  237.4112
4868.71108122516  250.8732
4868.88486867804  200.3279
4869.05865613092  196.4839
4869.2324435838  239.0502
4869.40623103667  292.1966
4869.58001848955  250.4992
4869.75380594243  199.0788
4869.92759339531  220.1476
4870.10138084819  274.5333
4870.27516830107  253.4596
4870.44895575395  218.522
4870.62274320683  228.0027
4870.79653065971  217.9847
4870.97031811259  252.996
4871.14410556546  210.3329
4871.31789301834  228.8446
4871.49168047122  238.8542
4871.6654679241  161.7186
4871.83925537698  182.0698
4872.01304282986  224.554
4872.18683028274  211.5032
4872.36061773562  199.7503
4872.5344051885  224.8856
4872.70819264137  259.5356
4872.88198009425  197.0252
4873.05576754713  194.6893
4873.22955500001  217.5322
4873.40334245289  119.4838
4873.57712990577  188.8671
4873.75091735865  223.3003
4873.92470481153  188.0952
4874.09849226441  193.8136
4874.27227971728  211.2914
4874.44606717016  213.2893
4874.61985462304  203.8841
4874.79364207592  132.9452
4874.9674295288  203.8009
4875.14121698168  223.6998
4875.31500443456  189.2843
4875.48879188744  205.6526
4875.66257934032  210.308
4875.83636679319  229.8129
4876.01015424607  193.9776
4876.18394169895  192.4175
4876.35772915183  207.4235
4876.53151660471  174.8359
4876.70530405759  196.317
4876.87909151047  172.0516
4877.05287896335  166.2735
4877.22666641623  145.1732
4877.40045386911  230.6405
4877.57424132198  213.5211
4877.74802877486  217.6216
4877.92181622774  171.0324
4878.09560368062  190.4449
4878.2693911335  232.4145
4878.44317858638  217.3719
4878.61696603926  152.0353
4878.79075349214  175.5686
4878.96454094502  195.1219
4879.1383283979  188.4262
4879.31211585077  158.1528
4879.48590330365  115.035
4879.65969075653  202.7404
4879.83347820941  212.384
4880.00726566229  193.4616
4880.18105311517  190.0758
4880.35484056805  160.1418
4880.52862802093  154.195
4880.7024154738  170.7659
4880.87620292668  178.2114
4881.04999037956  172.9284
4881.22377783244  175.7588
4881.39756528532  205.9199
4881.5713527382  215.211
4881.74514019108  192.0912
4881.91892764396  186.6061
4882.09271509684  197.6528
4882.26650254972  188.3588
4882.44029000259  166.4272
4882.61407745547  170.7143
4882.78786490835  175.7927
4882.96165236123  135.008
4883.13543981411  177.9896
4883.30922726699  220.9123
4883.48301471987  216.4409
4883.65680217275  183.4242
4883.83058962563  188.9546
4884.0043770785  175.4045
4884.17816453138  143.5719
4884.35195198426  180.1804
4884.52573943714  179.5663
4884.69952689002  164.2973
4884.8733143429  178.2065
4885.04710179578  188.8659
4885.22088924866  179.955
4885.39467670154  208.862
4885.56846415442  137.7036
4885.74225160729  175.8606
4885.91603906017  173.6813
4886.08982651305  216.8458
4886.26361396593  180.2013
4886.43740141881  132.1259
4886.61118887169  156.7933
4886.78497632457  148.1903
4886.95876377745  164.4832
4887.13255123033  183.6675
4887.3063386832  186.6575
4887.48012613608  191.6447
4887.65391358896  182.9962
4887.82770104184  206.93
4888.00148849472  195.0223
4888.1752759476  184.2061
4888.34906340048  172.9977
4888.52285085336  184.1588
4888.69663830624  183.4834
4888.87042575911  168.1563
4889.04421321199  182.7866
4889.21800066487  151.8597
4889.39178811775  153.9722
4889.56557557063  164.267
4889.73936302351  182.8502
4889.91315047639  186.7526
4890.08693792927  131.6398
4890.26072538215  150.4422
4890.43451283503  190.336
4890.6083002879  152.4795
4890.78208774078  131.4727
4890.95587519366  122.5882
4891.12966264654  181.7189
4891.30345009942  173.1072
4891.4772375523  149.3301
4891.65102500518  166.9255
4891.82481245806  143.0189
4891.99859991093  163.2714
4892.17238736381  176.241
4892.34617481669  145.9788
4892.51996226957  209.5378
4892.69374972245  188.1931
4892.86753717533  127.6617
4893.04132462821  111.4303
4893.21511208109  143.5506
4893.38889953397  169.555
4893.56268698685  158.3702
4893.73647443972  152.0956
4893.9102618926  194.6375
4894.08404934548  198.8266
4894.25783679836  157.3463
4894.43162425124  149.7693
4894.60541170412  149.2896
4894.779199157  108.8615
4894.95298660988  158.3228
4895.12677406276  156.7607
4895.30056151564  138.4052
4895.47434896851  153.1176
4895.64813642139  171.5284
4895.82192387427  148.3151
4895.99571132715  152.2509
4896.16949878003  124.4965
4896.34328623291  149.1859
4896.51707368579  189.1128
4896.69086113867  158.1159
4896.86464859154  139.7393
4897.03843604442  153.5378
4897.2122234973  137.8497
4897.38601095018  142.7692
4897.55979840306  151.2978
4897.73358585594  154.2159
4897.90737330882  170.9329
4898.0811607617  172.6915
4898.25494821458  139.4926
4898.42873566746  138.7377
4898.60252312034  159.5174
4898.77631057321  154.6344
4898.95009802609  144.5719
4899.12388547897  159.8721
4899.29767293185  145.34
4899.47146038473  170.2609
4899.64524783761  154.1497
4899.81903529049  111.8355
4899.99282274337  136.6662
4900.16661019624  158.3004
4900.34039764912  149.8499
4900.514185102  183.7248
4900.68797255488  150.6143
4900.86176000776  166.8826
4901.03554746064  131.4766
4901.20933491352  174.9338
4901.3831223664  169.6649
4901.55690981928  157.4551
4901.73069727216  117.1013
4901.90448472503  136.8777
4902.07827217791  106.1239
4902.25205963079  112.3792
4902.42584708367  108.1591
4902.59963453655  128.169
4902.77342198943  141.7733
4902.94720944231  121.1972
4903.12099689519  154.6544
4903.29478434807  131.4347
4903.46857180094  104.9787
4903.64235925382  86.90469
4903.8161467067  135.7432
4903.98993415958  118.7218
4904.16372161246  112.5971
4904.33750906534  180.9372
4904.51129651822  110.4861
4904.6850839711  113.186
4904.85887142398  169.8805
4905.03265887685  138.2955
4905.20644632973  150.3274
4905.38023378261  139.526
4905.55402123549  100.2249
4905.72780868837  89.34818
4905.90159614125  133.6089
4906.07538359413  134.0712
4906.24917104701  106.1174
4906.42295849989  118.973
4906.59674595277  137.4751
4906.77053340564  124.0392
4906.94432085852  130.5608
4907.1181083114  116.6525
4907.29189576428  126.4715
4907.46568321716  150.2362
4907.63947067004  109.7709
4907.81325812292  72.5274
4907.9870455758  123.5731
4908.16083302868  119.9344
4908.33462048155  121.4098
4908.50840793443  123.2573
4908.68219538731  111.3361
4908.85598284019  118.3417
4909.02977029307  127.342
4909.20355774595  153.3254
4909.37734519883  124.8884
4909.55113265171  95.5141
4909.72492010459  108.9931
4909.89870755747  95.19633
4910.07249501034  124.9121
4910.24628246322  132.3349
4910.4200699161  97.14275
4910.59385736898  128.5605
4910.76764482186  133.0678
4910.94143227474  118.3176
4911.11521972762  138.5002
4911.2890071805  99.67966
4911.46279463338  83.61838
4911.63658208625  65.71931
4911.81036953913  124.973
4911.98415699201  106.1132
4912.15794444489  79.10347
4912.33173189777  78.36256
4912.50551935065  127.0452
4912.67930680353  135.1456
4912.85309425641  126.2523
4913.02688170929  144.1882
4913.20066916216  101.306
4913.37445661504  101.3869
4913.54824406792  113.3059
4913.7220315208  79.2216
4913.89581897368  100.0289
4914.06960642656  105.1724
4914.24339387944  100.0556
4914.41718133232  96.54861
4914.5909687852  155.3843
4914.76475623808  134.8382
4914.93854369095  134.2941
4915.11233114383  134.8767
4915.28611859671  64.84818
4915.45990604959  58.18479
4915.63369350247  104.1108
4915.80748095535  108.0165
4915.98126840823  86.14919
4916.15505586111  60.89951
4916.32884331399  96.69455
4916.50263076686  133.9906
4916.67641821974  105.3123
4916.85020567262  116.4856
4917.0239931255  110.6547
4917.19778057838  114.1341
4917.37156803126  116.8629
4917.54535548414  69.16364
4917.71914293702  108.1332
4917.89293038989  130.2779
4918.06671784278  113.2297
4918.24050529565  126.4858
4918.41429274853  89.40932
4918.58808020141  96.85553
4918.76186765429  88.12459
4918.93565510717  113.8691
4919.10944256005  75.15581
4919.28323001293  63.75618
4919.45701746581  79.71072
4919.63080491869  119.6051
4919.80459237156  87.93836
4919.97837982444  89.8289
4920.15216727732  103.1036
4920.3259547302  121.4719
4920.49974218308  96.7923
4920.67352963596  102.1314
4920.84731708884  76.23438
4921.02110454172  74.43443
4921.1948919946  113.3742
4921.36867944747  87.14692
4921.54246690035  109.2493
4921.71625435323  103.5906
4921.89004180611  117.1952
4922.06382925899  92.84795
4922.23761671187  93.20363
4922.41140416475  114.4796
4922.58519161763  129.6456
4922.75897907051  123.4314
4922.93276652338  62.02769
4923.10655397626  82.6546
4923.28034142914  85.4043
4923.45412888202  75.07571
4923.6279163349  59.91188
4923.80170378778  76.63317
4923.97549124066  101.3139
4924.14927869354  63.94591
4924.32306614642  56.05961
4924.4968535993  68.06507
4924.67064105217  69.42724
4924.84442850505  55.88952
4925.01821595793  88.27958
4925.19200341081  99.08711
4925.36579086369  86.94546
4925.53957831657  59.77333
4925.71336576945  69.56406
4925.88715322233  102.4247
4926.0609406752  85.87888
4926.23472812808  71.20192
4926.40851558096  51.80581
4926.58230303384  65.67954
4926.75609048672  114.2084
4926.9298779396  51.45536
4927.10366539248  76.26845
4927.27745284536  89.50428
4927.45124029824  92.15444
4927.62502775112  62.73287
4927.798815204  75.41264
4927.97260265687  92.86719
4928.14639010975  54.3481
4928.32017756263  33.59364
4928.49396501551  81.65106
4928.66775246839  80.11489
4928.84153992127  61.79522
4929.01532737415  57.8531
4929.18911482703  78.60671
4929.36290227991  80.7414
4929.53668973278  54.38346
4929.71047718566  51.85673
4929.88426463854  75.73137
4930.05805209142  67.02051
4930.2318395443  84.82246
4930.40562699718  79.78296
4930.57941445006  76.16417
4930.75320190294  126.6174
4930.92698935582  103.9868
4931.1007768087  73.03859
4931.27456426157  86.26173
4931.44835171445  99.17283
4931.62213916733  79.38867
4931.79592662021  35.70545
4931.96971407309  111.2983
4932.14350152597  96.36648
4932.31728897885  72.48175
4932.49107643173  37.33964
4932.6648638846  86.86524
4932.83865133748  90.45044
4933.01243879036  53.38436
4933.18622624324  66.70415
4933.36001369612  62.91903
4933.533801149  63.23672
4933.70758860188  80.63258
4933.88137605476  76.87039
4934.05516350764  65.99629
4934.22895096051  52.41573
4934.40273841339  30.2073
4934.57652586627  60.11485
4934.75031331915  69.18248
4934.92410077203  79.665
4935.09788822491  10.3873
4935.27167567779  22.4542
4935.44546313067  51.0949
4935.61925058355  51.07418
4935.79303803643  39.34822
4935.96682548931  71.36292
4936.14061294218  55.00228
4936.31440039506  41.57267
4936.48818784794  41.73564
4936.66197530082  65.29861
4936.8357627537  79.67214
4937.00955020658  64.28647
4937.18333765946  65.24489
4937.35712511234  27.43774
4937.53091256522  -11.75412
4937.70470001809  10.29344
4937.87848747097  45.24654
4938.05227492385  48.84503
4938.22606237673  37.15642
4938.39984982961  65.77562
4938.57363728249  59.26925
4938.74742473537  57.79981
4938.92121218825  52.54586
4939.09499964113  32.56289
4939.268787094  30.11538
4939.44257454688  39.94723
4939.61636199976  35.74197
4939.79014945264  46.74748
4939.96393690552  31.16091
4940.1377243584  11.27168
4940.31151181128  24.79316
4940.48529926416  61.96886
4940.65908671704  49.85058
4940.83287416991  28.50238
4941.00666162279  30.22027
4941.18044907567  9.310762
4941.35423652855  14.68944
4941.52802398143  31.94914
4941.70181143431  30.93172
4941.87559888719  46.83772
4942.04938634007  49.59524
4942.22317379295  57.7987
4942.39696124582  21.25979
4942.5707486987  -20.13827
4942.74453615158  26.69116
4942.91832360446  14.52767
4943.09211105734  22.39728
4943.26589851022  4.083986
4943.4396859631  -2.044425
4943.61347341598  70.9342
4943.78726086886  60.5749
4943.96104832174  17.68558
4944.13483577462  5.63482
4944.30862322749  20.80506
4944.48241068037  21.94568
4944.65619813325  0.9716932
4944.82998558613  8.790172
4945.00377303901  10.1851
4945.17756049189  11.58249
4945.35134794477  17.81218
4945.52513539765  54.9102
