4767.9524016728  -14.71264
4768.12610606572  26.34337
4768.29981045863  48.58609
4768.47351485155  27.21484
4768.64721924446  28.40423
4768.82092363738  41.30303
4768.9946280303  34.96777
4769.16833242321  20.58497
4769.34203681613  -0.3014995
4769.51574120905  -5.124157
4769.68944560196  -3.672898
4769.86314999488  -15.81506
4770.03685438779  30.88002
4770.21055878071  22.89608
4770.38426317363  39.1303
4770.55796756654  64.36553
4770.73167195946  43.38764
4770.90537635237  18.77014
4771.07908074529  26.34203
4771.25278513821  21.6743
4771.42648953112  6.280181
4771.60019392404  28.99761
4771.77389831695  16.70179
4771.94760270987  -28.51768
4772.12130710279  18.9883
4772.2950114957  50.33612
4772.46871588862  50.49447
4772.64242028154  66.42247
4772.81612467445  42.08979
4772.98982906737  90.79982
4773.16353346028  73.89754
4773.3372378532  39.84349
4773.51094224612  21.59425
4773.68464663903  37.35161
4773.85835103195  4.259264
4774.03205542486  -36.16842
4774.20575981778  18.09173
4774.3794642107  65.32203
4774.55316860361  84.0799
4774.72687299653  78.06138
4774.90057738945  56.99126
4775.07428178236  71.05302
4775.24798617528  68.86116
4775.42169056819  13.489
4775.59539496111  65.59591
4775.76909935403  105.5667
4775.94280374694  35.17684
4776.11650813986  27.95224
4776.29021253277  27.84919
4776.46391692569  31.76946
4776.63762131861  76.89342
4776.81132571152  39.1257
4776.98503010444  39.1168
4777.15873449736  11.96236
4777.33243889027  16.78901
4777.50614328319  40.09229
4777.6798476761  52.36705
4777.85355206902  43.10466
4778.02725646194  2.592582
4778.20096085485  -15.77827
4778.37466524777  19.37681
4778.54836964068  41.75736
4778.7220740336  55.40403
4778.89577842652  79.1141
4779.06948281943  80.97198
4779.24318721235  60.6214
4779.41689160526  58.82741
4779.59059599818  97.12825
4779.7643003911  51.43554
4779.93800478401  30.93845
4780.11170917693  28.22699
4780.28541356985  -20.97886
4780.45911796276  10.23596
4780.63282235568  60.26304
4780.80652674859  61.63717
4780.98023114151  45.23833
4781.15393553443  57.73015
4781.32763992734  53.77124
4781.50134432026  33.89637
4781.67504871317  33.66256
4781.84875310609  30.31246
4782.02245749901  53.20234
4782.19616189192  40.53579
4782.36986628484  32.85812
4782.54357067776  40.5099
4782.71727507067  28.02621
4782.89097946359  24.18478
4783.0646838565  15.49211
4783.23838824942  31.78186
4783.41209264234  31.98762
4783.58579703525  40.07513
4783.75950142817  46.92711
4783.93320582108  60.76826
4784.106910214  62.03368
4784.28061460692  21.64723
4784.45431899983  20.77219
4784.62802339275  22.30039
4784.80172778566  28.48708
4784.97543217858  54.57509
4785.1491365715  29.88939
4785.32284096441  93.32151
4785.49654535733  76.71269
4785.67024975025  95.158
4785.84395414316  54.7225
4786.01765853608  26.60765
4786.19136292899  37.51812
4786.36506732191  79.30193
4786.53877171483  65.256
4786.71247610774  14.78169
4786.88618050066  41.82932
4787.05988489357  60.8944
4787.23358928649  66.87975
4787.40729367941  82.62971
4787.58099807232  63.23556
4787.75470246524  62.3524
4787.92840685816  89.75137
4788.10211125107  58.47179
4788.27581564399  10.61451
4788.4495200369  25.3981
4788.62322442982  55.64317
4788.79692882274  83.36995
4788.97063321565  79.93205
4789.14433760857  61.08147
4789.31804200148  61.39719
4789.4917463944  50.37803
4789.66545078732  49.64401
4789.83915518023  92.38415
4790.01285957315  101.7298
4790.18656396606  67.25768
4790.36026835898  51.47686
4790.5339727519  93.95029
4790.70767714481  147.4787
4790.88138153773  115.3215
4791.05508593064  106.7093
4791.22879032356  117.3608
4791.40249471648  86.18784
4791.57619910939  79.44722
4791.74990350231  86.96242
4791.92360789523  49.75247
4792.09731228814  50.3017
4792.27101668106  74.75297
4792.44472107397  50.92889
4792.61842546689  74.09241
4792.79212985981  94.56989
4792.96583425272  29.49412
4793.13953864564  35.85583
4793.31324303855  51.52688
4793.48694743147  69.79239
4793.66065182439  68.46021
4793.8343562173  44.07908
4794.00806061022  14.75152
4794.18176500314  86.11295
4794.35546939605  45.76637
4794.52917378897  79.51549
4794.70287818188  82.10959
4794.8765825748  48.5144
4795.05028696772  105.4383
4795.22399136063  65.67992
4795.39769575355  8.781215
4795.57140014646  74.70763
4795.74510453938  54.65907
4795.9188089323  31.00396
4796.09251332521  72.44642
4796.26621771813  24.58804
4796.43992211105  40.43521
4796.61362650396  47.9922
4796.78733089688  51.59209
4796.96103528979  35.66567
4797.13473968271  21.4061
4797.30844407563  4.106462
4797.48214846854  18.83583
4797.65585286146  44.73192
4797.82955725437  35.82727
4798.00326164729  63.15987
4798.17696604021  104.3805
4798.35067043312  86.48681
4798.52437482604  70.36402
4798.69807921896  75.81863
4798.87178361187  72.06715
4799.04548800479  60.56712
4799.2191923977  114.4552
4799.39289679062  151.5761
4799.56660118354  90.38938
4799.74030557645  58.60139
4799.91400996937  50.16695
4800.08771436228  96.07447
4800.2614187552  110.8924
4800.43512314812  72.27896
4800.60882754103  58.67846
4800.78253193395  41.67681
4800.95623632686  4.374333
4801.12994071978  50.79734
4801.3036451127  83.93627
4801.47734950561  57.67298
4801.65105389853  83.48969
4801.82475829145  81.84702
4801.99846268436  57.21408
4802.17216707728  57.72043
4802.34587147019  90.9156
4802.51957586311  96.12922
4802.69328025603  92.13741
4802.86698464894  67.2635
4803.04068904186  78.81508
4803.21439343477  145.6815
4803.38809782769  115.2184
4803.56180222061  76.43857
4803.73550661352  75.98568
4803.90921100644  74.03495
4804.08291539936  97.42702
4804.25661979227  88.5386
4804.43032418519  45.58379
4804.6040285781  61.03379
4804.77773297102  75.66854
4804.95143736394  77.72861
4805.12514175685  106.9213
4805.29884614977  97.4325
4805.47255054268  99.80738
4805.6462549356  53.33018
4805.81995932852  102.3489
4805.99366372143  114.1429
4806.16736811435  68.32001
4806.34107250726  60.06517
4806.51477690018  119.7474
4806.6884812931  112.8948
4806.86218568601  90.00537
4807.03589007893  119.3075
4807.20959447185  122.1455
4807.38329886476  98.00503
4807.55700325768  114.3803
4807.73070765059  67.29011
4807.90441204351  66.20963
4808.07811643643  130.2325
4808.25182082934  137.6801
4808.42552522226  147.8694
4808.59922961517  122.5964
4808.77293400809  101.2556
4808.94663840101  116.3056
4809.12034279392  72.44838
4809.29404718684  61.88039
4809.46775157975  89.6342
4809.64145597267  84.65295
4809.81516036559  76.8094
4809.9888647585  79.38672
4810.16256915142  74.202
4810.33627354434  54.67511
4810.50997793725  40.76012
4810.68368233017  24.42315
4810.85738672308  51.03226
4811.031091116  80.6972
4811.20479550892  80.48494
4811.37849990183  66.90598
4811.55220429475  67.5864
4811.72590868766  90.52553
4811.89961308058  108.8396
4812.0733174735  119.6868
4812.24702186641  116.5416
4812.42072625933  89.66727
4812.59443065225  88.93165
4812.76813504516  81.49751
4812.94183943808  51.12365
4813.11554383099  92.50597
4813.28924822391  60.03882
4813.46295261683  91.49983
4813.63665700974  82.43891
4813.81036140266  88.39925
4813.98406579557  108.3659
4814.15777018849  119.4884
4814.33147458141  140.1531
4814.50517897432  91.99261
4814.67888336724  86.44725
4814.85258776016  90.35841
4815.02629215307  117.807
4815.19999654599  118.6398
4815.3737009389  73.60653
4815.54740533182  81.59419
4815.72110972474  87.20064
4815.89481411765  75.5832
4816.06851851057  100.8143
4816.24222290349  114.0708
4816.4159272964  80.66657
4816.58963168932  58.43358
4816.76333608223  134.6108
4816.93704047515  93.96596
4817.11074486807  96.62222
4817.28444926098  88.94716
4817.4581536539  48.83691
4817.63185804681  79.79956
4817.80556243973  120.2875
4817.97926683265  125.505
4818.15297122556  61.4752
4818.32667561848  46.9454
4818.50038001139  97.53395
4818.67408440431  66.4209
4818.84778879723  91.15658
4819.02149319014  119.8494
4819.19519758306  130.5903
4819.36890197598  78.25038
4819.54260636889  105.5878
4819.71631076181  138.1385
4819.89001515472  119.849
4820.06371954764  101.2347
4820.23742394056  69.59702
4820.41112833347  101.195
4820.58483272639  132.7359
4820.7585371193  122.0895
4820.93224151222  108.0319
4821.10594590514  159.01
4821.27965029805  145.5252
4821.45335469097  151.4123
4821.62705908388  106.5654
4821.8007634768  130.3294
4821.97446786972  157.8638
4822.14817226263  125.7263
4822.32187665555  75.78458
4822.49558104847  100.4623
4822.66928544138  137.5811
4822.8429898343  111.4315
4823.01669422721  95.48574
4823.19039862013  106.5742
4823.36410301305  159.2981
4823.53780740596  93.89629
4823.71151179888  90.38483
4823.88521619179  98.08761
4824.05892058471  56.11842
4824.23262497763  117.9144
4824.40632937054  143.5106
4824.58003376346  126.8189
4824.75373815637  131.1236
4824.92744254929  114.5019
4825.10114694221  119.9276
4825.27485133512  93.87664
4825.44855572804  98.14949
4825.62226012096  145.6816
4825.79596451387  143.4805
4825.96966890679  131.0291
4826.1433732997  107.7633
4826.31707769262  113.1194
4826.49078208554  102.0895
4826.66448647845  104.5667
4826.83819087137  120.6825
4827.01189526428  106.2261
4827.1855996572  106.3371
4827.35930405012  108.3489
4827.53300844303  90.21077
4827.70671283595  97.55572
4827.88041722886  74.18587
4828.05412162178  98.70019
4828.2278260147  145.9794
4828.40153040761  146.2893
4828.57523480053  95.70227
4828.74893919345  51.89782
4828.92264358636  77.48912
4829.09634797928  119.8801
4829.27005237219  166.7211
4829.44375676511  143.0544
4829.61746115803  94.75834
4829.79116555094  153.3764
4829.96486994386  166.8871
4830.13857433677  62.81332
4830.31227872969  66.71271
4830.48598312261  130.6711
4830.65968751552  125.6181
4830.83339190844  138.2544
4831.00709630136  146.0702
4831.18080069427  150.5456
4831.35450508719  108.6747
4831.5282094801  125.6454
4831.70191387302  104.897
4831.87561826594  106.5382
4832.04932265885  109.7109
4832.22302705177  42.17118
4832.39673144468  127.685
4832.5704358376  93.1852
4832.74414023052  91.64177
4832.91784462343  140.3341
4833.09154901635  101.5304
4833.26525340926  92.36113
4833.43895780218  108.1817
4833.6126621951  156.7691
4833.78636658801  157.4202
4833.96007098093  111.8229
4834.13377537384  102.2045
4834.30747976676  194.6568
4834.48118415968  194.1298
4834.65488855259  163.4245
4834.82859294551  108.2038
4835.00229733843  65.95182
4835.17600173134  137.6422
4835.34970612426  120.6861
4835.52341051717  104.6517
4835.69711491009  167.3441
4835.87081930301  133.2708
4836.04452369592  141.3466
4836.21822808884  156.0956
4836.39193248176  112.2096
4836.56563687467  153.1703
4836.73934126759  178.35
4836.9130456605  135.5436
4837.08675005342  139.2826
4837.26045444634  169.2615
4837.43415883925  142.2147
4837.60786323217  148.5055
4837.78156762508  135.6256
4837.955272018  88.55753
4838.12897641092  97.16828
4838.30268080383  132.7198
4838.47638519675  97.5187
4838.65008958967  58.14165
4838.82379398258  120.4028
4838.9974983755  139.8218
4839.17120276841  99.11116
4839.34490716133  214.5098
4839.51861155425  153.4975
4839.69231594716  127.6997
4839.86602034008  154.71
4840.03972473299  139.9414
4840.21342912591  135.055
4840.38713351883  138.7666
4840.56083791174  100.4465
4840.73454230466  97.33851
4840.90824669758  190.0247
4841.08195109049  110.4644
4841.25565548341  107.0543
4841.42935987632  142.4614
4841.60306426924  154.6075
4841.77676866216  123.6682
4841.95047305507  188.848
4842.12417744799  110.6189
4842.2978818409  108.0597
4842.47158623382  126.1815
4842.64529062674  174.1884
4842.81899501965  137.592
4842.99269941257  195.6405
4843.16640380548  165.1228
4843.3401081984  78.25391
4843.51381259132  150.2808
4843.68751698423  180.743
4843.86122137715  101.4902
4844.03492577007  148.6026
4844.20863016298  200.9246
4844.3823345559  166.9787
4844.55603894881  183.7264
4844.72974334173  153.1687
4844.90344773465  157.6879
4845.07715212756  165.1731
4845.25085652048  153.83
4845.42456091339  172.6769
4845.59826530631  145.2615
4845.77196969923  180.7315
4845.94567409214  136.1382
4846.11937848506  157.5831
4846.29308287797  210.0471
4846.46678727089  157.2163
4846.64049166381  137.9395
4846.81419605672  196.7283
4846.98790044964  200.0134
4847.16160484256  134.3763
4847.33530923547  176.7678
4847.50901362839  176.5292
4847.6827180213  173.5596
4847.85642241422  201.4355
4848.03012680714  178.4366
4848.20383120005  119.658
4848.37753559297  145.4289
4848.55123998588  189.5818
4848.7249443788  187.4754
4848.89864877172  188.0076
4849.07235316463  118.4744
4849.24605755755  201.3485
4849.41976195046  203.4442
4849.59346634338  193.443
4849.7671707363  158.1712
4849.94087512921  181.2887
4850.11457952213  160.7627
4850.28828391505  188.0516
4850.46198830796  205.0246
4850.63569270088  192.0824
4850.80939709379  184.1572
4850.98310148671  201.7146
4851.15680587963  197.0153
4851.33051027254  223.8327
4851.50421466546  271.3493
4851.67791905837  234.9859
4851.85162345129  214.2273
4852.02532784421  244.8083
4852.19903223712  276.2617
4852.37273663004  297.2432
4852.54644102296  241.0635
4852.72014541587  255.7192
4852.89384980879  263.8413
4853.0675542017  194.1667
4853.24125859462  193.8044
4853.41496298754  202.768
4853.58866738045  195.3424
4853.76237177337  205.3318
4853.93607616628  224.9227
4854.1097805592  292.6989
4854.28348495212  235.9907
4854.45718934503  181.7994
4854.63089373795  242.4844
4854.80459813086  225.429
4854.97830252378  161.9134
4855.1520069167  210.9431
4855.32571130961  223.7345
4855.49941570253  231.7938
4855.67312009545  223.2239
4855.84682448836  214.1496
4856.02052888128  217.4284
4856.19423327419  228.1604
4856.36793766711  173.8231
4856.54164206003  193.6769
4856.71534645294  253.8229
4856.88905084586  266.7993
4857.06275523877  261.7783
4857.23645963169  232.3823
4857.41016402461  249.5858
4857.58386841752  204.844
4857.75757281044  191.4271
4857.93127720336  236.0428
4858.10498159627  258.7543
4858.27868598919  264.5772
4858.4523903821  198.1848
4858.62609477502  189.8351
4858.79979916794  164.5296
4858.97350356085  232.4185
4859.14720795377  255.4416
4859.32091234668  203.0435
4859.4946167396  238.4521
4859.66832113252  226.665
4859.84202552543  229.3181
4860.01572991835  219.0611
4860.18943431127  225.4013
4860.36313870418  247.2216
4860.5368430971  236.7203
4860.71054749001  246.5845
4860.88425188293  260.8452
4861.05795627585  252.1505
4861.23166066876  214.5355
4861.40536506168  191.265
4861.57906945459  234.4877
4861.75277384751  212.8389
4861.92647824043  213.2146
4862.10018263334  278.6342
4862.27388702626  255.7688
4862.44759141917  282.3855
4862.62129581209  248.8287
4862.79500020501  212.421
4862.96870459792  233.5222
4863.14240899084  231.4946
4863.31611338376  240.6691
4863.48981777667  256.7819
4863.66352216959  231.869
4863.8372265625  191.092
4864.01093095542  194.3378
4864.18463534834  219.2297
4864.35833974125  252.6595
4864.53204413417  198.4048
4864.70574852708  213.0547
4864.87945292  244.3746
4865.05315731292  181.0183
4865.22686170583  198.7305
4865.40056609875  189.8241
4865.57427049166  175.5679
4865.74797488458  197.8832
4865.9216792775  174.7095
4866.09538367041  178.9597
4866.26908806333  257.2382
4866.44279245625  230.28
4866.61649684916  149.7491
4866.79020124208  175.2156
4866.96390563499  170.2689
4867.13761002791  172.9897
4867.31131442083  230.9755
4867.48501881374  150.6331
4867.65872320666  132.9942
4867.83242759958  164.0532
4868.00613199249  165.153
4868.17983638541  232.6832
4868.35354077832  245.936
4868.52724517124  174.6401
4868.70094956416  191.7435
4868.87465395707  180.5792
4869.04835834999  155.223
4869.22206274291  139.1965
4869.39576713582  150.3733
4869.56947152874  168.7895
4869.74317592165  169.9613
4869.91688031457  181.8219
4870.09058470749  195.9469
4870.2642891004  175.3642
4870.43799349332  127.3518
4870.61169788623  176.8763
4870.78540227915  147.2941
4870.95910667206  191.0825
4871.13281106498  153.8426
4871.3065154579  119.0659
4871.48021985081  139.5759
4871.65392424373  138.5194
4871.82762863665  128.4142
4872.00133302956  186.1831
4872.17503742248  139.7316
4872.34874181539  137.1583
4872.52244620831  103.197
4872.69615060123  136.7665
4872.86985499414  162.3687
4873.04355938706  186.938
4873.21726377998  150.6901
4873.39096817289  110.9805
4873.56467256581  70.88576
4873.73837695872  154.7074
4873.91208135164  163.6845
4874.08578574456  161.8215
4874.25949013747  148.1408
4874.43319453039  144.4584
4874.6068989233  158.3778
4874.78060331622  127.4114
4874.95430770914  136.2324
4875.12801210205  149.416
4875.30171649497  177.8977
4875.47542088789  186.5945
4875.6491252808  144.3623
4875.82282967372  139.5044
4875.99653406663  112.4948
4876.17023845955  178.5149
4876.34394285246  180.3177
4876.51764724538  151.7511
4876.6913516383  161.096
4876.86505603121  125.9816
4877.03876042413  178.1089
4877.21246481705  156.5874
4877.38616920996  132.2467
4877.55987360288  154.49
4877.73357799579  118.4156
4877.90728238871  143.2068
4878.08098678163  189.1125
4878.25469117454  152.4062
4878.42839556746  152.0909
4878.60209996038  207.2848
4878.77580435329  174.2053
4878.94950874621  166.962
4879.12321313912  166.7955
4879.29691753204  128.3385
4879.47062192496  167.6768
4879.64432631787  154.0814
4879.81803071079  114.9234
4879.9917351037  116.4157
4880.16543949662  155.9146
4880.33914388954  94.42584
4880.51284828245  112.0318
4880.68655267537  118.7319
4880.86025706828  124.7018
4881.0339614612  166.7149
4881.20766585412  173.6991
4881.38137024703  146.2592
4881.55507463995  135.7359
4881.72877903287  149.9498
4881.90248342578  140.4944
4882.0761878187  197.7146
4882.24989221161  223.5345
4882.42359660453  158.0988
4882.59730099745  107.6625
4882.77100539036  139.3665
4882.94470978328  158.6535
4883.11841417619  147.2657
4883.29211856911  138.061
4883.46582296203  109.5678
4883.63952735494  104.6936
4883.81323174786  89.81399
4883.98693614077  68.48315
4884.16064053369  147.6397
4884.33434492661  188.9312
4884.50804931952  158.1894
4884.68175371244  82.7693
4884.85545810536  70.1235
4885.02916249827  117.0986
4885.20286689119  122.0116
4885.3765712841  135.7304
4885.55027567702  118.819
4885.72398006994  94.92587
4885.89768446285  154.93
4886.07138885577  134.2275
4886.24509324868  125.356
4886.4187976416  173.5739
4886.59250203452  160.3634
4886.76620642743  113.4346
4886.93991082035  101.5504
4887.11361521326  151.8018
4887.28731960618  211.6478
4887.4610239991  97.98987
4887.63472839201  138.6161
4887.80843278493  170.598
4887.98213717785  137.768
4888.15584157076  89.66045
4888.32954596368  81.40789
4888.50325035659  167.0613
4888.67695474951  167.9596
4888.85065914243  159.4231
4889.02436353534  136.3583
4889.19806792826  167.0633
4889.37177232117  182.4353
4889.54547671409  170.9575
4889.71918110701  142.4144
4889.89288549992  133.3454
4890.06658989284  107.4468
4890.24029428576  72.80618
4890.41399867867  90.43834
4890.58770307159  137.3466
4890.7614074645  108.6618
4890.93511185742  158.4401
4891.10881625034  144.1403
4891.28252064325  113.3772
4891.45622503617  138.9928
4891.62992942908  152.4385
4891.803633822  120.2683
4891.97733821492  108.357
4892.15104260783  116.2166
4892.32474700075  117.3278
4892.49845139367  100.5214
4892.67215578658  116.1767
4892.8458601795  86.09644
4893.01956457241  151.7627
4893.19326896533  129.6888
4893.36697335825  123.2501
4893.54067775116  121.4698
4893.71438214408  89.75191
4893.88808653699  83.1666
4894.06179092991  95.60363
4894.23549532283  137.2677
4894.40919971574  79.66766
4894.58290410866  50.50562
4894.75660850158  89.28046
4894.93031289449  144.0474
4895.10401728741  159.8165
4895.27772168032  137.4395
4895.45142607324  93.01849
4895.62513046616  120.5983
4895.79883485907  132.4854
4895.97253925199  109.429
4896.1462436449  85.00096
4896.31994803782  143.9511
4896.49365243074  135.9016
4896.66735682365  128.2776
4896.84106121657  107.6033
4897.01476560949  90.53504
4897.1884700024  108.225
4897.36217439532  92.22996
4897.53587878823  86.12802
4897.70958318115  45.96661
4897.88328757407  73.73036
4898.05699196698  125.8926
4898.2306963599  111.6998
4898.40440075281  87.2989
4898.57810514573  88.5496
4898.75180953865  103.63
4898.92551393156  90.09167
4899.09921832448  109.3813
4899.27292271739  134.3101
4899.44662711031  115.3627
4899.62033150323  109.2256
4899.79403589614  101.6778
4899.96774028906  80.4695
4900.14144468198  51.74254
4900.31514907489  94.33932
4900.48885346781  131.8229
4900.66255786072  184.4747
4900.83626225364  93.47099
4901.00996664656  67.264
4901.18367103947  74.94958
4901.35737543239  130.2332
4901.5310798253  104.6581
4901.70478421822  126.1954
4901.87848861114  114.3669
4902.05219300405  81.58345
4902.22589739697  85.78631
4902.39960178988  113.7601
4902.5733061828  102.4858
4902.74701057572  76.44633
4902.92071496863  103.2556
4903.09441936155  112.5676
4903.26812375447  68.46748
4903.44182814738  60.04304
4903.6155325403  108.7013
4903.78923693321  81.4642
4903.96294132613  92.89965
4904.13664571905  139.6835
4904.31035011196  93.34547
4904.48405450488  103.2986
4904.65775889779  118.6115
4904.83146329071  112.9561
4905.00516768363  117.8463
4905.17887207654  98.48144
4905.35257646946  55.80825
4905.52628086237  79.31248
4905.69998525529  48.69016
4905.87368964821  98.9494
4906.04739404112  81.791
4906.22109843404  137.094
4906.39480282696  77.02489
4906.56850721987  72.63737
4906.74221161279  109.0994
4906.9159160057  118.4765
4907.08962039862  139.5545
4907.26332479154  105.558
4907.43702918445  81.84311
4907.61073357737  82.1922
4907.78443797028  48.87422
4907.9581423632  79.73897
4908.13184675612  86.13223
4908.30555114903  78.01678
4908.47925554195  29.96167
4908.65295993486  78.10022
4908.82666432778  78.05051
4909.0003687207  123.444
4909.17407311361  96.91814
4909.34777750653  115.4566
4909.52148189945  106.859
4909.69518629236  146.786
4909.86889068528  169.0265
4910.04259507819  86.14694
4910.21629947111  62.45751
4910.39000386403  85.34637
4910.56370825694  90.55795
4910.73741264986  113.643
4910.91111704277  136.3613
4911.08482143569  128.9517
4911.25852582861  90.43536
4911.43223022152  111.9607
4911.60593461444  98.73922
4911.77963900736  103.1546
4911.95334340027  84.31639
4912.12704779319  94.91257
4912.3007521861  133.2177
4912.47445657902  134.115
4912.64816097194  46.62605
4912.82186536485  97.31114
4912.99556975777  106.4383
4913.16927415068  76.89589
4913.3429785436  54.5715
4913.51668293652  71.94098
4913.69038732943  99.23846
4913.86409172235  84.80309
4914.03779611526  85.94959
4914.21150050818  70.73978
4914.3852049011  95.20039
4914.55890929401  118.1706
4914.73261368693  82.69229
4914.90631807985  116.37
4915.08002247276  143.5021
4915.25372686568  129.6431
4915.42743125859  174.3364
4915.60113565151  101.8018
4915.77484004443  96.28107
4915.94854443734  62.67588
4916.12224883026  113.3621
4916.29595322317  87.99181
4916.46965761609  73.14702
4916.64336200901  94.75294
4916.81706640192  82.12244
4916.99077079484  123.7612
4917.16447518776  85.3239
4917.33817958067  27.4002
4917.51188397359  76.92358
4917.6855883665  105.2317
4917.85929275942  61.74262
4918.03299715234  117.9094
4918.20670154525  123.6858
4918.38040593817  71.97472
4918.55411033108  68.44
4918.727814724  69.43897
4918.90151911692  88.19422
4919.07522350983  102.8536
4919.24892790275  109.3133
4919.42263229567  100.226
4919.59633668858  89.78976
4919.7700410815  43.52273
4919.94374547441  48.93272
4920.11744986733  68.15262
4920.29115426025  68.34823
4920.46485865316  20.40589
4920.63856304608  53.14445
4920.81226743899  93.15488
4920.98597183191  97.62973
4921.15967622483  102.2698
4921.33338061774  80.93359
4921.50708501066  74.72277
4921.68078940358  47.23598
4921.85449379649  59.6146
4922.02819818941  67.28503
4922.20190258232  38.18706
4922.37560697524  56.68661
4922.54931136816  72.90578
4922.72301576107  66.66082
4922.89672015399  79.25302
4923.0704245469  88.5866
4923.24412893982  65.3717
4923.41783333274  75.69436
4923.59153772565  84.4014
4923.76524211857  109.9655
4923.93894651148  87.9163
4924.1126509044  106.2532
4924.28635529732  162.2284
4924.46005969023  139.6422
4924.63376408315  96.77776
4924.80746847607  62.7817
4924.98117286898  25.65623
4925.1548772619  82.95492
4925.32858165481  118.7323
4925.50228604773  76.66904
4925.67599044065  91.58219
4925.84969483356  95.85558
4926.02339922648  105.6283
4926.19710361939  69.93322
4926.37080801231  89.6094
4926.54451240523  56.92204
4926.71821679814  72.81226
4926.89192119106  81.63434
4927.06562558397  54.28557
4927.23932997689  63.68026
4927.41303436981  82.34729
4927.58673876272  66.71821
4927.76044315564  82.20181
4927.93414754856  97.76402
4928.10785194147  86.09023
4928.28155633439  22.60218
4928.4552607273  62.12391
4928.62896512022  109.6511
4928.80266951314  65.07565
4928.97637390605  55.3318
4929.15007829897  62.98999
4929.32378269188  63.62029
4929.4974870848  52.03046
4929.67119147772  52.73635
4929.84489587063  30.33042
4930.01860026355  60.6483
4930.19230465647  94.08752
4930.36600904938  44.99084
4930.5397134423  69.58945
4930.71341783521  129.8681
4930.88712222813  77.21447
4931.06082662105  65.31085
4931.23453101396  82.33505
4931.40823540688  77.76376
4931.5819397998  86.99914
4931.75564419271  -2.176055
4931.92934858563  33.34318
4932.10305297854  52.50309
4932.27675737146  53.98887
4932.45046176438  63.5087
4932.62416615729  32.62256
4932.79787055021  108.763
4932.97157494312  90.43044
4933.14527933604  31.02111
4933.31898372896  56.53823
4933.49268812187  56.37286
4933.66639251479  39.22687
4933.8400969077  42.36312
4934.01380130062  40.11631
4934.18750569354  63.18965
4934.36121008645  20.76883
4934.53491447937  42.47351
4934.70861887229  62.0847
4934.8823232652  56.61065
4935.05602765812  21.50933
4935.22973205103  46.76226
4935.40343644395  52.5841
4935.57714083687  58.10128
4935.75084522978  34.58929
4935.9245496227  29.36684
4936.09825401561  36.18589
4936.27195840853  -11.1082
4936.44566280145  19.85894
4936.61936719436  82.31571
4936.79307158728  -8.283367
4936.96677598019  71.73028
4937.14048037311  42.24601
4937.31418476603  35.1795
4937.48788915894  39.59394
4937.66159355186  58.02417
4937.83529794478  30.89994
4938.00900233769  26.94286
4938.18270673061  7.883106
4938.35641112352  28.90672
4938.53011551644  91.63323
4938.70381990936  11.09894
4938.87752430227  28.51398
4939.05122869519  5.866878
4939.2249330881  14.42174
4939.39863748102  30.3562
4939.57234187394  31.71766
4939.74604626685  50.73795
4939.91975065977  88.09882
4940.09345505268  14.53972
4940.2671594456  15.23025
4940.44086383852  45.25748
4940.61456823143  54.76195
4940.78827262435  36.40746
4940.96197701727  18.91208
4941.13568141018  10.75404
4941.3093858031  14.41632
4941.48309019601  16.39604
4941.65679458893  -11.20478
4941.83049898185  21.53561
4942.00420337476  28.15938
4942.17790776768  16.62147
4942.35161216059  21.62903
4942.52531655351  -14.2231
4942.69902094643  -26.33446
4942.87272533934  -21.85089
4943.04642973226  37.69652
4943.22013412518  12.38548
4943.39383851809  -21.48026
4943.56754291101  -22.10499
4943.74124730392  -11.8052
4943.91495169684  12.02993
4944.08865608976  57.84065
4944.26236048267  20.15721
4944.43606487559  44.22903
4944.6097692685  29.50529
4944.78347366142  5.538963
4944.95717805434  63.62376
4945.13088244725  65.50384
4945.30458684017  -9.322981
4945.47829123309  38.15973
4945.651995626  32.23689
