4767.9839450094  29.66413
4768.15762915752  64.3009
4768.33131330565  63.13388
4768.50499745378  -20.43659
4768.6786816019  -16.13702
4768.85236575003  66.15303
4769.02604989815  73.85381
4769.19973404628  45.72097
4769.3734181944  50.85672
4769.54710234253  57.81433
4769.72078649066  44.95119
4769.89447063878  11.98529
4770.06815478691  11.29569
4770.24183893503  31.24693
4770.41552308316  72.32021
4770.58920723128  57.37308
4770.76289137941  95.77137
4770.93657552753  91.54256
4771.11025967566  33.43395
4771.28394382379  3.251108
4771.45762797191  33.24423
4771.63131212004  77.04774
4771.80499626816  59.25281
4771.97868041629  39.79108
4772.15236456441  80.95843
4772.32604871254  54.76024
4772.49973286067  34.08438
4772.67341700879  60.50373
4772.84710115692  71.41434
4773.02078530504  90.76651
4773.19446945317  103.7669
4773.36815360129  79.53674
4773.54183774942  96.71835
4773.71552189754  54.11863
4773.88920604567  53.24378
4774.0628901938  93.75604
4774.23657434192  66.05887
4774.41025849005  79.2997
4774.58394263817  41.62328
4774.7576267863  51.88824
4774.93131093442  57.24688
4775.10499508255  70.27379
4775.27867923068  88.71959
4775.4523633788  52.58572
4775.62604752693  54.01402
4775.79973167505  71.25879
4775.97341582318  39.10801
4776.1470999713  74.75741
4776.32078411943  95.15126
4776.49446826755  51.02927
4776.66815241568  53.65656
4776.84183656381  47.07859
4777.01552071193  59.17842
4777.18920486006  62.39633
4777.36288900818  76.12528
4777.53657315631  58.52097
4777.71025730443  58.83179
4777.88394145256  35.75816
4778.05762560069  43.13862
4778.23130974881  83.32462
4778.40499389694  75.52528
4778.57867804506  100.6851
4778.75236219319  96.35621
4778.92604634131  62.65174
4779.09973048944  80.14884
4779.27341463756  56.94087
4779.44709878569  72.40457
4779.62078293382  108.5359
4779.79446708194  129.9733
4779.96815123007  79.83884
4780.14183537819  104.1428
4780.31551952632  108.867
4780.48920367444  63.58187
4780.66288782257  38.51374
4780.8365719707  63.35905
4781.01025611882  95.40468
4781.18394026695  63.84943
4781.35762441507  24.44296
4781.5313085632  77.69508
4781.70499271132  125.0957
4781.87867685945  98.92943
4782.05236100757  104.7259
4782.2260451557  58.45804
4782.39972930383  22.66713
4782.57341345195  47.65904
4782.74709760008  81.44021
4782.9207817482  91.01675
4783.09446589633  59.35345
4783.26815004445  76.0879
4783.44183419258  106.0755
4783.61551834071  97.44317
4783.78920248883  83.21088
4783.96288663696  67.14498
4784.13657078508  46.29077
4784.31025493321  52.09554
4784.48393908133  101.9436
4784.65762322946  138.0999
4784.83130737758  77.0441
4785.00499152571  94.86219
4785.17867567384  98.67559
4785.35235982196  92.86036
4785.52604397009  97.75661
4785.69972811821  87.14045
4785.87341226634  98.02891
4786.04709641446  102.9329
4786.22078056259  83.35044
4786.39446471072  84.00732
4786.56814885884  75.83739
4786.74183300697  69.43887
4786.91551715509  89.82977
4787.08920130322  80.59038
4787.26288545134  86.28382
4787.43656959947  107.2849
4787.61025374759  143.0161
4787.78393789572  85.00807
4787.95762204385  102.6706
4788.13130619197  92.01836
4788.3049903401  72.40337
4788.47867448822  88.79971
4788.65235863635  68.51153
4788.82604278447  62.67673
4788.9997269326  107.3147
4789.17341108073  95.63841
4789.34709522885  61.57156
4789.52077937698  112.0963
4789.6944635251  145.4105
4789.86814767323  117.8839
4790.04183182135  132.5713
4790.21551596948  117.3127
4790.3892001176  100.3169
4790.56288426573  117.258
4790.73656841386  113.3382
4790.91025256198  89.97269
4791.08393671011  98.65645
4791.25762085823  115.2954
4791.43130500636  123.0282
4791.60498915448  138.3999
4791.77867330261  164.8315
4791.95235745073  150.545
4792.12604159886  128.4898
4792.29972574699  134.0178
4792.47340989511  124.9384
4792.64709404324  107.7281
4792.82077819136  79.53687
4792.99446233949  77.83587
4793.16814648761  98.83324
4793.34183063574  89.38089
4793.51551478387  123.5508
4793.68919893199  85.57577
4793.86288308012  132.9665
4794.03656722824  117.6168
4794.21025137637  63.82374
4794.38393552449  63.20544
4794.55761967262  93.50255
4794.73130382075  96.86617
4794.90498796887  76.31499
4795.078672117  99.75169
4795.25235626512  104.959
4795.42604041325  51.79105
4795.59972456137  72.05155
4795.7734087095  128.6871
4795.94709285762  138.4267
4796.12077700575  81.06743
4796.29446115388  69.45323
4796.468145302  152.0131
4796.64182945013  117.6396
4796.81551359825  98.11575
4796.98919774638  74.18607
4797.1628818945  67.32861
4797.33656604263  100.6207
4797.51025019076  117.9832
4797.68393433888  104.3261
4797.85761848701  117.8848
4798.03130263513  125.2247
4798.20498678326  123.9045
4798.37867093138  108.0456
4798.55235507951  63.01656
4798.72603922763  101.632
4798.89972337576  130.1861
4799.07340752389  105.8393
4799.24709167201  92.78905
4799.42077582014  156.8539
4799.59445996826  97.04594
4799.76814411639  85.05779
4799.94182826451  79.64164
4800.11551241264  80.69561
4800.28919656076  79.71732
4800.46288070889  118.926
4800.63656485702  136.2873
4800.81024900514  141.2601
4800.98393315327  134.902
4801.15761730139  109.3995
4801.33130144952  79.76466
4801.50498559764  95.03097
4801.67866974577  138.0372
4801.8523538939  106.6439
4802.02603804202  101.9548
4802.19972219015  111.8859
4802.37340633827  100.172
4802.5470904864  106.2036
4802.72077463452  110.831
4802.89445878265  111.9606
4803.06814293078  111.9894
4803.2418270789  114.6884
4803.41551122703  105.9722
4803.58919537515  84.42934
4803.76287952328  146.3333
4803.9365636714  151.1171
4804.11024781953  85.17652
4804.28393196765  83.56982
4804.45761611578  129.2099
4804.63130026391  143.3288
4804.80498441203  142.8254
4804.97866856016  127.4955
4805.15235270828  111.2047
4805.32603685641  136.8474
4805.49972100453  95.82995
4805.67340515266  129.1026
4805.84708930078  177.7327
4806.02077344891  137.0857
4806.19445759704  123.2749
4806.36814174516  158.5439
4806.54182589329  127.3981
4806.71551004141  172.0013
4806.88919418954  184.0823
4807.06287833766  141.9057
4807.23656248579  150.0973
4807.41024663392  151.1054
4807.58393078204  129.7678
4807.75761493017  107.4401
4807.93129907829  94.04958
4808.10498322642  107.9578
4808.27866737454  114.8809
4808.45235152267  137.3833
4808.62603567079  175.1493
4808.79971981892  158.4754
4808.97340396705  162.4321
4809.14708811517  136.5497
4809.3207722633  106.4981
4809.49445641142  153.9764
4809.66814055955  135.6227
4809.84182470767  148.2644
4810.0155088558  113.5091
4810.18919300393  104.9426
4810.36287715205  142.7844
4810.53656130018  95.01584
4810.7102454483  142.9554
4810.88392959643  117.9697
4811.05761374455  72.39959
4811.23129789268  69.98468
4811.4049820408  98.81837
4811.57866618893  142.7913
4811.75235033706  163.2161
4811.92603448518  170.5855
4812.09971863331  155.5374
4812.27340278143  152.7564
4812.44708692956  128.0067
4812.62077107768  95.26829
4812.79445522581  195.5971
4812.96813937393  181.279
4813.14182352206  153.6403
4813.31550767019  160.4646
4813.48919181831  114.2675
4813.66287596644  129.0553
4813.83656011456  204.7646
4814.01024426269  172.7552
4814.18392841081  98.67531
4814.35761255894  125.2057
4814.53129670707  179.8247
4814.70498085519  165.1614
4814.87866500332  137.0659
4815.05234915144  157.7675
4815.22603329957  176.8131
4815.39971744769  149.3067
4815.57340159582  129.9822
4815.74708574395  120.6339
4815.92076989207  105.4109
4816.0944540402  120.5794
4816.26813818832  143.7615
4816.44182233645  165.3241
4816.61550648457  168.0936
4816.7891906327  149.1729
4816.96287478082  175.7324
4817.13655892895  177.9022
4817.31024307708  141.2062
4817.4839272252  90.85767
4817.65761137333  126.6886
4817.83129552145  174.9767
4818.00497966958  170.2042
4818.1786638177  206.9135
4818.35234796583  148.6659
4818.52603211396  132.4218
4818.69971626208  110.0302
4818.87340041021  149.6908
4819.04708455833  188.9692
4819.22076870646  171.2915
4819.39445285458  142.0543
4819.56813700271  171.2866
4819.74182115083  239.4691
4819.91550529896  250.1212
4820.08918944709  192.6159
4820.26287359521  149.4716
4820.43655774334  161.2742
4820.61024189146  183.3621
4820.78392603959  181.4354
4820.95761018771  180.388
4821.13129433584  199.1362
4821.30497848396  178.4244
4821.47866263209  179.0825
4821.65234678022  198.5881
4821.82603092834  201.9085
4821.99971507647  125.52
4822.17339922459  144.4857
4822.34708337272  143.687
4822.52076752084  176.9024
4822.69445166897  189.835
4822.86813581709  141.2057
4823.04181996522  137.1875
4823.21550411335  139.0537
4823.38918826147  176.8338
4823.5628724096  209.8397
4823.73655655772  176.5211
4823.91024070585  190.0781
4824.08392485397  178.2172
4824.2576090021  140.7678
4824.43129315023  164.4614
4824.60497729835  185.6528
4824.77866144648  199.0159
4824.9523455946  211.2549
4825.12602974273  183.7507
4825.29971389085  169.8657
4825.47339803898  180.4857
4825.64708218711  175.761
4825.82076633523  182.1629
4825.99445048336  190.1695
4826.16813463148  188.0721
4826.34181877961  166.7203
4826.51550292773  198.5165
4826.68918707586  225.0795
4826.86287122399  182.6381
4827.03655537211  156.2569
4827.21023952024  167.6143
4827.38392366836  189.8063
4827.55760781649  187.4733
4827.73129196461  181.3139
4827.90497611274  170.3272
4828.07866026086  154.6267
4828.25234440899  185.0728
4828.42602855712  181.982
4828.59971270524  222.5701
4828.77339685337  168.5556
4828.94708100149  147.5268
4829.12076514962  179.5935
4829.29444929774  234.9445
4829.46813344587  213.9525
4829.64181759399  180.9935
4829.81550174212  231.9247
4829.98918589025  182.0894
4830.16287003837  152.161
4830.3365541865  200.2729
4830.51023833462  192.5892
4830.68392248275  207.12
4830.85760663087  197.5549
4831.031290779  182.9495
4831.20497492713  161.436
4831.37865907525  170.1776
4831.55234322338  159.2118
4831.7260273715  182.8502
4831.89971151963  193.095
4832.07339566775  204.4174
4832.24707981588  167.3611
4832.420763964  183.1085
4832.59444811213  156.5351
4832.76813226026  203.2723
4832.94181640838  192.6993
4833.11550055651  176.4479
4833.28918470463  176.1371
4833.46286885276  151.5737
4833.63655300088  187.7999
4833.81023714901  212.6421
4833.98392129714  192.6916
4834.15760544526  222.3467
4834.33128959339  246.418
4834.50497374151  217.5551
4834.67865788964  231.6821
4834.85234203776  194.1772
4835.02602618589  157.5885
4835.19971033401  221.0273
4835.37339448214  204.1988
4835.54707863027  154.3694
4835.72076277839  206.7477
4835.89444692652  257.7515
4836.06813107464  220.3631
4836.24181522277  217.7139
4836.41549937089  199.019
4836.58918351902  209.3072
4836.76286766715  242.5104
4836.93655181527  203.8562
4837.1102359634  216.5335
4837.28392011152  199.8994
4837.45760425965  212.7196
4837.63128840777  196.8783
4837.8049725559  155.8422
4837.97865670403  110.5394
4838.15234085215  173.5357
4838.32602500028  198.7237
4838.4997091484  239.1219
4838.67339329653  183.7354
4838.84707744465  203.477
4839.02076159278  220.8756
4839.1944457409  194.9659
4839.36812988903  187.1672
4839.54181403715  214.3497
4839.71549818528  182.1075
4839.88918233341  158.5332
4840.06286648153  178.6009
4840.23655062966  233.5599
4840.41023477778  229.2339
4840.58391892591  223.2473
4840.75760307403  179.8276
4840.93128722216  215.5817
4841.10497137029  223.8639
4841.27865551841  196.3615
4841.45233966654  186.7849
4841.62602381466  222.5767
4841.79970796279  249.0785
4841.97339211091  186.5051
4842.14707625904  198.8973
4842.32076040716  230.2896
4842.49444455529  256.5144
4842.66812870342  244.9354
4842.84181285154  199.7263
4843.01549699967  212.3443
4843.18918114779  204.7409
4843.36286529592  182.3587
4843.53654944404  214.7857
4843.71023359217  216.012
4843.8839177403  227.4726
4844.05760188842  201.6372
4844.23128603655  195.054
4844.40497018467  251.1714
4844.5786543328  234.3541
4844.75233848092  228.6225
4844.92602262905  258.694
4845.09970677718  208.3392
4845.2733909253  174.9949
4845.44707507343  216.0701
4845.62075922155  213.9174
4845.79444336968  207.048
4845.9681275178  240.0158
4846.14181166593  249.4722
4846.31549581405  215.6653
4846.48917996218  238.9705
4846.66286411031  264.7676
4846.83654825843  210.585
4847.01023240656  226.6465
4847.18391655468  219.7776
4847.35760070281  216.7771
4847.53128485093  262.5349
4847.70496899906  222.2435
4847.87865314719  243.0798
4848.05233729531  291.2111
4848.22602144344  270.2838
4848.39970559156  280.4265
4848.57338973969  267.5617
4848.74707388781  237.1359
4848.92075803594  252.1018
4849.09444218406  233.8208
4849.26812633219  228.6412
4849.44181048032  256.2741
4849.61549462844  259.8815
4849.78917877657  198.9771
4849.96286292469  229.5538
4850.13654707282  255.1898
4850.31023122094  262.6131
4850.48391536907  271.225
4850.65759951719  276.9445
4850.83128366532  305.0966
4851.00496781344  289.1396
4851.17865196157  230.1211
4851.3523361097  262.9286
4851.52602025782  302.4933
4851.69970440595  329.6539
4851.87338855407  297.6331
4852.0470727022  304.8618
4852.22075685033  319.7535
4852.39444099845  342.0345
4852.56812514658  287.6062
4852.7418092947  299.7646
4852.91549344283  346.9002
4853.08917759095  268.8579
4853.26286173908  297.2216
4853.4365458872  265.9337
4853.61023003533  245.4847
4853.78391418346  257.1495
4853.95759833158  321.8855
4854.13128247971  295.8106
4854.30496662783  366.4286
4854.47865077596  347.3104
4854.65233492408  392.5722
4854.82601907221  328.6736
4854.99970322034  329.567
4855.17338736846  312.1283
4855.34707151659  310.5764
4855.52075566471  333.0266
4855.69443981284  285.173
4855.86812396096  270.3157
4856.04180810909  265.1937
4856.21549225721  303.4955
4856.38917640534  334.939
4856.56286055346  291.0023
4856.73654470159  260.4259
4856.91022884972  287.8423
4857.08391299784  294.6197
4857.25759714597  274.6985
4857.43128129409  228.8653
4857.60496544222  258.6494
4857.77864959034  268.6967
4857.95233373847  260.6219
4858.1260178866  270.3611
4858.29970203472  265.6352
4858.47338618285  237.8032
4858.64707033097  211.5354
4858.8207544791  205.0395
4858.99443862723  222.6617
4859.16812277535  198.7614
4859.34180692348  199.7591
4859.5154910716  233.4613
4859.68917521973  246.5068
4859.86285936785  226.7543
4860.03654351598  239.3184
4860.2102276641  243.7096
4860.38391181223  249.5915
4860.55759596035  233.8636
4860.73128010848  271.8296
4860.90496425661  270.5393
4861.07864840473  251.1293
4861.25233255286  225.7643
4861.42601670098  225.5839
4861.59970084911  259.1131
4861.77338499723  252.1971
4861.94706914536  216.9747
4862.12075329349  194.2577
4862.29443744161  193.1235
4862.46812158974  213.6183
4862.64180573786  180.372
4862.81548988599  214.9776
4862.98917403411  219.4021
4863.16285818224  215.9118
4863.33654233036  250.7322
4863.51022647849  239.2074
4863.68391062662  250.2062
4863.85759477474  245.1913
4864.03127892287  179.2547
4864.20496307099  200.4302
4864.37864721912  201.4998
4864.55233136724  199.462
4864.72601551537  247.7953
4864.89969966349  275.6493
4865.07338381162  253.656
4865.24706795975  260.1225
4865.42075210787  258.8072
4865.594436256  243.5755
4865.76812040412  254.5651
4865.94180455225  209.1438
4866.11548870037  221.2897
4866.2891728485  253.932
4866.46285699663  206.215
4866.63654114475  244.7115
4866.81022529288  266.8636
4866.983909441  273.3431
4867.15759358913  266.8974
4867.33127773725  250.3997
4867.50496188538  241.5848
4867.67864603351  215.916
4867.85233018163  228.3819
4868.02601432976  261.5716
4868.19969847788  253.4096
4868.37338262601  231.4481
4868.54706677413  243.3554
4868.72075092226  208.009
4868.89443507038  211.4484
4869.06811921851  195.7224
4869.24180336664  204.803
4869.41548751476  226.5445
4869.58917166289  207.1596
4869.76285581101  235.3377
4869.93653995914  214.1922
4870.11022410726  224.7086
4870.28390825539  264.6892
4870.45759240352  230.7384
4870.63127655164  222.271
4870.80496069977  237.7891
4870.97864484789  247.7519
4871.15232899602  251.3594
4871.32601314414  268.731
4871.49969729227  240.9142
4871.6733814404  214.0934
4871.84706558852  266.1992
4872.02074973665  253.1533
4872.19443388477  201.2239
4872.3681180329  248.7808
4872.54180218102  223.2186
4872.71548632915  193.0899
4872.88917047727  248.6344
4873.0628546254  250.0887
4873.23653877352  251.8189
4873.41022292165  249.6201
4873.58390706978  119.3227
4873.7575912179  197.1158
4873.93127536603  245.6742
4874.10495951415  239.8839
4874.27864366228  225.7081
4874.4523278104  187.8853
4874.62601195853  244.5096
4874.79969610666  208.1898
4874.97338025478  191.9193
4875.14706440291  145.1274
4875.32074855103  136.8222
4875.49443269916  176.9623
4875.66811684728  233.73
4875.84180099541  204.0292
4876.01548514354  250.0888
4876.18916929166  228.2031
4876.36285343979  186.8426
4876.53653758791  222.2096
4876.71022173604  222.2445
4876.88390588416  214.2934
4877.05759003229  201.2928
4877.23127418041  196.4243
4877.40495832854  210.8289
4877.57864247667  218.4696
4877.75232662479  188.6423
4877.92601077292  195.6167
4878.09969492104  261.5203
4878.27337906917  213.7844
4878.44706321729  195.4157
4878.62074736542  192.9788
4878.79443151355  158.0929
4878.96811566167  157.1126
4879.1417998098  234.29
4879.31548395792  232.8848
4879.48916810605  210.4454
4879.66285225417  222.0893
4879.8365364023  203.0158
4880.01022055042  236.2957
4880.18390469855  248.5349
4880.35758884668  210.3338
4880.5312729948  228.8367
4880.70495714293  225.0038
4880.87864129105  226.9815
4881.05232543918  218.4135
4881.2260095873  198.1817
4881.39969373543  210.5432
4881.57337788355  220.6957
4881.74706203168  219.0694
4881.92074617981  231.5834
4882.09443032793  202.372
4882.26811447606  170.0228
4882.44179862418  224.2589
4882.61548277231  220.7163
4882.78916692043  192.8997
4882.96285106856  169.4989
4883.13653521669  215.8523
4883.31021936481  213.8048
4883.48390351294  199.9676
4883.65758766106  183.2705
4883.83127180919  171.3712
4884.00495595731  149.8034
4884.17864010544  156.04
4884.35232425357  213.0469
4884.52600840169  212.5896
4884.69969254982  200.7433
4884.87337669794  223.8457
4885.04706084607  203.8529
4885.22074499419  131.623
4885.39442914232  160.8912
4885.56811329044  192.9639
4885.74179743857  204.0554
4885.9154815867  218.0233
4886.08916573482  208.2746
4886.26284988295  158.6228
4886.43653403107  188.8975
4886.6102181792  184.3683
4886.78390232732  201.969
4886.95758647545  187.9959
4887.13127062358  171.4658
4887.3049547717  205.3018
4887.47863891983  210.5078
4887.65232306795  184.4057
4887.82600721608  200.4739
4887.9996913642  215.223
4888.17337551233  190.367
4888.34705966045  189.4821
4888.52074380858  179.6303
4888.69442795671  194.1194
4888.86811210483  189.6871
4889.04179625296  178.5241
4889.21548040108  193.915
4889.38916454921  196.4565
4889.56284869733  205.9026
4889.73653284546  192.8501
4889.91021699359  170.7711
4890.08390114171  182.9321
4890.25758528984  170.2852
4890.43126943796  193.0775
4890.60495358609  244.9429
4890.77863773421  205.1583
4890.95232188234  185.4074
4891.12600603046  159.6027
4891.29969017859  170.5472
4891.47337432671  226.7883
4891.64705847484  158.6224
4891.82074262297  176.6671
4891.99442677109  193.7605
4892.16811091922  176.1703
4892.34179506734  118.0808
4892.51547921547  167.4669
4892.68916336359  162.1695
4892.86284751172  143.6761
4893.03653165985  148.8414
4893.21021580797  175.5986
4893.3838999561  170.4914
4893.55758410422  186.3007
4893.73126825235  148.8429
4893.90495240047  173.3226
4894.0786365486  226.6007
4894.25232069672  192.301
4894.42600484485  176.1617
4894.59968899298  157.5362
4894.7733731411  169.8266
4894.94705728923  173.5673
4895.12074143735  139.8602
4895.29442558548  149.3061
4895.4681097336  134.2485
4895.64179388173  139.1459
4895.81547802986  177.436
4895.98916217798  196.5304
4896.16284632611  168.1573
4896.33653047423  220.9624
4896.51021462236  204.5004
4896.68389877048  150.48
4896.85758291861  126.7463
4897.03126706673  194.1612
4897.20495121486  181.3702
4897.37863536299  180.1576
4897.55231951111  193.8924
4897.72600365924  134.86
4897.89968780736  156.7692
4898.07337195549  177.3092
4898.24705610361  206.7472
4898.42074025174  207.8407
4898.59442439987  159.2477
4898.76810854799  170.6127
4898.94179269612  176.871
4899.11547684424  185.584
4899.28916099237  180.807
4899.46284514049  199.3014
4899.63652928862  175.0993
4899.81021343675  149.3997
4899.98389758487  115.1008
4900.157581733  115.7364
4900.33126588112  174.3671
4900.50495002925  170.706
4900.67863417737  164.8484
4900.8523183255  154.5412
4901.02600247362  94.64173
4901.19968662175  178.7823
4901.37337076988  190.7915
4901.547054918  194.6323
4901.72073906613  148.3634
4901.89442321425  189.4605
4902.06810736238  134.4727
4902.2417915105  100.7292
4902.41547565863  179.2542
4902.58915980675  175.1662
4902.76284395488  157.1215
4902.93652810301  144.0909
4903.11021225113  153.4813
4903.28389639926  142.6207
4903.45758054738  181.0765
4903.63126469551  170.7978
4903.80494884363  148.355
4903.97863299176  208.6351
4904.15231713989  167.9399
4904.32600128801  203.2295
4904.49968543614  193.93
4904.67336958426  163.6575
4904.84705373239  127.1753
4905.02073788051  142.3026
4905.19442202864  125.5033
4905.36810617676  174.096
4905.54179032489  165.2487
4905.71547447302  146.3061
4905.88915862114  176.3295
4906.06284276927  134.4071
4906.23652691739  198.1497
4906.41021106552  172.5319
4906.58389521364  122.9079
4906.75757936177  169.9866
4906.9312635099  161.0546
4907.10494765802  186.644
4907.27863180615  210.1301
4907.45231595427  196.6642
4907.6260001024  145.5014
4907.79968425052  112.5439
4907.97336839865  105.8607
4908.14705254678  150.0181
4908.3207366949  99.28494
4908.49442084303  109.0998
4908.66810499115  156.9873
4908.84178913928  174.8346
4909.0154732874  174.2353
4909.18915743553  163.1056
4909.36284158365  175.5222
4909.53652573178  104.9713
4909.71020987991  144.9973
4909.88389402803  177.8036
4910.05757817616  131.0179
4910.23126232428  128.374
4910.40494647241  139.0943
4910.57863062053  176.6487
4910.75231476866  171.756
4910.92599891679  186.798
4911.09968306491  144.2674
4911.27336721304  131.0871
4911.44705136116  100.0714
4911.62073550929  140.7956
4911.79441965741  179.2153
4911.96810380554  169.5838
4912.14178795366  141.482
4912.31547210179  147.3807
4912.48915624992  148.5361
4912.66284039804  178.5928
4912.83652454617  183.7641
4913.01020869429  169.379
4913.18389284242  163.58
4913.35757699054  172.1676
4913.53126113867  127.6218
4913.70494528679  136.7668
4913.87862943492  153.4645
4914.05231358305  141.2854
4914.22599773117  166.6584
4914.3996818793  156.5977
4914.57336602742  121.8943
4914.74705017555  76.09193
4914.92073432367  152.7686
4915.0944184718  180.0548
4915.26810261993  156.9178
4915.44178676805  133.5171
4915.61547091618  176.2549
4915.7891550643  166.9729
4915.96283921243  177.3527
4916.13652336055  135.0878
4916.31020750868  109.2201
4916.4838916568  145.4265
4916.65757580493  93.55019
4916.83125995306  105.0639
4917.00494410118  86.8278
4917.17862824931  116.1944
4917.35231239743  96.81508
4917.52599654556  117.7704
4917.69968069368  123.7266
4917.87336484181  165.7469
4918.04704898994  116.488
4918.22073313806  67.0143
4918.39441728619  154.5115
4918.56810143431  135.0909
4918.74178558244  152.2949
4918.91546973056  88.05703
4919.08915387869  113.8823
4919.26283802681  131.2253
4919.43652217494  45.11954
4919.61020632307  85.51679
4919.78389047119  127.9276
4919.95757461932  119.5303
4920.13125876744  91.42124
4920.30494291557  56.30516
4920.47862706369  89.22823
4920.65231121182  117.4641
4920.82599535995  97.00139
4920.99967950807  100.4461
4921.1733636562  79.96889
4921.34704780432  136.9466
4921.52073195245  111.0825
4921.69441610057  102.515
4921.8681002487  121.2642
4922.04178439682  89.44465
4922.21546854495  103.9897
4922.38915269308  119.8105
4922.5628368412  80.62781
4922.73652098933  97.41634
4922.91020513745  132.4853
4923.08388928558  66.97256
4923.2575734337  123.319
4923.43125758183  89.66241
4923.60494172996  121.7044
4923.77862587808  98.19635
4923.95231002621  101.9479
4924.12599417433  109.7979
4924.29967832246  83.2421
4924.47336247058  122.9086
4924.64704661871  122.0063
4924.82073076683  109.8717
4924.99441491496  131.6898
4925.16809906309  173.7849
4925.34178321121  125.4694
4925.51546735934  127.8022
4925.68915150746  86.6211
4925.86283565559  98.01506
4926.03651980371  143.5403
4926.21020395184  138.569
4926.38388809996  134.7956
4926.55757224809  101.6904
4926.73125639622  76.08433
4926.90494054434  141.6387
4927.07862469247  95.97247
4927.25230884059  103.3367
4927.42599298872  99.49305
4927.59967713684  54.51695
4927.77336128497  103.2135
4927.9470454331  112.6119
4928.12072958122  57.58398
4928.29441372935  84.95258
4928.46809787747  73.67097
4928.6417820256  107.6017
4928.81546617372  104.0331
4928.98915032185  69.62885
4929.16283446997  102.6056
4929.3365186181  87.62625
4929.51020276623  80.96737
4929.68388691435  137.5005
4929.85757106248  93.35673
4930.0312552106  72.1918
4930.20493935873  81.88304
4930.37862350686  75.42433
4930.55230765498  53.14083
4930.72599180311  56.35357
4930.89967595123  52.81999
4931.07336009936  127.8846
4931.24704424748  82.08389
4931.42072839561  59.53603
4931.59441254373  82.95002
4931.76809669186  56.33392
4931.94178083998  77.83302
4932.11546498811  98.66166
4932.28914913624  22.97627
4932.46283328436  108.0465
4932.63651743249  127.6965
4932.81020158061  92.23113
4932.98388572874  76.26492
4933.15756987686  61.14899
4933.33125402499  19.51997
4933.50493817312  59.45966
4933.67862232124  84.32204
4933.85230646937  81.70571
4934.02599061749  73.11657
4934.19967476562  70.60725
4934.37335891374  68.16741
4934.54704306187  61.57479
4934.72072720999  63.18341
4934.89441135812  107.7481
4935.06809550625  84.41964
4935.24177965437  105.0207
4935.4154638025  88.64886
4935.58914795062  81.36939
4935.76283209875  68.24437
4935.93651624687  33.4865
4936.110200395  57.45319
4936.28388454313  109.8383
4936.45756869125  90.05009
4936.63125283938  84.42377
4936.8049369875  89.51678
4936.97862113563  102.6943
4937.15230528375  56.26159
4937.32598943188  51.28003
4937.49967358  51.68792
4937.67335772813  40.54799
4937.84704187626  43.29747
4938.02072602438  83.48093
4938.19441017251  46.90806
4938.36809432063  40.29197
4938.54177846876  51.52956
4938.71546261688  18.35495
4938.88914676501  81.33858
4939.06283091314  65.52934
4939.23651506126  31.39149
4939.41019920939  67.02107
4939.58388335751  28.81024
4939.75756750564  65.99115
4939.93125165376  90.18771
4940.10493580189  59.5305
4940.27861995001  38.85957
4940.45230409814  46.00865
4940.62598824627  77.05296
4940.79967239439  83.38683
4940.97335654252  83.99706
4941.14704069064  31.1472
4941.32072483877  35.77256
4941.49440898689  48.80816
4941.66809313502  20.17515
4941.84177728315  63.67243
4942.01546143127  20.83429
4942.1891455794  32.78844
4942.36282972752  49.60192
4942.53651387565  24.45753
4942.71019802377  34.63576
4942.8838821719  -4.056384
4943.05756632002  20.55397
4943.23125046815  30.92892
4943.40493461628  44.63054
4943.5786187644  -0.857665
4943.75230291253  8.215267
4943.92598706065  22.29866
4944.09967120878  9.78084
4944.2733553569  16.84801
4944.44703950503  22.21607
4944.62072365315  10.27914
4944.79440780128  -1.435631
4944.96809194941  55.72902
4945.14177609753  46.02871
4945.31546024566  35.78099
4945.48914439378  17.60844
4945.66282854191  64.78384
