4767.9965604375  -7.781354
4768.17023648893  37.84587
4768.34391254037  12.94927
4768.5175885918  2.406064
4768.69126464323  2.441538
4768.86494069466  49.11695
4769.0386167461  49.44094
4769.21229279753  32.42347
4769.38596884896  39.13433
4769.5596449004  30.37986
4769.73332095183  71.9504
4769.90699700326  92.97612
4770.0806730547  14.48366
4770.25434910613  11.53339
4770.42802515756  19.42321
4770.601701209  76.09125
4770.77537726043  86.82933
4770.94905331186  54.27503
4771.12272936329  -0.1018077
4771.29640541473  -1.718718
4771.47008146616  28.02059
4771.64375751759  12.71651
4771.81743356903  -15.30433
4771.99110962046  11.45147
4772.16478567189  62.29597
4772.33846172333  47.29092
4772.51213777476  13.01841
4772.68581382619  29.19034
4772.85948987762  44.61892
4773.03316592906  44.84471
4773.20684198049  47.17616
4773.38051803193  38.66704
4773.55419408336  56.48771
4773.72787013479  44.19361
4773.90154618622  51.92993
4774.07522223766  70.99709
4774.24889828909  49.07183
4774.42257434052  58.74474
4774.59625039196  54.95606
4774.76992644339  81.67684
4774.94360249482  -1.29012
4775.11727854626  4.824652
4775.29095459769  45.27788
4775.46463064912  18.04152
4775.63830670055  48.04033
4775.81198275199  65.34471
4775.98565880342  65.76994
4776.15933485485  76.93837
4776.33301090629  53.0264
4776.50668695772  43.58911
4776.68036300915  78.36269
4776.85403906059  69.16283
4777.02771511202  43.03487
4777.20139116345  56.21555
4777.37506721489  50.02184
4777.54874326632  27.16048
4777.72241931775  61.19108
4777.89609536918  29.14939
4778.06977142062  42.7059
4778.24344747205  50.21387
4778.41712352348  61.81643
4778.59079957492  47.1122
4778.76447562635  53.29617
4778.93815167778  102.2888
4779.11182772922  80.36009
4779.28550378065  59.5518
4779.45917983208  99.21241
4779.63285588351  122.2732
4779.80653193495  121.8226
4779.98020798638  56.26071
4780.15388403781  63.09668
4780.32756008925  71.78944
4780.50123614068  5.9891
4780.67491219211  20.09626
4780.84858824355  111.7577
4781.02226429498  107.8402
4781.19594034641  62.67791
4781.36961639784  78.81185
4781.54329244928  59.66034
4781.71696850071  38.57156
4781.89064455214  97.43844
4782.06432060358  76.36597
4782.23799665501  61.93392
4782.41167270644  84.36516
4782.58534875788  90.62792
4782.75902480931  64.13377
4782.93270086074  61.31865
4783.10637691218  84.96948
4783.28005296361  71.77256
4783.45372901504  73.38148
4783.62740506648  74.0283
4783.80108111791  76.03903
4783.97475716934  105.9261
4784.14843322077  111.6357
4784.32210927221  96.01033
4784.49578532364  66.81354
4784.66946137507  31.60462
4784.84313742651  85.6907
4785.01681347794  78.47224
4785.19048952937  51.11052
4785.36416558081  80.84848
4785.53784163224  74.31699
4785.71151768367  91.42545
4785.8851937351  77.65671
4786.05886978654  47.95491
4786.23254583797  51.47209
4786.4062218894  35.5508
4786.57989794084  40.72465
4786.75357399227  86.47191
4786.9272500437  92.91241
4787.10092609514  91.01293
4787.27460214657  91.42213
4787.448278198  94.65252
4787.62195424943  92.20673
4787.79563030087  57.55232
4787.9693063523  46.80028
4788.14298240373  57.76565
4788.31665845517  63.78483
4788.4903345066  69.29527
4788.66401055803  106.5569
4788.83768660947  110.2715
4789.0113626609  87.91863
4789.18503871233  100.3536
4789.35871476377  121.999
4789.5323908152  107.6484
4789.70606686663  74.74948
4789.87974291807  69.80313
4790.0534189695  70.5617
4790.22709502093  56.78099
4790.40077107236  94.75874
4790.5744471238  71.7402
4790.74812317523  100.9452
4790.92179922666  82.73305
4791.0954752781  72.72207
4791.26915132953  99.80162
4791.44282738096  110.5626
4791.6165034324  103.7904
4791.79017948383  115.9402
4791.96385553526  122.0941
4792.13753158669  103.7653
4792.31120763813  105.4429
4792.48488368956  115.324
4792.65855974099  121.853
4792.83223579243  143.1706
4793.00591184386  89.2457
4793.17958789529  80.5109
4793.35326394673  142.4414
4793.52693999816  127.6803
4793.70061604959  113.7848
4793.87429210102  73.52361
4794.04796815246  73.70666
4794.22164420389  72.55041
4794.39532025532  91.07439
4794.56899630676  125.7966
4794.74267235819  116.9341
4794.91634840962  140.3926
4795.09002446106  144.255
4795.26370051249  53.47504
4795.43737656392  62.40081
4795.61105261536  145.278
4795.78472866679  109.0181
4795.95840471822  86.65419
4796.13208076965  99.103
4796.30575682109  122.3354
4796.47943287252  145.5638
4796.65310892395  122.0789
4796.82678497539  79.878
4797.00046102682  82.75316
4797.17413707825  94.15829
4797.34781312969  77.46127
4797.52148918112  120.2945
4797.69516523255  108.2452
4797.86884128398  73.18932
4798.04251733542  115.1538
4798.21619338685  132.6677
4798.38986943828  114.5592
4798.56354548972  107.3311
4798.73722154115  109.7341
4798.91089759258  130.3408
4799.08457364402  113.8227
4799.25824969545  109.661
4799.43192574688  63.65623
4799.60560179831  75.62322
4799.77927784975  136.2986
4799.95295390118  137.5934
4800.12662995261  116.2487
4800.30030600405  63.22323
4800.47398205548  104.7728
4800.64765810691  124.1065
4800.82133415835  70.0107
4800.99501020978  65.3262
4801.16868626121  94.86153
4801.34236231265  137.4599
4801.51603836408  128.195
4801.68971441551  72.5165
4801.86339046694  107.0887
4802.03706651838  97.90498
4802.21074256981  103.2394
4802.38441862124  84.72419
4802.55809467268  50.0715
4802.73177072411  152.2849
4802.90544677554  148.3594
4803.07912282698  146.8514
4803.25279887841  130.2176
4803.42647492984  144.069
4803.60015098128  175.3024
4803.77382703271  104.6915
4803.94750308414  95.33374
4804.12117913557  139.375
4804.29485518701  120.7151
4804.46853123844  50.23081
4804.64220728987  76.3809
4804.81588334131  176.3199
4804.98955939274  145.7952
4805.16323544417  139.472
4805.33691149561  191.3014
4805.51058754704  114.009
4805.68426359847  124.4744
4805.85793964991  154.0311
4806.03161570134  117.7695
4806.20529175277  144.907
4806.3789678042  100.8565
4806.55264385564  107.1455
4806.72631990707  146.0027
4806.8999959585  170.6832
4807.07367200994  135.5807
4807.24734806137  156.8633
4807.4210241128  144.8874
4807.59470016423  104.9618
4807.76837621567  124.9348
4807.9420522671  161.0762
4808.11572831853  159.7106
4808.28940436997  87.46751
4808.4630804214  66.28516
4808.63675647283  164.8844
4808.81043252427  147.6682
4808.9841085757  80.89726
4809.15778462713  131.8209
4809.33146067857  138.3272
4809.50513673  122.7577
4809.67881278143  107.1035
4809.85248883287  127.6008
4810.0261648843  135.8375
4810.19984093573  138.6939
4810.37351698716  139.4589
4810.5471930386  150.0606
4810.72086909003  152.2909
4810.89454514146  109.5211
4811.0682211929  140.2791
4811.24189724433  131.7731
4811.41557329576  95.86623
4811.5892493472  130.9394
4811.76292539863  158.5
4811.93660145006  146.6628
4812.1102775015  117.274
4812.28395355293  112.7367
4812.45762960436  140.0998
4812.63130565579  145.0905
4812.80498170723  152.8758
4812.97865775866  160.0911
4813.15233381009  155.2747
4813.32600986153  174.5014
4813.49968591296  134.4655
4813.67336196439  157.3473
4813.84703801582  170.1191
4814.02071406726  114.9186
4814.19439011869  115.0913
4814.36806617012  149.703
4814.54174222156  129.3383
4814.71541827299  117.4632
4814.88909432442  134.1789
4815.06277037586  146.8693
4815.23644642729  193.6719
4815.41012247872  160.7014
4815.58379853016  149.418
4815.75747458159  179.8214
4815.93115063302  172.5475
4816.10482668446  219.5414
4816.27850273589  177.7405
4816.45217878732  109.8141
4816.62585483875  146.9745
4816.79953089019  167.5823
4816.97320694162  160.0639
4817.14688299305  182.3748
4817.32055904449  170.1538
4817.49423509592  186.3917
4817.66791114735  164.1531
4817.84158719879  109.1111
4818.01526325022  165.9948
4818.18893930165  159.6101
4818.36261535309  162.7976
4818.53629140452  170.388
4818.70996745595  91.14785
4818.88364350738  118.2559
4819.05731955882  164.6005
4819.23099561025  145.9097
4819.40467166168  137.9638
4819.57834771312  162.3036
4819.75202376455  160.9145
4819.92569981598  147.8263
4820.09937586742  154.811
4820.27305191885  191.5031
4820.44672797028  178.5884
4820.62040402171  135.8813
4820.79408007315  190.5659
4820.96775612458  154.3768
4821.14143217601  147.6468
4821.31510822745  152.9025
4821.48878427888  139.6106
4821.66246033031  173.0165
4821.83613638175  146.1771
4822.00981243318  99.34868
4822.18348848461  164.466
4822.35716453605  139.7037
4822.53084058748  130.4183
4822.70451663891  131.8114
4822.87819269034  166.2426
4823.05186874178  145.2869
4823.22554479321  174.5743
4823.39922084464  205.3633
4823.57289689608  171.2634
4823.74657294751  124.7377
4823.92024899894  143.262
4824.09392505038  134.3194
4824.26760110181  129.4202
4824.44127715324  167.5594
4824.61495320467  167.6247
4824.78862925611  122.3445
4824.96230530754  134.5651
4825.13598135897  157.3365
4825.30965741041  129.0832
4825.48333346184  175.2045
4825.65700951327  179.978
4825.83068556471  177.0761
4826.00436161614  220.9905
4826.17803766757  165.2968
4826.351713719  123.2015
4826.52538977044  136.431
4826.69906582187  169.6698
4826.8727418733  147.1111
4827.04641792474  134.7686
4827.22009397617  185.3097
4827.3937700276  173.8968
4827.56744607904  142.461
4827.74112213047  136.6153
4827.9147981819  171.2166
4828.08847423334  160.613
4828.26215028477  192.109
4828.4358263362  165.5021
4828.60950238763  220.5893
4828.78317843907  203.1674
4828.9568544905  144.1599
4829.13053054193  194.9544
4829.30420659337  180.0583
4829.4778826448  129.3046
4829.65155869623  137.4427
4829.82523474767  197.49
4829.9989107991  212.9711
4830.17258685053  149.6661
4830.34626290196  163.5692
4830.5199389534  167.2311
4830.69361500483  165.8961
4830.86729105626  198.4412
4831.0409671077  149.3082
4831.21464315913  185.8061
4831.38831921056  134.5262
4831.561995262  173.4404
4831.73567131343  234.4025
4831.90934736486  240.3376
4832.0830234163  185.2838
4832.25669946773  94.51374
4832.43037551916  154.6198
4832.60405157059  145.8961
4832.77772762203  145.6345
4832.95140367346  213.9576
4833.12507972489  178.4632
4833.29875577633  181.1491
4833.47243182776  201.9005
4833.64610787919  153.1431
4833.81978393063  160.2612
4833.99345998206  195.8916
4834.16713603349  189.7132
4834.34081208493  209.4706
4834.51448813636  201.7233
4834.68816418779  260.0049
4834.86184023923  231.6891
4835.03551629066  158.8629
4835.20919234209  221.8803
4835.38286839352  201.1282
4835.55654444496  194.1651
4835.73022049639  162.2537
4835.90389654782  182.2851
4836.07757259926  201.6005
4836.25124865069  161.4543
4836.42492470212  138.8747
4836.59860075355  130.5299
4836.77227680499  178.6976
4836.94595285642  188.536
4837.11962890785  194.1977
4837.29330495929  211.3251
4837.46698101072  231.3174
4837.64065706215  220.3346
4837.81433311359  215.5725
4837.98800916502  188.0725
4838.16168521645  189.5185
4838.33536126789  245.5101
4838.50903731932  199.0657
4838.68271337075  207.0027
4838.85638942218  239.4597
4839.03006547362  225.1098
4839.20374152505  166.1533
4839.37741757648  224.8831
4839.55109362792  245.4236
4839.72476967935  117.6288
4839.89844573078  166.0788
4840.07212178222  237.6236
4840.24579783365  194.1625
4840.41947388508  191.5031
4840.59314993652  180.7153
4840.76682598795  178.1166
4840.94050203938  159.5101
4841.11417809081  205.5107
4841.28785414225  216.2723
4841.46153019368  207.985
4841.63520624511  195.6385
4841.80888229655  170.307
4841.98255834798  168.6844
4842.15623439941  185.0697
4842.32991045085  242.0957
4842.50358650228  225.3749
4842.67726255371  237.9292
4842.85093860514  238.1985
4843.02461465658  252.0161
4843.19829070801  190.4088
4843.37196675944  173.3945
4843.54564281088  243.4025
4843.71931886231  229.6777
4843.89299491374  171.4052
4844.06667096518  206.8801
4844.24034701661  243.4656
4844.41402306804  223.3926
4844.58769911948  237.2876
4844.76137517091  215.3361
4844.93505122234  203.9482
4845.10872727377  244.7074
4845.28240332521  222.8767
4845.45607937664  222.0586
4845.62975542807  247.9332
4845.80343147951  249.9088
4845.97710753094  243.9282
4846.15078358237  205.5885
4846.32445963381  229.2141
4846.49813568524  259.8058
4846.67181173667  253.1926
4846.84548778811  264.4024
4847.01916383954  223.4152
4847.19283989097  222.0019
4847.3665159424  230.5654
4847.54019199384  194.9223
4847.71386804527  219.9923
4847.8875440967  237.7882
4848.06122014814  268.749
4848.23489619957  190.3358
4848.408572251  230.3259
4848.58224830244  237.8131
4848.75592435387  265.2921
4848.9296004053  319.3385
4849.10327645673  292.7982
4849.27695250817  226.9851
4849.4506285596  284.1484
4849.62430461103  273.8006
4849.79798066247  277.7498
4849.9716567139  228.2668
4850.14533276533  233.1815
4850.31900881677  214.6717
4850.4926848682  263.3986
4850.66636091963  287.4549
4850.84003697107  327.9777
4851.0137130225  324.8661
4851.18738907393  232.171
4851.36106512536  272.5587
4851.5347411768  249.6537
4851.70841722823  308.4597
4851.88209327966  346.8452
4852.0557693311  290.6302
4852.22944538253  280.1119
4852.40312143396  316.3571
4852.5767974854  331.3572
4852.75047353683  317.5197
4852.92414958826  350.2606
4853.0978256397  317.502
4853.27150169113  302.6096
4853.44517774256  355.6376
4853.61885379399  315.2155
4853.79252984543  312.0033
4853.96620589686  334.1773
4854.13988194829  275.3274
4854.31355799973  286.7821
4854.48723405116  324.8257
4854.66091010259  318.2103
4854.83458615403  318.6567
4855.00826220546  301.8238
4855.18193825689  341.9833
4855.35561430832  335.4045
4855.52929035976  350.3901
4855.70296641119  296.4488
4855.87664246262  345.2493
4856.05031851406  332.955
4856.22399456549  330.0267
4856.39767061692  380.8439
4856.57134666836  360.6912
4856.74502271979  294.8053
4856.91869877122  323.3078
4857.09237482265  311.4348
4857.26605087409  261.7788
4857.43972692552  244.0813
4857.61340297695  313.5175
4857.78707902839  295.0625
4857.96075507982  264.8648
4858.13443113125  311.0586
4858.30810718269  240.6806
4858.48178323412  196.0498
4858.65545928555  234.8567
4858.82913533699  216.9827
4859.00281138842  200.9286
4859.17648743985  238.093
4859.35016349128  205.8203
4859.52383954272  271.2722
4859.69751559415  250.5705
4859.87119164558  199.9857
4860.04486769702  254.5754
4860.21854374845  243.0023
4860.39221979988  252.2276
4860.56589585132  239.0424
4860.73957190275  228.3236
4860.91324795418  258.9727
4861.08692400562  248.4946
4861.26060005705  200.2077
4861.43427610848  188.6862
4861.60795215991  201.1617
4861.78162821135  224.9665
4861.95530426278  254.1915
4862.12898031421  266.438
4862.30265636565  258.4808
4862.47633241708  280.8838
4862.65000846851  272.0122
4862.82368451995  256.4585
4862.99736057138  281.6812
4863.17103662281  243.0903
4863.34471267424  250.7709
4863.51838872568  288.7499
4863.69206477711  247.203
4863.86574082854  232.847
4864.03941687998  232.39
4864.21309293141  215.3461
4864.38676898284  236.8639
4864.56044503428  268.3573
4864.73412108571  245.4966
4864.90779713714  207.913
4865.08147318857  212.4128
4865.25514924001  237.8675
4865.42882529144  248.1221
4865.60250134287  270.2117
4865.77617739431  266.4617
4865.94985344574  245.7647
4866.12352949717  283.336
4866.29720554861  281.3
4866.47088160004  243.2387
4866.64455765147  194.6793
4866.81823370291  231.4136
4866.99190975434  257.3313
4867.16558580577  270.0999
4867.33926185721  266.4969
4867.51293790864  231.7495
4867.68661396007  210.7401
4867.8602900115  207.9959
4868.03396606294  236.3663
4868.20764211437  211.7805
4868.3813181658  203.6342
4868.55499421724  229.8972
4868.72867026867  226.5735
4868.9023463201  252.4515
4869.07602237154  307.2379
4869.24969842297  269.3592
4869.4233744744  210.5749
4869.59705052583  231.7704
4869.77072657727  181.5067
4869.9444026287  238.4247
4870.11807868013  230.5757
4870.29175473157  225.193
4870.465430783  261.8021
4870.63910683443  233.411
4870.81278288587  209.8463
4870.9864589373  233.8625
4871.16013498873  226.1562
4871.33381104016  235.3994
4871.5074870916  233.0408
4871.68116314303  258.6246
4871.85483919446  253.4662
4872.0285152459  269.8634
4872.20219129733  233.2999
4872.37586734876  259.7308
4872.5495434002  251.4519
4872.72321945163  249.9966
4872.89689550306  263.4348
4873.0705715545  202.4847
4873.24424760593  210.3041
4873.41792365736  133.5101
4873.59159970879  64.57795
4873.76527576023  201.2589
4873.93895181166  191.0817
4874.11262786309  190.1714
4874.28630391453  197.1076
4874.45997996596  208.2156
4874.63365601739  254.098
4874.80733206883  212.6902
4874.98100812026  231.9298
4875.15468417169  208.9591
4875.32836022312  174.7465
4875.50203627456  211.5112
4875.67571232599  197.1662
4875.84938837743  224.9344
4876.02306442886  212.342
4876.19674048029  227.5657
4876.37041653172  204.1341
4876.54409258316  230.313
4876.71776863459  209.8959
4876.89144468602  161.6893
4877.06512073746  221.4462
4877.23879678889  174.3359
4877.41247284032  131.8881
4877.58614889175  191.4554
4877.75982494319  221.837
4877.93350099462  184.112
4878.10717704605  186.2992
4878.28085309749  176.4682
4878.45452914892  173.2684
4878.62820520035  154.0973
4878.80188125179  213.1848
4878.97555730322  197.8629
4879.14923335465  214.422
4879.32290940609  217.659
4879.49658545752  207.1908
4879.67026150895  203.671
4879.84393756039  201.279
4880.01761361182  226.3284
4880.19128966325  250.7977
4880.36496571468  187.1692
4880.53864176612  190.5658
4880.71231781755  171.2903
4880.88599386898  184.8397
4881.05966992042  210.3285
4881.23334597185  198.5844
4881.40702202328  170.8392
4881.58069807472  203.581
4881.75437412615  239.1705
4881.92805017758  197.2822
4882.10172622901  205.1276
4882.27540228045  255.203
4882.44907833188  180.4134
4882.62275438331  195.866
4882.79643043475  206.9218
4882.97010648618  175.8988
4883.14378253761  174.9902
4883.31745858905  224.3196
4883.49113464048  223.2138
4883.66481069191  238.4499
4883.83848674334  234.6359
4884.01216279478  161.112
4884.18583884621  208.4919
4884.35951489764  192.2585
4884.53319094908  170.3309
4884.70686700051  161.2721
4884.88054305194  172.8847
4885.05421910338  194.5808
4885.22789515481  176.9016
4885.40157120624  225.755
4885.57524725768  200.7221
4885.74892330911  218.0854
4885.92259936054  211.6677
4886.09627541197  183.8377
4886.26995146341  207.8308
4886.44362751484  219.4238
4886.61730356627  159.8993
4886.79097961771  193.8671
4886.96465566914  211.6994
4887.13833172057  184.4203
4887.31200777201  203.9933
4887.48568382344  145.0383
4887.65935987487  206.345
4887.8330359263  179.8092
4888.00671197774  186.2626
4888.18038802917  209.0604
4888.3540640806  141.4902
4888.52774013204  157.2765
4888.70141618347  189.7296
4888.8750922349  190.913
4889.04876828634  213.7552
4889.22244433777  168.9204
4889.3961203892  166.2829
4889.56979644063  193.8247
4889.74347249207  212.285
4889.9171485435  163.6803
4890.09082459493  182.3268
4890.26450064637  182.8807
4890.4381766978  218.8402
4890.61185274923  175.974
4890.78552880067  189.2952
4890.9592048521  216.1892
4891.13288090353  232.1021
4891.30655695497  220.7149
4891.4802330064  189.6147
4891.65390905783  148.2638
4891.82758510926  123.1787
4892.0012611607  172.4064
4892.17493721213  173.4137
4892.34861326356  157.5442
4892.522289315  204.204
4892.69596536643  186.2959
4892.86964141786  157.9684
4893.0433174693  172.6977
4893.21699352073  181.4971
4893.39066957216  147.5114
4893.5643456236  176.7135
4893.73802167503  173.9366
4893.91169772646  162.9265
4894.08537377789  126.5138
4894.25904982933  163.6317
4894.43272588076  168.0842
4894.60640193219  147.3416
4894.78007798363  156.9109
4894.95375403506  178.4834
4895.12743008649  177.3425
4895.30110613793  179.8287
4895.47478218936  193.1463
4895.64845824079  156.6061
4895.82213429223  195.1161
4895.99581034366  176.8582
4896.16948639509  194.0738
4896.34316244652  187.4619
4896.51683849796  193.8798
4896.69051454939  152.1776
4896.86419060082  132.5626
4897.03786665226  97.58312
4897.21154270369  174.5988
4897.38521875512  217.3289
4897.55889480656  198.5257
4897.73257085799  247.6363
4897.90624690942  197.3224
4898.07992296085  179.1375
4898.25359901229  209.9818
4898.42727506372  177.3287
4898.60095111515  189.297
4898.77462716659  181.5695
4898.94830321802  193.8542
4899.12197926945  194.7536
4899.29565532089  190.2928
4899.46933137232  186.6108
4899.64300742375  196.1556
4899.81668347519  151.793
4899.99035952662  144.3285
4900.16403557805  176.1479
4900.33771162948  159.3874
4900.51138768092  195.9683
4900.68506373235  184.6815
4900.85873978378  157.0208
4901.03241583522  188.119
4901.20609188665  91.49702
4901.37976793808  157.8273
4901.55344398952  184.4976
4901.72712004095  215.7655
4901.90079609238  198.7786
4902.07447214381  151.6239
4902.24814819525  135.33
4902.42182424668  122.9139
4902.59550029811  149.8315
4902.76917634955  182.3447
4902.94285240098  172.9364
4903.11652845241  141.1338
4903.29020450385  196.3593
4903.46388055528  182.4187
4903.63755660671  116.0743
4903.81123265814  151.6649
4903.98490870958  160.7139
4904.15858476101  114.5181
4904.33226081244  185.4097
4904.50593686388  153.5716
4904.67961291531  152.6326
4904.85328896674  166.6072
4905.02696501818  135.7076
4905.20064106961  113.2833
4905.37431712104  182.8412
4905.54799317248  143.5198
4905.72166922391  181.1842
4905.89534527534  192.5372
4906.06902132678  127.8927
4906.24269737821  178.2586
4906.41637342964  198.0179
4906.59004948107  155.0557
4906.76372553251  136.5646
4906.93740158394  141.8184
4907.11107763537  159.6355
4907.28475368681  175.2433
4907.45842973824  142.5873
4907.63210578967  142.3386
4907.80578184111  133.8242
4907.97945789254  172.7131
4908.15313394397  172.3187
4908.3268099954  174.4847
4908.50048604684  158.5633
4908.67416209827  176.8674
4908.8478381497  169.6525
4909.02151420114  152.9892
4909.19519025257  145.2571
4909.368866304  164.2236
4909.54254235544  131.0639
4909.71621840687  124.7755
4909.8898944583  139.7986
4910.06357050973  158.6976
4910.23724656117  132.4191
4910.4109226126  141.7756
4910.58459866404  191.1499
4910.75827471547  190.6878
4910.9319507669  178.1782
4911.10562681833  190.2219
4911.27930286977  171.5555
4911.4529789212  185.5923
4911.62665497263  162.0158
4911.80033102407  147.0615
4911.9740070755  145.6604
4912.14768312693  133.6961
4912.32135917837  78.22409
4912.4950352298  120.7053
4912.66871128123  133.07
4912.84238733266  135.3008
4913.0160633841  167.6494
4913.18973943553  128.2968
4913.36341548696  79.78506
4913.5370915384  134.5072
4913.71076758983  157.5235
4913.88444364126  154.0657
4914.0581196927  171.8485
4914.23179574413  159.9416
4914.40547179556  123.7535
4914.57914784699  122.7462
4914.75282389843  99.10999
4914.92649994986  98.22113
4915.10017600129  166.7269
4915.27385205273  126.0679
4915.44752810416  196.3219
4915.62120415559  142.8032
4915.79488020703  153.1606
4915.96855625846  147.1868
4916.14223230989  151.9756
4916.31590836133  124.7635
4916.48958441276  133.9852
4916.66326046419  113.2115
4916.83693651562  95.73396
4917.01061256706  122.6608
4917.18428861849  122.8304
4917.35796466992  84.03662
4917.53164072136  120.599
4917.70531677279  106.453
4917.87899282422  69.51291
4918.05266887566  117.0185
4918.22634492709  98.14381
4918.40002097852  155.0196
4918.57369702995  119.1181
4918.74737308139  90.34872
4918.92104913282  123.5948
4919.09472518425  165.3536
4919.26840123569  163.8235
4919.44207728712  94.78918
4919.61575333855  124.5671
4919.78942938999  153.4714
4919.96310544142  113.9967
4920.13678149285  122.6113
4920.31045754428  105.698
4920.48413359572  69.29394
4920.65780964715  63.29239
4920.83148569858  72.67654
4921.00516175002  88.93199
4921.17883780145  75.45357
4921.35251385288  89.13451
4921.52618990432  98.89263
4921.69986595575  94.94947
4921.87354200718  102.9356
4922.04721805862  105.177
4922.22089411005  86.49671
4922.39457016148  105.8507
4922.56824621291  87.97249
4922.74192226435  104.926
4922.91559831578  85.87119
4923.08927436721  77.02552
4923.26295041865  77.49185
4923.43662647008  43.52838
4923.61030252151  74.36205
4923.78397857295  128.8407
4923.95765462438  143.6634
4924.13133067581  82.19444
4924.30500672724  69.86961
4924.47868277868  43.8676
4924.65235883011  45.83923
4924.82603488155  94.28754
4924.99971093298  150.0644
4925.17338698441  136.1489
4925.34706303584  137.9036
4925.52073908728  76.69186
4925.69441513871  109.26
4925.86809119014  142.0933
4926.04176724158  87.49
4926.21544329301  83.49766
4926.38911934444  89.81492
4926.56279539587  78.70108
4926.73647144731  105.7133
4926.91014749874  102.326
4927.08382355017  94.3289
4927.25749960161  90.61988
4927.43117565304  88.96072
4927.60485170447  85.32484
4927.77852775591  81.9666
4927.95220380734  91.65286
4928.12587985877  96.68079
4928.29955591021  93.97092
4928.47323196164  58.19965
4928.64690801307  89.30246
4928.8205840645  93.18402
4928.99426011594  67.41602
4929.16793616737  29.75211
4929.3416122188  72.02194
4929.51528827024  55.16247
4929.68896432167  59.8311
4929.8626403731  41.56544
4930.03631642454  98.52039
4930.20999247597  78.40858
4930.3836685274  71.99316
4930.55734457884  46.07817
4930.73102063027  104.6369
4930.9046966817  58.65142
4931.07837273313  89.86499
4931.25204878457  96.85672
4931.425724836  71.09094
4931.59940088743  95.91331
4931.77307693887  85.22083
4931.9467529903  89.99145
4932.12042904173  83.07053
4932.29410509317  44.94071
4932.4677811446  63.67298
4932.64145719603  31.0718
4932.81513324746  106.3753
4932.9888092989  100.1978
4933.16248535033  54.58221
4933.33616140176  88.77813
4933.5098374532  80.66961
4933.68351350463  57.06149
4933.85718955606  119.3111
4934.03086560749  80.03271
4934.20454165893  33.51292
4934.37821771036  47.08446
4934.55189376179  80.38612
4934.72556981323  94.22685
4934.89924586466  41.2784
4935.07292191609  33.54218
4935.24659796753  48.6083
4935.42027401896  83.76038
4935.59395007039  49.90042
4935.76762612183  69.99277
4935.94130217326  82.19704
4936.11497822469  54.9371
4936.28865427613  33.65261
4936.46233032756  43.95975
4936.63600637899  56.50333
4936.80968243042  75.88877
4936.98335848186  32.2112
4937.15703453329  18.96249
4937.33071058472  34.72578
4937.50438663616  23.45251
4937.67806268759  60.81195
4937.85173873902  39.08091
4938.02541479046  47.85968
4938.19909084189  62.08045
4938.37276689332  79.65551
4938.54644294476  90.16008
4938.72011899619  65.40086
4938.89379504762  46.24912
4939.06747109905  29.5031
4939.24114715049  76.28217
4939.41482320192  91.03617
4939.58849925335  83.99463
4939.76217530479  31.26374
4939.93585135622  77.92126
4940.10952740765  102.3155
4940.28320345909  33.99778
4940.45687951052  49.53631
4940.63055556195  39.07772
4940.80423161339  52.85009
4940.97790766482  38.88906
4941.15158371625  34.87957
4941.32525976768  22.45093
4941.49893581912  44.15455
4941.67261187055  10.88939
4941.84628792198  30.09159
4942.01996397342  49.63108
4942.19364002485  18.67944
4942.36731607628  -31.06535
4942.54099212772  32.61654
4942.71466817915  0.5036371
4942.88834423058  9.276903
4943.06202028202  27.99897
4943.23569633345  19.43479
4943.40937238488  6.8404
4943.58304843631  5.010087
4943.75672448775  7.366055
4943.93040053918  43.08294
4944.10407659061  41.60293
4944.27775264205  33.62559
4944.45142869348  25.55969
4944.62510474491  58.38713
4944.79878079635  63.11908
4944.97245684778  14.34886
4945.14613289921  55.40107
4945.31980895064  38.43808
4945.49348500208  52.74096
4945.66716105351  69.60888
