4768.0470807972  25.08508
4768.22074576863  55.32068
4768.39441074006  56.18151
4768.56807571149  29.84044
4768.74174068293  13.92762
4768.91540565436  28.89826
4769.08907062579  34.26604
4769.26273559722  29.23887
4769.43640056865  46.23969
4769.61006554008  47.56634
4769.78373051152  24.1905
4769.95739548295  26.60804
4770.13106045438  22.60429
4770.30472542581  46.1178
4770.47839039724  68.20348
4770.65205536867  50.95855
4770.8257203401  33.23883
4770.99938531154  5.011312
4771.17305028297  24.3851
4771.3467152544  78.61237
4771.52038022583  72.02444
4771.69404519726  8.524974
4771.86771016869  1.303314
4772.04137514013  32.05356
4772.21504011156  35.33276
4772.38870508299  65.25543
4772.56237005442  -7.508668
4772.73603502585  30.82155
4772.90969999728  38.0309
4773.08336496872  18.2685
4773.25702994015  23.57485
4773.43069491158  37.05728
4773.60435988301  38.20192
4773.77802485444  41.31977
4773.95168982587  51.99373
4774.12535479731  32.23763
4774.29901976874  11.95732
4774.47268474017  46.42979
4774.6463497116  49.22301
4774.82001468303  39.55872
4774.99367965446  99.60341
4775.1673446259  41.79373
4775.34100959733  69.59547
4775.51467456876  56.07639
4775.68833954019  35.01288
4775.86200451162  0.1582365
4776.03566948305  25.69653
4776.20933445449  64.7581
4776.38299942592  44.55006
4776.55666439735  34.20871
4776.73032936878  49.49794
4776.90399434021  52.73744
4777.07765931164  45.42404
4777.25132428307  42.4075
4777.42498925451  56.83376
4777.59865422594  88.32261
4777.77231919737  55.25246
4777.9459841688  50.39671
4778.11964914023  55.55552
4778.29331411166  68.54218
4778.4669790831  80.9295
4778.64064405453  82.49158
4778.81430902596  58.77232
4778.98797399739  54.60091
4779.16163896882  45.81184
4779.33530394025  8.576729
4779.50896891168  77.34872
4779.68263388312  76.81293
4779.85629885455  37.18266
4780.02996382598  70.97164
4780.20362879741  74.42371
4780.37729376884  41.15709
4780.55095874027  62.38406
4780.72462371171  74.26082
4780.89828868314  85.60344
4781.07195365457  68.78958
4781.245618626  73.62411
4781.41928359743  75.16797
4781.59294856887  55.04739
4781.7666135403  86.74861
4781.94027851173  77.74969
4782.11394348316  89.13
4782.28760845459  97.71564
4782.46127342602  87.85577
4782.63493839745  55.85541
4782.80860336889  63.89247
4782.98226834032  73.99543
4783.15593331175  78.14344
4783.32959828318  89.86804
4783.50326325461  78.08736
4783.67692822604  63.95583
4783.85059319748  53.21399
4784.02425816891  75.72221
4784.19792314034  90.30038
4784.37158811177  53.8892
4784.5452530832  60.47074
4784.71891805463  31.09896
4784.89258302607  57.73552
4785.0662479975  66.75629
4785.23991296893  81.09528
4785.41357794036  67.25826
4785.58724291179  79.5479
4785.76090788322  72.70895
4785.93457285465  60.90145
4786.10823782609  88.66276
4786.28190279752  89.43301
4786.45556776895  76.9348
4786.62923274038  79.75323
4786.80289771181  64.74199
4786.97656268324  61.52776
4787.15022765468  75.12447
4787.32389262611  73.74319
4787.49755759754  67.12961
4787.67122256897  72.20113
4787.8448875404  71.95502
4788.01855251183  77.56394
4788.19221748327  68.6725
4788.3658824547  55.72866
4788.53954742613  50.60538
4788.71321239756  69.11625
4788.88687736899  91.73138
4789.06054234042  97.77408
4789.23420731186  80.38477
4789.40787228329  72.39643
4789.58153725472  67.87875
4789.75520222615  72.4214
4789.92886719758  113.8397
4790.10253216901  71.73077
4790.27619714045  49.0456
4790.44986211188  82.08128
4790.62352708331  79.81915
4790.79719205474  83.81741
4790.97085702617  54.06842
4791.1445219976  79.21895
4791.31818696903  119.4672
4791.49185194047  78.867
4791.6655169119  55.82432
4791.83918188333  43.25484
4792.01284685476  81.2721
4792.18651182619  103.8542
4792.36017679762  67.65318
4792.53384176905  94.89262
4792.70750674049  97.91447
4792.88117171192  100.2681
4793.05483668335  95.01662
4793.22850165478  82.52702
4793.40216662621  72.43224
4793.57583159764  96.34457
4793.74949656908  78.67699
4793.92316154051  98.58826
4794.09682651194  90.52477
4794.27049148337  99.87897
4794.4441564548  96.24988
4794.61782142623  67.05679
4794.79148639767  54.30336
4794.9651513691  85.00921
4795.13881634053  97.44623
4795.31248131196  86.17871
4795.48614628339  100.6258
4795.65981125482  89.43968
4795.83347622626  89.111
4796.00714119769  80.69556
4796.18080616912  97.71461
4796.35447114055  100.507
4796.52813611198  85.44112
4796.70180108341  34.69417
4796.87546605485  77.66408
4797.04913102628  118.3708
4797.22279599771  116.4997
4797.39646096914  123.4532
4797.57012594057  124.3568
4797.743790912  103.2805
4797.91745588343  113.0909
4798.09112085487  99.82447
4798.2647858263  58.51659
4798.43845079773  78.97192
4798.61211576916  100.2624
4798.78578074059  103.948
4798.95944571202  109.3382
4799.13311068346  89.27217
4799.30677565489  93.90038
4799.48044062632  105.737
4799.65410559775  116.6584
4799.82777056918  136.731
4800.00143554061  144.8239
4800.17510051205  85.78469
4800.34876548348  95.94791
4800.52243045491  93.70669
4800.69609542634  88.71656
4800.86976039777  116.7804
4801.0434253692  122.3324
4801.21709034063  102.9507
4801.39075531207  102.2085
4801.5644202835  109.3571
4801.73808525493  119.8822
4801.91175022636  139.4856
4802.08541519779  100.2829
4802.25908016923  81.7589
4802.43274514066  86.88142
4802.60641011209  94.90018
4802.78007508352  119.8345
4802.95374005495  144.974
4803.12740502638  162.3282
4803.30106999782  100.7041
4803.47473496925  93.49937
4803.64839994068  106.5104
4803.82206491211  113.1968
4803.99572988354  106.0978
4804.16939485497  98.13654
4804.3430598264  88.25275
4804.51672479784  72.51672
4804.69038976927  84.55605
4804.8640547407  95.72733
4805.03771971213  94.35295
4805.21138468356  111.1465
4805.38504965499  97.64828
4805.55871462643  97.13338
4805.73237959786  112.2811
4805.90604456929  111.0443
4806.07970954072  113.6263
4806.25337451215  107.1866
4806.42703948358  85.81585
4806.60070445501  115.7141
4806.77436942645  144.3654
4806.94803439788  78.34232
4807.12169936931  79.72881
4807.29536434074  88.14822
4807.46902931217  74.63815
4807.6426942836  119.64
4807.81635925504  112.9677
4807.99002422647  108.4706
4808.1636891979  125.912
4808.33735416933  99.47478
4808.51101914076  124.7989
4808.68468411219  133.8942
4808.85834908363  113.1879
4809.03201405506  98.53716
4809.20567902649  141.0108
4809.37934399792  166.7904
4809.55300896935  117.7481
4809.72667394078  103.4199
4809.90033891222  105.2212
4810.07400388365  123.9225
4810.24766885508  110.8334
4810.42133382651  109.1773
4810.59499879794  78.71051
4810.76866376937  109.3293
4810.9423287408  144.4492
4811.11599371224  124.5367
4811.28965868367  88.91206
4811.4633236551  120.2765
4811.63698862653  141.467
4811.81065359796  129.128
4811.98431856939  159.3322
4812.15798354083  156.5995
4812.33164851226  155.1105
4812.50531348369  172.5132
4812.67897845512  121.346
4812.85264342655  125.32
4813.02630839798  116.3945
4813.19997336942  100.852
4813.37363834085  116.5535
4813.54730331228  139.9877
4813.72096828371  122.2661
4813.89463325514  101.948
4814.06829822657  139.8184
4814.24196319801  128.5367
4814.41562816944  100.6752
4814.58929314087  101.0473
4814.7629581123  132.6021
4814.93662308373  102.9705
4815.11028805516  107.9508
4815.2839530266  114.6662
4815.45761799803  115.9991
4815.63128296946  144.075
4815.80494794089  156.435
4815.97861291232  151.9305
4816.15227788375  150.6075
4816.32594285519  157.1365
4816.49960782662  151.7778
4816.67327279805  162.5288
4816.84693776948  109.2179
4817.02060274091  156.435
4817.19426771234  116.9435
4817.36793268377  127.6131
4817.54159765521  169.2993
4817.71526262664  127.9574
4817.88892759807  138.7648
4818.0625925695  149.8287
4818.23625754093  152.9285
4818.40992251236  130.7064
4818.5835874838  150.1741
4818.75725245523  175.5244
4818.93091742666  158.9901
4819.10458239809  140.8242
4819.27824736952  124.729
4819.45191234095  145.4034
4819.62557731238  165.4011
4819.79924228382  153.8311
4819.97290725525  149.9283
4820.14657222668  106.8877
4820.32023719811  112.0826
4820.49390216954  161.4529
4820.66756714097  123.0587
4820.84123211241  147.1374
4821.01489708384  152.5368
4821.18856205527  153.8227
4821.3622270267  191.1678
4821.53589199813  187.4053
4821.70955696956  151.6998
4821.883221941  176.9896
4822.05688691243  170.381
4822.23055188386  142.7895
4822.40421685529  161.0468
4822.57788182672  135.8038
4822.75154679815  115.7291
4822.92521176958  142.1698
4823.09887674102  160.2609
4823.27254171245  157.8532
4823.44620668388  144.541
4823.61987165531  178.4421
4823.79353662674  183.7931
4823.96720159817  168.4735
4824.14086656961  174.5258
4824.31453154104  184.7166
4824.48819651247  147.7062
4824.6618614839  155.9365
4824.83552645533  145.8244
4825.00919142676  102.247
4825.1828563982  158.379
4825.35652136963  187.6463
4825.53018634106  209.063
4825.70385131249  169.3133
4825.87751628392  126.5561
4826.05118125535  169.136
4826.22484622679  155.5948
4826.39851119822  160.0697
4826.57217616965  164.7384
4826.74584114108  161.9224
4826.91950611251  151.0959
4827.09317108394  155.4423
4827.26683605537  174.0194
4827.44050102681  200.3088
4827.61416599824  164.2319
4827.78783096967  151.59
4827.9614959411  170.6088
4828.13516091253  159.063
4828.30882588397  153.2135
4828.4824908554  182.6545
4828.65615582683  168.5822
4828.82982079826  118.7339
4829.00348576969  136.708
4829.17715074112  186.8544
4829.35081571255  138.7278
4829.52448068399  125.5867
4829.69814565542  158.8446
4829.87181062685  178.8597
4830.04547559828  177.3079
4830.21914056971  151.9142
4830.39280554114  177.6634
4830.56647051258  187.8312
4830.74013548401  172.6619
4830.91380045544  185.2902
4831.08746542687  167.5058
4831.2611303983  154.0613
4831.43479536973  156.631
4831.60846034117  149.2901
4831.7821253126  185.6229
4831.95579028403  182.8642
4832.12945525546  203.1238
4832.30312022689  142.6197
4832.47678519832  147.5437
4832.65045016975  245.6356
4832.82411514119  205.7462
4832.99778011262  186.5659
4833.17144508405  193.8718
4833.34511005548  196.7871
4833.51877502691  189.6052
4833.69243999834  175.1493
4833.86610496978  146.5028
4834.03976994121  153.2772
4834.21343491264  149.3857
4834.38709988407  157.5741
4834.5607648555  177.3759
4834.73442982693  169.7626
4834.90809479837  180.5796
4835.0817597698  146.3192
4835.25542474123  135.4497
4835.42908971266  190.3381
4835.60275468409  188.1733
4835.77641965552  179.3397
4835.95008462696  174.5447
4836.12374959839  188.8392
4836.29741456982  192.7536
4836.47107954125  175.9604
4836.64474451268  171.214
4836.81840948411  166.7792
4836.99207445554  173.5068
4837.16573942698  139.3554
4837.33940439841  161.3456
4837.51306936984  179.6384
4837.68673434127  160.6641
4837.8603993127  174.9471
4838.03406428413  156.7839
4838.20772925557  198.1382
4838.381394227  209.4863
4838.55505919843  205.2601
4838.72872416986  195.7864
4838.90238914129  217.5177
4839.07605411272  218.5952
4839.24971908416  195.5654
4839.42338405559  190.8926
4839.59704902702  206.0581
4839.77071399845  161.8543
4839.94437896988  180.2216
4840.11804394131  219.9691
4840.29170891275  184.4009
4840.46537388418  224.5365
4840.63903885561  223.6895
4840.81270382704  185.3996
4840.98636879847  225.5316
4841.1600337699  192.3258
4841.33369874134  198.1446
4841.50736371277  199.8288
4841.6810286842  196.2399
4841.85469365563  206.0129
4842.02835862706  212.3151
4842.20202359849  174.0236
4842.37568856992  198.8685
4842.54935354136  219.29
4842.72301851279  220.1298
4842.89668348422  187.4059
4843.07034845565  214.0595
4843.24401342708  208.0065
4843.41767839851  187.6632
4843.59134336995  189.8145
4843.76500834138  204.6466
4843.93867331281  189.0877
4844.11233828424  182.4109
4844.28600325567  235.1014
4844.4596682271  242.0191
4844.63333319854  230.2891
4844.80699816997  236.2468
4844.9806631414  203.8409
4845.15432811283  179.659
4845.32799308426  198.8009
4845.50165805569  228.4866
4845.67532302712  232.7982
4845.84898799856  226.29
4846.02265296999  240.3005
4846.19631794142  234.4304
4846.36998291285  236.8903
4846.54364788428  226.3396
4846.71731285571  203.8742
4846.89097782715  212.3566
4847.06464279858  172.6802
4847.23830777001  185.7657
4847.41197274144  219.4236
4847.58563771287  174.9
4847.7593026843  246.9815
4847.93296765574  236.1568
4848.10663262717  230.2473
4848.2802975986  229.6628
4848.45396257003  234.4068
4848.62762754146  233.5878
4848.80129251289  183.0854
4848.97495748433  189.1357
4849.14862245576  219.1379
4849.32228742719  262.1789
4849.49595239862  198.7674
4849.66961737005  220.9031
4849.84328234148  286.5722
4850.01694731291  295.224
4850.19061228435  248.1575
4850.36427725578  235.3517
4850.53794222721  249.1159
4850.71160719864  231.6875
4850.88527217007  202.5592
4851.0589371415  243.7462
4851.23260211293  216.6671
4851.40626708437  277.6145
4851.5799320558  276.863
4851.75359702723  267.6084
4851.92726199866  286.3113
4852.10092697009  261.4866
4852.27459194153  283.8594
4852.44825691296  278.8154
4852.62192188439  256.6111
4852.79558685582  263.4664
4852.96925182725  315.8093
4853.14291679868  314.7108
4853.31658177012  322.2163
4853.49024674155  326.3466
4853.66391171298  316.0785
4853.83757668441  316.4742
4854.01124165584  321.832
4854.18490662727  289.945
4854.3585715987  310.1741
4854.53223657014  312.7306
4854.70590154157  306.7764
4854.879566513  309.4883
4855.05323148443  315.0452
4855.22689645586  331.4118
4855.40056142729  352.5281
4855.57422639873  305.2458
4855.74789137016  299.3807
4855.92155634159  302.9055
4856.09522131302  325.282
4856.26888628445  318.356
4856.44255125588  281.4767
4856.61621622732  285.7661
4856.78988119875  320.2628
4856.96354617018  342.8571
4857.13721114161  299.2913
4857.31087611304  309.8816
4857.48454108447  266.1395
4857.6582060559  237.2428
4857.83187102734  270.2849
4858.00553599877  242.541
4858.1792009702  255.5733
4858.35286594163  274.1077
4858.52653091306  264.2315
4858.70019588449  244.6149
4858.87386085593  249.8406
4859.04752582736  230.4248
4859.22119079879  224.2672
4859.39485577022  202.6781
4859.56852074165  198.3436
4859.74218571308  228.5878
4859.91585068452  252.0213
4860.08951565595  260.1671
4860.26318062738  239.0115
4860.43684559881  230.1518
4860.61051057024  226.4312
4860.78417554167  221.6296
4860.95784051311  192.7697
4861.13150548454  249.8842
4861.30517045597  257.9561
4861.4788354274  226.2126
4861.65250039883  230.1249
4861.82616537026  264.2983
4861.9998303417  259.9368
4862.17349531313  229.6012
4862.34716028456  216.9039
4862.52082525599  260.4696
4862.69449022742  285.5963
4862.86815519885  259.7491
4863.04182017029  239.8281
4863.21548514172  217.3322
4863.38915011315  196.7541
4863.56281508458  199.8642
4863.73648005601  255.8269
4863.91014502744  260.0699
4864.08380999887  253.9068
4864.25747497031  242.7989
4864.43113994174  268.6927
4864.60480491317  283.2228
4864.7784698846  234.6983
4864.95213485603  244.7614
4865.12579982746  217.109
4865.2994647989  247.2889
4865.47312977033  291.9049
4865.64679474176  261.9391
4865.82045971319  256.4866
4865.99412468462  262.8242
4866.16778965605  241.9078
4866.34145462749  241.4584
4866.51511959892  223.1711
4866.68878457035  253.3476
4866.86244954178  280.2274
4867.03611451321  205.1121
4867.20977948464  207.4227
4867.38344445608  254.4542
4867.55710942751  256.5921
4867.73077439894  275.5547
4867.90443937037  236.6943
4868.0781043418  237.1992
4868.25176931323  232.0346
4868.42543428466  233.4356
4868.5990992561  215.6365
4868.77276422753  224.0363
4868.94642919896  250.2838
4869.12009417039  223.468
4869.29375914182  243.5608
4869.46742411326  244.3353
4869.64108908469  257.9233
4869.81475405612  216.9568
4869.98841902755  225.3316
4870.16208399898  250.9528
4870.33574897041  224.782
4870.50941394184  206.3592
4870.68307891328  238.5635
4870.85674388471  230.116
4871.03040885614  163.2922
4871.20407382757  224.0173
4871.377738799  229.2697
4871.55140377043  213.4324
4871.72506874187  198.5905
4871.8987337133  197.262
4872.07239868473  233.0319
4872.24606365616  209.1792
4872.41972862759  231.3365
4872.59339359902  207.5109
4872.76705857045  230.9369
4872.94072354189  259.8832
4873.11438851332  183.0051
4873.28805348475  188.623
4873.46171845618  222.7636
4873.63538342761  116.2969
4873.80904839904  178.6523
4873.98271337048  227.8099
4874.15637834191  204.7953
4874.33004331334  224.9609
4874.50370828477  207.18
4874.6773732562  254.8839
4874.85103822763  238.4596
4875.02470319907  245.2666
4875.1983681705  251.2036
4875.37203314193  197.277
4875.54569811336  216.7281
4875.71936308479  233.2523
4875.89302805622  215.9984
4876.06669302765  232.2244
4876.24035799909  229.1271
4876.41402297052  239.488
4876.58768794195  223.0659
4876.76135291338  185.0994
4876.93501788481  245.84
4877.10868285624  229.7559
4877.28234782767  175.5652
4877.45601279911  173.7064
4877.62967777054  214.3236
4877.80334274197  194.5695
4877.9770077134  219.251
4878.15067268483  192.7014
4878.32433765627  199.5332
4878.4980026277  203.1633
4878.67166759913  228.0996
4878.84533257056  205.7773
4879.01899754199  194.5288
4879.19266251342  182.3696
4879.36632748486  188.0298
4879.53999245629  225.8192
4879.71365742772  221.3299
4879.88732239915  181.1697
4880.06098737058  192.2903
4880.23465234201  228.6587
4880.40831731344  237.89
4880.58198228488  205.1515
4880.75564725631  211.6552
4880.92931222774  218.3236
4881.10297719917  210.73
4881.2766421706  220.7177
4881.45030714203  173.1252
4881.62397211347  191.3406
4881.7976370849  195.0219
4881.97130205633  198.06
4882.14496702776  214.0283
4882.31863199919  241.1942
4882.49229697062  172.314
4882.66596194206  196.7127
4882.83962691349  202.636
4883.01329188492  173.8045
4883.18695685635  200.298
4883.36062182778  196.8757
4883.53428679921  187.1096
4883.70795177064  174.9543
4883.88161674208  167.8957
4884.05528171351  192.2738
4884.22894668494  203.8526
4884.40261165637  240.8944
4884.5762766278  226.3706
4884.74994159924  162.3734
4884.92360657067  171.6594
4885.0972715421  177.0605
4885.27093651353  210.1969
4885.44460148496  169.3362
4885.61826645639  172.9336
4885.79193142782  197.8224
4885.96559639926  206.8176
4886.13926137069  195.0474
4886.31292634212  194.2625
4886.48659131355  179.4946
4886.66025628498  215.0001
4886.83392125641  214.102
4887.00758622785  169.9282
4887.18125119928  167.2779
4887.35491617071  171.2269
4887.52858114214  217.6992
4887.70224611357  199.2269
4887.875911085  184.4919
4888.04957605644  199.9111
4888.22324102787  205.6714
4888.3969059993  165.734
4888.57057097073  141.8108
4888.74423594216  174.0468
4888.91790091359  177.1962
4889.09156588502  182.1225
4889.26523085646  200.6574
4889.43889582789  185.2648
4889.61256079932  175.3225
4889.78622577075  168.3748
4889.95989074218  185.6234
4890.13355571361  169.515
4890.30722068505  157.0434
4890.48088565648  191.5326
4890.65455062791  168.178
4890.82821559934  193.1938
4891.00188057077  174.0272
4891.1755455422  219.8109
4891.34921051364  160.6177
4891.52287548507  147.1843
4891.6965404565  182.5499
4891.87020542793  162.2732
4892.04387039936  158.9723
4892.21753537079  183.0853
4892.39120034223  203.5947
4892.56486531366  217.4788
4892.73853028509  169.7818
4892.91219525652  184.6292
4893.08586022795  153.3146
4893.25952519938  165.1525
4893.43319017082  180.7727
4893.60685514225  147.4246
4893.78052011368  179.6465
4893.95418508511  179.8675
4894.12785005654  197.9709
4894.30151502797  181.7903
4894.47517999941  182.9887
4894.64884497084  197.8005
4894.82250994227  160.0677
4894.9961749137  174.7104
4895.16983988513  178.4541
4895.34350485656  173.9474
4895.51716982799  185.1398
4895.69083479943  178.8025
4895.86449977086  194.8418
4896.03816474229  162.486
4896.21182971372  136.3359
4896.38549468515  165.8038
4896.55915965658  186.7621
4896.73282462802  157.6234
4896.90648959945  205.0573
4897.08015457088  169.2958
4897.25381954231  134.0604
4897.42748451374  131.9996
4897.60114948517  146.083
4897.77481445661  137.9254
4897.94847942804  160.5093
4898.12214439947  163.1216
4898.2958093709  154.1786
4898.46947434233  175.3135
4898.64313931376  156.0476
4898.81680428519  166.3573
4898.99046925663  174.1863
4899.16413422806  171.4101
4899.33779919949  149.3747
4899.51146417092  115.6088
4899.68512914235  145.1546
4899.85879411378  179.841
4900.03245908522  189.7594
4900.20612405665  145.6304
4900.37978902808  160.2055
4900.55345399951  165.9001
4900.72711897094  148.7275
4900.90078394237  154.9568
4901.07444891381  121.0388
4901.24811388524  133.8108
4901.42177885667  187.5249
4901.5954438281  143.7675
4901.76910879953  125.8104
4901.94277377096  144.8826
4902.11643874239  164.5763
4902.29010371383  120.4491
4902.46376868526  175.4201
4902.63743365669  186.9229
4902.81109862812  157.9043
4902.98476359955  111.0983
4903.15842857098  134.4696
4903.33209354242  191.2225
4903.50575851385  170.6806
4903.67942348528  153.5121
4903.85308845671  135.2535
4904.02675342814  134.6496
4904.20041839957  146.9319
4904.374083371  134.4653
4904.54774834244  155.8524
4904.72141331387  176.9349
4904.8950782853  143.8691
4905.06874325673  170.6283
4905.24240822816  166.6491
4905.4160731996  155.1046
4905.58973817103  206.3353
4905.76340314246  185.8342
4905.93706811389  113.8872
4906.11073308532  125.6335
4906.28439805675  125.8753
4906.45806302819  154.2516
4906.63172799962  138.7838
4906.80539297105  162.8506
4906.97905794248  136.0197
4907.15272291391  138.2163
4907.32638788534  150.7068
4907.50005285677  128.3387
4907.67371782821  120.3939
4907.84738279964  120.2851
4908.02104777107  147.1652
4908.1947127425  152.2354
4908.36837771393  149.0032
4908.54204268536  141.4069
4908.7157076568  123.0968
4908.88937262823  135.0774
4909.06303759966  159.745
4909.23670257109  128.2167
4909.41036754252  110.4839
4909.58403251395  136.1151
4909.75769748539  111.9222
4909.93136245682  128.7602
4910.10502742825  144.903
4910.27869239968  115.2459
4910.45235737111  139.5461
4910.62602234254  151.9915
4910.79968731397  152.0124
4910.97335228541  147.2474
4911.14701725684  100.6194
4911.32068222827  129.1646
4911.4943471997  141.2074
4911.66801217113  138.5243
4911.84167714256  141.2032
4912.015342114  135.8176
4912.18900708543  136.2658
4912.36267205686  151.9263
4912.53633702829  148.3525
4912.71000199972  145.7332
4912.88366697115  137.3848
4913.05733194259  134.2549
4913.23099691402  169.1387
4913.40466188545  140.2109
4913.57832685688  171.9148
4913.75199182831  149.2254
4913.92565679974  135.2062
4914.09932177118  108.0168
4914.27298674261  134.3622
4914.44665171404  138.9081
4914.62031668547  158.3102
4914.7939816569  190.9032
4914.96764662833  167.8708
4915.14131159976  163.7429
4915.3149765712  157.5146
4915.48864154263  137.9534
4915.66230651406  139.2055
4915.83597148549  87.15731
4916.00963645692  143.0419
4916.18330142835  106.2203
4916.35696639979  114.3932
4916.53063137122  110.9788
4916.70429634265  148.5534
4916.87796131408  157.5282
4917.05162628551  104.3677
4917.22529125694  117.5411
4917.39895622838  88.14922
4917.57262119981  147.1272
4917.74628617124  154.1528
4917.91995114267  130.682
4918.0936161141  127.7818
4918.26728108553  86.9929
4918.44094605697  95.69238
4918.6146110284  99.96352
4918.78827599983  89.28856
4918.96194097126  45.77944
4919.13560594269  50.0111
4919.30927091412  88.26201
4919.48293588556  103.6313
4919.65660085699  94.23406
4919.83026582842  93.76031
4920.00393079985  93.00754
4920.17759577128  95.29285
4920.35126074271  92.9174
4920.52492571414  104.1493
4920.69859068558  88.58624
4920.87225565701  74.26322
4921.04592062844  50.61154
4921.21958559987  62.84686
4921.3932505713  109.0238
4921.56691554273  89.89947
4921.74058051417  82.49603
4921.9142454856  125.9297
4922.08791045703  62.5746
4922.26157542846  61.29783
4922.43524039989  122.8852
4922.60890537132  88.85026
4922.78257034276  92.59517
4922.95623531419  93.56876
4923.12990028562  103.4601
4923.30356525705  91.04995
4923.47723022848  47.56483
4923.65089519991  76.80322
4923.82456017135  93.10645
4923.99822514278  90.91043
4924.17189011421  76.32787
4924.34555508564  112.0689
4924.51922005707  137.6159
4924.6928850285  122.5101
4924.86654999994  77.51869
4925.04021497137  79.74088
4925.2138799428  107.1163
4925.38754491423  46.75853
4925.56120988566  68.88684
4925.73487485709  77.1962
4925.90853982852  81.22504
4926.08220479996  104.4928
4926.25586977139  88.23029
4926.42953474282  121.691
4926.60319971425  83.13421
4926.77686468568  76.18744
4926.95052965711  93.80288
4927.12419462855  86.08501
4927.29785959998  81.10358
4927.47152457141  95.05853
4927.64518954284  80.18271
4927.81885451427  60.37312
4927.9925194857  100.7453
4928.16618445714  69.01026
4928.33984942857  55.2536
4928.5135144  78.88457
4928.68717937143  106.7932
4928.86084434286  114.3423
4929.03450931429  94.15935
4929.20817428572  89.17192
4929.38183925716  67.12891
4929.55550422859  91.57904
4929.72916920002  101.2272
4929.90283417145  65.40092
4930.07649914288  58.80754
4930.25016411431  90.14645
4930.42382908574  82.60634
4930.59749405718  79.76836
4930.77115902861  102.0514
4930.94482400004  92.04356
4931.11848897147  55.4065
4931.2921539429  73.35401
4931.46581891434  58.98726
4931.63948388577  79.29195
4931.8131488572  75.62624
4931.98681382863  73.82616
4932.16047880006  66.39872
4932.33414377149  70.65073
4932.50780874292  78.83006
4932.68147371436  57.43856
4932.85513868579  44.12546
4933.02880365722  75.36463
4933.20246862865  45.00305
4933.37613360008  79.43011
4933.54979857151  107.4747
4933.72346354294  99.42535
4933.89712851438  41.45531
4934.07079348581  27.39827
4934.24445845724  28.01704
4934.41812342867  83.37998
4934.5917884001  101.8753
4934.76545337154  51.7482
4934.93911834297  66.91808
4935.1127833144  76.55549
4935.28644828583  54.44113
4935.46011325726  65.73688
4935.63377822869  76.40994
4935.80744320013  57.6789
4935.98110817156  87.15056
4936.15477314299  93.18736
4936.32843811442  50.94325
4936.50210308585  35.70958
4936.67576805728  35.68359
4936.84943302871  48.64396
4937.02309800015  49.30533
4937.19676297158  31.92842
4937.37042794301  63.64357
4937.54409291444  45.43235
4937.71775788587  36.09312
4937.8914228573  48.12497
4938.06508782874  22.89086
4938.23875280017  43.6796
4938.4124177716  59.65163
4938.58608274303  58.91585
4938.75974771446  17.26505
4938.93341268589  47.64817
4939.10707765733  58.79587
4939.28074262876  58.77741
4939.45440760019  58.31808
4939.62807257162  35.70347
4939.80173754305  42.25837
4939.97540251448  58.6221
4940.14906748591  83.33512
4940.32273245735  49.51348
4940.49639742878  63.55352
4940.67006240021  53.20358
4940.84372737164  51.47663
4941.01739234307  41.24643
4941.19105731451  65.1537
4941.36472228594  32.93835
4941.53838725737  35.50348
4941.7120522288  27.5361
4941.88571720023  29.83403
4942.05938217166  44.089
4942.23304714309  55.71157
4942.40671211453  54.53482
4942.58037708596  62.61911
4942.75404205739  27.42719
4942.92770702882  29.29445
4943.10137200025  21.20441
4943.27503697168  60.02104
4943.44870194312  35.0831
4943.62236691455  3.436456
4943.79603188598  22.2501
4943.96969685741  40.2325
4944.14336182884  66.10117
4944.31702680027  14.7832
4944.49069177171  19.18444
4944.66435674314  28.34384
4944.83802171457  -7.42765
4945.011686686  44.66405
4945.18535165743  55.82785
4945.35901662886  17.95032
4945.5326816003  50.41223
4945.70634657173  11.12352
