4767.7947503357  37.0764
4767.9685095534  56.25751
4768.14226877109  62.93342
4768.31602798879  34.98924
4768.48978720649  39.73973
4768.66354642418  78.0905
4768.83730564188  48.98709
4769.01106485958  1.600038
4769.18482407727  10.80927
4769.35858329497  32.39108
4769.53234251267  45.89175
4769.70610173036  48.53097
4769.87986094806  28.23638
4770.05362016576  19.94423
4770.22737938345  30.49855
4770.40113860115  35.88332
4770.57489781885  36.35432
4770.74865703654  29.07354
4770.92241625424  43.24109
4771.09617547194  52.20706
4771.26993468963  33.2334
4771.44369390733  18.9157
4771.61745312503  65.61466
4771.79121234272  85.60682
4771.96497156042  18.20872
4772.13873077812  25.44766
4772.31248999581  -3.374881
4772.48624921351  12.45832
4772.6600084312  19.05863
4772.8337676489  25.35733
4773.0075268666  41.68391
4773.18128608429  36.52218
4773.35504530199  36.90415
4773.52880451969  44.22739
4773.70256373738  38.83139
4773.87632295508  33.31571
4774.05008217278  30.39625
4774.22384139047  44.55606
4774.39760060817  68.76616
4774.57135982587  45.22936
4774.74511904356  67.54882
4774.91887826126  86.20551
4775.09263747896  41.44446
4775.26639669665  27.13195
4775.44015591435  51.43041
4775.61391513205  61.44883
4775.78767434974  50.93013
4775.96143356744  52.89087
4776.13519278514  73.70237
4776.30895200283  78.34847
4776.48271122053  44.51547
4776.65647043823  39.99245
4776.83022965592  91.68761
4777.00398887362  80.61935
4777.17774809132  65.8386
4777.35150730901  53.14186
4777.52526652671  37.03972
4777.69902574441  27.4861
4777.8727849621  79.58295
4778.0465441798  42.85876
4778.2203033975  53.96113
4778.39406261519  90.11948
4778.56782183289  72.01958
4778.74158105059  67.17336
4778.91534026828  68.83313
4779.08909948598  68.92731
4779.26285870368  81.05324
4779.43661792137  77.5603
4779.61037713907  78.04034
4779.78413635677  49.39743
4779.95789557446  74.06395
4780.13165479216  63.79022
4780.30541400985  70.00713
4780.47917322755  68.85886
4780.65293244525  49.89559
4780.82669166294  56.07143
4781.00045088064  49.35433
4781.17421009834  40.37647
4781.34796931603  86.43559
4781.52172853373  110.1151
4781.69548775143  57.85442
4781.86924696912  33.76321
4782.04300618682  56.29053
4782.21676540452  58.94475
4782.39052462221  43.94862
4782.56428383991  72.32642
4782.73804305761  69.46645
4782.9118022753  34.1045
4783.085561493  43.70244
4783.2593207107  48.40202
4783.43307992839  44.62341
4783.60683914609  40.87965
4783.78059836379  45.41286
4783.95435758148  61.04609
4784.12811679918  57.82734
4784.30187601688  60.26595
4784.47563523457  64.54818
4784.64939445227  55.06324
4784.82315366997  80.4181
4784.99691288766  56.04261
4785.17067210536  72.47343
4785.34443132306  49.16476
4785.51819054075  78.87584
4785.69194975845  80.73672
4785.86570897615  77.49371
4786.03946819384  86.12878
4786.21322741154  90.08206
4786.38698662924  108.7795
4786.56074584693  97.98382
4786.73450506463  77.9295
4786.90826428233  88.51707
4787.08202350002  72.7149
4787.25578271772  92.5012
4787.42954193542  72.75764
4787.60330115311  99.26817
4787.77706037081  89.56249
4787.95081958851  66.39339
4788.1245788062  87.06556
4788.2983380239  111.8872
4788.4720972416  76.01131
4788.64585645929  73.28318
4788.81961567699  83.05043
4788.99337489469  84.9684
4789.16713411238  78.58018
4789.34089333008  64.94134
4789.51465254777  85.25879
4789.68841176547  108.0234
4789.86217098317  109.2459
4790.03593020086  84.24345
4790.20968941856  79.3415
4790.38344863626  64.5943
4790.55720785395  113.729
4790.73096707165  113.3756
4790.90472628935  75.70767
4791.07848550704  55.53545
4791.25224472474  74.11388
4791.42600394244  76.78092
4791.59976316013  106.1493
4791.77352237783  95.08138
4791.94728159553  46.41389
4792.12104081322  76.63976
4792.29480003092  107.8969
4792.46855924862  86.35353
4792.64231846631  92.97598
4792.81607768401  95.76489
4792.98983690171  84.71536
4793.1635961194  82.3701
4793.3373553371  68.59969
4793.5111145548  88.35925
4793.68487377249  80.31332
4793.85863299019  84.40148
4794.03239220789  82.93577
4794.20615142558  66.83459
4794.37991064328  75.96406
4794.55366986098  80.38372
4794.72742907867  87.41101
4794.90118829637  114.3421
4795.07494751407  114.721
4795.24870673176  114.022
4795.42246594946  125.0672
4795.59622516716  105.0605
4795.76998438485  110.6769
4795.94374360255  87.45086
4796.11750282025  92.05942
4796.29126203794  97.88965
4796.46502125564  94.05816
4796.63878047334  107.8565
4796.81253969103  111.3754
4796.98629890873  129.1904
4797.16005812643  98.62265
4797.33381734412  98.26214
4797.50757656182  123.7852
4797.68133577952  89.77683
4797.85509499721  83.5545
4798.02885421491  92.02364
4798.20261343261  64.31409
4798.3763726503  80.39334
4798.550131868  96.95925
4798.72389108569  129.424
4798.89765030339  153.9608
4799.07140952109  116.3543
4799.24516873878  135.8576
4799.41892795648  145.1012
4799.59268717418  105.6768
4799.76644639187  119.3746
4799.94020560957  97.35255
4800.11396482727  76.2627
4800.28772404496  76.32984
4800.46148326266  88.30019
4800.63524248036  101.2943
4800.80900169805  101.5111
4800.98276091575  116.3417
4801.15652013345  149.306
4801.33027935114  146.9428
4801.50403856884  116.5745
4801.67779778654  117.6278
4801.85155700423  127.0147
4802.02531622193  116.634
4802.19907543963  107.3674
4802.37283465732  77.30229
4802.54659387502  139.4886
4802.72035309272  101.5955
4802.89411231041  65.66306
4803.06787152811  88.46114
4803.24163074581  164.0784
4803.4153899635  158.8491
4803.5891491812  110.8816
4803.7629083989  91.16061
4803.93666761659  88.94491
4804.11042683429  127.3076
4804.28418605199  152.7916
4804.45794526968  136.1443
4804.63170448738  136.6566
4804.80546370508  131.95
4804.97922292277  130.8571
4805.15298214047  143.0884
4805.32674135817  119.6432
4805.50050057586  144.4819
4805.67425979356  150.1677
4805.84801901126  128.3643
4806.02177822895  89.90418
4806.19553744665  136.9634
4806.36929666434  158.6498
4806.54305588204  109.4562
4806.71681509974  90.24213
4806.89057431743  128.2769
4807.06433353513  157.3897
4807.23809275283  160.9044
4807.41185197052  131.5397
4807.58561118822  144.0299
4807.75937040592  142.8472
4807.93312962361  123.6893
4808.10688884131  133.3875
4808.28064805901  117.1581
4808.4544072767  124.3908
4808.6281664944  110.5962
4808.8019257121  148.0205
4808.97568492979  187.7771
4809.14944414749  152.0883
4809.32320336519  123.3752
4809.49696258288  109.6117
4809.67072180058  124.3444
4809.84448101828  113.3953
4810.01824023597  160.9482
4810.19199945367  146.9447
4810.36575867137  145.0302
4810.53951788906  154.5583
4810.71327710676  94.43441
4810.88703632446  97.17899
4811.06079554215  151.5102
4811.23455475985  137.4587
4811.40831397755  125.6136
4811.58207319524  128.8147
4811.75583241294  120.1984
4811.92959163064  161.865
4812.10335084833  169.5
4812.27711006603  116.2146
4812.45086928373  117.3957
4812.62462850142  109.5868
4812.79838771912  106.6641
4812.97214693682  187.2021
4813.14590615451  149.4773
4813.31966537221  114.0386
4813.49342458991  130.6915
4813.6671838076  196.3591
4813.8409430253  147.4276
4814.014702243  122.3399
4814.18846146069  127.5729
4814.36222067839  151.9612
4814.53597989609  144.6408
4814.70973911378  164.4166
4814.88349833148  156.913
4815.05725754918  146.3883
4815.23101676687  189.4222
4815.40477598457  184.7682
4815.57853520227  147.881
4815.75229441996  159.7658
4815.92605363766  175.956
4816.09981285535  166.6486
4816.27357207305  130.6115
4816.44733129075  117.6729
4816.62109050844  178.1798
4816.79484972614  157.3787
4816.96860894384  160.9309
4817.14236816153  164.0339
4817.31612737923  137.5939
4817.48988659693  153.2407
4817.66364581462  161.8051
4817.83740503232  151.6418
4818.01116425002  153.6271
4818.18492346771  167.3107
4818.35868268541  145.5642
4818.53244190311  160.2254
4818.7062011208  163.8362
4818.8799603385  165.4957
4819.0537195562  165.4565
4819.22747877389  154.6295
4819.40123799159  166.745
4819.57499720929  161.9774
4819.74875642698  160.9458
4819.92251564468  154.97
4820.09627486238  141.2503
4820.27003408007  162.6976
4820.44379329777  170.4211
4820.61755251547  205.9561
4820.79131173316  158.9811
4820.96507095086  157.0478
4821.13883016856  180.3747
4821.31258938625  179.771
4821.48634860395  167.4909
4821.66010782165  208.232
4821.83386703934  188.5491
4822.00762625704  173.7156
4822.18138547474  149.7026
4822.35514469243  158.0477
4822.52890391013  163.0972
4822.70266312783  167.1391
4822.87642234552  170.7368
4823.05018156322  172.397
4823.22394078092  203.406
4823.39769999861  210.9338
4823.57145921631  166.1276
4823.74521843401  160.6475
4823.9189776517  204.1143
4824.0927368694  202.8763
4824.2664960871  185.2447
4824.44025530479  190.4868
4824.61401452249  179.4963
4824.78777374019  192.1667
4824.96153295788  202.7721
4825.13529217558  201.7461
4825.30905139327  236.2409
4825.48281061097  171.7394
4825.65656982867  132.9602
4825.83032904636  162.8505
4826.00408826406  196.322
4826.17784748176  189.2869
4826.35160669945  169.7688
4826.52536591715  182.6229
4826.69912513485  220.1424
4826.87288435254  181.9875
4827.04664357024  171.3617
4827.22040278794  183.6045
4827.39416200563  168.7494
4827.56792122333  164.9807
4827.74168044103  189.6676
4827.91543965872  210.2991
4828.08919887642  201.3777
4828.26295809412  187.2868
4828.43671731181  147.4772
4828.61047652951  135.2629
4828.78423574721  157.961
4828.9579949649  190.5582
4829.1317541826  184.8552
4829.3055134003  173.84
4829.47927261799  209.7895
4829.65303183569  204.4623
4829.82679105339  173.3532
4830.00055027108  198.3741
4830.17430948878  196.2295
4830.34806870648  195.3352
4830.52182792417  224.8792
4830.69558714187  200.5656
4830.86934635956  200.0416
4831.04310557726  162.4803
4831.21686479496  192.3691
4831.39062401265  158.3882
4831.56438323035  200.5929
4831.73814244805  200.1964
4831.91190166575  203.196
4832.08566088344  201.329
4832.25942010114  197.193
4832.43317931884  169.354
4832.60693853653  159.1515
4832.78069775423  165.8387
4832.95445697192  195.3559
4833.12821618962  177.7352
4833.30197540732  180.1449
4833.47573462501  174.7384
4833.64949384271  186.0676
4833.82325306041  238.4169
4833.9970122781  233.7729
4834.1707714958  213.305
4834.3445307135  177.6375
4834.51828993119  165.9571
4834.69204914889  185.9126
4834.86580836659  226.8278
4835.03956758428  237.5432
4835.21332680198  213.7711
4835.38708601968  211.4194
4835.56084523737  228.1526
4835.73460445507  220.3781
4835.90836367277  208.2986
4836.08212289046  223.2908
4836.25588210816  224.8978
4836.42964132586  210.4244
4836.60340054355  184.3216
4836.77715976125  181.0734
4836.95091897895  232.5222
4837.12467819664  241.8079
4837.29843741434  242.2844
4837.47219663204  246.2366
4837.64595584973  213.5977
4837.81971506743  206.9423
4837.99347428513  187.1617
4838.16723350282  236.463
4838.34099272052  239.9517
4838.51475193822  187.31
4838.68851115591  211.0513
4838.86227037361  222.8045
4839.03602959131  214.5013
4839.209788809  256.1059
4839.3835480267  234.2353
4839.5573072444  250.1973
4839.73106646209  220.4898
4839.90482567979  206.996
4840.07858489749  230.6301
4840.25234411518  224.0338
4840.42610333288  246.015
4840.59986255058  185.5086
4840.77362176827  231.1705
4840.94738098597  235.7703
4841.12114020366  237.6633
4841.29489942136  256.7514
4841.46865863906  268.8639
4841.64241785675  221.5059
4841.81617707445  201.2093
4841.98993629215  237.1936
4842.16369550984  281.6577
4842.33745472754  277.0845
4842.51121394524  256.4343
4842.68497316293  221.0858
4842.85873238063  222.0763
4843.03249159833  236.9479
4843.20625081602  200.1853
4843.38001003372  193.6618
4843.55376925142  218.2101
4843.72752846911  270.668
4843.90128768681  314.6747
4844.07504690451  298.6911
4844.2488061222  293.2904
4844.4225653399  255.4736
4844.5963245576  206.5292
4844.77008377529  235.3803
4844.94384299299  255.6803
4845.11760221069  271.5946
4845.29136142838  288.7264
4845.46512064608  250.3077
4845.63887986378  265.9224
4845.81263908147  294.0885
4845.98639829917  285.1959
4846.16015751687  271.894
4846.33391673456  277.571
4846.50767595226  266.1846
4846.68143516996  314.9767
4846.85519438765  311.838
4847.02895360535  281.5226
4847.20271282305  258.4088
4847.37647204074  237.3235
4847.55023125844  262.7628
4847.72399047614  269.0117
4847.89774969383  264.8017
4848.07150891153  253.1655
4848.24526812923  282.0073
4848.41902734692  283.9002
4848.59278656462  291.4267
4848.76654578232  270.0198
4848.94030500001  304.5481
4849.11406421771  318.9795
4849.28782343541  265.1789
4849.4615826531  301.9128
4849.6353418708  331.1653
4849.8091010885  319.4424
4849.98286030619  325.7802
4850.15661952389  348.5437
4850.33037874159  295.2814
4850.50413795928  329.3832
4850.67789717698  327.5944
4850.85165639468  338.2812
4851.02541561237  307.2489
4851.19917483007  351.3134
4851.37293404777  300.4248
4851.54669326546  284.8874
4851.72045248316  321.3576
4851.89421170085  347.5519
4852.06797091855  383.4452
4852.24173013625  397.339
4852.41548935394  370.8198
4852.58924857164  361.544
4852.76300778934  377.0533
4852.93676700703  342.5275
4853.11052622473  340.5182
4853.28428544243  378.5499
4853.45804466012  391.6332
4853.63180387782  426.9683
4853.80556309552  380.7473
4853.97932231321  381.7399
4854.15308153091  372.4409
4854.32684074861  354.1849
4854.5005999663  386.3802
4854.674359184  345.5783
4854.8481184017  365.2126
4855.02187761939  379.6711
4855.19563683709  351.8227
4855.36939605479  338.4458
4855.54315527248  374.0698
4855.71691449018  347.2475
4855.89067370788  340.9815
4856.06443292557  336.0727
4856.23819214327  342.7315
4856.41195136097  357.246
4856.58571057866  324.8032
4856.75946979636  326.3625
4856.93322901406  357.2196
4857.10698823175  342.9505
4857.28074744945  325.6426
4857.45450666715  282.7619
4857.62826588484  268.1714
4857.80202510254  369.6862
4857.97578432024  368.9165
4858.14954353793  312.5435
4858.32330275563  336.2405
4858.49706197332  313.2102
4858.67082119102  261.8773
4858.84458040872  306.2299
4859.01833962641  291.6603
4859.19209884411  271.5698
4859.36585806181  276.8916
4859.5396172795  289.3888
4859.7133764972  289.8036
4859.8871357149  256.842
4860.06089493259  291.6521
4860.23465415029  288.2113
4860.40841336799  297.5478
4860.58217258568  329.6248
4860.75593180338  333.7631
4860.92969102108  306.3748
4861.10345023877  279.4233
4861.27720945647  313.6543
4861.45096867417  341.7428
4861.62472789186  335.3137
4861.79848710956  284.6152
4861.97224632726  280.0098
4862.14600554495  320.0705
4862.31976476265  322.6479
4862.49352398035  294.4523
4862.66728319804  292.7373
4862.84104241574  315.0656
4863.01480163344  317.2186
4863.18856085113  311.888
4863.36232006883  333.7773
4863.53607928653  294.9714
4863.70983850422  261.5107
4863.88359772192  305.0315
4864.05735693962  282.0422
4864.23111615731  272.2135
4864.40487537501  310.2281
4864.57863459271  284.1165
4864.7523938104  270.8097
4864.9261530281  274.8638
4865.0999122458  235.6514
4865.27367146349  276.0565
4865.44743068119  292.238
4865.62118989889  268.6404
4865.79494911658  275.3491
4865.96870833428  283.7038
4866.14246755198  282.9969
4866.31622676967  276.6297
4866.48998598737  275.6872
4866.66374520507  266.8226
4866.83750442276  270.9785
4867.01126364046  293.4061
4867.18502285816  326.7196
4867.35878207585  295.8188
4867.53254129355  269.6443
4867.70630051125  305.1271
4867.88005972894  293.3596
4868.05381894664  285.5817
4868.22757816434  297.4767
4868.40133738203  307.4334
4868.57509659973  292.2637
4868.74885581742  265.048
4868.92261503512  281.8793
4869.09637425282  298.7753
4869.27013347051  264.89
4869.44389268821  257.6693
4869.61765190591  263.783
4869.7914111236  297.6026
4869.9651703413  283.3258
4870.138929559  283.1548
4870.31268877669  295.8228
4870.48644799439  246.6505
4870.66020721209  261.83
4870.83396642978  250.1776
4871.00772564748  273.7853
4871.18148486518  245.3542
4871.35524408287  243.042
4871.52900330057  263.1287
4871.70276251827  287.0055
4871.87652173596  255.9247
4872.05028095366  257.4736
4872.22404017136  263.5448
4872.39779938905  239.9367
4872.57155860675  233.953
4872.74531782445  286.9829
4872.91907704214  272.1047
4873.09283625984  254.998
4873.26659547754  279.7863
4873.44035469523  184.3969
4873.61411391293  156.0787
4873.78787313063  232.9126
4873.96163234832  266.2041
4874.13539156602  265.2135
4874.30915078372  255.3183
4874.48291000141  229.6302
4874.65666921911  226.5551
4874.83042843681  217.0586
4875.0041876545  228.6597
4875.1779468722  235.6269
4875.3517060899  202.7284
4875.52546530759  252.0987
4875.69922452529  229.3955
4875.87298374298  223.9318
4876.04674296068  261.3975
4876.22050217838  237.6606
4876.39426139607  258.9416
4876.56802061377  242.1389
4876.74177983147  178.8037
4876.91553904917  231.2357
4877.08929826686  251.1124
4877.26305748456  264.8401
4877.43681670226  253.6129
4877.61057591995  263.0908
4877.78433513765  277.846
4877.95809435534  262.1114
4878.13185357304  261.3878
4878.30561279074  252.4616
4878.47937200843  263.7327
4878.65313122613  253.4736
4878.82689044383  247.1819
4879.00064966152  251.8826
4879.17440887922  238.4061
4879.34816809692  201.7348
4879.52192731462  210.1119
4879.69568653231  224.9001
4879.86944575001  219.2717
4880.0432049677  270.77
4880.2169641854  275.683
4880.3907234031  238.8465
4880.56448262079  217.3326
4880.73824183849  198.6227
4880.91200105619  253.5885
4881.08576027388  239.7164
4881.25951949158  242.247
4881.43327870928  243.1387
4881.60703792697  240.6865
4881.78079714467  279.8763
4881.95455636237  259.742
4882.12831558006  239.5693
4882.30207479776  238.0872
4882.47583401546  245.8446
4882.64959323315  251.6566
4882.82335245085  242.0884
4882.99711166855  200.9031
4883.17087088624  204.021
4883.34463010394  227.6022
4883.51838932163  276.9051
4883.69214853933  248.1065
4883.86590775703  209.6603
4884.03966697472  214.1849
4884.21342619242  255.5694
4884.38718541012  259.4759
4884.56094462781  239.1529
4884.73470384551  212.2409
4884.90846306321  220.0374
4885.0822222809  251.2164
4885.2559814986  216.4948
4885.4297407163  201.805
4885.60349993399  244.3038
4885.77725915169  253.856
4885.95101836939  219.059
4886.12477758708  144.3375
4886.29853680478  191.7671
4886.47229602248  255.0376
4886.64605524017  207.7601
4886.81981445787  216.0492
4886.99357367557  203.7231
4887.16733289326  198.7348
4887.34109211096  253.7775
4887.51485132866  232.8652
4887.68861054635  216.3496
4887.86236976405  215.7399
4888.03612898175  198.9209
4888.20988819944  231.746
4888.38364741714  237.6304
4888.55740663484  206.498
4888.73116585253  211.1887
4888.90492507023  215.4035
4889.07868428793  225.5792
4889.25244350562  242.6712
4889.42620272332  224.8193
4889.59996194102  230.5585
4889.77372115871  194.4992
4889.94748037641  211.2099
4890.12123959411  230.059
4890.2949988118  217.7302
4890.4687580295  214.1636
4890.6425172472  232.3581
4890.81627646489  220.11
4890.99003568259  229.0581
4891.16379490029  224.4844
4891.33755411798  200.5529
4891.51131333568  185.4923
4891.68507255338  198.9646
4891.85883177107  183.5064
4892.03259098877  177.4876
4892.20635020647  216.1007
4892.38010942416  187.4409
4892.55386864186  175.0465
4892.72762785956  192.2779
4892.90138707725  237.8637
4893.07514629495  219.4499
4893.24890551264  201.6776
4893.42266473034  154.216
4893.59642394804  142.4349
4893.77018316573  186.3384
4893.94394238343  227.2115
4894.11770160113  217.5872
4894.29146081882  202.2212
4894.46522003652  205.967
4894.63897925422  223.7603
4894.81273847191  216.8435
4894.98649768961  190.3136
4895.16025690731  202.5071
4895.334016125  230.9028
4895.5077753427  189.5308
4895.6815345604  174.8647
4895.85529377809  183.2957
4896.02905299579  190.5008
4896.20281221349  216.4536
4896.37657143118  233.6307
4896.55033064888  231.676
4896.72408986658  174.5412
4896.89784908427  200.7954
4897.07160830197  222.0011
4897.24536751967  168.1751
4897.41912673736  229.6073
4897.59288595506  206.2383
4897.76664517276  195.3026
4897.94040439045  203.1207
4898.11416360815  179.9042
4898.28792282585  193.9681
4898.46168204354  221.133
4898.63544126124  179.193
4898.80920047894  201.5796
4898.98295969663  219.9966
4899.15671891433  195.6933
4899.33047813203  178.0863
4899.50423734972  206.118
4899.67799656742  195.3045
4899.85175578512  192.3345
4900.02551500281  227.0078
4900.19927422051  189.4981
4900.37303343821  190.3052
4900.5467926559  213.4591
4900.7205518736  216.662
4900.8943110913  216.6542
4901.06807030899  197.3076
4901.24182952669  195.3064
4901.41558874439  212.7449
4901.58934796208  195.2504
4901.76310717978  196.3284
4901.93686639748  184.9691
4902.11062561517  175.8833
4902.28438483287  180.845
4902.45814405057  161.2995
4902.63190326826  187.5933
4902.80566248596  182.4361
4902.97942170366  159.8219
4903.15318092135  215.5354
4903.32694013905  211.5336
4903.50069935675  197.2357
4903.67445857444  206.4324
4903.84821779214  196.2055
4904.02197700983  209.0287
4904.19573622753  181.412
4904.36949544523  165.4841
4904.54325466292  181.1868
4904.71701388062  151.4717
4904.89077309832  142.9631
4905.06453231601  163.051
4905.23829153371  187.0854
4905.41205075141  191.61
4905.5858099691  200.5904
4905.7595691868  153.4124
4905.9333284045  151.527
4906.10708762219  196.7186
4906.28084683989  168.4639
4906.45460605759  176.8909
4906.62836527528  173.3085
4906.80212449298  161.6044
4906.97588371068  204.3855
4907.14964292837  186.855
4907.32340214607  177.3522
4907.49716136377  166.3911
4907.67092058146  162.3651
4907.84467979916  193.018
4908.01843901686  165.2792
4908.19219823455  200.1483
4908.36595745225  166.4548
4908.53971666995  174.7203
4908.71347588764  153.5957
4908.88723510534  168.4648
4909.06099432304  184.6766
4909.23475354073  192.2784
4909.40851275843  133.1667
4909.58227197613  176.6281
4909.75603119382  178.9652
4909.92979041152  184.7775
4910.10354962921  195.2299
4910.27730884691  189.0192
4910.45106806461  161.4892
4910.6248272823  150.6218
4910.7985865  150.2603
4910.9723457177  182.7899
4911.14610493539  195.3848
4911.31986415309  130.4833
4911.49362337079  146.1232
4911.66738258848  170.0695
4911.84114180618  151.714
4912.01490102388  163.453
4912.18866024157  164.4992
4912.36241945927  166.1252
4912.53617867697  141.528
4912.70993789466  172.0493
4912.88369711236  168.2771
4913.05745633006  184.194
4913.23121554775  167.6581
4913.40497476545  168.3259
4913.57873398315  199.146
4913.75249320084  174.4582
4913.92625241854  135.2234
4914.10001163624  173.9098
4914.27377085393  142.4636
4914.44753007163  145.3296
4914.62128928933  154.5151
4914.79504850702  125.7345
4914.96880772472  130.3895
4915.14256694242  149.725
4915.31632616011  178.4515
4915.49008537781  131.8771
4915.66384459551  114.0429
4915.8376038132  127.1883
4916.0113630309  131.5144
4916.1851222486  125.0204
4916.35888146629  137.8965
4916.53264068399  172.004
4916.70639990169  137.6274
4916.88015911938  138.3341
4917.05391833708  130.764
4917.22767755478  154.8916
4917.40143677247  140.8586
4917.57519599017  131.5638
4917.74895520787  139.6051
4917.92271442556  152.4277
4918.09647364326  108.5595
4918.27023286096  118.9299
4918.44399207865  108.7484
4918.61775129635  136.6856
4918.79151051405  113.3099
4918.96526973174  107.1375
4919.13902894944  81.21782
4919.31278816714  94.74828
4919.48654738483  116.084
4919.66030660253  123.7511
4919.83406582022  127.227
4920.00782503792  125.8252
4920.18158425562  91.93142
4920.35534347331  123.7202
4920.52910269101  108.9925
4920.70286190871  145.5506
4920.87662112641  109.3462
4921.0503803441  65.49687
4921.2241395618  81.0452
4921.39789877949  123.5045
4921.57165799719  155.4532
4921.74541721489  155.3493
4921.91917643258  123.8182
4922.09293565028  86.40756
4922.26669486798  84.0479
4922.44045408567  85.83848
4922.61421330337  88.17118
4922.78797252107  96.94434
4922.96173173876  132.2418
4923.13549095646  111.4525
4923.30925017416  122.9707
4923.48300939185  110.2623
4923.65676860955  119.9004
4923.83052782725  120.2649
4924.00428704494  105.6509
4924.17804626264  104.3886
4924.35180548034  124.9802
4924.52556469803  97.06507
4924.69932391573  86.67506
4924.87308313343  120.904
4925.04684235112  108.2118
4925.22060156882  85.93146
4925.39436078652  99.35424
4925.56812000421  108.5634
4925.74187922191  103.0449
4925.91563843961  131.936
4926.0893976573  102.8068
4926.263156875  103.4293
4926.4369160927  113.383
4926.61067531039  85.71815
4926.78443452809  153.8983
4926.95819374578  118.7702
4927.13195296348  96.30882
4927.30571218118  104.2282
4927.47947139888  81.76978
4927.65323061657  79.41571
4927.82698983427  85.18721
4928.00074905197  112.3825
4928.17450826966  102.7793
4928.34826748736  74.00238
4928.52202670506  86.92933
4928.69578592275  77.42528
4928.86954514045  114.806
4929.04330435814  96.38237
4929.21706357584  95.82422
4929.39082279354  86.50055
4929.56458201123  109.4154
4929.73834122893  101.2001
4929.91210044663  58.23429
4930.08585966432  78.80175
4930.25961888202  86.34982
4930.43337809972  96.45374
4930.60713731741  74.64457
4930.78089653511  57.04369
4930.95465575281  65.91125
4931.1284149705  92.81139
4931.3021741882  97.29839
4931.4759334059  78.1947
4931.64969262359  42.37455
4931.82345184129  91.60607
4931.99721105899  89.14501
4932.17097027668  64.43861
4932.34472949438  80.21341
4932.51848871208  70.06879
4932.69224792977  122.9999
4932.86600714747  68.74991
4933.03976636517  46.97103
4933.21352558286  74.33493
4933.38728480056  64.86639
4933.56104401826  82.4265
4933.73480323595  100.5882
4933.90856245365  70.3931
4934.08232167135  77.95791
4934.25608088904  60.59919
4934.42984010674  90.45235
4934.60359932444  70.45876
4934.77735854213  60.24232
4934.95111775983  63.81343
4935.12487697753  60.31806
4935.29863619522  87.5611
4935.47239541292  68.81203
4935.64615463062  103.1423
4935.81991384831  74.14666
4935.99367306601  84.35322
4936.16743228371  83.0986
4936.3411915014  51.3356
4936.5149507191  34.05885
4936.6887099368  44.17912
4936.86246915449  69.06021
4937.03622837219  48.5698
4937.20998758988  65.09617
4937.38374680758  69.75131
4937.55750602528  55.6689
4937.73126524298  58.59616
4937.90502446067  58.60257
4938.07878367837  27.4799
4938.25254289606  65.63628
4938.42630211376  72.4781
4938.60006133146  74.09786
4938.77382054915  42.60826
4938.94757976685  47.93363
4939.12133898455  55.70525
4939.29509820224  67.9302
4939.46885741994  73.09565
4939.64261663764  37.68664
4939.81637585533  49.84344
4939.99013507303  19.24341
4940.16389429073  37.77956
4940.33765350842  50.96905
4940.51141272612  47.2328
4940.68517194382  57.881
4940.85893116151  60.11188
4941.03269037921  37.49367
4941.20644959691  45.48465
4941.3802088146  59.26508
4941.5539680323  37.17236
4941.72772725  38.76609
4941.90148646769  64.18251
4942.07524568539  49.98511
4942.24900490309  39.26747
4942.42276412078  50.47673
4942.59652333848  33.01978
4942.77028255618  38.61797
4942.94404177387  54.3386
4943.11780099157  33.87829
4943.29156020927  34.84459
4943.46531942696  10.75295
4943.63907864466  19.85284
4943.81283786236  10.41034
4943.98659708005  -15.92048
4944.16035629775  -4.209891
4944.33411551545  22.79152
4944.50787473314  51.62579
4944.68163395084  25.59704
4944.85539316854  6.831182
4945.02915238623  31.53117
4945.20291160393  37.97402
4945.37667082163  30.46727
4945.55043003932  27.29811
