4767.8696887295  -12.33828
4768.04340065486  20.67551
4768.21711258022  25.77706
4768.39082450558  37.06264
4768.56453643094  22.42886
4768.7382483563  30.45785
4768.91196028166  16.31281
4769.08567220702  6.861988
4769.25938413238  23.68859
4769.43309605774  13.9702
4769.60680798309  5.646063
4769.78051990845  10.71608
4769.95423183381  23.35726
4770.12794375917  24.66315
4770.30165568453  29.94943
4770.47536760989  8.265742
4770.64907953525  16.35511
4770.82279146061  24.15484
4770.99650338597  37.38573
4771.17021531133  16.62531
4771.34392723669  -8.004812
4771.51763916205  -5.877578
4771.69135108741  13.95044
4771.86506301277  40.03536
4772.03877493813  19.8501
4772.21248686349  -0.1269492
4772.38619878885  24.17831
4772.55991071421  32.14888
4772.73362263957  43.06092
4772.90733456492  18.68792
4773.08104649028  25.18191
4773.25475841564  39.46889
4773.428470341  16.30079
4773.60218226636  35.06866
4773.77589419172  54.27188
4773.94960611708  43.46798
4774.12331804244  56.81162
4774.2970299678  49.07098
4774.47074189316  26.76042
4774.64445381852  16.33964
4774.81816574388  -6.513508
4774.99187766924  -1.493085
4775.1655895946  2.608989
4775.33930151996  17.34271
4775.51301344532  37.53593
4775.68672537068  37.87045
4775.86043729604  36.80638
4776.03414922139  39.55785
4776.20786114675  20.4382
4776.38157307211  11.34019
4776.55528499747  20.49275
4776.72899692283  20.89215
4776.90270884819  36.80127
4777.07642077355  33.53204
4777.25013269891  55.00812
4777.42384462427  52.2386
4777.59755654963  42.92901
4777.77126847499  32.26727
4777.94498040035  42.96099
4778.11869232571  51.05923
4778.29240425107  44.2049
4778.46611617643  29.44105
4778.63982810179  45.36621
4778.81354002715  55.81039
4778.98725195251  5.091466
4779.16096387786  -13.69796
4779.33467580322  32.10508
4779.50838772858  35.01662
4779.68209965394  36.80926
4779.8558115793  37.71368
4780.02952350466  41.59507
4780.20323543002  37.84256
4780.37694735538  22.48643
4780.55065928074  38.62177
4780.7243712061  57.8097
4780.89808313146  57.49062
4781.07179505682  54.94033
4781.24550698218  53.00293
4781.41921890754  14.9477
4781.5929308329  -5.827454
4781.76664275826  28.61985
4781.94035468362  25.35233
4782.11406660898  51.11774
4782.28777853433  24.61274
4782.46149045969  12.48285
4782.63520238505  29.66562
4782.80891431041  42.50142
4782.98262623577  43.24932
4783.15633816113  25.23914
4783.33005008649  25.33745
4783.50376201185  26.74814
4783.67747393721  30.17735
4783.85118586257  44.11106
4784.02489778793  35.45607
4784.19860971329  16.99746
4784.37232163865  17.78965
4784.54603356401  11.50073
4784.71974548937  8.268785
4784.89345741473  32.11241
4785.06716934009  32.72059
4785.24088126545  43.87476
4785.41459319081  31.0411
4785.58830511617  23.37057
4785.76201704152  34.0521
4785.93572896688  44.57495
4786.10944089224  29.92754
4786.2831528176  36.73975
4786.45686474296  51.32078
4786.63057666832  27.64449
4786.80428859368  24.09758
4786.97800051904  44.87383
4787.1517124444  34.78332
4787.32542436976  46.30463
4787.49913629512  55.83023
4787.67284822048  33.63302
4787.84656014584  44.32232
4788.0202720712  38.19389
4788.19398399656  48.49023
4788.36769592192  23.76343
4788.54140784728  6.500015
4788.71511977264  7.079823
4788.88883169799  16.00795
4789.06254362335  43.02023
4789.23625554871  53.03178
4789.40996747407  47.14057
4789.58367939943  48.75719
4789.75739132479  46.41792
4789.93110325015  52.32689
4790.10481517551  55.18359
4790.27852710087  70.75526
4790.45223902623  41.5886
4790.62595095159  60.62129
4790.79966287695  57.74807
4790.97337480231  38.79766
4791.14708672767  26.59106
4791.32079865303  15.28286
4791.49451057839  16.89559
4791.66822250375  23.02058
4791.84193442911  36.64865
4792.01564635446  39.36644
4792.18935827982  36.63455
4792.36307020518  55.28437
4792.53678213054  56.55973
4792.7104940559  45.27731
4792.88420598126  56.17627
4793.05791790662  49.45764
4793.23162983198  56.6432
4793.40534175734  46.85992
4793.5790536827  33.86752
4793.75276560806  54.7026
4793.92647753342  65.18975
4794.10018945878  58.07776
4794.27390138414  57.94604
4794.4476133095  30.78425
4794.62132523486  33.43285
4794.79503716022  54.69172
4794.96874908558  60.32739
4795.14246101094  42.53357
4795.31617293629  30.46254
4795.48988486165  58.23305
4795.66359678701  54.06077
4795.83730871237  44.22977
4796.01102063773  40.23125
4796.18473256309  66.49933
4796.35844448845  38.80056
4796.53215641381  33.33458
4796.70586833917  65.84764
4796.87958026453  46.68731
4797.05329218989  58.55569
4797.22700411525  75.82274
4797.40071604061  64.311
4797.57442796597  52.21861
4797.74813989133  20.14442
4797.92185181669  10.27121
4798.09556374205  17.24886
4798.26927566741  19.69635
4798.44298759277  44.34981
4798.61669951813  37.48668
4798.79041144348  35.09924
4798.96412336884  50.27508
4799.1378352942  32.79454
4799.31154721956  57.23011
4799.48525914492  39.41638
4799.65897107028  62.38491
4799.83268299564  40.60352
4800.006394921  31.93237
4800.18010684636  35.86949
4800.35381877172  43.75092
4800.52753069708  62.93422
4800.70124262244  29.70007
4800.8749545478  38.91853
4801.04866647316  64.39754
4801.22237839852  38.66241
4801.39609032388  45.33526
4801.56980224923  66.04286
4801.74351417459  56.76858
4801.91722609995  60.58906
4802.09093802531  71.90123
4802.26464995067  68.05434
4802.43836187603  65.6123
4802.61207380139  29.78016
4802.78578572675  43.29324
4802.95949765211  39.53725
4803.13320957747  49.00695
4803.30692150283  56.08113
4803.48063342819  55.72611
4803.65434535355  74.53999
4803.82805727891  73.8877
4804.00176920427  59.60848
4804.17548112963  31.90515
4804.34919305499  46.33783
4804.52290498035  54.23516
4804.69661690571  40.06497
4804.87032883106  63.51507
4805.04404075642  56.48535
4805.21775268178  54.46745
4805.39146460714  70.35701
4805.5651765325  74.20547
4805.73888845786  46.46389
4805.91260038322  51.71181
4806.08631230858  80.74718
4806.26002423394  56.17328
4806.4337361593  49.23891
4806.60744808466  56.94159
4806.78116001002  34.79202
4806.95487193538  30.30759
4807.12858386074  70.16569
4807.3022957861  63.50251
4807.47600771146  48.10932
4807.64971963682  63.54113
4807.82343156218  57.83529
4807.99714348754  63.74796
4808.17085541289  60.41254
4808.34456733825  54.78022
4808.51827926361  99.54572
4808.69199118897  97.6105
4808.86570311433  85.18915
4809.03941503969  73.24785
4809.21312696505  73.98517
4809.38683889041  60.81961
4809.56055081577  65.59876
4809.73426274113  69.91019
4809.90797466649  100.8063
4810.08168659185  88.99147
4810.25539851721  116.4439
4810.42911044257  80.03543
4810.60282236793  57.42182
4810.77653429329  66.23502
4810.95024621865  83.35883
4811.12395814401  54.1303
4811.29767006936  73.97554
4811.47138199472  90.33671
4811.64509392008  74.95414
4811.81880584544  73.03057
4811.9925177708  59.74189
4812.16622969616  76.87418
4812.33994162152  95.55899
4812.51365354688  92.02056
4812.68736547224  58.8648
4812.8610773976  83.63639
4813.03478932296  73.53263
4813.20850124832  48.03833
4813.38221317368  69.0215
4813.55592509904  60.38581
4813.7296370244  60.75887
4813.90334894976  64.48253
4814.07706087512  70.88804
4814.25077280048  76.50507
4814.42448472584  75.04736
4814.59819665119  57.49009
4814.77190857655  59.43006
4814.94562050191  70.36535
4815.11933242727  73.75884
4815.29304435263  83.64799
4815.46675627799  96.85818
4815.64046820335  94.75516
4815.81418012871  81.38715
4815.98789205407  72.00857
4816.16160397943  70.56194
4816.33531590479  89.84135
4816.50902783015  98.96725
4816.68273975551  68.22346
4816.85645168087  59.63755
4817.03016360623  45.79153
4817.20387553159  71.89794
4817.37758745695  113.7149
4817.55129938231  102.2598
4817.72501130767  80.15532
4817.89872323302  98.18817
4818.07243515838  81.29154
4818.24614708374  83.72828
4818.4198590091  66.35276
4818.59357093446  96.6872
4818.76728285982  116.9135
4818.94099478518  88.58662
4819.11470671054  66.80724
4819.2884186359  88.19006
4819.46213056126  90.31599
4819.63584248662  82.27028
4819.80955441198  72.2736
4819.98326633734  53.82933
4820.1569782627  67.11005
4820.33069018806  76.37299
4820.50440211342  73.91227
4820.67811403878  77.61946
4820.85182596414  52.78341
4821.02553788949  42.5929
4821.19924981485  74.87217
4821.37296174021  68.50796
4821.54667366557  86.26261
4821.72038559093  124.837
4821.89409751629  119.2738
4822.06780944165  70.45182
4822.24152136701  83.27575
4822.41523329237  94.50402
4822.58894521773  57.57985
4822.76265714309  53.24819
4822.93636906845  84.53393
4823.11008099381  117.3435
4823.28379291917  84.06635
4823.45750484453  58.81994
4823.63121676989  97.19211
4823.80492869525  113.9516
4823.97864062061  106.7378
4824.15235254596  102.9956
4824.32606447132  78.56329
4824.49977639668  67.19625
4824.67348832204  72.17095
4824.8472002474  69.41551
4825.02091217276  86.44682
4825.19462409812  93.23516
4825.36833602348  72.61701
4825.54204794884  75.67258
4825.7157598742  94.238
4825.88947179956  110.4715
4826.06318372492  124.3336
4826.23689565028  91.84084
4826.41060757564  93.05748
4826.584319501  105.837
4826.75803142636  105.1674
4826.93174335172  113.354
4827.10545527708  107.6532
4827.27916720244  70.94275
4827.45287912779  82.63525
4827.62659105316  105.0741
4827.80030297851  100.7659
4827.97401490387  71.22422
4828.14772682923  94.62357
4828.32143875459  114.1912
4828.49515067995  118.9123
4828.66886260531  83.06393
4828.84257453067  76.42256
4829.01628645603  81.86761
4829.18999838139  111.2311
4829.36371030675  118.722
4829.53742223211  98.41
4829.71113415747  83.82683
4829.88484608283  79.16753
4830.05855800819  107.59
4830.23226993355  106.919
4830.40598185891  92.13572
4830.57969378426  103.8562
4830.75340570962  99.25839
4830.92711763498  102.8113
4831.10082956034  117.2627
4831.2745414857  113.4919
4831.44825341106  89.64554
4831.62196533642  107.8037
4831.79567726178  84.22205
4831.96938918714  86.56346
4832.1431011125  101.9379
4832.31681303786  99.20934
4832.49052496322  87.77349
4832.66423688858  102.0451
4832.83794881394  117.245
4833.0116607393  118.0701
4833.18537266466  113.7402
4833.35908459002  90.72398
4833.53279651538  69.99723
4833.70650844073  88.51071
4833.88022036609  111.0234
4834.05393229146  94.04738
4834.22764421681  120.6937
4834.40135614217  95.87955
4834.57506806753  100.9876
4834.74877999289  92.14496
4834.92249191825  99.76043
4835.09620384361  100.9825
4835.26991576897  98.81223
4835.44362769433  110.0568
4835.61733961969  119.9744
4835.79105154505  114.3189
4835.96476347041  124.6961
4836.13847539577  142.4714
4836.31218732113  120.4103
4836.48589924649  97.3765
4836.65961117185  89.87141
4836.83332309721  80.25341
4837.00703502256  79.4195
4837.18074694792  118.1224
4837.35445887328  129.9378
4837.52817079864  126.9881
4837.701882724  111.5359
4837.87559464936  107.3257
4838.04930657472  102.5916
4838.22301850008  110.5742
4838.39673042544  113.7038
4838.5704423508  136.2319
4838.74415427616  133.6027
4838.91786620152  117.5644
4839.09157812688  98.41694
4839.26529005224  128.6055
4839.4390019776  99.02028
4839.61271390296  103.8653
4839.78642582832  111.9197
4839.96013775368  124.4396
4840.13384967904  147.9893
4840.3075616044  126.0897
4840.48127352975  121.7091
4840.65498545511  106.3609
4840.82869738047  109.6179
4841.00240930583  84.44934
4841.17612123119  83.40283
4841.34983315655  96.38239
4841.52354508191  137.6338
4841.69725700727  125.8839
4841.87096893263  119.4766
4842.04468085799  142.0548
4842.21839278335  132.7452
4842.39210470871  141.5879
4842.56581663407  140.9588
4842.73952855943  123.4509
4842.91324048479  123.3188
4843.08695241015  102.7316
4843.26066433551  105.3959
4843.43437626086  115.0895
4843.60808818622  97.13608
4843.78180011158  107.7132
4843.95551203694  113.9826
4844.1292239623  116.0909
4844.30293588766  110.3513
4844.47664781302  101.7444
4844.65035973838  145.1834
4844.82407166374  141.0665
4844.9977835891  98.58736
4845.17149551446  120.5241
4845.34520743982  140.7359
4845.51891936518  120.7805
4845.69263129054  110.683
4845.8663432159  110.1081
4846.04005514126  126.8098
4846.21376706662  136.293
4846.38747899198  93.05011
4846.56119091734  108.5715
4846.7349028427  150.3506
4846.90861476806  145.0971
4847.08232669341  158.024
4847.25603861877  151.9054
4847.42975054413  125.8051
4847.60346246949  133.5021
4847.77717439485  131.1302
4847.95088632021  95.04276
4848.12459824557  152.0221
4848.29831017093  162.3495
4848.47202209629  121.3995
4848.64573402165  142.3196
4848.81944594701  157.9773
4848.99315787237  138.1562
4849.16686979773  144.6624
4849.34058172309  134.1774
4849.51429364845  136.1653
4849.68800557381  146.7639
4849.86171749916  174.525
4850.03542942452  131.9748
4850.20914134988  157.0156
4850.38285327524  156.4571
4850.5565652006  180.4449
4850.73027712596  163.9611
4850.90398905132  183.8512
4851.07770097668  178.9635
4851.25141290204  188.4853
4851.4251248274  186.7375
4851.59883675276  140.4844
4851.77254867812  167.9109
4851.94626060348  146.6692
4852.11997252884  166.4165
4852.2936844542  155.8526
4852.46739637956  138.7758
4852.64110830492  149.7158
4852.81482023028  176.0648
4852.98853215564  169.2581
4853.162244081  165.1493
4853.33595600635  185.2692
4853.50966793171  186.9823
4853.68337985707  178.9817
4853.85709178243  156.2808
4854.03080370779  160.747
4854.20451563315  140.0818
4854.37822755851  157.1533
4854.55193948387  147.752
4854.72565140923  178.0853
4854.89936333459  189.1952
4855.07307525995  147.4539
4855.24678718531  155.7312
4855.42049911067  171.1945
4855.59421103603  177.9368
4855.76792296139  155.68
4855.94163488675  127.2407
4856.11534681211  143.2957
4856.28905873747  170.9384
4856.46277066282  159.2729
4856.63648258818  151.0309
4856.81019451354  168.8119
4856.9839064389  182.3163
4857.15761836426  186.1672
4857.33133028962  173.7883
4857.50504221498  167.1251
4857.67875414034  178.4638
4857.8524660657  165.0809
4858.02617799106  169.2353
4858.19988991642  208.8208
4858.37360184178  190.1056
4858.54731376714  171.6155
4858.7210256925  178.1633
4858.89473761786  177.4576
4859.06844954322  174.0175
4859.24216146858  187.0522
4859.41587339394  177.0442
4859.58958531929  182.1238
4859.76329724465  181.1364
4859.93700917001  177.0128
4860.11072109537  183.0685
4860.28443302073  184.599
4860.45814494609  180.0897
4860.63185687145  165.2388
4860.80556879681  162.79
4860.97928072217  171.9031
4861.15299264753  158.8177
4861.32670457289  166.1973
4861.50041649825  174.2213
4861.67412842361  162.9187
4861.84784034897  169.3636
4862.02155227433  187.3515
4862.19526419969  202.9327
4862.36897612505  190.8224
4862.54268805041  187.0171
4862.71639997576  170.8898
4862.89011190112  164.5612
4863.06382382648  185.2162
4863.23753575184  134.311
4863.4112476772  127.1805
4863.58495960256  190.77
4863.75867152792  185.9347
4863.93238345328  146.9235
4864.10609537864  153.1774
4864.279807304  155.194
4864.45351922936  151.1787
4864.62723115472  164.8547
4864.80094308008  159.5513
4864.97465500544  168.6952
4865.1483669308  171.4736
4865.32207885616  162.8825
4865.49579078152  168.0209
4865.66950270688  175.9603
4865.84321463224  169.0463
4866.0169265576  175.8611
4866.19063848296  184.1761
4866.36435040831  159.4557
4866.53806233367  161.7598
4866.71177425903  163.462
4866.88548618439  174.1097
4867.05919810975  179.2894
4867.23291003511  176.6636
4867.40662196047  182.5697
4867.58033388583  160.6583
4867.75404581119  176.5628
4867.92775773655  196.023
4868.10146966191  158.4827
4868.27518158727  142.1229
4868.44889351263  167.1337
4868.62260543799  167.6662
4868.79631736335  155.4916
4868.97002928871  156.9283
4869.14374121406  156.3161
4869.31745313942  137.7981
4869.49116506478  145.0769
4869.66487699014  136.865
4869.8385889155  150.5461
4870.01230084086  141.6382
4870.18601276622  156.8083
4870.35972469158  139.4694
4870.53343661694  114.0448
4870.7071485423  156.0906
4870.88086046766  156.611
4871.05457239302  149.7488
4871.22828431838  153.9161
4871.40199624374  133.3186
4871.5757081691  119.8313
4871.74942009446  131.5148
4871.92313201982  122.9379
4872.09684394518  132.495
4872.27055587054  138.5962
4872.44426779589  122.5403
4872.61797972125  125.6979
4872.79169164661  141.1175
4872.96540357197  133.0239
4873.13911549733  95.35455
4873.31282742269  116.4019
4873.48653934805  52.24841
4873.66025127341  93.79305
4873.83396319877  120.6668
4874.00767512413  96.48833
4874.18138704949  113.1222
4874.35509897485  130.5881
4874.52881090021  146.9095
4874.70252282557  146.6637
4874.87623475093  119.2967
4875.04994667629  140.3276
4875.22365860165  155.0577
4875.39737052701  150.7517
4875.57108245236  154.4229
4875.74479437772  125.6231
4875.91850630308  141.9437
4876.09221822844  156.287
4876.2659301538  158.973
4876.43964207916  158.3185
4876.61335400452  136.015
4876.78706592988  138.2589
4876.96077785524  117.5779
4877.1344897806  119.5066
4877.30820170596  101.0541
4877.48191363132  86.38849
4877.65562555668  109.6659
4877.82933748204  111.7363
4878.0030494074  123.6945
4878.17676133276  123.7731
4878.35047325812  117.6026
4878.52418518348  124.4848
4878.69789710884  119.764
4878.87160903419  115.4874
4879.04532095955  122.9743
4879.21903288491  145.0836
4879.39274481027  179.1385
4879.56645673563  129.1132
4879.74016866099  66.67621
4879.91388058635  81.19989
4880.08759251171  79.42982
4880.26130443707  104.7374
4880.43501636243  138.4486
4880.60872828779  98.78912
4880.78244021315  97.49399
4880.95615213851  129.6937
4881.12986406387  138.0986
4881.30357598923  110.4158
4881.47728791459  98.97668
4881.65099983995  114.2115
4881.82471176531  119.7111
4881.99842369066  123.1777
4882.17213561603  129.7169
4882.34584754138  124.6448
4882.51955946674  114.8429
4882.6932713921  109.7583
4882.86698331746  106.4602
4883.04069524282  116.0881
4883.21440716818  125.4248
4883.38811909354  138.6748
4883.5618310189  169.2053
4883.73554294426  121.9735
4883.90925486962  127.2906
4884.08296679498  102.9335
4884.25667872034  103.3006
4884.4303906457  111.5861
4884.60410257106  132.843
4884.77781449642  112.5596
4884.95152642178  107.9196
4885.12523834714  131.6252
4885.2989502725  134.8648
4885.47266219785  127.5977
4885.64637412321  137.5784
4885.82008604857  128.0036
4885.99379797393  139.3617
4886.16750989929  122.277
4886.34122182465  110.855
4886.51493375001  126.899
4886.68864567537  115.0148
4886.86235760073  80.84808
4887.03606952609  89.55962
4887.20978145145  71.5344
4887.38349337681  114.8135
4887.55720530217  108.018
4887.73091722753  83.14158
4887.90462915289  139.8964
4888.07834107825  131.6167
4888.25205300361  105.2881
4888.42576492897  110.4992
4888.59947685433  122.8907
4888.77318877968  114.8419
4888.94690070504  147.5065
4889.1206126304  124.1924
4889.29432455576  93.03117
4889.46803648112  127.4886
4889.64174840648  125.6574
4889.81546033184  108.6303
4889.9891722572  110.7932
4890.16288418256  115.2109
4890.33659610792  118.6911
4890.51030803328  106.9094
4890.68401995864  99.64468
4890.857731884  84.573
4891.03144380936  77.99482
4891.20515573472  85.02105
4891.37886766008  106.6242
4891.55257958543  91.76137
4891.72629151079  95.37923
4891.90000343615  110.1485
4892.07371536151  97.71814
4892.24742728687  119.1705
4892.42113921223  124.6413
4892.59485113759  99.04303
4892.76856306295  101.7507
4892.94227498831  91.62656
4893.11598691367  99.11823
4893.28969883903  87.29276
4893.46341076439  69.82716
4893.63712268975  117.4795
4893.81083461511  114.9146
4893.98454654047  115.9928
4894.15825846583  119.4279
4894.33197039119  113.0227
4894.50568231655  69.48875
4894.67939424191  66.11292
4894.85310616727  109.8229
4895.02681809263  131.1116
4895.20053001798  124.8
4895.37424194334  119.0361
4895.5479538687  107.8417
4895.72166579406  118.5023
4895.89537771942  128.9581
4896.06908964478  141.13
4896.24280157014  97.10005
4896.4165134955  88.58466
4896.59022542086  87.08425
4896.76393734622  110.8718
4896.93764927158  101.2524
4897.11136119694  82.96058
4897.2850731223  110.4273
4897.45878504766  96.41473
4897.63249697302  105.0965
4897.80620889838  76.12132
4897.97992082374  53.25556
4898.15363274909  97.57973
4898.32734467445  110.1578
4898.50105659981  90.29083
4898.67476852517  89.67899
4898.84848045053  86.34794
4899.02219237589  87.03508
4899.19590430125  88.10004
4899.36961622661  109.0308
4899.54332815197  90.65068
4899.71704007733  89.98975
4899.89075200269  110.784
4900.06446392805  111.6265
4900.23817585341  60.21063
4900.41188777877  77.08898
4900.58559970413  107.8653
4900.75931162949  99.72713
4900.93302355485  109.7095
4901.10673548021  128.2102
4901.28044740557  78.47644
4901.45415933093  108.6137
4901.62787125628  92.71946
4901.80158318164  95.02807
4901.975295107  71.80544
4902.14900703236  103.2453
4902.32271895772  104.0162
4902.49643088308  84.99607
4902.67014280844  71.01025
4902.8438547338  73.6414
4903.01756665916  88.29946
4903.19127858452  80.69273
4903.36499050988  100.665
4903.53870243524  87.70398
4903.7124143606  84.08351
4903.88612628596  112.689
4904.05983821132  105.615
4904.23355013668  94.69255
4904.40726206203  94.26268
4904.58097398739  67.88429
4904.75468591275  52.20709
4904.92839783811  77.74097
4905.10210976347  60.40899
4905.27582168883  70.90444
4905.44953361419  80.18546
4905.62324553955  115.711
4905.79695746491  65.80905
4905.97066939027  75.28337
4906.14438131563  74.59206
4906.31809324099  58.36693
4906.49180516635  90.24204
4906.66551709171  67.63511
4906.83922901707  79.71282
4907.01294094243  67.38943
4907.18665286779  69.35639
4907.36036479315  75.51273
4907.53407671851  73.30017
4907.70778864387  98.25281
4907.88150056923  83.2924
4908.05521249458  81.1502
4908.22892441994  90.62988
4908.4026363453  67.19467
4908.57634827066  60.79252
4908.75006019602  104.5827
4908.92377212138  96.87029
4909.09748404674  85.54928
4909.2711959721  98.87675
4909.44490789746  99.07698
4909.61861982282  106.101
4909.79233174818  90.17603
4909.96604367354  65.09091
4910.1397555989  49.25604
4910.31346752426  93.17413
4910.48717944962  71.69001
4910.66089137498  68.05353
4910.83460330034  86.94333
4911.0083152257  88.03944
4911.18202715105  93.96668
4911.35573907641  64.32166
4911.52945100177  99.8716
4911.70316292713  98.93488
4911.87687485249  69.06109
4912.05058677785  106.8882
4912.22429870321  100.0942
4912.39801062857  72.60774
4912.57172255393  89.8587
4912.74543447929  90.37032
4912.91914640465  68.61079
4913.09285833001  62.85107
4913.26657025537  58.77665
4913.44028218073  80.07645
4913.61399410609  87.34351
4913.78770603145  81.06678
4913.96141795681  63.24944
4914.13512988217  76.18028
4914.30884180753  60.80579
4914.48255373288  70.00577
4914.65626565824  109.0288
4914.8299775836  87.06154
4915.00368950896  114.6183
4915.17740143432  75.07786
4915.35111335968  85.15944
4915.52482528504  66.85852
4915.6985372104  78.39921
4915.87224913576  106.9319
4916.04596106112  81.77116
4916.21967298648  86.51437
4916.39338491184  81.59234
4916.5670968372  42.0036
4916.74080876256  61.43585
4916.91452068792  75.41505
4917.08823261328  45.78481
4917.26194453864  68.63486
4917.435656464  61.42545
4917.60936838935  77.76847
4917.78308031471  96.67315
4917.95679224007  90.91256
4918.13050416543  55.31968
4918.30421609079  46.95154
4918.47792801615  54.99708
4918.65163994151  50.77406
4918.82535186687  51.38032
4918.99906379223  42.976
4919.17277571759  72.86522
4919.34648764295  52.87073
4919.52019956831  63.70678
4919.69391149367  38.2191
4919.86762341903  52.67762
4920.04133534439  41.47937
4920.21504726975  71.03259
4920.38875919511  58.55438
4920.56247112047  53.93146
4920.73618304583  51.06758
4920.90989497118  41.828
4921.08360689654  50.95905
4921.2573188219  54.38491
4921.43103074726  64.1278
4921.60474267262  43.66908
4921.77845459798  68.07
4921.95216652334  47.8673
4922.1258784487  58.57481
4922.29959037406  55.17123
4922.47330229942  67.52532
4922.64701422478  64.65291
4922.82072615014  65.50951
4922.9944380755  55.37857
4923.16815000086  55.94823
4923.34186192622  51.52426
4923.51557385158  55.38416
4923.68928577693  70.06077
4923.86299770229  51.82242
4924.03670962766  57.84277
4924.21042155302  20.26305
4924.38413347837  39.22949
4924.55784540373  56.55655
4924.73155732909  61.05515
4924.90526925445  28.49537
4925.07898117981  34.45571
4925.25269310517  62.05733
4925.42640503053  37.45096
4925.60011695589  41.5728
4925.77382888125  54.38342
4925.94754080661  68.18781
4926.12125273197  76.98191
4926.29496465733  23.06855
4926.46867658269  27.41325
4926.64238850805  44.82721
4926.81610043341  44.17796
4926.98981235877  55.4551
4927.16352428412  68.1685
4927.33723620948  40.92141
4927.51094813484  39.05437
4927.6846600602  51.46077
4927.85837198556  76.50031
4928.03208391092  50.28629
4928.20579583628  44.01591
4928.37950776164  56.2753
4928.553219687  47.06644
4928.72693161236  66.339
4928.90064353772  49.26008
4929.07435546308  41.04155
4929.24806738844  25.66558
4929.4217793138  30.06985
4929.59549123916  68.58453
4929.76920316452  60.23629
4929.94291508988  37.25114
4930.11662701524  35.06655
4930.29033894059  39.18759
4930.46405086595  40.76704
4930.63776279131  46.53152
4930.81147471667  59.38937
4930.98518664203  41.96041
4931.15889856739  61.76763
4931.33261049275  41.7079
4931.50632241811  44.03189
4931.68003434347  31.41718
4931.85374626883  45.27528
4932.02745819419  65.12735
4932.20117011955  49.71794
4932.37488204491  52.62573
4932.54859397027  55.71104
4932.72230589563  61.6223
4932.89601782099  56.69526
4933.06972974635  19.15966
4933.24344167171  13.40646
4933.41715359707  -4.145313
4933.59086552242  19.24376
4933.76457744778  46.69637
4933.93828937314  44.11651
4934.1120012985  8.299828
4934.28571322386  32.01386
4934.45942514922  28.73239
4934.63313707458  31.043
4934.80684899994  40.08662
4934.9805609253  13.08382
4935.15427285066  4.258696
4935.32798477602  12.69099
4935.50169670138  56.27185
4935.67540862674  46.16138
4935.8491205521  30.66719
4936.02283247746  43.4479
4936.19654440282  20.78986
4936.37025632818  19.29659
4936.54396825354  33.68316
4936.7176801789  27.84482
4936.89139210426  41.94215
4937.06510402961  33.9346
4937.23881595497  9.235769
4937.41252788033  7.524211
4937.58623980569  32.56836
4937.75995173105  51.83882
4937.93366365641  39.83232
4938.10737558177  39.62486
4938.28108750713  16.39443
4938.45479943249  29.5818
4938.62851135785  -1.464562
4938.80222328321  -1.815463
4938.97593520857  15.99028
4939.14964713393  17.24662
4939.32335905929  19.46092
4939.49707098465  45.46103
4939.67078291001  35.11517
4939.84449483537  19.81371
4940.01820676072  7.360872
4940.19191868608  20.60724
4940.36563061144  17.31317
4940.5393425368  38.44873
4940.71305446216  28.0703
4940.88676638752  38.66884
4941.06047831288  14.07761
4941.23419023824  6.076717
4941.4079021636  28.601
4941.58161408896  6.097265
4941.75532601432  27.54475
4941.92903793968  47.47041
4942.10274986504  18.06487
4942.2764617904  12.10324
4942.45017371576  32.64133
4942.62388564112  16.51938
4942.79759756648  53.50557
4942.97130949184  4.845128
4943.1450214172  9.5435
4943.31873334256  21.05536
4943.49244526791  22.50497
4943.66615719327  6.917637
4943.83986911863  23.83484
4944.01358104399  30.48834
4944.18729296935  30.1445
4944.36100489471  -8.559684
4944.53471682007  -15.45066
4944.70842874543  10.00055
4944.88214067079  40.58745
4945.05585259615  11.51029
4945.22956452151  -5.241861
4945.40327644687  -0.8296368
4945.57698837223  -1.336184
