4768.0924805146  40.16304
4768.26610555493  30.39144
4768.43973059527  2.983335
4768.6133556356  15.00453
4768.78698067594  1.538445
4768.96060571627  2.725181
4769.13423075661  11.07041
4769.30785579694  25.45341
4769.48148083728  37.00218
4769.65510587761  24.61473
4769.82873091795  21.2166
4770.00235595828  13.01376
4770.17598099862  15.99984
4770.34960603895  19.68123
4770.52323107929  -2.632212
4770.69685611962  20.78148
4770.87048115996  24.53911
4771.04410620029  36.28946
4771.21773124062  30.47834
4771.39135628096  27.52314
4771.56498132129  21.35312
4771.73860636163  24.50758
4771.91223140196  36.51638
4772.0858564423  28.76814
4772.25948148263  38.75645
4772.43310652297  2.874825
4772.6067315633  -15.86934
4772.78035660364  31.3596
4772.95398164397  37.14961
4773.12760668431  37.53257
4773.30123172464  46.84469
4773.47485676498  30.51921
4773.64848180531  26.274
4773.82210684564  22.43239
4773.99573188598  15.3932
4774.16935692631  28.27294
4774.34298196665  34.19321
4774.51660700698  19.57617
4774.69023204732  15.24336
4774.86385708765  49.09494
4775.03748212799  47.89761
4775.21110716832  33.89768
4775.38473220866  39.20625
4775.55835724899  43.84238
4775.73198228933  36.58744
4775.90560732966  17.77374
4776.07923237  11.77027
4776.25285741033  10.11288
4776.42648245067  20.9885
4776.600107491  34.74051
4776.77373253133  20.76567
4776.94735757167  24.59361
4777.120982612  42.98136
4777.29460765234  29.63897
4777.46823269267  8.820292
4777.64185773301  14.99353
4777.81548277334  28.70676
4777.98910781368  38.96728
4778.16273285401  26.67543
4778.33635789435  17.0179
4778.50998293468  30.38352
4778.68360797502  39.9757
4778.85723301535  25.64133
4779.03085805569  31.14258
4779.20448309602  45.54685
4779.37810813635  23.60792
4779.55173317669  22.50551
4779.72535821702  13.62764
4779.89898325736  34.81982
4780.07260829769  30.49141
4780.24623333803  22.86185
4780.41985837836  21.36838
4780.5934834187  45.44413
4780.76710845903  48.14941
4780.94073349937  23.88933
4781.1143585397  20.75439
4781.28798358004  35.58136
4781.46160862037  31.39839
4781.63523366071  19.34762
4781.80885870104  37.7449
4781.98248374137  52.20578
4782.15610878171  23.99012
4782.32973382205  36.90262
4782.50335886238  41.81703
4782.67698390271  62.81784
4782.85060894305  54.03383
4783.02423398339  50.07944
4783.19785902372  46.36521
4783.37148406405  28.32615
4783.54510910439  4.086226
4783.71873414472  13.45667
4783.89235918506  32.60796
4784.06598422539  36.89841
4784.23960926573  35.33339
4784.41323430606  22.5077
4784.5868593464  32.8761
4784.76048438673  34.09363
4784.93410942707  23.3658
4785.1077344674  39.14116
4785.28135950773  40.87935
4785.45498454807  24.01792
4785.6286095884  27.52781
4785.80223462874  32.18787
4785.97585966907  16.45572
4786.14948470941  25.05854
4786.32310974974  26.34755
4786.49673479008  35.5888
4786.67035983041  52.69129
4786.84398487075  34.37299
4787.01760991108  26.902
4787.19123495142  30.91972
4787.36485999175  32.58705
4787.53848503209  37.32767
4787.71211007242  54.95008
4787.88573511276  44.38854
4788.05936015309  51.10144
4788.23298519342  57.01587
4788.40661023376  38.09747
4788.58023527409  43.19815
4788.75386031443  25.49503
4788.92748535476  15.39746
4789.1011103951  21.18203
4789.27473543543  23.00034
4789.44836047577  15.15287
4789.6219855161  8.456506
4789.79561055644  30.48188
4789.96923559677  31.68374
4790.14286063711  26.91476
4790.31648567744  25.87107
4790.49011071778  27.79286
4790.66373575811  -4.32867
4790.83736079844  29.14884
4791.01098583878  43.34628
4791.18461087912  45.69767
4791.35823591945  40.04983
4791.53186095978  54.91084
4791.70548600012  63.90892
4791.87911104045  33.3564
4792.05273608079  30.22309
4792.22636112112  35.43599
4792.39998616146  30.29967
4792.57361120179  61.61824
4792.74723624213  48.1821
4792.92086128246  20.31984
4793.0944863228  36.88114
4793.26811136313  62.83985
4793.44173640347  25.3781
4793.6153614438  45.25278
4793.78898648414  31.7478
4793.96261152447  40.39038
4794.1362365648  40.18122
4794.30986160514  29.03206
4794.48348664547  30.18044
4794.65711168581  26.98272
4794.83073672614  24.49814
4795.00436176648  48.25191
4795.17798680681  63.4297
4795.35161184715  46.65669
4795.52523688748  49.12955
4795.69886192782  53.33674
4795.87248696815  30.35957
4796.04611200849  46.20866
4796.21973704882  47.30613
4796.39336208916  38.09227
4796.56698712949  35.08438
4796.74061216983  40.44296
4796.91423721016  33.15207
4797.08786225049  12.7736
4797.26148729083  36.19367
4797.43511233116  55.24805
4797.6087373715  50.05893
4797.78236241183  34.09336
4797.95598745217  22.69493
4798.1296124925  28.66531
4798.30323753284  41.85758
4798.47686257317  51.02475
4798.65048761351  55.70648
4798.82411265384  69.64883
4798.99773769418  77.53854
4799.17136273451  65.72644
4799.34498777485  40.6613
4799.51861281518  43.88548
4799.69223785551  32.75916
4799.86586289585  41.63816
4800.03948793618  45.90165
4800.21311297652  16.2547
4800.38673801685  23.21461
4800.56036305719  40.22716
4800.73398809752  32.612
4800.90761313786  38.35889
4801.08123817819  50.79219
4801.25486321853  61.01928
4801.42848825886  71.36124
4801.6021132992  58.45232
4801.77573833953  50.88191
4801.94936337987  60.10516
4802.1229884202  42.61308
4802.29661346054  41.26225
4802.47023850087  79.36041
4802.6438635412  67.37467
4802.81748858154  62.43861
4802.99111362187  77.56556
4803.16473866221  78.7074
4803.33836370254  75.16856
4803.51198874288  68.19424
4803.68561378321  44.71265
4803.85923882355  44.55132
4804.03286386388  65.4782
4804.20648890422  53.13057
4804.38011394455  42.21454
4804.55373898489  58.54305
4804.72736402522  60.78056
4804.90098906556  41.19079
4805.07461410589  34.82339
4805.24823914623  47.4286
4805.42186418656  27.50967
4805.59548922689  25.61705
4805.76911426723  33.33526
4805.94273930756  36.62523
4806.1163643479  59.82429
4806.28998938823  51.14645
4806.46361442857  45.78391
4806.6372394689  45.75827
4806.81086450924  58.3323
4806.98448954957  66.55834
4807.15811458991  36.90049
4807.33173963024  52.43723
4807.50536467058  58.64486
4807.67898971091  33.27673
4807.85261475125  36.11745
4808.02623979158  56.01258
4808.19986483191  62.70696
4808.37348987225  67.08376
4808.54711491259  68.88401
4808.72073995292  51.44931
4808.89436499325  42.79187
4809.06799003359  31.00974
4809.24161507392  64.46652
4809.41524011426  69.7418
4809.58886515459  55.23031
4809.76249019493  70.76257
4809.93611523526  57.11922
4810.1097402756  71.6075
4810.28336531593  57.12165
4810.45699035627  55.06183
4810.6306153966  59.62158
4810.80424043694  68.97466
4810.97786547727  51.66483
4811.15149051761  42.13089
4811.32511555794  46.5611
4811.49874059827  61.85264
4811.67236563861  72.35396
4811.84599067894  64.19617
4812.01961571928  61.18657
4812.19324075961  55.07499
4812.36686579995  61.05257
4812.54049084028  65.61913
4812.71411588062  39.66209
4812.88774092095  46.7114
4813.06136596129  79.22962
4813.23499100162  66.70796
4813.40861604196  58.53601
4813.58224108229  87.24364
4813.75586612263  53.26281
4813.92949116296  50.2404
4814.10311620329  80.69593
4814.27674124363  66.68202
4814.45036628396  74.46573
4814.6239913243  61.02871
4814.79761636463  66.90211
4814.97124140497  65.01619
4815.1448664453  52.99887
4815.31849148564  57.40533
4815.49211652597  66.3289
4815.66574156631  90.66767
4815.83936660664  99.21165
4816.01299164698  70.73486
4816.18661668731  56.43279
4816.36024172765  53.86663
4816.53386676798  51.02486
4816.70749180832  74.87268
4816.88111684865  79.26028
4817.05474188898  57.63
4817.22836692932  34.06203
4817.40199196966  45.26033
4817.57561700999  64.20274
4817.74924205032  92.64124
4817.92286709066  87.08014
4818.09649213099  69.05363
4818.27011717133  66.29205
4818.44374221166  62.96038
4818.617367252  75.00208
4818.79099229233  83.71349
4818.96461733267  86.54887
4819.138242373  75.52553
4819.31186741334  61.95212
4819.48549245367  58.1035
4819.65911749401  69.16927
4819.83274253434  54.34352
4820.00636757468  52.73509
4820.17999261501  65.12454
4820.35361765534  49.56962
4820.52724269568  61.31814
4820.70086773601  75.96752
4820.87449277635  96.43491
4821.04811781668  78.7919
4821.22174285702  81.71696
4821.39536789735  82.22585
4821.56899293769  66.70702
4821.74261797802  45.84732
4821.91624301836  85.76247
4822.08986805869  68.90392
4822.26349309903  69.9327
4822.43711813936  71.97189
4822.6107431797  61.89658
4822.78436822003  52.90347
4822.95799326036  61.09888
4823.1316183007  53.64619
4823.30524334103  55.63966
4823.47886838137  82.59233
4823.6524934217  78.14706
4823.82611846204  59.93842
4823.99974350237  71.41885
4824.17336854271  77.86215
4824.34699358304  79.05195
4824.52061862338  70.3351
4824.69424366371  75.9929
4824.86786870405  70.10692
4825.04149374438  57.70261
4825.21511878472  71.2319
4825.38874382505  56.69857
4825.56236886538  71.28976
4825.73599390572  42.20969
4825.90961894605  65.28824
4826.08324398639  90.14594
4826.25686902672  72.59552
4826.43049406706  69.49401
4826.60411910739  63.56796
4826.77774414773  72.63015
4826.95136918806  96.63644
4827.1249942284  61.45912
4827.29861926873  59.87062
4827.47224430907  77.834
4827.6458693494  67.19338
4827.81949438974  64.78615
4827.99311943007  80.79145
4828.16674447041  68.58512
4828.34036951074  80.83861
4828.51399455108  78.71661
4828.68761959141  68.91618
4828.86124463174  55.30634
4829.03486967208  53.46167
4829.20849471241  113.5272
4829.38211975275  118.6932
4829.55574479308  87.25205
4829.72936983342  73.67847
4829.90299487375  73.1903
4830.07661991409  84.33096
4830.25024495442  82.67407
4830.42386999476  85.81351
4830.59749503509  85.73142
4830.77112007543  83.50891
4830.94474511576  72.99247
4831.1183701561  70.33083
4831.29199519643  57.02819
4831.46562023676  72.42612
4831.6392452771  92.18694
4831.81287031743  99.10157
4831.98649535777  95.01022
4832.1601203981  51.36013
4832.33374543844  97.87309
4832.50737047877  91.98127
4832.68099551911  66.79658
4832.85462055944  64.39678
4833.02824559978  76.68571
4833.20187064011  77.50385
4833.37549568045  89.24931
4833.54912072078  94.77022
4833.72274576112  95.98648
4833.89637080145  72.70234
4834.06999584179  71.04539
4834.24362088212  49.00231
4834.41724592245  71.43304
4834.59087096279  97.31203
4834.76449600312  70.75795
4834.93812104346  89.15424
4835.11174608379  105.499
4835.28537112413  103.0738
4835.45899616446  102.6354
4835.6326212048  79.16599
4835.80624624513  63.68951
4835.97987128547  74.8303
4836.1534963258  88.27529
4836.32712136614  82.7663
4836.50074640647  56.45651
4836.67437144681  59.12275
4836.84799648714  75.15276
4837.02162152748  77.89722
4837.19524656781  84.83455
4837.36887160814  70.22054
4837.54249664848  89.05735
4837.71612168881  98.30201
4837.88974672915  88.07231
4838.06337176948  77.1255
4838.23699680982  86.81065
4838.41062185015  80.81956
4838.58424689049  86.21847
4838.75787193082  92.86271
4838.93149697116  105.1654
4839.10512201149  85.48327
4839.27874705183  85.80001
4839.45237209216  101.8857
4839.6259971325  84.95866
4839.79962217283  85.73813
4839.97324721317  84.21933
4840.1468722535  103.4057
4840.32049729383  86.17287
4840.49412233417  88.99345
4840.6677473745  104.595
4840.84137241484  85.90323
4841.01499745517  92.12405
4841.18862249551  92.42011
4841.36224753584  94.67879
4841.53587257618  110.7966
4841.70949761651  131.0863
4841.88312265685  90.37877
4842.05674769718  67.98093
4842.23037273752  86.565
4842.40399777785  105.8724
4842.57762281819  98.10119
4842.75124785852  105.0958
4842.92487289886  101.5691
4843.09849793919  99.50325
4843.27212297952  107.3783
4843.44574801986  102.6372
4843.61937306019  88.60476
4843.79299810053  82.64964
4843.96662314086  108.3453
4844.1402481812  113.196
4844.31387322153  89.43144
4844.48749826187  95.57514
4844.6611233022  112.2955
4844.83474834254  121.9923
4845.00837338287  117.6299
4845.18199842321  122.9768
4845.35562346354  134.1539
4845.52924850388  97.36079
4845.70287354421  87.32507
4845.87649858455  98.91381
4846.05012362488  92.2353
4846.22374866521  100.5778
4846.39737370555  104.0458
4846.57099874588  138.3471
4846.74462378622  133.8585
4846.91824882655  100.4901
4847.09187386689  133.2395
4847.26549890722  127.7889
4847.43912394756  88.16608
4847.61274898789  106.3086
4847.78637402823  103.5585
4847.95999906856  93.76105
4848.1336241089  98.11118
4848.30724914923  108.6244
4848.48087418957  111.929
4848.6544992299  115.3677
4848.82812427024  113.9437
4849.00174931057  107.1758
4849.1753743509  115.5681
4849.34899939124  138.8075
4849.52262443157  121.8702
4849.69624947191  118.0418
4849.86987451224  113.6036
4850.04349955258  130.9933
4850.21712459291  133.245
4850.39074963325  123.5227
4850.56437467358  121.3815
4850.73799971392  134.2634
4850.91162475425  124.7205
4851.08524979459  133.0863
4851.25887483492  101.7896
4851.43249987526  124.0739
4851.60612491559  114.3375
4851.77974995593  151.058
4851.95337499626  152.1053
4852.1270000366  135.1015
4852.30062507693  148.4627
4852.47425011726  135.8818
4852.6478751576  120.4675
4852.82150019793  125.3738
4852.99512523827  139.696
4853.1687502786  155.2559
4853.34237531894  142.3038
4853.51600035927  115.5275
4853.68962539961  125.6071
4853.86325043994  143.466
4854.03687548028  154.3848
4854.21050052061  135.3811
4854.38412556095  151.6238
4854.55775060128  136.1473
4854.73137564161  156.6267
4854.90500068195  150.353
4855.07862572228  133.2343
4855.25225076262  142.3044
4855.42587580295  130.7665
4855.59950084329  155.9273
4855.77312588362  163.5187
4855.94675092396  131.7285
4856.12037596429  132.9275
4856.29400100463  159.2098
4856.46762604496  143.485
4856.6412510853  115.4521
4856.81487612563  123.4547
4856.98850116597  128.6714
4857.1621262063  153.8782
4857.33575124664  158.2776
4857.50937628697  127.349
4857.6830013273  149.8223
4857.85662636764  155.7054
4858.03025140797  124.2586
4858.20387644831  136.4098
4858.37750148864  149.665
4858.55112652898  122.4384
4858.72475156931  107.3276
4858.89837660965  136.7867
4859.07200164998  156.3564
4859.24562669032  140.2449
4859.41925173065  140.7959
4859.59287677099  158.7186
4859.76650181132  132.8285
4859.94012685166  125.6755
4860.11375189199  129.1348
4860.28737693233  127.1627
4860.46100197266  138.7061
4860.63462701299  124.5296
4860.80825205333  125.9357
4860.98187709367  113.2279
4861.155502134  98.05984
4861.32912717433  125.0982
4861.50275221467  143.4811
4861.676377255  115.0987
4861.85000229534  103.413
4862.02362733567  107.1093
4862.19725237601  111.938
4862.37087741634  122.5278
4862.54450245668  138.7076
4862.71812749701  142.6145
4862.89175253735  113.7929
4863.06537757768  128.6361
4863.23900261802  150.9264
4863.41262765835  124.6691
4863.58625269869  137.8368
4863.75987773902  139.166
4863.93350277935  113.7769
4864.10712781969  123.4535
4864.28075286002  136.6177
4864.45437790036  141.7933
4864.62800294069  126.7041
4864.80162798103  109.8237
4864.97525302136  121.0294
4865.1488780617  106.7149
4865.32250310203  76.93249
4865.49612814237  112.762
4865.6697531827  109.1219
4865.84337822304  100.874
4866.01700326337  110.6801
4866.19062830371  115.5709
4866.36425334404  134.2993
4866.53787838437  110.9636
4866.71150342471  115.6475
4866.88512846504  141.804
4867.05875350538  128.6879
4867.23237854571  107.2325
4867.40600358605  131.136
4867.57962862638  114.4934
4867.75325366672  117.9592
4867.92687870705  124.5738
4868.10050374739  123.7215
4868.27412878772  115.0984
4868.44775382806  128.4503
4868.62137886839  118.8498
4868.79500390873  105.2687
4868.96862894906  108.6514
4869.14225398939  141.1344
4869.31587902973  135.166
4869.48950407006  117.9014
4869.6631291104  84.97871
4869.83675415073  89.04521
4870.01037919107  110.9107
4870.1840042314  97.5778
4870.35762927174  107.8883
4870.53125431207  95.63091
4870.70487935241  121.0706
4870.87850439274  91.41939
4871.05212943308  101.079
4871.22575447341  96.86404
4871.39937951375  86.69476
4871.57300455408  98.86411
4871.74662959442  122.4171
4871.92025463475  108.2514
4872.09387967509  95.81708
4872.26750471542  123.9979
4872.44112975575  92.16359
4872.61475479609  86.95866
4872.78837983642  89.44754
4872.96200487676  111.2634
4873.13562991709  97.22219
4873.30925495743  97.03986
4873.48287999776  120.0794
4873.6565050381  90.4892
4873.83013007843  92.42382
4874.00375511877  90.05762
4874.1773801591  74.00654
4874.35100519944  116.3272
4874.52463023977  122.4139
4874.69825528011  83.97926
4874.87188032044  108.5111
4875.04550536078  133.845
4875.21913040111  77.21299
4875.39275544144  107.0315
4875.56638048178  111.8988
4875.74000552211  108.4513
4875.91363056245  95.77965
4876.08725560278  89.19242
4876.26088064312  98.98531
4876.43450568345  103.5309
4876.60813072379  110.2939
4876.78175576412  122.8449
4876.95538080446  115.0152
4877.12900584479  97.04385
4877.30263088513  90.24797
4877.47625592546  76.23147
4877.6498809658  94.23882
4877.82350600613  92.26719
4877.99713104646  103.4985
4878.1707560868  102.2149
4878.34438112713  106.0512
4878.51800616747  76.54205
4878.6916312078  108.9221
4878.86525624814  107.155
4879.03888128847  82.64476
4879.21250632881  86.99246
4879.38613136914  114.0339
4879.55975640948  97.03468
4879.73338144981  108.8375
4879.90700649015  99.71008
4880.08063153048  77.94958
4880.25425657082  90.76033
4880.42788161115  89.44529
4880.60150665149  79.42226
4880.77513169182  97.01915
4880.94875673215  111.3458
4881.12238177249  108.8071
4881.29600681282  87.32265
4881.46963185316  87.66939
4881.64325689349  102.8307
4881.81688193383  84.41492
4881.99050697416  95.37852
4882.1641320145  94.00077
4882.33775705483  88.43858
4882.51138209517  99.08318
4882.6850071355  101.1259
4882.85863217584  124.4562
4883.03225721617  92.59825
4883.20588225651  104.488
4883.37950729684  86.17901
4883.55313233718  52.62854
4883.72675737751  68.47451
4883.90038241784  55.90313
4884.07400745818  59.08698
4884.24763249851  84.84209
4884.42125753885  90.08987
4884.59488257918  126.9394
4884.76850761952  106.8542
4884.94213265985  68.05224
4885.11575770019  69.61018
4885.28938274052  100.9704
4885.46300778086  91.64418
4885.63663282119  79.53253
4885.81025786153  103.8203
4885.98388290186  94.24028
4886.1575079422  73.68769
4886.33113298253  78.50303
4886.50475802286  95.43063
4886.6783830632  60.73932
4886.85200810353  70.71529
4887.02563314387  88.58493
4887.1992581842  80.52391
4887.37288322454  90.5373
4887.54650826487  98.44227
4887.72013330521  78.13147
4887.89375834554  85.15952
4888.06738338588  66.66974
4888.24100842621  79.99595
4888.41463346655  89.61057
4888.58825850688  72.52086
4888.76188354722  74.50276
4888.93550858755  87.90807
4889.10913362789  116.2047
4889.28275866822  93.51833
4889.45638370856  70.31538
4889.63000874889  79.04186
4889.80363378922  70.15668
4889.97725882956  81.36472
4890.15088386989  78.13181
4890.32450891023  88.95219
4890.49813395056  95.01424
4890.6717589909  85.65268
4890.84538403123  73.9282
4891.01900907157  86.09098
4891.1926341119  68.57322
4891.36625915224  88.11227
4891.53988419257  87.96078
4891.71350923291  89.15289
4891.88713427324  90.53201
4892.06075931358  70.12629
4892.23438435391  79.02625
4892.40800939425  99.47642
4892.58163443458  106.0314
4892.75525947491  63.4144
4892.92888451525  91.06066
4893.10250955558  89.35738
4893.27613459592  66.74181
4893.44975963625  76.3529
4893.62338467659  68.53045
4893.79700971692  67.32865
4893.97063475726  91.89739
4894.14425979759  83.97516
4894.31788483793  67.1028
4894.49150987826  88.23659
4894.6651349186  70.53964
4894.83875995893  83.24162
4895.01238499926  113.8489
4895.1860100396  63.11489
4895.35963507993  42.16338
4895.53326012027  79.09233
4895.70688516061  92.54266
4895.88051020094  77.63933
4896.05413524127  71.42616
4896.22776028161  60.00662
4896.40138532194  75.64255
4896.57501036228  66.28957
4896.74863540261  73.33627
4896.92226044295  94.65199
4897.09588548328  64.29399
4897.26951052362  76.06808
4897.44313556395  56.39306
4897.61676060429  63.85021
4897.79038564462  81.53658
4897.96401068496  105.1432
4898.13763572529  69.09344
4898.31126076563  75.74992
4898.48488580596  73.74329
4898.65851084629  92.08043
4898.83213588663  75.73883
4899.00576092696  64.46735
4899.1793859673  88.30905
4899.35301100763  65.89107
4899.52663604797  63.09419
4899.7002610883  71.02776
4899.87388612864  62.22554
4900.04751116897  53.82
4900.22113620931  85.48059
4900.39476124964  61.40985
4900.56838628998  55.12566
4900.74201133031  98.79469
4900.91563637065  86.7347
4901.08926141098  93.62964
4901.26288645132  85.89767
4901.43651149165  89.3155
4901.61013653198  59.12819
4901.78376157232  41.49734
4901.95738661265  77.82183
4902.13101165299  83.97648
4902.30463669332  98.19326
4902.47826173366  73.21432
4902.65188677399  88.73785
4902.82551181433  82.58569
4902.99913685466  55.86908
4903.172761895  70.80357
4903.34638693533  79.79587
4903.52001197567  67.65993
4903.693637016  78.11626
4903.86726205634  89.77847
4904.04088709667  81.0733
4904.214512137  57.95352
4904.38813717734  37.39914
4904.56176221767  64.49789
4904.73538725801  63.1405
4904.90901229834  71.97121
4905.08263733868  72.05603
4905.25626237901  82.05159
4905.42988741935  65.00298
4905.60351245968  80.01534
4905.77713750002  69.04355
4905.95076254035  69.34647
4906.12438758069  46.31907
4906.29801262102  73.00562
4906.47163766136  85.22826
4906.64526270169  88.64998
4906.81888774202  84.51734
4906.99251278236  69.72733
4907.16613782269  51.83186
4907.33976286303  65.77322
4907.51338790336  75.80116
4907.6870129437  58.40354
4907.86063798403  76.67088
4908.03426302437  58.04222
4908.2078880647  50.18466
4908.38151310504  62.24583
4908.55513814537  56.75156
4908.72876318571  72.84312
4908.90238822604  94.92924
4909.07601326638  79.87354
4909.24963830671  81.94489
4909.42326334705  79.30396
4909.59688838738  82.74829
4909.77051342771  60.20289
4909.94413846805  67.27996
4910.11776350838  79.74744
4910.29138854872  73.10806
4910.46501358905  51.04853
4910.63863862939  71.38409
4910.81226366972  80.64298
4910.98588871006  68.86242
4911.15951375039  72.48283
4911.33313879073  78.15489
4911.50676383106  81.27259
4911.6803888714  69.26437
4911.85401391173  63.48021
4912.02763895207  56.60425
4912.2012639924  69.035
4912.37488903274  60.9372
4912.54851407307  75.75837
4912.7221391134  66.70995
4912.89576415374  59.72973
4913.06938919407  77.34296
4913.24301423441  76.11393
4913.41663927474  39.61748
4913.59026431508  64.0305
4913.76388935541  61.89958
4913.93751439575  34.19193
4914.11113943608  66.13823
4914.28476447642  60.57572
4914.45838951675  42.29585
4914.63201455709  51.70567
4914.80563959742  47.85562
4914.97926463776  63.84113
4915.15288967809  74.68359
4915.32651471843  76.17019
4915.50013975876  62.40429
4915.6737647991  50.26897
4915.84738983943  68.39905
4916.02101487976  63.10481
4916.1946399201  48.53847
4916.36826496043  56.0144
4916.54189000077  61.61914
4916.7155150411  44.54665
4916.88914008144  69.59833
4917.06276512177  52.99557
4917.23639016211  49.30978
4917.41001520244  41.34309
4917.58364024278  39.99928
4917.75726528311  37.04037
4917.93089032345  67.29341
4918.10451536378  74.38905
4918.27814040411  45.67949
4918.45176544445  58.79396
4918.62539048478  43.5679
4918.79901552512  43.97557
4918.97264056545  40.22027
4919.14626560579  49.27631
4919.31989064612  45.94081
4919.49351568646  25.85458
4919.66714072679  51.93062
4919.84076576713  33.01823
4920.01439080746  26.05516
4920.1880158478  31.6198
4920.36164088813  39.17903
4920.53526592847  55.86515
4920.7088909688  57.6349
4920.88251600914  63.9292
4921.05614104947  66.45052
4921.2297660898  70.59776
4921.40339113014  69.3988
4921.57701617047  49.28162
4921.75064121081  56.3731
4921.92426625114  56.06948
4922.09789129148  52.01795
4922.27151633181  35.04077
4922.44514137215  44.50468
4922.61876641248  40.63082
4922.79239145282  63.09384
4922.96601649315  55.50002
4923.13964153349  35.76278
4923.31326657382  63.50186
4923.48689161416  38.5299
4923.66051665449  24.23541
4923.83414169483  53.77142
4924.00776673516  38.99913
4924.1813917755  32.78887
4924.35501681583  40.1727
4924.52864185617  36.8847
4924.7022668965  75.94499
4924.87589193683  81.37567
4925.04951697717  58.82928
4925.2231420175  32.60396
4925.39676705784  34.1836
4925.57039209817  24.81505
4925.74401713851  31.32151
4925.91764217884  48.28809
4926.09126721918  70.08105
4926.26489225951  47.22866
4926.43851729985  48.62464
4926.61214234018  53.23424
4926.78576738052  55.6323
4926.95939242085  55.49258
4927.13301746118  44.87369
4927.30664250152  42.61412
4927.48026754185  41.8854
4927.65389258219  25.95763
4927.82751762252  33.59427
4928.00114266286  32.46875
4928.17476770319  25.68981
4928.34839274353  39.56949
4928.52201778386  47.76314
4928.6956428242  37.22359
4928.86926786453  38.2137
4929.04289290487  48.54362
4929.2165179452  40.17073
4929.39014298554  44.07189
4929.56376802587  45.17317
4929.73739306621  33.18207
4929.91101810654  56.97563
4930.08464314687  47.94097
4930.25826818721  38.07618
4930.43189322754  24.55194
4930.60551826788  22.80226
4930.77914330821  40.74731
4930.95276834855  61.96478
4931.12639338888  11.47297
4931.30001842922  23.62723
4931.47364346955  29.21948
4931.64726850989  17.73416
4931.82089355022  39.74746
4931.99451859056  49.59952
4932.16814363089  38.27664
4932.34176867123  34.74582
4932.51539371156  42.44771
4932.6890187519  7.375788
4932.86264379223  39.50722
4933.03626883256  46.8561
4933.2098938729  42.24648
4933.38351891323  36.20925
4933.55714395357  27.18943
4933.7307689939  41.30039
4933.90439403424  51.27766
4934.07801907457  41.66384
4934.25164411491  13.95715
4934.42526915524  23.70355
4934.59889419558  30.89158
4934.77251923591  30.39896
4934.94614427625  15.78244
4935.11976931658  10.0454
4935.29339435692  14.23876
4935.46701939725  50.31969
4935.64064443759  39.80163
4935.81426947792  19.08331
4935.98789451825  15.67295
4936.16151955859  54.47855
4936.33514459892  35.5507
4936.50876963926  4.162996
4936.68239467959  46.14657
4936.85601971993  20.96129
4937.02964476026  27.16272
4937.2032698006  29.30216
4937.37689484093  12.72327
4937.55051988127  3.325244
4937.7241449216  22.17966
4937.89776996194  31.44
4938.07139500227  17.15312
4938.24502004261  31.24282
4938.41864508294  14.44733
4938.59227012327  17.32455
4938.76589516361  8.335015
4938.93952020394  8.778133
4939.11314524428  17.93861
4939.28677028461  26.58747
4939.46039532495  4.680491
4939.63402036528  12.09064
4939.80764540562  24.89463
4939.98127044595  26.49753
4940.15489548629  33.57141
4940.32852052662  6.794888
4940.50214556696  4.606139
4940.67577060729  25.71239
4940.84939564763  21.03197
4941.02302068796  9.838537
4941.1966457283  15.4931
4941.37027076863  29.41914
4941.54389580897  42.35593
4941.7175208493  12.62817
4941.89114588963  31.93217
4942.06477092997  31.26908
4942.2383959703  9.42289
4942.41202101064  29.71511
4942.58564605097  30.64605
4942.75927109131  25.80177
4942.93289613164  10.15423
4943.10652117198  14.73495
4943.28014621231  0.4966085
4943.45377125265  10.09598
4943.62739629298  12.9999
4943.80102133332  29.66441
4943.97464637365  33.88011
4944.14827141399  19.81988
4944.32189645432  -1.379164
4944.49552149465  0.2044097
4944.66914653499  7.218306
4944.84277157532  13.32425
4945.01639661566  35.55447
4945.19002165599  18.11211
4945.36364669633  8.498616
4945.53727173666  18.54504
4945.710896777  29.32001
