4767.9709574205  27.30258
4768.14465032611  17.1976
4768.31834323172  19.07424
4768.49203613733  30.24235
4768.66572904295  19.77712
4768.83942194856  35.86413
4769.01311485417  57.33979
4769.18680775978  23.89188
4769.36050066539  -0.8484896
4769.534193571  28.08253
4769.70788647661  31.42325
4769.88157938222  17.37076
4770.05527228784  41.07883
4770.22896519345  22.75697
4770.40265809906  2.877229
4770.57635100467  0.7476733
4770.75004391028  35.8658
4770.92373681589  53.63229
4771.0974297215  52.37384
4771.27112262712  23.95307
4771.44481553273  21.02141
4771.61850843834  71.64708
4771.79220134395  65.52122
4771.96589424956  18.42896
4772.13958715517  54.57907
4772.31328006078  57.90782
4772.4869729664  10.32689
4772.66066587201  37.84653
4772.83435877762  46.26891
4773.00805168323  80.79465
4773.18174458884  65.32057
4773.35543749445  43.6328
4773.52913040006  71.82337
4773.70282330568  50.81059
4773.87651621129  17.53593
4774.0502091169  66.54188
4774.22390202251  70.14379
4774.39759492812  25.66784
4774.57128783373  65.8454
4774.74498073934  31.93353
4774.91867364495  16.51924
4775.09236655057  16.66545
4775.26605945618  63.87741
4775.43975236179  68.25362
4775.6134452674  59.43316
4775.78713817301  49.17759
4775.96083107862  31.17243
4776.13452398423  56.29488
4776.30821688985  54.39137
4776.48190979546  32.4912
4776.65560270107  61.80005
4776.82929560668  58.71391
4777.00298851229  34.38731
4777.1766814179  44.99051
4777.35037432351  76.41648
4777.52406722913  76.18232
4777.69776013474  21.55175
4777.87145304035  -0.001299267
4778.04514594596  56.43071
4778.21883885157  113.467
4778.39253175718  70.32809
4778.56622466279  62.00304
4778.73991756841  61.88226
4778.91361047402  33.33888
4779.08730337963  48.85257
4779.26099628524  60.60391
4779.43468919085  78.62395
4779.60838209646  74.30685
4779.78207500207  60.18422
4779.95576790768  88.24867
4780.1294608133  70.49926
4780.30315371891  13.70477
4780.47684662452  40.29481
4780.65053953013  83.2288
4780.82423243574  54.58852
4780.99792534135  37.51585
4781.17161824696  54.26646
4781.34531115258  56.3348
4781.51900405819  50.79752
4781.6926969638  55.59311
4781.86638986941  63.66402
4782.04008277502  61.99963
4782.21377568063  59.3157
4782.38746858624  65.57051
4782.56116149186  75.12695
4782.73485439747  73.3737
4782.90854730308  52.90315
4783.08224020869  61.78346
4783.2559331143  38.18291
4783.42962601991  54.1584
4783.60331892552  73.46793
4783.77701183114  63.097
4783.95070473675  74.89653
4784.12439764236  76.41261
4784.29809054797  58.97276
4784.47178345358  73.98636
4784.64547635919  90.23128
4784.8191692648  80.42312
4784.99286217041  40.45686
4785.16655507603  36.50718
4785.34024798164  36.2874
4785.51394088725  65.87512
4785.68763379286  94.6105
4785.86132669847  103.9467
4786.03501960408  71.92999
4786.20871250969  119.3456
4786.3824054153  85.38472
4786.55609832092  56.60577
4786.72979122653  91.92156
4786.90348413214  89.8476
4787.07717703775  128.1556
4787.25086994336  82.41553
4787.42456284897  64.85838
4787.59825575458  63.58531
4787.7719486602  86.29712
4787.94564156581  69.55069
4788.11933447142  48.50884
4788.29302737703  76.39737
4788.46672028264  75.13467
4788.64041318825  74.23836
4788.81410609386  72.57893
4788.98779899948  50.37902
4789.16149190509  69.25189
4789.3351848107  58.29447
4789.50887771631  50.55157
4789.68257062192  105.6296
4789.85626352753  96.14295
4790.02995643314  77.0027
4790.20364933876  60.40619
4790.37734224437  73.55529
4790.55103514998  93.20309
4790.72472805559  64.15926
4790.8984209612  29.4005
4791.07211386681  74.3012
4791.24580677242  114.2194
4791.41949967804  100.6074
4791.59319258365  82.13167
4791.76688548926  83.13087
4791.94057839487  95.84406
4792.11427130048  88.52986
4792.28796420609  69.5246
4792.4616571117  55.30907
4792.63535001731  58.73058
4792.80904292293  85.09307
4792.98273582854  76.57483
4793.15642873415  103.1853
4793.33012163976  128.2431
4793.50381454537  137.1093
4793.67750745098  94.63593
4793.85120035659  131.0045
4794.02489326221  115.5414
4794.19858616782  108.9334
4794.37227907343  108.3311
4794.54597197904  73.89778
4794.71966488465  93.61924
4794.89335779026  87.94215
4795.06705069587  61.18694
4795.24074360148  72.26494
4795.4144365071  95.63592
4795.58812941271  133.534
4795.76182231832  140.1899
4795.93551522393  142.9134
4796.10920812954  95.42887
4796.28290103515  109.9598
4796.45659394076  121.6859
4796.63028684638  76.777
4796.80397975199  87.72135
4796.9776726576  93.99441
4797.15136556321  90.02953
4797.32505846882  91.55922
4797.49875137443  75.65573
4797.67244428004  68.70796
4797.84613718566  90.05154
4798.01983009127  85.21868
4798.19352299688  104.3962
4798.36721590249  124.5647
4798.5409088081  95.94901
4798.71460171371  114.8103
4798.88829461932  120.578
4799.06198752493  104.6286
4799.23568043055  85.81827
4799.40937333616  106.6154
4799.58306624177  97.44284
4799.75675914738  121.9348
4799.93045205299  94.30029
4800.1041449586  63.15243
4800.27783786422  69.0101
4800.45153076983  88.45821
4800.62522367544  123.0299
4800.79891658105  103.355
4800.97260948666  97.5074
4801.14630239227  116.6199
4801.31999529788  146.2999
4801.49368820349  143.3702
4801.66738110911  110.3224
4801.84107401472  118.1995
4802.01476692033  105.7601
4802.18845982594  151.0296
4802.36215273155  154.8618
4802.53584563716  128.0502
4802.70953854277  120.485
4802.88323144839  105.5156
4803.056924354  78.2263
4803.23061725961  122.7622
4803.40431016522  158.2559
4803.57800307083  175.3142
4803.75169597644  149.5654
4803.92538888205  135.9128
4804.09908178766  105.3197
4804.27277469328  92.27618
4804.44646759889  102.886
4804.6201605045  98.2188
4804.79385341011  96.68804
4804.96754631572  113.8219
4805.14123922133  121.3474
4805.31493212695  104.4292
4805.48862503256  105.367
4805.66231793817  102.3918
4805.83601084378  137.9922
4806.00970374939  120.9079
4806.183396655  105.984
4806.35708956061  118.5045
4806.53078246622  122.4541
4806.70447537184  137.3483
4806.87816827745  121.8696
4807.05186118306  107.1933
4807.22555408867  100.7446
4807.39924699428  86.27714
4807.57293989989  112.1669
4807.7466328055  134.7891
4807.92032571111  152.6097
4808.09401861673  150.285
4808.26771152234  126.4659
4808.44140442795  132.411
4808.61509733356  144.4752
4808.78879023917  137.5824
4808.96248314478  137.9388
4809.13617605039  168.5812
4809.309868956  106.2408
4809.48356186162  122.4898
4809.65725476723  100.9129
4809.83094767284  156.9458
4810.00464057845  166.1217
4810.17833348406  129.887
4810.35202638967  120.4749
4810.52571929529  179.2931
4810.6994122009  150.5767
4810.87310510651  115.7285
4811.04679801212  128.8516
4811.22049091773  145.6076
4811.39418382334  139.735
4811.56787672895  135.5535
4811.74156963457  107.2548
4811.91526254018  94.51007
4812.08895544579  130.1921
4812.2626483514  134.6546
4812.43634125701  107.0217
4812.61003416262  106.2661
4812.78372706823  140.2798
4812.95741997384  118.1726
4813.13111287946  139.8801
4813.30480578507  138.3156
4813.47849869068  137.5023
4813.65219159629  113.2411
4813.8258845019  112.0785
4813.99957740751  130.3703
4814.17327031313  132.1235
4814.34696321873  139.9578
4814.52065612435  146.538
4814.69434902996  141.9004
4814.86804193557  132.5277
4815.04173484118  167.4181
4815.21542774679  156.4112
4815.3891206524  140.8896
4815.56281355802  115.9078
4815.73650646363  137.6755
4815.91019936924  184.9329
4816.08389227485  142.107
4816.25758518046  120.6337
4816.43127808607  136.5272
4816.60497099168  137.0042
4816.77866389729  133.2551
4816.95235680291  160.6382
4817.12604970852  148.5926
4817.29974261413  129.3591
4817.47343551974  143.0055
4817.64712842535  191.3345
4817.82082133096  148.8732
4817.99451423657  140.7688
4818.16820714219  169.0617
4818.3419000478  177.6064
4818.51559295341  183.8785
4818.68928585902  169.5521
4818.86297876463  133.152
4819.03667167024  152.8489
4819.21036457585  132.1004
4819.38405748147  158.1644
4819.55775038708  195.3356
4819.73144329269  154.022
4819.9051361983  153.0397
4820.07882910391  151.3959
4820.25252200952  145.8305
4820.42621491513  184.0216
4820.59990782075  178.7004
4820.77360072636  168.0508
4820.94729363197  149.6141
4821.12098653758  153.6916
4821.29467944319  172.4665
4821.4683723488  139.6359
4821.64206525441  145.6692
4821.81575816002  174.3313
4821.98945106564  186.7935
4822.16314397125  140.5156
4822.33683687686  139.0627
4822.51052978247  145.5167
4822.68422268808  143.081
4822.85791559369  148.0956
4823.0316084993  168.8143
4823.20530140492  120.5803
4823.37899431053  147.8801
4823.55268721614  150.6454
4823.72638012175  189.3264
4823.90007302736  173.8994
4824.07376593297  144.7134
4824.24745883858  155.9323
4824.42115174419  149.6206
4824.59484464981  156.5778
4824.76853755542  173.2972
4824.94223046103  186.6301
4825.11592336664  176.9143
4825.28961627225  171.3756
4825.46330917786  171.6827
4825.63700208347  113.3127
4825.81069498909  126.9193
4825.9843878947  150.8071
4826.15808080031  140.5937
4826.33177370592  154.9645
4826.50546661153  159.7199
4826.67915951714  176.0485
4826.85285242275  149.611
4827.02654532837  229.8009
4827.20023823398  174.6051
4827.37393113959  144.7852
4827.5476240452  166.8424
4827.72131695081  183.0127
4827.89500985642  187.9926
4828.06870276203  193.5569
4828.24239566765  163.16
4828.41608857326  168.2502
4828.58978147887  186.3227
4828.76347438448  200.6108
4828.93716729009  204.7205
4829.1108601957  181.5185
4829.28455310131  188.6884
4829.45824600692  180.2029
4829.63193891254  181.5332
4829.80563181815  204.1567
4829.97932472376  168.2669
4830.15301762937  190.3769
4830.32671053498  211.8667
4830.50040344059  167.5067
4830.6740963462  187.2804
4830.84778925182  205.2419
4831.02148215743  193.3493
4831.19517506304  145.1326
4831.36886796865  124.3013
4831.54256087426  136.8833
4831.71625377987  183.3233
4831.88994668548  190.8984
4832.0636395911  135.2342
4832.23733249671  110.8747
4832.41102540232  178.2686
4832.58471830793  187.2848
4832.75841121354  175.2827
4832.93210411915  153.7255
4833.10579702476  200.702
4833.27948993037  206.7856
4833.45318283599  184.9897
4833.6268757416  172.2283
4833.80056864721  115.8667
4833.97426155282  161.2326
4834.14795445843  191.6284
4834.32164736404  169.4342
4834.49534026965  192.7255
4834.66903317527  169.2066
4834.84272608088  175.7028
4835.01641898649  221.9041
4835.1901118921  171.4695
4835.36380479771  193.5162
4835.53749770332  209.3287
4835.71119060893  183.6453
4835.88488351455  187.2585
4836.05857642016  191.105
4836.23226932577  167.011
4836.40596223138  139.6671
4836.57965513699  181.9413
4836.7533480426  200.5662
4836.92704094821  176.6443
4837.10073385383  213.8188
4837.27442675944  222.7827
4837.44811966505  209.284
4837.62181257066  202.5497
4837.79550547627  174.485
4837.96919838188  189.3694
4838.14289128749  178.216
4838.3165841931  199.4486
4838.49027709872  192.9716
4838.66397000433  179.1662
4838.83766290994  209.2041
4839.01135581555  201.9917
4839.18504872116  156.4256
4839.35874162677  228.3371
4839.53243453238  182.1241
4839.706127438  171.1735
4839.87982034361  149.4593
4840.05351324922  240.894
4840.22720615483  200.8325
4840.40089906044  196.6778
4840.57459196605  221.5528
4840.74828487166  230.4066
4840.92197777727  208.793
4841.09567068289  175.6189
4841.2693635885  216.6823
4841.44305649411  153.7892
4841.61674939972  199.889
4841.79044230533  232.7045
4841.96413521094  211.3015
4842.13782811656  215.8981
4842.31152102217  255.8237
4842.48521392778  184.3818
4842.65890683339  189.5659
4842.832599739  202.0779
4843.00629264461  222.4557
4843.17998555022  201.7325
4843.35367845583  180.5928
4843.52737136145  173.005
4843.70106426706  199.5029
4843.87475717267  215.6132
4844.04845007828  216.2747
4844.22214298389  216.6465
4844.3958358895  208.8571
4844.56952879511  192.6911
4844.74322170073  190.2443
4844.91691460634  203.8745
4845.09060751195  224.1148
4845.26430041756  257.8197
4845.43799332317  246.5368
4845.61168622878  207.9041
4845.78537913439  213.5869
4845.95907204  242.3978
4846.13276494562  224.6458
4846.30645785123  205.6404
4846.48015075684  231.887
4846.65384366245  268.8726
4846.82753656806  217.5885
4847.00122947367  227.9891
4847.17492237928  235.6965
4847.3486152849  206.8255
4847.52230819051  211.9387
4847.69600109612  225.4506
4847.86969400173  216.7731
4848.04338690734  212.3323
4848.21707981295  209.4058
4848.39077271856  187.4303
4848.56446562418  220.2719
4848.73815852979  226.6676
4848.9118514354  223.4693
4849.08554434101  213.686
4849.25923724662  204.6974
4849.43293015223  180.267
4849.60662305784  166.4206
4849.78031596346  240.6683
4849.95400886907  238.0376
4850.12770177468  201.2805
4850.30139468029  220.5845
4850.4750875859  205.8907
4850.64878049151  188.7737
4850.82247339712  256.8449
4850.99616630273  251.8559
4851.16985920835  252.4505
4851.34355211396  272.1066
4851.51724501957  217.7642
4851.69093792518  198.296
4851.86463083079  252.3879
4852.0383237364  266.0379
4852.21201664201  290.8993
4852.38570954763  278.3688
4852.55940245324  289.0794
4852.73309535885  249.4743
4852.90678826446  229.9474
4853.08048117007  281.05
4853.25417407568  298.6413
4853.42786698129  307.4082
4853.60155988691  289.8721
4853.77525279252  263.7144
4853.94894569813  238.4069
4854.12263860374  273.302
4854.29633150935  271.0104
4854.47002441496  284.9054
4854.64371732057  277.9927
4854.81741022618  273.874
4854.9911031318  244.1899
4855.16479603741  288.7485
4855.33848894302  325.0809
4855.51218184863  303.5624
4855.68587475424  259.8634
4855.85956765985  254.7294
4856.03326056547  272.8907
4856.20695347108  284.0242
4856.38064637669  291.8825
4856.5543392823  247.046
4856.72803218791  240.1881
4856.90172509352  286.1016
4857.07541799913  332.4293
4857.24911090474  292.9108
4857.42280381036  269.1341
4857.59649671597  272.2629
4857.77018962158  294.2582
4857.94388252719  305.7589
4858.1175754328  287.5166
4858.29126833841  272.9826
4858.46496124402  267.4805
4858.63865414964  258.3288
4858.81234705525  248.4017
4858.98603996086  291.2421
4859.15973286647  274.039
4859.33342577208  314.2978
4859.50711867769  347.9637
4859.6808115833  306.8344
4859.85450448891  319.5528
4860.02819739453  352.0059
4860.20189030014  312.724
4860.37558320575  340.2028
4860.54927611136  328.4465
4860.72296901697  294.9052
4860.89666192258  324.8924
4861.0703548282  301.6927
4861.24404773381  304.4385
4861.41774063942  312.0986
4861.59143354503  316.0074
4861.76512645064  320.5934
4861.93881935625  313.5154
4862.11251226186  310.8582
4862.28620516747  292.3581
4862.45989807309  316.9906
4862.6335909787  347.649
4862.80728388431  315.8497
4862.98097678992  348.1191
4863.15466969553  332.6933
4863.32836260114  263.739
4863.50205550675  317.902
4863.67574841236  328.0998
4863.84944131798  300.8858
4864.02313422359  290.0828
4864.1968271292  316.3954
4864.37052003481  317.2635
4864.54421294042  345.3871
4864.71790584603  337.9956
4864.89159875165  317.6725
4865.06529165726  334.7963
4865.23898456287  313.8952
4865.41267746848  320.961
4865.58637037409  325.0192
4865.7600632797  363.2795
4865.93375618531  358.4411
4866.10744909092  326.9312
4866.28114199654  363.9311
4866.45483490215  370.6866
4866.62852780776  306.5782
4866.80222071337  326.8454
4866.97591361898  340.6306
4867.14960652459  313.3181
4867.3232994302  322.516
4867.49699233581  312.8733
4867.67068524143  345.4851
4867.84437814704  336.3607
4868.01807105265  285.2257
4868.19176395826  293.9041
4868.36545686387  290.0193
4868.53914976948  285.7383
4868.71284267509  318.6258
4868.88653558071  290.9073
4869.06022848632  309.4467
4869.23392139193  330.1893
4869.40761429754  296.3546
4869.58130720315  278.7695
4869.75500010876  259.986
4869.92869301437  289.0289
4870.10238591999  273.3796
4870.2760788256  270.3401
4870.44977173121  287.2191
4870.62346463682  247.1574
4870.79715754243  268.8811
4870.97085044804  319.1
4871.14454335365  254.0307
4871.31823625926  233.0055
4871.49192916488  260.5312
4871.66562207049  285.4788
4871.8393149761  275.8137
4872.01300788171  255.117
4872.18670078732  207.2781
4872.36039369293  233.003
4872.53408659854  275.9321
4872.70777950416  272.1194
4872.88147240977  265.0885
4873.05516531538  258.7026
4873.22885822099  276.5018
4873.4025511266  306.2704
4873.57624403221  182.6916
4873.74993693782  242.8098
4873.92362984344  233.4681
4874.09732274905  170.1425
4874.27101565466  215.3454
4874.44470856027  226.4338
4874.61840146588  258.2886
4874.79209437149  210.1044
4874.9657872771  232.1238
4875.13948018272  236.0582
4875.31317308833  264.6425
4875.48686599394  179.2073
4875.66055889955  237.2316
4875.83425180516  254.4509
4876.00794471077  232.2646
4876.18163761638  224.1668
4876.35533052199  257.811
4876.52902342761  240.1632
4876.70271633322  247.2603
4876.87640923883  264.764
4877.05010214444  220.8596
4877.22379505005  198.8004
4877.39748795566  179.0314
4877.57118086127  220.1227
4877.74487376689  233.2254
4877.9185666725  200.8691
4878.09225957811  247.3511
4878.26595248372  263.3222
4878.43964538933  274.4808
4878.61333829494  270.8296
4878.78703120055  216.2998
4878.96072410617  222.4951
4879.13441701178  244.5569
4879.30810991739  282.6643
4879.481802823  262.2917
4879.65549572861  227.7161
4879.82918863422  228.512
4880.00288153983  232.0592
4880.17657444544  222.6416
4880.35026735106  228.6119
4880.52396025667  212.5748
4880.69765316228  200.9433
4880.87134606789  217.0985
4881.0450389735  216.6872
4881.21873187911  221.6281
4881.39242478472  194.8943
4881.56611769034  174.9709
4881.73981059595  233.6013
4881.91350350156  245.0424
4882.08719640717  178.4772
4882.26088931278  192.8746
4882.43458221839  220.4351
4882.608275124  216.1396
4882.78196802962  204.7435
4882.95566093523  185.2521
4883.12935384084  187.9511
4883.30304674645  228.6815
4883.47673965206  237.9546
4883.65043255767  219.464
4883.82412546328  209.7773
4883.9978183689  249.3255
4884.17151127451  226.2183
4884.34520418012  200.9751
4884.51889708573  198.9675
4884.69258999134  201.728
4884.86628289695  159.9892
4885.03997580256  212.0553
4885.21366870817  223.697
4885.38736161379  190.1475
4885.5610545194  180.5056
4885.73474742501  243.0668
4885.90844033062  240.3711
4886.08213323623  220.2939
4886.25582614184  213.766
4886.42951904745  200.3123
4886.60321195307  213.7208
4886.77690485868  178.6756
4886.95059776429  199.0913
4887.1242906699  225.0688
4887.29798357551  193.2321
4887.47167648112  204.8435
4887.64536938673  179.6562
4887.81906229235  188.3667
4887.99275519796  201.6487
4888.16644810357  197.905
4888.34014100918  213.5236
4888.51383391479  219.3187
4888.6875268204  181.8165
4888.86121972601  173.7056
4889.03491263163  245.6599
4889.20860553724  233.9851
4889.38229844285  181.0832
4889.55599134846  183.6955
4889.72968425407  210.29
4889.90337715968  225.8163
4890.07707006529  198.1942
4890.2507629709  196.956
4890.42445587652  206.3466
4890.59814878213  187.8888
4890.77184168774  182.6468
4890.94553459335  191.2498
4891.11922749896  187.6845
4891.29292040457  196.238
4891.46661331018  177.7743
4891.6403062158  195.1796
4891.81399912141  199.9816
4891.98769202702  207.7111
4892.16138493263  196.7601
4892.33507783824  211.6404
4892.50877074385  207.4797
4892.68246364946  192.993
4892.85615655507  207.1066
4893.02984946069  215.0124
4893.2035423663  172.4451
4893.37723527191  152.7992
4893.55092817752  199.0476
4893.72462108313  175.5315
4893.89831398874  205.5732
4894.07200689435  216.5515
4894.24569979997  197.1787
4894.41939270558  232.4772
4894.59308561119  190.455
4894.7667785168  177.7657
4894.94047142241  187.8751
4895.11416432802  203.6753
4895.28785723363  208.0745
4895.46155013925  149.7449
4895.63524304486  161.4384
4895.80893595047  181.7852
4895.98262885608  179.0518
4896.15632176169  171.1166
4896.3300146673  173.173
4896.50370757291  178.74
4896.67740047853  213.1409
4896.85109338414  183.7816
4897.02478628975  133.1544
4897.19847919536  150.1981
4897.37217210097  179.537
4897.54586500658  163.8062
4897.71955791219  161.2168
4897.8932508178  174.0023
4898.06694372342  186.5833
4898.24063662903  186.6389
4898.41432953464  145.0814
4898.58802244025  161.8811
4898.76171534586  165.9146
4898.93540825147  169.4407
4899.10910115708  201.0424
4899.28279406269  178.3085
4899.45648696831  182.2584
4899.63017987392  171.9645
4899.80387277953  152.6525
4899.97756568514  136.4278
4900.15125859075  159.9232
4900.32495149636  144.9963
4900.49864440197  170.1232
4900.67233730759  165.5466
4900.8460302132  120.1655
4901.01972311881  166.1789
4901.19341602442  210.7654
4901.36710893003  145.9274
4901.54080183564  146.8516
4901.71449474125  183.4364
4901.88818764687  148.8253
4902.06188055248  181.0896
4902.23557345809  179.8121
4902.4092663637  152.2937
4902.58295926931  172.6043
4902.75665217492  170.8857
4902.93034508053  135.782
4903.10403798615  182.6731
4903.27773089176  178.2861
4903.45142379737  169.84
4903.62511670298  166.0907
4903.79880960859  158.798
4903.9725025142  173.2768
4904.14619541981  162.8077
4904.31988832542  160.7232
4904.49358123104  150.4091
4904.66727413665  173.9717
4904.84096704226  155.6831
4905.01465994787  144.6853
4905.18835285348  135.1742
4905.36204575909  130.3931
4905.5357386647  139.7637
4905.70943157032  158.9042
4905.88312447593  166.7505
4906.05681738154  155.2365
4906.23051028715  154.1142
4906.40420319276  156.3427
4906.57789609837  153.5158
4906.75158900398  156.3731
4906.9252819096  142.9108
4907.09897481521  124.6196
4907.27266772082  99.99633
4907.44636062643  128.8889
4907.62005353204  163.4239
4907.79374643765  151.3319
4907.96743934326  126.371
4908.14113224888  129.1631
4908.31482515449  170.1028
4908.4885180601  148.4408
4908.66221096571  147.2969
4908.83590387132  144.1105
4909.00959677693  136.7879
4909.18328968254  143.0397
4909.35698258815  155.326
4909.53067549377  156.5223
4909.70436839938  128.4769
4909.87806130499  175.9097
4910.0517542106  172.6154
4910.22544711621  144.017
4910.39914002182  137.8688
4910.57283292743  147.4097
4910.74652583305  144.0228
4910.92021873866  119.699
4911.09391164427  145.7943
4911.26760454988  156.4801
4911.44129745549  127.2509
4911.6149903611  121.1943
4911.78868326671  139.9807
4911.96237617233  151.0482
4912.13606907794  171.7594
4912.30976198355  153.3207
4912.48345488916  142.2425
4912.65714779477  166.2045
4912.83084070038  129.6352
4913.00453360599  119.4516
4913.17822651161  134.5173
4913.35191941722  122.3054
4913.52561232283  134.2828
4913.69930522844  135.7987
4913.87299813405  132.8796
4914.04669103966  153.7919
4914.22038394527  141.9896
4914.39407685088  105.1647
4914.5677697565  122.7835
4914.74146266211  109.2378
4914.91515556772  135.6366
4915.08884847333  125.0444
4915.26254137894  107.6878
4915.43623428455  74.65557
4915.60992719016  113.8057
4915.78362009577  131.5424
4915.95731300139  129.0634
4916.131005907  117.4754
4916.30469881261  123.6836
4916.47839171822  100.436
4916.65208462383  119.5659
4916.82577752944  169.1598
4916.99947043506  157.6806
4917.17316334067  105.0752
4917.34685624628  134.9229
4917.52054915189  145.1276
4917.6942420575  127.5839
4917.86793496311  153.3813
4918.04162786872  59.80561
4918.21532077434  86.49882
4918.38901367995  110.2977
4918.56270658556  121.8041
4918.73639949117  99.53006
4918.91009239678  89.91969
4919.08378530239  91.79832
4919.257478208  116.2113
4919.43117111361  124.3775
4919.60486401923  114.6666
4919.77855692484  122.6576
4919.95224983045  150.4514
4920.12594273606  137.783
4920.29963564167  142.1982
4920.47332854728  159.5693
4920.6470214529  127.0565
4920.8207143585  142.8828
4920.99440726412  150.1082
4921.16810016973  107.5013
4921.34179307534  118.6442
4921.51548598095  111.0448
4921.68917888656  119.9031
4921.86287179217  119.26
4922.03656469779  78.46117
4922.2102576034  75.65818
4922.38395050901  81.97516
4922.55764341462  113.7276
4922.73133632023  103.9846
4922.90502922584  93.79649
4923.07872213145  109.0859
4923.25241503706  111.914
4923.42610794268  89.2365
4923.59980084829  157.2016
4923.7734937539  119.1861
4923.94718665951  84.93538
4924.12087956512  100.9522
4924.29457247073  110.7358
4924.46826537634  91.8391
4924.64195828196  122.6934
4924.81565118757  122.6355
4924.98934409318  116.0415
4925.16303699879  96.50016
4925.3367299044  95.27251
4925.51042281001  88.41062
4925.68411571562  33.11933
4925.85780862124  49.22488
4926.03150152685  121.8119
4926.20519443246  108.5611
4926.37888733807  77.69214
4926.55258024368  62.20522
4926.72627314929  67.88527
4926.8999660549  80.78399
4927.07365896051  69.06329
4927.24735186613  65.02917
4927.42104477174  107.0384
4927.59473767735  96.78037
4927.76843058296  100.0307
4927.94212348857  86.69261
4928.11581639418  75.1134
4928.28950929979  61.29065
4928.46320220541  54.41705
4928.63689511102  69.73807
4928.81058801663  117.1764
4928.98428092224  90.0227
4929.15797382785  65.83829
4929.33166673346  90.20069
4929.50535963907  99.87524
4929.67905254469  49.69117
4929.8527454503  92.54157
4930.02643835591  120.0835
4930.20013126152  81.30476
4930.37382416713  111.8078
4930.54751707274  106.1481
4930.72120997835  60.45496
4930.89490288397  66.10518
4931.06859578958  74.56087
4931.24228869519  101.1836
4931.4159816008  80.0146
4931.58967450641  53.70537
4931.76336741202  19.90077
4931.93706031763  44.74593
4932.11075322324  79.91269
4932.28444612886  80.39597
4932.45813903447  43.30396
4932.63183194008  58.8472
4932.80552484569  98.90064
4932.9792177513  97.96654
4933.15291065691  54.37935
4933.32660356252  81.3238
4933.50029646814  70.10033
4933.67398937375  87.17489
4933.84768227936  92.415
4934.02137518497  94.69753
4934.19506809058  72.24165
4934.36876099619  38.73655
4934.5424539018  54.16613
4934.71614680742  77.84029
4934.88983971303  42.25174
4935.06353261864  60.44363
4935.23722552425  47.18988
4935.41091842986  69.76457
4935.58461133547  86.25512
4935.75830424108  88.77185
4935.93199714669  35.54819
4936.10569005231  76.79478
4936.27938295792  83.29224
4936.45307586353  79.51408
4936.62676876914  87.61652
4936.80046167475  53.5409
4936.97415458036  19.09918
4937.14784748597  64.99431
4937.32154039159  43.82751
4937.4952332972  14.33579
4937.66892620281  -15.39658
4937.84261910842  17.29169
4938.01631201403  50.93617
4938.19000491964  83.58215
4938.36369782525  49.79025
4938.53739073086  36.25681
4938.71108363648  34.38761
4938.88477654209  32.73173
4939.0584694477  30.51624
4939.23216235331  60.78466
4939.40585525892  60.4141
4939.57954816453  60.64542
4939.75324107015  38.42502
4939.92693397576  54.2029
4940.10062688137  62.27363
4940.27431978698  69.15104
4940.44801269259  19.27296
4940.6217055982  36.45449
4940.79539850381  33.66447
4940.96909140942  34.23447
4941.14278431504  41.36928
4941.31647722065  44.34795
4941.49017012626  48.51493
4941.66386303187  61.54396
4941.83755593748  39.49448
4942.01124884309  36.99731
4942.1849417487  25.4604
4942.35863465432  40.09341
4942.53232755993  51.65518
4942.70602046554  31.19879
4942.87971337115  15.07151
4943.05340627676  46.32491
4943.22709918237  51.33565
4943.40079208798  60.61549
4943.57448499359  29.82794
4943.74817789921  10.36156
4943.92187080482  49.06957
4944.09556371043  33.49955
4944.26925661604  33.78594
4944.44294952165  27.74227
4944.61664242726  35.33689
4944.79033533287  29.73027
4944.96402823849  40.96915
4945.1377211441  33.95782
4945.31141404971  24.95529
4945.48510695532  16.77242
4945.65879986093  -7.76351
