4768.0868360235  -32.11737
4768.26048704112  17.18376
4768.43413805873  -4.359791
4768.60778907635  -17.69146
4768.78144009397  -8.342384
4768.95509111158  -20.23201
4769.1287421292  -8.018747
4769.30239314681  5.520417
4769.47604416443  -6.971295
4769.64969518205  10.92547
4769.82334619966  11.01389
4769.99699721728  -23.7241
4770.17064823489  21.30691
4770.34429925251  -9.741977
4770.51795027013  -0.6017867
4770.69160128774  21.48037
4770.86525230536  25.74648
4771.03890332298  54.58608
4771.21255434059  23.99862
4771.38620535821  -21.6345
4771.55985637582  18.72479
4771.73350739344  24.95361
4771.90715841106  -16.04155
4772.08080942867  12.32243
4772.25446044629  12.07625
4772.42811146391  -4.372205
4772.60176248152  20.31559
4772.77541349914  44.39329
4772.94906451675  -14.94761
4773.12271553437  -16.48785
4773.29636655199  5.669062
4773.4700175696  11.02059
4773.64366858722  -5.860273
4773.81731960484  0.6067761
4773.99097062245  7.199857
4774.16462164007  5.207455
4774.33827265768  7.21698
4774.5119236753  -7.347649
4774.68557469292  9.393139
4774.85922571053  8.938569
4775.03287672815  39.91171
4775.20652774576  13.35533
4775.38017876338  23.48071
4775.553829781  17.33709
4775.72748079861  31.83627
4775.90113181623  36.69897
4776.07478283385  22.83034
4776.24843385146  -6.383581
4776.42208486908  -9.360598
4776.59573588669  13.53939
4776.76938690431  12.11981
4776.94303792193  12.12896
4777.11668893954  11.48315
4777.29033995716  33.08497
4777.46399097478  54.49022
4777.63764199239  9.696254
4777.81129301001  -16.25713
4777.98494402762  -3.085814
4778.15859504524  28.44818
4778.33224606286  14.47055
4778.50589708047  17.63538
4778.67954809809  34.20104
4778.85319911571  0.3221498
4779.02685013332  -15.42303
4779.20050115094  1.466643
4779.37415216855  -19.51331
4779.54780318617  -17.70629
4779.72145420379  4.440789
4779.8951052214  17.3281
4780.06875623902  6.911632
4780.24240725664  -4.180879
4780.41605827425  28.54914
4780.58970929187  19.47952
4780.76336030948  10.90154
4780.9370113271  11.36665
4781.11066234472  10.28635
4781.28431336233  4.361403
4781.45796437995  5.82104
4781.63161539756  18.4414
4781.80526641518  19.32506
4781.9789174328  20.30456
4782.15256845041  15.80533
4782.32621946803  22.09212
4782.49987048565  20.69936
4782.67352150326  -10.97795
4782.84717252088  -17.14998
4783.02082353849  -6.757497
4783.19447455611  -22.65435
4783.36812557373  -23.74402
4783.54177659134  -12.48951
4783.71542760896  -3.101793
4783.88907862657  12.96138
4784.06272964419  9.570174
4784.23638066181  5.201022
4784.41003167942  20.54875
4784.58368269704  8.23888
4784.75733371466  16.56676
4784.93098473227  26.11479
4785.10463574989  -3.204465
4785.27828676751  7.664124
4785.45193778512  33.05415
4785.62558880274  19.78221
4785.79923982035  -16.61702
4785.97289083797  -40.4779
4786.14654185558  15.3885
4786.3201928732  30.22642
4786.49384389082  10.23524
4786.66749490843  32.57406
4786.84114592605  19.48521
4787.01479694367  4.445811
4787.18844796128  24.09577
4787.3620989789  13.01432
4787.53574999652  31.13424
4787.70940101413  -15.6353
4787.88305203175  35.92417
4788.05670304936  15.27013
4788.23035406698  -27.25707
4788.4040050846  -47.0687
4788.57765610221  -26.68191
4788.75130711983  28.96375
4788.92495813744  39.69961
4789.09860915506  -3.698385
4789.27226017268  5.26115
4789.44591119029  19.70011
4789.61956220791  7.715034
4789.79321322553  33.20789
4789.96686424314  15.00693
4790.14051526076  7.157434
4790.31416627837  10.37929
4790.48781729599  27.64601
4790.66146831361  8.304058
4790.83511933122  11.92691
4791.00877034884  31.61925
4791.18242136646  29.5855
4791.35607238407  5.295629
4791.52972340169  11.48476
4791.7033744193  32.12968
4791.87702543692  -5.779955
4792.05067645454  -2.55802
4792.22432747215  29.11735
4792.39797848977  1.792732
4792.57162950739  3.3324
4792.745280525  27.24119
4792.91893154262  47.00375
4793.09258256023  38.60601
4793.26623357785  -4.025709
4793.43988459547  -7.610192
4793.61353561308  36.72624
4793.7871866307  1.350229
4793.96083764832  1.458676
4794.13448866593  -27.47034
4794.30813968355  -34.12077
4794.48179070116  -4.864498
4794.65544171878  14.52935
4794.8290927364  -0.3289895
4795.00274375401  -2.49918
4795.17639477163  16.94578
4795.35004578924  27.30076
4795.52369680686  36.60931
4795.69734782448  14.24829
4795.87099884209  -10.23629
4796.04464985971  1.723186
4796.21830087733  9.191759
4796.39195189494  5.818076
4796.56560291256  1.649174
4796.73925393017  1.317623
4796.91290494779  25.32914
4797.08655596541  2.090981
4797.26020698302  37.62455
4797.43385800064  38.84877
4797.60750901826  34.00838
4797.78116003587  21.31158
4797.95481105349  -1.854449
4798.1284620711  25.83918
4798.30211308872  65.26718
4798.47576410634  51.83101
4798.64941512395  3.488044
4798.82306614157  -1.555846
4798.99671715919  11.54989
4799.1703681768  -0.734437
4799.34401919442  22.83263
4799.51767021203  31.58026
4799.69132122965  46.76104
4799.86497224727  55.54854
4800.03862326488  -12.70584
4800.2122742825  -11.41896
4800.38592530011  13.75185
4800.55957631773  40.07692
4800.73322733535  56.14061
4800.90687835296  39.10228
4801.08052937058  17.67466
4801.2541803882  39.07919
4801.42783140581  44.66789
4801.60148242343  15.59112
4801.77513344105  33.77873
4801.94878445866  59.28701
4802.12243547628  67.1614
4802.29608649389  35.14797
4802.46973751151  5.065879
4802.64338852913  40.0924
4802.81703954674  42.77847
4802.99069056436  6.671306
4803.16434158197  6.130119
4803.33799259959  14.72486
4803.51164361721  23.62029
4803.68529463482  34.96708
4803.85894565244  24.05366
4804.03259667006  7.127837
4804.20624768767  14.27956
4804.37989870529  6.380183
4804.5535497229  23.29488
4804.72720074052  56.62374
4804.90085175814  26.64651
4805.07450277575  19.48912
4805.24815379337  40.31874
4805.42180481098  18.51908
4805.5954558286  29.69387
4805.76910684622  19.7388
4805.94275786383  6.272428
4806.11640888145  -2.027366
4806.29005989907  34.85473
4806.46371091668  7.553647
4806.6373619343  37.67054
4806.81101295191  14.66057
4806.98466396953  43.82409
4807.15831498715  32.90377
4807.33196600476  32.71696
4807.50561702238  47.51643
4807.67926804  53.13154
4807.85291905761  15.79012
4808.02657007523  -2.657467
4808.20022109284  26.01883
4808.37387211046  22.42221
4808.54752312808  22.31861
4808.72117414569  15.32643
4808.89482516331  13.94364
4809.06847618092  41.83228
4809.24212719854  0.5902635
4809.41577821616  -11.01447
4809.58942923377  -2.038068
4809.76308025139  22.95077
4809.93673126901  25.67328
4810.11038228662  33.29129
4810.28403330424  12.96281
4810.45768432186  21.76382
4810.63133533947  0.6340938
4810.80498635709  58.99155
4810.9786373747  52.28484
4811.15228839232  -0.2784704
4811.32593940994  -12.3078
4811.49959042755  19.56424
4811.67324144517  39.77413
4811.84689246278  33.93126
4812.0205434804  37.8742
4812.19419449802  35.00582
4812.36784551563  22.35155
4812.54149653325  -14.12196
4812.71514755087  -2.10431
4812.88879856848  62.7564
4813.0624495861  51.53352
4813.23610060371  22.94649
4813.40975162133  -19.55286
4813.58340263895  10.41455
4813.75705365656  67.71353
4813.93070467418  46.37778
4814.1043556918  -7.494375
4814.27800670941  16.29482
4814.45165772703  34.45881
4814.62530874464  0.5140703
4814.79895976226  -15.65004
4814.97261077988  30.67435
4815.14626179749  24.60787
4815.31991281511  7.354636
4815.49356383273  -2.403944
4815.66721485034  -3.594057
4815.84086586796  21.66405
4816.01451688557  32.82142
4816.18816790319  41.68288
4816.36181892081  45.4284
4816.53546993842  42.46124
4816.70912095604  24.37341
4816.88277197365  20.67435
4817.05642299127  21.34665
4817.23007400889  31.44902
4817.4037250265  8.384701
4817.57737604412  -4.528264
4817.75102706174  36.19351
4817.92467807935  13.49398
4818.09832909697  12.49116
4818.27198011459  16.65302
4818.4456311322  27.22125
4818.61928214982  23.48837
4818.79293316743  7.211334
4818.96658418505  14.3478
4819.14023520267  20.55733
4819.31388622028  17.79112
4819.4875372379  9.455004
4819.66118825551  24.12987
4819.83483927313  19.13481
4820.00849029075  -2.401733
4820.18214130836  13.83797
4820.35579232598  34.35347
4820.5294433436  37.78394
4820.70309436121  34.01923
4820.87674537883  32.92183
4821.05039639644  29.40088
4821.22404741406  19.16679
4821.39769843168  11.77749
4821.57134944929  33.40357
4821.74500046691  23.6083
4821.91865148453  26.95291
4822.09230250214  28.59884
4822.26595351976  31.59321
4822.43960453737  16.29263
4822.61325555499  58.6952
4822.78690657261  51.25684
4822.96055759022  25.83789
4823.13420860784  -4.168952
4823.30785962545  27.70903
4823.48151064307  30.18308
4823.65516166069  6.953042
4823.8288126783  34.21717
4824.00246369592  36.02929
4824.17611471354  15.32586
4824.34976573115  26.61115
4824.52341674877  29.0376
4824.69706776638  26.0815
4824.870718784  9.581306
4825.04436980162  2.983905
4825.21802081923  13.42599
4825.39167183685  2.220716
4825.56532285446  18.14208
4825.73897387208  30.22177
4825.9126248897  44.35711
4826.08627590731  21.51278
4826.25992692493  23.83273
4826.43357794255  40.12231
4826.60722896016  22.35867
4826.78087997778  44.9607
4826.9545309954  26.07234
4827.12818201301  3.022381
4827.30183303063  18.6791
4827.47548404824  41.83621
4827.64913506586  57.03402
4827.82278608348  12.73963
4827.99643710109  8.987865
4828.17008811871  40.53978
4828.34373913632  28.65659
4828.51739015394  41.63717
4828.69104117156  35.7355
4828.86469218917  31.95838
4829.03834320679  18.60025
4829.21199422441  18.76522
4829.38564524202  28.11607
4829.55929625964  14.5339
4829.73294727725  17.99893
4829.90659829487  26.73319
4830.08024931249  53.79472
4830.2539003301  42.1083
4830.42755134772  36.02577
4830.60120236534  62.3557
4830.77485338295  38.28024
4830.94850440057  48.95898
4831.12215541818  22.75182
4831.2958064358  22.01626
4831.46945745342  40.81136
4831.64310847103  27.21165
4831.81675948865  29.23163
4831.99041050627  21.33422
4832.16406152388  40.07011
4832.3377125415  11.31677
4832.51136355911  5.020914
4832.68501457673  19.98293
4832.85866559435  19.67274
4833.03231661196  7.557224
4833.20596762958  69.65028
4833.37961864719  62.93804
4833.55326966481  24.8183
4833.72692068243  32.77429
4833.90057170004  50.75927
4834.07422271766  12.29382
4834.24787373528  28.09107
4834.42152475289  61.94328
4834.59517577051  52.92035
4834.76882678813  39.31654
4834.94247780574  12.30119
4835.11612882336  30.4605
4835.28977984097  30.56549
4835.46343085859  33.22482
4835.63708187621  50.8283
4835.81073289382  44.28505
4835.98438391144  31.4757
4836.15803492905  40.77238
4836.33168594667  72.45546
4836.50533696429  43.26505
4836.6789879819  19.20684
4836.85263899952  41.87366
4837.02629001714  43.80578
4837.19994103475  62.0621
4837.37359205237  55.6142
4837.54724306998  29.04266
4837.7208940876  19.02267
4837.89454510522  32.29043
4838.06819612283  58.60861
4838.24184714045  68.76323
4838.41549815807  40.04676
4838.58914917568  46.33876
4838.7628001933  19.87092
4838.93645121091  36.7409
4839.11010222853  53.83167
4839.28375324615  34.41716
4839.45740426376  24.85508
4839.63105528138  16.89774
4839.80470629899  47.03339
4839.97835731661  8.710651
4840.15200833423  1.503558
4840.32565935184  34.00207
4840.49931036946  10.52261
4840.67296138708  36.06411
4840.84661240469  33.68294
4841.02026342231  36.21983
4841.19391443992  30.29487
4841.36756545754  31.88776
4841.54121647516  28.88211
4841.71486749277  47.78519
4841.88851851039  69.12128
4842.062169528  49.58176
4842.23582054562  45.2718
4842.40947156324  49.43474
4842.58312258085  57.81818
4842.75677359847  31.26442
4842.93042461609  34.39571
4843.1040756337  41.1685
4843.27772665132  52.30046
4843.45137766894  41.52177
4843.62502868655  11.85625
4843.79867970417  23.50732
4843.97233072178  23.67474
4844.1459817394  -5.16159
4844.31963275702  28.8703
4844.49328377463  26.74418
4844.66693479225  5.100654
4844.84058580986  20.3943
4845.01423682748  20.3589
4845.1878878451  71.90054
4845.36153886271  85.94099
4845.53518988033  50.52561
4845.70884089795  67.59952
4845.88249191556  66.54672
4846.05614293318  38.15857
4846.22979395079  23.51972
4846.40344496841  37.9701
4846.57709598603  58.15397
4846.75074700364  63.76311
4846.92439802126  42.29319
4847.09804903887  46.61529
4847.27170005649  44.89462
4847.44535107411  25.84574
4847.61900209172  24.0592
4847.79265310934  40.83609
4847.96630412696  50.32526
4848.13995514457  36.75611
4848.31360616219  16.30586
4848.4872571798  26.25778
4848.66090819742  4.555018
4848.83455921504  34.02139
4849.00821023265  69.08408
4849.18186125027  14.96161
4849.35551226789  29.35071
4849.5291632855  34.03466
4849.70281430312  47.53086
4849.87646532073  51.62155
4850.05011633835  52.11554
4850.22376735597  37.49447
4850.39741837358  27.60062
4850.5710693912  47.4433
4850.74472040882  49.38342
4850.91837142643  -16.09712
4851.09202244405  42.00853
4851.26567346166  47.15728
4851.43932447928  41.92809
4851.6129754969  9.461291
4851.78662651451  29.17336
4851.96027753213  52.38245
4852.13392854975  74.7643
4852.30757956736  39.15178
4852.48123058498  49.30888
4852.65488160259  73.03291
4852.82853262021  45.35285
4853.00218363783  37.43973
4853.17583465544  63.58064
4853.34948567306  26.62038
4853.52313669068  71.40583
4853.69678770829  36.36152
4853.87043872591  24.09753
4854.04408974352  51.94945
4854.21774076114  69.97432
4854.39139177876  55.12275
4854.56504279637  68.6639
4854.73869381399  93.79333
4854.91234483161  66.87708
4855.08599584922  77.82261
4855.25964686684  96.20789
4855.43329788445  89.62682
4855.60694890207  101.2575
4855.78059991969  70.9176
4855.9542509373  88.75008
4856.12790195492  84.31557
4856.30155297253  41.88194
4856.47520399015  84.46832
4856.64885500777  67.49807
4856.82250602538  22.3981
4856.996157043  73.28984
4857.16980806062  109.2183
4857.34345907823  72.74193
4857.51711009585  54.21869
4857.69076111346  82.88556
4857.86441213108  108.3041
4858.0380631487  96.63634
4858.21171416631  99.14136
4858.38536518393  92.39081
4858.55901620154  87.01843
4858.73266721916  67.79227
4858.90631823678  53.97866
4859.07996925439  66.01418
4859.25362027201  107.4124
4859.42727128963  81.9068
4859.60092230724  52.73912
4859.77457332486  94.75764
4859.94822434248  82.97746
4860.12187536009  54.04058
4860.29552637771  65.42874
4860.46917739532  77.67506
4860.64282841294  88.30275
4860.81647943056  50.95547
4860.99013044817  88.34328
4861.16378146579  92.85487
4861.3374324834  66.05209
4861.51108350102  64.37665
4861.68473451864  110.9922
4861.85838553625  121.034
4862.03203655387  80.23615
4862.20568757149  95.05466
4862.3793385891  83.7271
4862.55298960672  71.22095
4862.72664062433  90.09586
4862.90029164195  127.0227
4863.07394265957  95.40947
4863.24759367718  50.43841
4863.4212446948  76.65816
4863.59489571242  106.7566
4863.76854673003  68.09079
4863.94219774765  53.91538
4864.11584876526  121.5639
4864.28949978288  108.2681
4864.4631508005  106.103
4864.63680181811  113.4678
4864.81045283573  83.97302
4864.98410385335  89.74438
4865.15775487096  93.3847
4865.33140588858  80.1106
4865.50505690619  93.50591
4865.67870792381  88.48227
4865.85235894143  59.48591
4866.02600995904  65.76395
4866.19966097666  99.79724
4866.37331199427  105.5415
4866.54696301189  102.537
4866.72061402951  52.42252
4866.89426504712  23.63321
4867.06791606474  55.57922
4867.24156708236  64.34581
4867.41521809997  64.82195
4867.58886911759  38.43452
4867.7625201352  80.0652
4867.93617115282  75.50753
4868.10982217044  58.84646
4868.28347318805  53.57091
4868.45712420567  52.71366
4868.63077522328  74.04184
4868.8044262409  73.37444
4868.97807725852  72.97739
4869.15172827613  56.24519
4869.32537929375  88.48407
4869.49903031137  66.84167
4869.67268132898  55.80655
4869.8463323466  54.76237
4870.01998336421  74.73875
4870.19363438183  62.57124
4870.36728539945  56.63394
4870.54093641706  57.90054
4870.71458743468  31.9478
4870.8882384523  44.51972
4871.06188946991  1.973045
4871.23554048753  65.99117
4871.40919150514  90.01781
4871.58284252276  77.95944
4871.75649354038  36.51318
4871.93014455799  44.3283
4872.10379557561  68.69857
4872.27744659323  24.28346
4872.45109761084  27.25343
4872.62474862846  28.62616
4872.79839964607  75.80907
4872.97205066369  87.41141
4873.14570168131  32.93168
4873.31935269892  62.81323
4873.49300371654  50.93905
4873.66665473416  -1.050701
4873.84030575177  22.04241
4874.01395676939  44.37136
4874.187607787  37.69093
4874.36125880462  53.10578
4874.53490982224  32.39034
4874.70856083985  37.5142
4874.88221185747  16.18062
4875.05586287509  26.45257
4875.2295138927  50.51243
4875.40316491032  86.99141
4875.57681592793  81.82733
4875.75046694555  58.8056
4875.92411796317  34.55169
4876.09776898078  14.57195
4876.2714199984  22.21485
4876.44507101602  60.72778
4876.61872203363  36.01936
4876.79237305125  16.95738
4876.96602406886  45.14477
4877.13967508648  22.66029
4877.3133261041  44.65171
4877.48697712171  35.95149
4877.66062813933  37.01097
4877.83427915694  60.56363
4878.00793017456  32.94904
4878.18158119218  20.77147
4878.35523220979  23.04985
4878.52888322741  2.958122
4878.70253424503  2.157637
4878.87618526264  45.00212
4879.04983628026  64.4566
4879.22348729787  25.98979
4879.39713831549  23.46935
4879.57078933311  13.45191
4879.74444035072  9.727544
4879.91809136834  17.99857
4880.09174238596  41.12642
4880.26539340357  47.12521
4880.43904442119  38.26973
4880.6126954388  34.9532
4880.78634645642  14.66833
4880.95999747404  69.93614
4881.13364849165  60.24702
4881.30729950927  -12.01056
4881.48095052689  1.282316
4881.6546015445  50.22457
4881.82825256212  48.04115
4882.00190357973  71.51319
4882.17555459735  65.18343
4882.34920561497  21.78041
4882.52285663258  28.12231
4882.6965076502  45.52243
4882.87015866781  49.03847
4883.04380968543  39.57177
4883.21746070305  65.5452
4883.39111172066  83.2254
4883.56476273828  37.99321
4883.7384137559  41.99746
4883.91206477351  29.18883
4884.08571579113  48.67211
4884.25936680874  13.07869
4884.43301782636  36.85271
4884.60666884398  19.91443
4884.78031986159  57.76089
4884.95397087921  58.85235
4885.12762189683  6.865396
4885.30127291444  0.5997955
4885.47492393206  21.68983
4885.64857494967  43.38523
4885.82222596729  30.77351
4885.99587698491  -8.482436
4886.16952800252  40.37737
4886.34317902014  19.60138
4886.51683003776  48.97011
4886.69048105537  53.55631
4886.86413207299  26.1651
4887.0377830906  10.16392
4887.21143410822  24.02848
4887.38508512584  37.09364
4887.55873614345  10.44886
4887.73238716107  33.35795
4887.90603817869  36.65369
4888.0796891963  -0.8762199
4888.25334021392  16.62819
4888.42699123153  5.940802
4888.60064224915  9.760236
4888.77429326677  54.0208
4888.94794428438  62.50161
4889.121595302  19.05033
4889.29524631961  24.55447
4889.46889733723  14.11202
4889.64254835485  -0.3560261
4889.81619937246  42.81136
4889.98985039008  66.95982
4890.16350140769  41.54007
4890.33715242531  26.23929
4890.51080344293  36.62304
4890.68445446054  24.7414
4890.85810547816  30.26071
4891.03175649578  20.88848
4891.20540751339  21.93541
4891.37905853101  29.10851
4891.55270954862  50.45756
4891.72636056624  75.53191
4891.90001158386  66.3363
4892.07366260147  39.5077
4892.24731361909  -12.30652
4892.42096463671  5.61612
4892.59461565432  33.69232
4892.76826667194  41.81248
4892.94191768956  32.19911
4893.11556870717  37.97348
4893.28921972479  47.70052
4893.4628707424  38.47268
4893.63652176002  24.41912
4893.81017277764  26.69438
4893.98382379525  20.44346
4894.15747481287  10.97932
4894.33112583049  3.368802
4894.5047768481  23.61047
4894.67842786572  49.39796
4894.85207888333  28.53297
4895.02572990095  22.04931
4895.19938091857  1.592379
4895.37303193618  22.19602
4895.5466829538  58.41908
4895.72033397141  24.00341
4895.89398498903  16.82571
4896.06763600665  33.0989
4896.24128702426  56.99685
4896.41493804188  -2.352732
4896.5885890595  -24.26206
4896.76224007711  17.83479
4896.93589109473  47.20026
4897.10954211234  35.66088
4897.28319312996  35.76022
4897.45684414758  18.90192
4897.63049516519  33.96894
4897.80414618281  29.65483
4897.97779720042  20.20396
4898.15144821804  -2.295336
4898.32509923566  26.47813
4898.49875025327  47.65892
4898.67240127089  55.85982
4898.84605228851  17.00097
4899.01970330612  24.74573
4899.19335432374  44.7136
4899.36700534135  37.79292
4899.54065635897  53.41135
4899.71430737659  33.67219
4899.8879583942  12.16862
4900.06160941182  59.95869
4900.23526042944  21.57568
4900.40891144705  6.368879
4900.58256246467  2.464586
4900.75621348228  42.26222
4900.9298644999  14.17828
4901.10351551752  37.57911
4901.27716653513  32.72432
4901.45081755275  38.01137
4901.62446857037  15.04136
4901.79811958798  17.44309
4901.9717706056  23.96675
4902.14542162321  28.14468
4902.31907264083  36.69361
4902.49272365845  -16.83676
4902.66637467606  -18.82207
4902.84002569368  39.51307
4903.01367671129  39.67279
4903.18732772891  -18.11141
4903.36097874653  13.03001
4903.53462976414  40.63129
4903.70828078176  38.57694
4903.88193179938  14.94634
4904.05558281699  20.20804
4904.22923383461  37.16709
4904.40288485222  11.40488
4904.57653586984  13.2997
4904.75018688746  30.70918
4904.92383790507  33.78924
4905.09748892269  27.71695
4905.27113994031  20.5774
4905.44479095792  25.41508
4905.61844197554  37.90992
4905.79209299315  18.67123
4905.96574401077  15.97151
4906.13939502839  3.765668
4906.313046046  21.96482
4906.48669706362  7.625659
4906.66034808124  18.12281
4906.83399909885  37.06563
4907.00765011647  7.542441
4907.18130113408  7.467828
4907.3549521517  -4.969863
4907.52860316932  -10.09379
4907.70225418693  3.196467
4907.87590520455  -2.686239
4908.04955622217  38.75704
4908.22320723978  27.12894
4908.3968582574  43.88248
4908.57050927501  29.41079
4908.74416029263  22.54575
4908.91781131025  21.68833
4909.09146232786  26.88202
4909.26511334548  12.99871
4909.4387643631  21.60072
4909.61241538071  45.91383
4909.78606639833  22.44704
4909.95971741594  44.0845
4910.13336843356  45.73286
4910.30701945118  -3.619401
4910.48067046879  10.99862
4910.65432148641  37.83649
4910.82797250402  62.89863
4911.00162352164  30.69296
4911.17527453926  25.6733
4911.34892555687  45.62514
4911.52257657449  41.61583
4911.69622759211  33.85511
4911.86987860972  41.17194
4912.04352962734  34.60495
4912.21718064495  9.112595
4912.39083166257  20.56321
4912.56448268019  25.489
4912.7381336978  23.43783
4912.91178471542  21.89541
4913.08543573304  42.14064
4913.25908675065  42.11324
4913.43273776827  -6.6343
4913.60638878588  7.371926
4913.7800398035  6.647573
4913.95369082112  23.45028
4914.12734183873  12.1286
4914.30099285635  23.45933
4914.47464387397  50.37519
4914.64829489158  52.54453
4914.8219459092  41.21161
4914.99559692681  16.71443
4915.16924794443  26.54181
4915.34289896205  22.61536
4915.51654997966  54.56964
4915.69020099728  -21.81702
4915.86385201489  21.42029
4916.03750303251  29.48726
4916.21115405013  14.96682
4916.38480506774  11.52958
4916.55845608536  30.06356
4916.73210710298  55.7573
4916.90575812059  54.06403
4917.07940913821  6.225316
4917.25306015583  22.76382
4917.42671117344  18.63893
4917.60036219106  18.45977
4917.77401320867  16.42366
4917.94766422629  13.35876
4918.12131524391  16.02686
4918.29496626152  5.065423
4918.46861727914  8.523118
4918.64226829675  0.7484237
4918.81591931437  10.60896
4918.98957033199  -10.7863
4919.1632213496  17.24069
4919.33687236722  6.780425
4919.51052338483  13.41218
4919.68417440245  34.34136
4919.85782542007  17.61494
4920.03147643768  20.48089
4920.2051274553  29.60226
4920.37877847292  33.2126
4920.55242949053  35.86985
4920.72608050815  12.99199
4920.89973152576  21.84222
4921.07338254338  13.17908
4921.247033561  29.68513
4921.42068457861  35.53637
4921.59433559623  26.76931
4921.76798661385  22.30128
4921.94163763146  29.40816
4922.11528864908  41.11243
4922.28893966669  13.4272
4922.46259068431  12.33122
4922.63624170193  21.20827
4922.80989271954  -7.097482
4922.98354373716  1.333856
4923.15719475477  15.91401
4923.33084577239  40.37581
4923.50449679001  21.37769
4923.67814780762  -7.801912
4923.85179882524  -7.75414
4924.02544984286  24.68385
4924.19910086047  29.66623
4924.37275187809  39.14662
4924.5464028957  31.38607
4924.72005391332  10.9685
4924.89370493094  49.65451
4925.06735594855  16.74535
4925.24100696617  50.5379
4925.41465798379  38.06566
4925.5883090014  -0.5173377
4925.76196001902  37.1548
4925.93561103664  28.44744
4926.10926205425  52.52501
4926.28291307187  -12.55663
4926.45656408948  -5.607553
4926.6302151071  24.94047
4926.80386612472  41.05803
4926.97751714233  20.45613
4927.15116815995  -14.96651
4927.32481917756  19.86586
4927.49847019518  35.2949
4927.6721212128  26.23214
4927.84577223041  58.71159
4928.01942324803  34.76756
4928.19307426565  44.58735
4928.36672528326  -3.571234
4928.54037630088  53.3403
4928.71402731849  41.13959
4928.88767833611  23.54424
4929.06132935373  19.29557
4929.23498037134  1.702059
4929.40863138896  -15.4811
4929.58228240658  -10.67873
4929.75593342419  17.31833
4929.92958444181  -6.066719
4930.10323545942  25.56949
4930.27688647704  10.95838
4930.45053749466  40.77867
4930.62418851227  8.344572
4930.79783952989  15.54212
4930.9714905475  42.651
4931.14514156512  17.17502
4931.31879258274  -0.9277429
4931.49244360035  19.48044
4931.66609461797  30.08896
4931.83974563559  35.48725
4932.0133966532  23.82884
4932.18704767082  22.0114
4932.36069868843  18.65377
4932.53434970605  25.81139
4932.70800072367  17.52243
4932.88165174128  -30.30586
4933.0553027589  9.388806
4933.22895377652  -2.819571
4933.40260479413  -14.05082
4933.57625581175  -4.330856
4933.74990682936  -9.677775
4933.92355784698  9.772502
4934.0972088646  16.52194
4934.27085988221  -20.04819
4934.44451089983  -25.38765
4934.61816191745  12.88609
4934.79181293506  -18.53098
4934.96546395268  0.8995577
4935.13911497029  -18.27922
4935.31276598791  23.90915
4935.48641700553  6.727853
4935.66006802314  28.97052
4935.83371904076  15.98454
4936.00737005838  15.66616
4936.18102107599  -7.662279
4936.35467209361  17.71359
4936.52832311122  22.55901
4936.70197412884  32.74613
4936.87562514646  4.788498
4937.04927616407  -16.54057
4937.22292718169  -2.899625
4937.39657819931  -1.865717
4937.57022921692  24.11758
4937.74388023454  8.530128
4937.91753125215  6.718901
4938.09118226977  13.26838
4938.26483328739  -5.350009
4938.438484305  20.26273
4938.61213532262  19.27604
4938.78578634024  -16.17196
4938.95943735785  13.48464
4939.13308837547  16.85344
4939.30673939308  3.306393
4939.4803904107  10.64028
4939.65404142832  49.22821
4939.82769244593  11.9049
4940.00134346355  -30.58492
4940.17499448116  -22.29325
4940.34864549878  17.50035
4940.5222965164  13.6197
4940.69594753401  -0.574619
4940.86959855163  9.694263
4941.04324956924  23.48597
4941.21690058686  -6.888025
4941.39055160448  6.146281
4941.56420262209  16.88363
4941.73785363971  13.31643
4941.91150465733  -2.02384
4942.08515567494  44.71091
4942.25880669256  28.93684
4942.43245771018  38.82339
4942.60610872779  29.14093
4942.77975974541  -4.365695
4942.95341076302  -4.099454
4943.12706178064  1.440585
4943.30071279826  -18.14344
4943.47436381587  21.17395
4943.64801483349  -11.40022
4943.8216658511  -1.238806
4943.99531686872  29.93018
4944.16896788634  -20.83595
4944.34261890395  -8.257637
4944.51626992157  7.229738
4944.68992093919  -5.283476
4944.8635719568  26.5066
4945.03722297442  -6.99624
4945.21087399203  -24.97742
4945.38452500965  -20.73112
4945.55817602727  16.13878
4945.73182704488  10.3206
