4768.1217844441  -9.054509
4768.29541712554  8.080404
4768.46904980697  -9.158152
4768.64268248841  9.801183
4768.81631516984  66.831
4768.98994785128  7.971426
4769.16358053272  -0.9469986
4769.33721321415  12.81713
4769.51084589559  -18.40589
4769.68447857702  9.915924
4769.85811125846  27.0969
4770.0317439399  8.797639
4770.20537662133  -5.987649
4770.37900930277  -11.57106
4770.55264198421  -14.18216
4770.72627466564  -15.77557
4770.89990734708  -4.285805
4771.07354002851  18.09124
4771.24717270995  -0.5536032
4771.42080539139  21.22226
4771.59443807282  37.88519
4771.76807075426  15.33534
4771.94170343569  22.97865
4772.11533611713  30.54311
4772.28896879857  7.664198
4772.46260148  -15.09473
4772.63623416144  20.76448
4772.80986684288  57.40882
4772.98349952431  26.95953
4773.15713220575  -6.638901
4773.33076488718  -10.45627
4773.50439756862  -11.45687
4773.67803025006  21.79403
4773.85166293149  23.22773
4774.02529561293  17.93553
4774.19892829437  40.2839
4774.3725609758  44.36892
4774.54619365724  30.99364
4774.71982633867  -5.424073
4774.89345902011  25.35913
4775.06709170155  57.52777
4775.24072438298  42.09751
4775.41435706442  -18.34509
4775.58798974585  27.94881
4775.76162242729  28.30487
4775.93525510873  15.23407
4776.10888779016  45.2743
4776.2825204716  46.9591
4776.45615315304  26.13479
4776.62978583447  28.72256
4776.80341851591  14.75585
4776.97705119734  -5.593382
4777.15068387878  40.94589
4777.32431656022  70.27774
4777.49794924165  42.59243
4777.67158192309  83.76861
4777.84521460452  42.10833
4778.01884728596  60.58484
4778.1924799674  51.43398
4778.36611264883  -3.152292
4778.53974533027  36.05243
4778.7133780117  71.58413
4778.88701069314  46.1087
4779.06064337458  41.03149
4779.23427605601  35.33627
4779.40790873745  14.64765
4779.58154141889  18.93164
4779.75517410032  37.83317
4779.92880678176  27.25121
4780.10243946319  22.73388
4780.27607214463  68.51559
4780.44970482607  64.19442
4780.6233375075  60.12043
4780.79697018894  10.17644
4780.97060287037  21.09938
4781.14423555181  51.29784
4781.31786823325  33.54302
4781.49150091468  37.47014
4781.66513359612  60.16783
4781.83876627756  60.20805
4782.01239895899  44.39977
4782.18603164043  25.45429
4782.35966432186  47.57039
4782.5332970033  76.00018
4782.70692968474  95.10187
4782.88056236617  69.35744
4783.05419504761  15.11581
4783.22782772905  10.04904
4783.40146041048  19.50143
4783.57509309192  38.49519
4783.74872577335  75.52634
4783.92235845479  44.75996
4784.09599113623  9.758304
4784.26962381766  60.07692
4784.4432564991  69.43383
4784.61688918053  21.97663
4784.79052186197  19.79908
4784.96415454341  24.94727
4785.13778722484  21.50668
4785.31141990628  49.12597
4785.48505258772  62.55647
4785.65868526915  28.22345
4785.83231795059  9.157863
4786.00595063202  14.11394
4786.17958331346  42.12593
4786.3532159949  37.10617
4786.52684867633  12.90931
4786.70048135777  45.40738
4786.8741140392  72.20946
4787.04774672064  76.33061
4787.22137940208  85.28327
4787.39501208351  16.26807
4787.56864476495  11.44929
4787.74227744639  16.32267
4787.91591012782  44.35321
4788.08954280926  26.49935
4788.26317549069  16.43473
4788.43680817213  18.61674
4788.61044085357  12.64558
4788.784073535  75.61975
4788.95770621644  93.43973
4789.13133889787  66.99888
4789.30497157931  47.22142
4789.47860426075  41.46902
4789.65223694218  76.50767
4789.82586962362  82.98676
4789.99950230506  54.18575
4790.17313498649  70.6627
4790.34676766793  79.2538
4790.52040034936  55.79213
4790.6940330308  29.6878
4790.86766571224  37.10118
4791.04129839367  40.33072
4791.21493107511  40.12568
4791.38856375654  68.94595
4791.56219643798  14.1028
4791.73582911942  35.49267
4791.90946180085  31.77462
4792.08309448229  47.75184
4792.25672716373  83.3949
4792.43035984516  57.95655
4792.6039925266  84.20915
4792.77762520803  63.99327
4792.95125788947  37.96434
4793.12489057091  46.94293
4793.29852325234  40.5375
4793.47215593378  -2.065494
4793.64578861521  34.57076
4793.81942129665  36.82642
4793.99305397809  49.6587
4794.16668665952  47.79208
4794.34031934096  28.65858
4794.51395202239  36.1796
4794.68758470383  73.40265
4794.86121738527  27.9782
4795.0348500667  -4.681836
4795.20848274814  27.37439
4795.38211542958  57.03786
4795.55574811101  88.28976
4795.72938079245  66.73662
4795.90301347388  54.81006
4796.07664615532  45.0708
4796.25027883676  56.04806
4796.42391151819  71.44096
4796.59754419963  42.6521
4796.77117688106  44.85941
4796.9448095625  15.07424
4797.11844224394  36.74408
4797.29207492537  64.55952
4797.46570760681  98.04516
4797.63934028825  59.46665
4797.81297296968  39.10682
4797.98660565112  44.09503
4798.16023833255  42.89801
4798.33387101399  86.33231
4798.50750369543  87.22346
4798.68113637686  46.94715
4798.8547690583  63.1198
4799.02840173973  60.54918
4799.20203442117  46.16583
4799.37566710261  60.88676
4799.54929978404  66.00186
4799.72293246548  61.08771
4799.89656514692  72.63948
4800.07019782835  68.47721
4800.24383050979  94.07574
4800.41746319122  74.20613
4800.59109587266  63.7349
4800.7647285541  61.94114
4800.93836123553  41.7623
4801.11199391697  62.08998
4801.2856265984  73.27888
4801.45925927984  48.4374
4801.63289196128  33.7528
4801.80652464271  19.07799
4801.98015732415  33.88106
4802.15379000558  64.63406
4802.32742268702  86.45293
4802.50105536846  82.43768
4802.67468804989  51.18369
4802.84832073133  20.53525
4803.02195341277  64.37698
4803.1955860942  98.15601
4803.36921877564  39.87743
4803.54285145707  7.020467
4803.71648413851  66.48753
4803.89011681995  74.00395
4804.06374950138  47.7732
4804.23738218282  79.36542
4804.41101486426  66.55361
4804.58464754569  43.26469
4804.75828022713  71.65906
4804.93191290856  53.37011
4805.10554559  34.82955
4805.27917827144  43.0735
4805.45281095287  33.39802
4805.62644363431  70.42048
4805.80007631574  48.487
4805.97370899718  76.20856
4806.14734167862  81.41608
4806.32097436005  82.99503
4806.49460704149  65.09998
4806.66823972293  75.20596
4806.84187240436  76.18722
4807.0155050858  70.52962
4807.18913776723  88.89791
4807.36277044867  67.86446
4807.53640313011  61.47007
4807.71003581154  68.73653
4807.88366849298  73.22912
4808.05730117441  91.7678
4808.23093385585  76.88773
4808.40456653729  74.81457
4808.57819921872  95.34721
4808.75183190016  73.86017
4808.9254645816  81.70709
4809.09909726303  84.23146
4809.27272994447  92.80351
4809.4463626259  75.28993
4809.61999530734  97.74578
4809.79362798878  74.18439
4809.96726067021  83.95803
4810.14089335165  111.6616
4810.31452603308  78.2287
4810.48815871452  67.43745
4810.66179139596  68.14172
4810.83542407739  54.00581
4811.00905675883  48.98272
4811.18268944026  27.18595
4811.3563221217  32.47712
4811.52995480314  78.30212
4811.70358748457  118.9578
4811.87722016601  86.40581
4812.05085284745  76.50615
4812.22448552888  105.7009
4812.39811821032  64.44398
4812.57175089175  56.98387
4812.74538357319  55.76951
4812.91901625463  112.7738
4813.09264893606  121.5653
4813.2662816175  72.20296
4813.43991429893  78.78998
4813.61354698037  84.14316
4813.78717966181  51.55529
4813.96081234324  42.2237
4814.13444502468  83.77811
4814.30807770612  94.18455
4814.48171038755  88.46252
4814.65534306899  89.48453
4814.82897575042  76.21975
4815.00260843186  61.12944
4815.1762411133  76.97514
4815.34987379473  56.38289
4815.52350647617  60.83713
4815.6971391576  78.07717
4815.87077183904  57.88284
4816.04440452048  64.66819
4816.21803720191  91.61884
4816.39166988335  106.939
4816.56530256478  102.5985
4816.73893524622  83.57601
4816.91256792766  47.01233
4817.08620060909  82.12898
4817.25983329053  109.7714
4817.43346597197  115.3417
4817.6070986534  131.9831
4817.78073133484  118.3978
4817.95436401628  102.8947
4818.12799669771  85.25505
4818.30162937915  73.91219
4818.47526206058  129.855
4818.64889474202  134.6118
4818.82252742346  97.24922
4818.99616010489  66.34364
4819.16979278633  66.66529
4819.34342546776  111.881
4819.5170581492  115.5103
4819.69069083064  44.55616
4819.86432351207  46.93841
4820.03795619351  96.34772
4820.21158887494  106.7381
4820.38522155638  102.377
4820.55885423782  94.08376
4820.73248691925  90.36176
4820.90611960069  67.80028
4821.07975228213  79.1397
4821.25338496356  103.2514
4821.427017645  110.981
4821.60065032643  78.02254
4821.77428300787  56.4497
4821.94791568931  71.46916
4822.12154837074  90.50706
4822.29518105218  86.0708
4822.46881373362  90.89257
4822.64244641505  124.8288
4822.81607909649  98.99418
4822.98971177792  112.9716
4823.16334445936  137.21
4823.3369771408  95.8896
4823.51060982223  60.01859
4823.68424250367  123.3029
4823.8578751851  97.13523
4824.03150786654  53.88585
4824.20514054798  85.27457
4824.37877322941  83.72128
4824.55240591085  52.87089
4824.72603859228  59.44122
4824.89967127372  74.82917
4825.07330395516  78.77229
4825.24693663659  63.53087
4825.42056931803  90.27088
4825.59420199947  134.7686
4825.7678346809  97.36574
4825.94146736234  115.1814
4826.11510004377  81.41688
4826.28873272521  66.01818
4826.46236540665  113.2276
4826.63599808808  121.0506
4826.80963076952  72.74598
4826.98326345095  84.28416
4827.15689613239  129.3557
4827.33052881383  81.95118
4827.50416149526  105.9854
4827.6777941767  55.68408
4827.85142685814  67.96087
4828.02505953957  61.75322
4828.19869222101  54.18666
4828.37232490244  73.24706
4828.54595758388  75.7561
4828.71959026532  79.95069
4828.89322294675  126.5156
4829.06685562819  101.3407
4829.24048830962  111.7152
4829.41412099106  91.9126
4829.5877536725  69.04354
4829.76138635393  86.50987
4829.93501903537  76.16232
4830.10865171681  124.0926
4830.28228439824  119.6853
4830.45591707968  81.40414
4830.62954976111  117.5912
4830.80318244255  87.80076
4830.97681512399  87.75052
4831.15044780542  111.4409
4831.32408048686  90.68681
4831.49771316829  113.8091
4831.67134584973  132.2246
4831.84497853117  134.3975
4832.0186112126  97.23224
4832.19224389404  73.59195
4832.36587657548  94.49159
4832.53950925691  97.80231
4832.71314193835  102.4042
4832.88677461978  103.6104
4833.06040730122  70.69014
4833.23403998266  96.47252
4833.40767266409  151.9479
4833.58130534553  77.47092
4833.75493802697  88.70927
4833.9285707084  64.70792
4834.10220338984  96.92578
4834.27583607127  122.4873
4834.44946875271  133.7783
4834.62310143415  111.1162
4834.79673411558  99.92319
4834.97036679702  97.76537
4835.14399947845  80.03941
4835.31763215989  111.9939
4835.49126484133  85.58423
4835.66489752276  73.87023
4835.8385302042  108.4808
4836.01216288563  123.1709
4836.18579556707  109.6391
4836.35942824851  89.40179
4836.53306092994  111.2841
4836.70669361138  111.1255
4836.88032629282  113.3062
4837.05395897425  110.3675
4837.22759165569  81.30267
4837.40122433712  103.1727
4837.57485701856  100.7919
4837.7484897  113.9332
4837.92212238143  132.3493
4838.09575506287  130.5287
4838.2693877443  103.9585
4838.44302042574  87.74121
4838.61665310718  70.64487
4838.79028578861  81.65065
4838.96391847005  152.4145
4839.13755115149  159.1224
4839.31118383292  130.9206
4839.48481651436  141.4404
4839.65844919579  117.2531
4839.83208187723  92.60964
4840.00571455867  101.2965
4840.1793472401  125.2588
4840.35297992154  78.783
4840.52661260297  75.83193
4840.70024528441  126.7556
4840.87387796585  117.886
4841.04751064728  121.5891
4841.22114332872  149.1254
4841.39477601015  169.919
4841.56840869159  119.4472
4841.74204137303  120.7479
4841.91567405446  161.2756
4842.0893067359  149.5058
4842.26293941734  124.6877
4842.43657209877  122.7605
4842.61020478021  132.3709
4842.78383746164  96.48769
4842.95747014308  103.1155
4843.13110282452  126.0807
4843.30473550595  125.6391
4843.47836818739  138.566
4843.65200086882  133.0386
4843.82563355026  130.6528
4843.9992662317  112.1787
4844.17289891313  86.45283
4844.34653159457  108.3281
4844.52016427601  110.1558
4844.69379695744  124.1743
4844.86742963888  165.3239
4845.04106232031  136.4753
4845.21469500175  126.685
4845.38832768319  145.2709
4845.56196036462  156.2987
4845.73559304606  177.7853
4845.90922572749  133.8009
4846.08285840893  103.1367
4846.25649109037  152.4058
4846.4301237718  161.1393
4846.60375645324  140.2771
4846.77738913468  168.5586
4846.95102181611  124.0874
4847.12465449755  120.2643
4847.29828717898  144.6904
4847.47191986042  106.1312
4847.64555254186  117.7613
4847.81918522329  131.957
4847.99281790473  94.69191
4848.16645058616  136.3708
4848.3400832676  190.7807
4848.51371594904  167.4815
4848.68734863047  145.0274
4848.86098131191  178.0762
4849.03461399335  178.3497
4849.20824667478  148.3598
4849.38187935622  134.8105
4849.55551203765  149.5579
4849.72914471909  133.8778
4849.90277740053  154.9416
4850.07641008196  188.4825
4850.2500427634  162.718
4850.42367544483  127.5775
4850.59730812627  165.4491
4850.77094080771  181.0219
4850.94457348914  98.93739
4851.11820617058  127.3866
4851.29183885202  163.7875
4851.46547153345  120.4171
4851.63910421489  134.9965
4851.81273689632  155.9846
4851.98636957776  166.9347
4852.1600022592  175.5188
4852.33363494063  206.242
4852.50726762207  163.0435
4852.6809003035  175.6553
4852.85453298494  90.91135
4853.02816566638  139.8066
4853.20179834781  159.1216
4853.37543102925  186.6653
4853.54906371069  215.8862
4853.72269639212  195.2067
4853.89632907356  176.9608
4854.06996175499  231.3054
4854.24359443643  145.9052
4854.41722711787  139.1266
4854.5908597993  156.0354
4854.76449248074  170.7995
4854.93812516217  150.4868
4855.11175784361  142.2356
4855.28539052505  166.4187
4855.45902320648  156.8403
4855.63265588792  195.1909
4855.80628856936  204.1809
4855.97992125079  216.2173
4856.15355393223  198.8942
4856.32718661366  142.0905
4856.5008192951  185.8255
4856.67445197654  151.1116
4856.84808465797  139.6548
4857.02171733941  196.6046
4857.19535002084  166.9436
4857.36898270228  111.9779
4857.54261538372  134.8052
4857.71624806515  197.4966
4857.88988074659  155.7707
4858.06351342803  178.0345
4858.23714610946  194.6743
4858.4107787909  162.6793
4858.58441147233  97.47276
4858.75804415377  75.99487
4858.93167683521  102.2351
4859.10530951664  76.99766
4859.27894219808  147.315
4859.45257487951  152.6641
4859.62620756095  156.2555
4859.79984024239  140.9138
4859.97347292382  87.44446
4860.14710560526  85.25677
4860.3207382867  155.7291
4860.49437096813  163.7899
4860.66800364957  105.9932
4860.841636331  154.195
4861.01526901244  157.2873
4861.18890169388  123.6179
4861.36253437531  96.60519
4861.53616705675  146.9876
4861.70979973818  159.4106
4861.88343241962  134.5737
4862.05706510106  140.3953
4862.23069778249  119.8828
4862.40433046393  156.2467
4862.57796314537  201.0351
4862.7515958268  134.1501
4862.92522850824  151.0282
4863.09886118967  131.4916
4863.27249387111  104.6008
4863.44612655255  130.0325
4863.61975923398  129.6499
4863.79339191542  115.3128
4863.96702459685  115.2642
4864.14065727829  146.935
4864.31428995973  172.9276
4864.48792264116  138.0551
4864.6615553226  91.53791
4864.83518800403  120.6893
4865.00882068547  135.1063
4865.18245336691  168.7765
4865.35608604834  143.2039
4865.52971872978  136.5425
4865.70335141122  150.9669
4865.87698409265  132.4156
4866.05061677409  100.6483
4866.22424945553  116.4015
4866.39788213696  128.4353
4866.5715148184  159.9995
4866.74514749983  155.0739
4866.91878018127  151.2428
4867.09241286271  160.5174
4867.26604554414  155.3523
4867.43967822558  149.1584
4867.61331090701  104.2141
4867.78694358845  102.6313
4867.96057626989  103.9245
4868.13420895132  148.5203
4868.30784163276  123.0387
4868.48147431419  132.5088
4868.65510699563  115.8403
4868.82873967707  98.77187
4869.0023723585  152.3637
4869.17600503994  178.525
4869.34963772138  166.1385
4869.52327040281  138.8547
4869.69690308425  136.9616
4869.87053576568  140.9926
4870.04416844712  149.3805
4870.21780112856  141.4638
4870.39143380999  134.2853
4870.56506649143  127.1181
4870.73869917286  160.2923
4870.9123318543  115.4313
4871.08596453574  142.8259
4871.25959721717  100.852
4871.43322989861  141.6891
4871.60686258005  129.4657
4871.78049526148  143.268
4871.95412794292  78.49768
4872.12776062435  114.8453
4872.30139330579  133.5642
4872.47502598723  168.9093
4872.64865866866  140.4494
4872.8222913501  161.1288
4872.99592403154  113.9485
4873.16955671297  134.639
4873.34318939441  138.7435
4873.51682207584  155.359
4873.69045475728  37.26109
4873.86408743872  86.30637
4874.03772012015  142.0555
4874.21135280159  128.1203
4874.38498548302  166.2336
4874.55861816446  138.4337
4874.7322508459  116.8039
4874.90588352733  151.1178
4875.07951620877  100.1402
4875.2531488902  91.05849
4875.42678157164  133.4583
4875.60041425308  110.7452
4875.77404693451  96.43034
4875.94767961595  96.08946
4876.12131229738  175.2342
4876.29494497882  141.691
4876.46857766026  93.19076
4876.64221034169  139.3933
4876.81584302313  140.1604
4876.98947570457  133.449
4877.163108386  127.0455
4877.33674106744  115.088
4877.51037374887  148.6306
4877.68400643031  142.0626
4877.85763911175  130.5901
4878.03127179318  142.7929
4878.20490447462  147.2925
4878.37853715606  91.58884
4878.55216983749  103.5549
4878.72580251893  156.9372
4878.89943520036  152.0774
4879.0730678818  111.8407
4879.24670056324  104.374
4879.42033324467  131.2894
4879.59396592611  150.0782
4879.76759860755  120.987
4879.94123128898  101.0733
4880.11486397042  127.062
4880.28849665185  134.7541
4880.46212933329  109.1363
4880.63576201473  128.5484
4880.80939469616  132.0017
4880.9830273776  82.62551
4881.15666005903  131.6943
4881.33029274047  152.1304
4881.50392542191  99.78974
4881.67755810334  108.6129
4881.85119078478  154.5004
4882.02482346621  158.3756
4882.19845614765  135.1563
4882.37208882909  94.2138
4882.54572151052  64.34106
4882.71935419196  124.4057
4882.8929868734  139.5092
4883.06661955483  120.3481
4883.24025223627  115.7751
4883.4138849177  127.3432
4883.58751759914  127.3056
4883.76115028058  93.37702
4883.93478296201  106.4287
4884.10841564345  113.8506
4884.28204832488  124.2316
4884.45568100632  107.3002
4884.62931368776  126.8576
4884.80294636919  104.4971
4884.97657905063  90.12901
4885.15021173206  144.6455
4885.3238444135  149.7298
4885.49747709494  122.7609
4885.67110977637  86.30409
4885.84474245781  87.84607
4886.01837513925  119.7707
4886.19200782068  70.78549
4886.36564050212  98.08307
4886.53927318355  113.5184
4886.71290586499  93.54263
4886.88653854643  112.0623
4887.06017122786  110.0735
4887.2338039093  91.35062
4887.40743659073  71.82661
4887.58106927217  121.0125
4887.75470195361  113.4312
4887.92833463504  103.2256
4888.10196731648  97.10191
4888.27559999792  105.7081
4888.44923267935  93.00982
4888.62286536079  126.0537
4888.79649804222  155.4105
4888.97013072366  98.80269
4889.1437634051  147.394
4889.31739608653  125.1858
4889.49102876797  111.7907
4889.6646614494  92.04601
4889.83829413084  107.4642
4890.01192681228  146.5482
4890.18555949371  104.8688
4890.35919217515  80.9175
4890.53282485658  120.4574
4890.70645753802  76.94213
4890.88009021946  107.5005
4891.05372290089  94.79605
4891.22735558233  105.5881
4891.40098826377  137.1745
4891.5746209452  104.045
4891.74825362664  104.1352
4891.92188630807  86.86874
4892.09551898951  104.3127
4892.26915167095  68.30036
4892.44278435238  85.93845
4892.61641703382  140.8768
4892.79004971526  157.3264
4892.96368239669  110.8946
4893.13731507813  123.0517
4893.31094775956  126.9662
4893.484580441  121.1516
4893.65821312244  105.2302
4893.83184580387  108.6385
4894.00547848531  98.54295
4894.17911116674  98.17525
4894.35274384818  110.17
4894.52637652962  119.9769
4894.70000921105  101.2997
4894.87364189249  93.81818
4895.04727457392  128.2615
4895.22090725536  91.38736
4895.3945399368  84.03354
4895.56817261823  104.094
4895.74180529967  41.60511
4895.91543798111  81.89829
4896.08907066254  103.8757
4896.26270334398  111.0854
4896.43633602541  84.21102
4896.60996870685  80.30948
4896.78360138829  172.2805
4896.95723406972  114.1605
4897.13086675116  97.85702
4897.30449943259  99.93935
4897.47813211403  89.52343
4897.65176479547  126.2658
4897.8253974769  99.84251
4897.99903015834  113.8813
4898.17266283978  128.7114
4898.34629552121  109.5782
4898.51992820265  58.37741
4898.69356088409  100.0871
4898.86719356552  124.823
4899.04082624696  83.05557
4899.21445892839  75.80536
4899.38809160983  114.6744
4899.56172429127  107.6579
4899.7353569727  83.20454
4899.90898965414  80.15359
4900.08262233557  83.71627
4900.25625501701  103.6622
4900.42988769845  85.15187
4900.60352037988  49.29922
4900.77715306132  90.87872
4900.95078574275  98.04054
4901.12441842419  86.19336
4901.29805110563  81.65974
4901.47168378706  89.14727
4901.6453164685  64.26732
4901.81894914994  104.7829
4901.99258183137  68.21513
4902.16621451281  72.71732
4902.33984719424  67.92303
4902.51347987568  83.60316
4902.68711255712  82.97559
4902.86074523855  69.64401
4903.03437791999  87.52094
4903.20801060142  119.1966
4903.38164328286  123.2115
4903.5552759643  110.5809
4903.72890864573  104.6767
4903.90254132717  104.9906
4904.07617400861  75.01552
4904.24980669004  75.19215
4904.42343937148  86.64285
4904.59707205291  60.47585
4904.77070473435  126.7565
4904.94433741579  89.34921
4905.11797009722  78.05022
4905.29160277866  113.5475
4905.46523546009  115.9623
4905.63886814153  73.63374
4905.81250082297  58.38408
4905.9861335044  55.92939
4906.15976618584  33.9581
4906.33339886727  85.49995
4906.50703154871  52.94129
4906.68066423015  51.5453
4906.85429691158  110.121
4907.02792959302  127.0001
4907.20156227446  93.4511
4907.37519495589  115.1335
4907.54882763733  137.3961
4907.72246031876  79.32758
4907.8960930002  86.42433
4908.06972568164  105.4277
4908.24335836307  80.19763
4908.41699104451  74.24626
4908.59062372594  91.38068
4908.76425640738  86.1514
4908.93788908882  62.43943
4909.11152177025  66.73115
4909.28515445169  119.2258
4909.45878713313  49.89354
4909.63241981456  94.2457
4909.806052496  88.93007
4909.97968517743  75.69664
4910.15331785887  73.12782
4910.32695054031  68.50877
4910.50058322174  69.23803
4910.67421590318  56.97862
4910.84784858462  72.20702
4911.02148126605  70.83426
4911.19511394749  92.13509
4911.36874662892  45.75462
4911.54237931036  86.81528
4911.7160119918  89.72047
4911.88964467323  58.61469
4912.06327735467  115.9259
4912.23691003611  112.9102
4912.41054271754  101.0081
4912.58417539898  76.3513
4912.75780808041  103.9632
4912.93144076185  107.4408
4913.10507344329  53.83192
4913.27870612472  63.62735
4913.45233880616  96.1683
4913.62597148759  89.95251
4913.79960416903  53.80832
4913.97323685047  74.27295
4914.1468695319  86.98746
4914.32050221334  106.7049
4914.49413489477  105.0213
4914.66776757621  127.3346
4914.84140025765  61.07747
4915.01503293908  61.56578
4915.18866562052  53.15595
4915.36229830196  52.77295
4915.53593098339  94.7182
4915.70956366483  69.80846
4915.88319634626  62.81268
4916.0568290277  64.17104
4916.23046170914  31.84536
4916.40409439057  58.34558
4916.57772707201  85.92997
4916.75135975344  39.61623
4916.92499243488  92.85478
4917.09862511632  69.90587
4917.27225779775  28.59661
4917.44589047919  20.3266
4917.61952316063  55.99427
4917.79315584206  89.2429
4917.9667885235  80.90904
4918.14042120493  60.34407
4918.31405388637  75.28133
4918.48768656781  33.42844
4918.66131924924  84.38975
4918.83495193068  43.7978
4919.00858461211  17.26265
4919.18221729355  54.00754
4919.35584997499  56.11408
4919.52948265642  48.96391
4919.70311533786  49.61569
4919.8767480193  64.1232
4920.05038070073  65.8441
4920.22401338217  23.58677
4920.3976460636  71.32767
4920.57127874504  65.90887
4920.74491142648  78.55159
4920.91854410791  60.61819
4921.09217678935  22.95131
4921.26580947078  31.46326
4921.43944215222  60.13715
4921.61307483366  46.76155
4921.78670751509  100.0082
4921.96034019653  114.8585
4922.13397287797  59.97087
4922.3076055594  28.55192
4922.48123824084  56.08414
4922.65487092227  71.15694
4922.82850360371  31.45923
4923.00213628515  38.94359
4923.17576896658  44.77225
4923.34940164802  17.86105
4923.52303432945  57.59048
4923.69666701089  57.17941
4923.87029969233  46.78951
4924.04393237376  54.60694
4924.2175650552  37.11132
4924.39119773664  63.68536
4924.56483041807  61.58611
4924.73846309951  47.78034
4924.91209578094  45.35786
4925.08572846238  55.12124
4925.25936114382  42.01449
4925.43299382525  48.34484
4925.60662650669  77.28505
4925.78025918812  60.26628
4925.95389186956  62.966
4926.127524551  63.5342
4926.30115723243  41.05027
4926.47478991387  32.79096
4926.6484225953  45.35213
4926.82205527674  36.3109
4926.99568795818  50.41284
4927.16932063961  30.25342
4927.34295332105  23.36301
4927.51658600249  43.86306
4927.69021868392  24.64927
4927.86385136536  9.514415
4928.03748404679  66.67896
4928.21111672823  65.63078
4928.38474940967  48.69309
4928.5583820911  27.6212
4928.73201477254  63.75862
4928.90564745397  35.03296
4929.07928013541  -2.242943
4929.25291281685  46.51287
4929.42654549828  45.23625
4929.60017817972  31.95745
4929.77381086115  9.508348
4929.94744354259  31.53253
4930.12107622403  47.94187
4930.29470890546  17.50821
4930.4683415869  57.56773
4930.64197426834  34.97591
4930.81560694977  -5.73137
4930.98923963121  23.65705
4931.16287231264  70.55571
4931.33650499408  21.12296
4931.51013767552  24.03875
4931.68377035695  36.40959
4931.85740303839  24.05014
4932.03103571983  45.75835
4932.20466840126  7.821754
4932.3783010827  52.249
4932.55193376413  9.627465
4932.72556644557  23.71317
4932.89919912701  2.057596
4933.07283180844  26.05863
4933.24646448988  74.04028
4933.42009717131  29.61727
4933.59372985275  22.82056
4933.76736253419  17.28613
4933.94099521562  41.8292
4934.11462789706  25.06027
4934.2882605785  9.013903
4934.46189325993  52.3986
4934.63552594137  49.00515
4934.8091586228  47.10736
4934.98279130424  34.28995
4935.15642398568  33.74098
4935.33005666711  33.51796
4935.50368934855  54.81631
4935.67732202998  54.39312
4935.85095471142  17.61061
4936.02458739286  25.80297
4936.19822007429  56.6328
4936.37185275573  45.2183
4936.54548543717  35.39606
4936.7191181186  65.86945
4936.89275080004  57.42683
4937.06638348147  46.82067
4937.24001616291  38.1853
4937.41364884435  51.46434
4937.58728152578  72.29829
4937.76091420722  86.06788
4937.93454688865  46.09277
4938.10817957009  68.17466
4938.28181225153  30.80739
4938.45544493296  8.443825
4938.6290776144  33.79612
4938.80271029583  50.22976
4938.97634297727  42.06654
4939.14997565871  1.660523
4939.32360834014  -20.74357
4939.49724102158  28.74159
4939.67087370302  49.27658
4939.84450638445  27.24151
4940.01813906589  28.78053
4940.19177174732  26.93611
4940.36540442876  40.91581
4940.5390371102  25.29017
4940.71266979163  47.10183
4940.88630247307  31.68213
4941.0599351545  7.293331
4941.23356783594  4.613172
4941.40720051738  -0.8080742
4941.58083319881  3.881224
4941.75446588025  11.60454
4941.92809856169  21.16714
4942.10173124312  33.55279
4942.27536392456  34.05965
4942.44899660599  -2.175489
4942.62262928743  21.39718
4942.79626196887  35.229
4942.9698946503  46.89502
4943.14352733174  27.87501
4943.31716001318  5.622541
4943.49079269461  17.53677
4943.66442537605  34.23432
4943.83805805748  -20.33564
4944.01169073892  -15.49027
4944.18532342036  49.89178
4944.35895610179  -16.08717
4944.53258878323  3.184627
4944.70622146466  -8.671085
4944.8798541461  29.44351
4945.05348682754  29.56977
4945.22711950897  5.181225
4945.40075219041  6.274524
4945.57438487185  -13.11689
4945.74801755328  12.03647
