4768.26498845  34.05972
4768.43856515051  57.57502
4768.61214185102  56.42937
4768.78571855154  53.97276
4768.95929525205  44.46109
4769.13287195256  42.77122
4769.30644865308  41.48413
4769.48002535359  41.51409
4769.6536020541  57.40304
4769.82717875461  47.2183
4770.00075545513  24.08064
4770.17433215564  64.17739
4770.34790885615  82.38335
4770.52148555667  41.444
4770.69506225718  49.38371
4770.86863895769  24.53984
4771.0422156582  3.911014
4771.21579235872  39.60208
4771.38936905923  35.85083
4771.56294575974  13.19377
4771.73652246025  58.12483
4771.91009916077  96.91049
4772.08367586128  97.8297
4772.25725256179  92.57958
4772.43082926231  93.37614
4772.60440596282  129.4352
4772.77798266333  72.64796
4772.95155936384  72.84715
4773.12513606436  101.8992
4773.29871276487  59.92146
4773.47228946538  12.59833
4773.64586616589  17.6054
4773.81944286641  53.01178
4773.99301956692  83.27876
4774.16659626743  62.18282
4774.34017296795  50.44551
4774.51374966846  80.49181
4774.68732636897  62.38253
4774.86090306948  7.141429
4775.03447977  -0.09234974
4775.20805647051  46.74229
4775.38163317102  71.08847
4775.55520987153  71.18436
4775.72878657205  83.37829
4775.90236327256  133.019
4776.07593997307  67.56419
4776.24951667359  87.44126
4776.4230933741  85.50957
4776.59667007461  28.44461
4776.77024677512  24.14016
4776.94382347564  43.24727
4777.11740017615  76.19286
4777.29097687666  108.7673
4777.46455357718  121.5018
4777.63813027769  114.1408
4777.8117069782  111.1042
4777.98528367871  60.30498
4778.15886037923  47.95837
4778.33243707974  71.18827
4778.50601378025  79.0861
4778.67959048076  11.56205
4778.85316718128  9.561188
4779.02674388179  31.19666
4779.2003205823  52.88832
4779.37389728281  44.09046
4779.54747398333  35.89267
4779.72105068384  115.8913
4779.89462738435  104.3166
4780.06820408487  95.56751
4780.24178078538  53.1823
4780.41535748589  92.66273
4780.5889341864  83.38641
4780.76251088692  91.08972
4780.93608758743  89.04581
4781.10966428794  68.62699
4781.28324098846  48.64238
4781.45681768897  58.81581
4781.63039438948  44.69289
4781.80397108999  57.77684
4781.97754779051  88.47865
4782.15112449102  42.81347
4782.32470119153  37.16106
4782.49827789204  96.03774
4782.67185459256  148.2685
4782.84543129307  138.54
4783.01900799358  138.793
4783.1925846941  133.5603
4783.36616139461  98.68024
4783.53973809512  122.4785
4783.71331479563  144.3421
4783.88689149615  56.63287
4784.06046819666  39.92424
4784.23404489717  98.10641
4784.40762159768  136.7318
4784.5811982982  142.1214
4784.75477499871  79.25394
4784.92835169922  63.21557
4785.10192839974  113.9502
4785.27550510025  86.54275
4785.44908180076  78.34081
4785.62265850127  112.6428
4785.79623520179  84.47128
4785.9698119023  125.1747
4786.14338860281  93.49016
4786.31696530332  129.672
4786.49054200384  120.113
4786.66411870435  69.49118
4786.83769540486  41.59142
4787.01127210538  26.64049
4787.18484880589  61.31364
4787.3584255064  126.1356
4787.53200220691  112.566
4787.70557890743  60.38812
4787.87915560794  119.9818
4788.05273230845  94.09574
4788.22630900896  74.99619
4788.39988570948  101.8028
4788.57346240999  84.51229
4788.7470391105  100.1298
4788.92061581102  65.98043
4789.09419251153  71.71013
4789.26776921204  114.4387
4789.44134591255  110.0705
4789.61492261307  110.4556
4789.78849931358  115.2939
4789.96207601409  87.67955
4790.13565271461  115.1406
4790.30922941512  165.9845
4790.48280611563  134.6353
4790.65638281614  131.9353
4790.82995951665  106.0574
4791.00353621717  42.11937
4791.17711291768  104.9098
4791.35068961819  145.0003
4791.52426631871  111.4553
4791.69784301922  82.9352
4791.87141971973  126.8995
4792.04499642025  92.96419
4792.21857312076  98.32719
4792.39214982127  104.8984
4792.56572652178  100.4741
4792.7393032223  116.1719
4792.91287992281  98.76868
4793.08645662332  116.3365
4793.26003332383  95.83414
4793.43361002435  67.3152
4793.60718672486  95.6127
4793.78076342537  97.46161
4793.95434012588  128.1601
4794.1279168264  158.3439
4794.30149352691  196.9113
4794.47507022742  172.3351
4794.64864692794  114.4394
4794.82222362845  105.3697
4794.99580032896  98.2901
4795.16937702947  145.2116
4795.34295372999  110.4249
4795.5165304305  49.50444
4795.69010713101  103.3865
4795.86368383153  116.3096
4796.03726053204  120.1567
4796.21083723255  160.0426
4796.38441393306  134.8487
4796.55799063358  154.1356
4796.73156733409  141.6981
4796.9051440346  134.0561
4797.07872073512  134.4388
4797.25229743563  143.0705
4797.42587413614  109.557
4797.59945083665  86.66277
4797.77302753717  131.4849
4797.94660423768  136.6472
4798.12018093819  123.3482
4798.2937576387  120.75
4798.46733433922  128.53
4798.64091103973  131.7466
4798.81448774024  119.0103
4798.98806444075  128.8779
4799.16164114127  153.5817
4799.33521784178  163.8603
4799.50879454229  119.4714
4799.6823712428  96.00721
4799.85594794332  172.9992
4800.02952464383  145.1406
4800.20310134434  78.95319
4800.37667804486  107.5157
4800.55025474537  153.8928
4800.72383144588  128.1805
4800.8974081464  134.1846
4801.07098484691  139.933
4801.24456154742  138.2061
4801.41813824793  98.61554
4801.59171494845  104.3876
4801.76529164896  161.2138
4801.93886834947  135.4541
4802.11244504998  93.76703
4802.2860217505  118.9625
4802.45959845101  163.6133
4802.63317515152  199.68
4802.80675185203  175.4324
4802.98032855255  133.4248
4803.15390525306  159.5487
4803.32748195357  113.4791
4803.50105865409  124.6768
4803.6746353546  110.9089
4803.84821205511  149.9655
4804.02178875562  139.3646
4804.19536545614  146.6199
4804.36894215665  180.0103
4804.54251885716  157.5051
4804.71609555767  149.1779
4804.88967225819  132.6233
4805.0632489587  135.9367
4805.23682565921  156.8761
4805.41040235973  105.1013
4805.58397906024  116.555
4805.75755576075  185.5979
4805.93113246126  166.4539
4806.10470916178  148.
4806.27828586229  141.8135
4806.4518625628  153.5766
4806.62543926332  162.9127
4806.79901596383  108.2071
4806.97259266434  105.1443
4807.14616936485  197.2898
4807.31974606537  202.4261
4807.49332276588  149.4756
4807.66689946639  160.2787
4807.8404761669  180.7003
4808.01405286742  158.1207
4808.18762956793  163.127
4808.36120626844  145.4474
4808.53478296896  100.8451
4808.70835966947  109.2877
4808.88193636998  120.8705
4809.05551307049  146.0632
4809.22908977101  221.1578
4809.40266647152  232.0011
4809.57624317203  191.9145
4809.74981987254  197.1125
4809.92339657306  201.3945
4810.09697327357  163.6686
4810.27054997408  152.84
4810.44412667459  159.1748
4810.61770337511  118.0155
4810.79128007562  132.6814
4810.96485677613  208.1064
4811.13843347665  216.1042
4811.31201017716  194.6864
4811.48558687767  175.8745
4811.65916357818  154.0902
4811.8327402787  172.6583
4812.00631697921  153.5909
4812.17989367972  175.523
4812.35347038024  194.0921
4812.52704708075  164.2261
4812.70062378126  167.0314
4812.87420048177  137.2524
4813.04777718229  165.0224
4813.2213538828  157.5026
4813.39493058331  132.6812
4813.56850728382  182.1057
4813.74208398434  202.2444
4813.91566068485  184.5545
4814.08923738536  131.4514
4814.26281408588  128.4644
4814.43639078639  121.8201
4814.6099674869  185.495
4814.78354418741  153.0709
4814.95712088793  154.5261
4815.13069758844  187.0856
4815.30427428895  216.2404
4815.47785098947  212.8838
4815.65142768998  142.2422
4815.82500439049  189.9401
4815.998581091  223.3919
4816.17215779152  204.8173
4816.34573449203  214.4918
4816.51931119254  200.3746
4816.69288789305  193.1165
4816.86646459357  203.7189
4817.04004129408  211.32
4817.21361799459  155.2888
4817.38719469511  170.7869
4817.56077139562  176.6097
4817.73434809613  196.6598
4817.90792479664  247.3896
4818.08150149716  230.3598
4818.25507819767  219.5446
4818.42865489818  162.7227
4818.60223159869  175.3768
4818.77580829921  204.707
4818.94938499972  176.75
4819.12296170023  202.5959
4819.29653840075  228.2032
4819.47011510126  228.0242
4819.64369180177  236.8515
4819.81726850228  215.4973
4819.9908452028  161.0576
4820.16442190331  174.2516
4820.33799860382  206.2458
4820.51157530433  232.4248
4820.68515200485  239.2772
4820.85872870536  254.6669
4821.03230540587  250.5727
4821.20588210639  163.435
4821.3794588069  199.5826
4821.55303550741  268.7901
4821.72661220792  264.4776
4821.90018890844  290.5869
4822.07376560895  189.9958
4822.24734230946  179.8914
4822.42091900997  252.7315
4822.59449571049  223.2274
4822.768072411  207.4444
4822.94164911151  168.8523
4823.11522581203  190.9876
4823.28880251254  227.9325
4823.46237921305  188.9753
4823.63595591356  203.9164
4823.80953261408  223.6816
4823.98310931459  215.7781
4824.1566860151  228.9714
4824.33026271561  224.9781
4824.50383941613  220.5106
4824.67741611664  226.1828
4824.85099281715  214.7613
4825.02456951767  220.8615
4825.19814621818  253.9519
4825.37172291869  256.4027
4825.5452996192  216.6977
4825.71887631972  205.9549
4825.89245302023  207.978
4826.06602972074  179.9713
4826.23960642126  202.1008
4826.41318312177  211.7478
4826.58675982228  182.5542
4826.76033652279  210.1371
4826.93391322331  201.0629
4827.10748992382  260.3424
4827.28106662433  230.1993
4827.45464332484  185.4123
4827.62822002536  144.401
4827.80179672587  173.8648
4827.97537342638  220.4752
4828.14895012689  273.3793
4828.32252682741  220.538
4828.49610352792  201.0274
4828.66968022843  230.4414
4828.84325692895  222.687
4829.01683362946  168.9214
4829.19041032997  180.6078
4829.36398703048  204.2398
4829.537563731  187.6076
4829.71114043151  220.6916
4829.88471713202  204.2044
4830.05829383253  205.3476
4830.23187053305  250.8779
4830.40544723356  238.8515
4830.57902393407  243.0091
4830.75260063459  252.8383
4830.9261773351  243.2941
4831.09975403561  246.6129
4831.27333073612  249.6476
4831.44690743664  240.6105
4831.62048413715  195.3015
4831.79406083766  193.5618
4831.96763753817  220.0152
4832.14121423869  214.713
4832.3147909392  233.5407
4832.48836763971  213.5977
4832.66194434023  238.3001
4832.83552104074  244.4691
4833.00909774125  234.2708
4833.18267444177  251.5405
4833.35625114228  263.5032
4833.52982784279  250.7492
4833.7034045433  277.1571
4833.87698124381  232.7471
4834.05055794433  175.5712
4834.22413464484  202.113
4834.39771134535  198.885
4834.57128804587  219.3928
4834.74486474638  315.0101
4834.91844144689  310.7977
4835.0920181474  244.6697
4835.26559484792  225.0379
4835.43917154843  242.7606
4835.61274824894  224.7764
4835.78632494946  210.4318
4835.95990164997  207.2938
4836.13347835048  264.2885
4836.30705505099  239.2486
4836.48063175151  256.6055
4836.65420845202  281.3734
4836.82778515253  220.1899
4837.00136185304  200.1574
4837.17493855356  245.0712
4837.34851525407  265.916
4837.52209195458  271.8496
4837.6956686551  242.6985
4837.86924535561  245.1255
4838.04282205612  271.7016
4838.21639875663  255.5721
4838.38997545715  231.7151
4838.56355215766  217.824
4838.73712885817  277.0269
4838.91070555868  252.2643
4839.0842822592  245.3777
4839.25785895971  287.4041
4839.43143566022  300.5222
4839.60501236074  270.7724
4839.77858906125  296.9077
4839.95216576176  286.8458
4840.12574246228  268.1126
4840.29931916279  255.5173
4840.4728958633  257.1468
4840.64647256381  259.5181
4840.82004926432  197.9129
4840.99362596484  251.7357
4841.16720266535  262.9059
4841.34077936586  279.9878
4841.51435606638  268.35
4841.68793276689  297.8756
4841.8615094674  258.4572
4842.03508616791  243.926
4842.20866286843  231.8118
4842.38223956894  287.7946
4842.55581626945  307.0554
4842.72939296997  246.6068
4842.90296967048  244.8422
4843.07654637099  255.6686
4843.2501230715  274.9358
4843.42369977202  309.1119
4843.59727647253  307.2622
4843.77085317304  314.282
4843.94442987355  264.9779
4844.11800657407  240.9572
4844.29158327458  347.4392
4844.46515997509  385.3017
4844.6387366756  328.6953
4844.81231337612  271.9757
4844.98589007663  315.6093
4845.15946677714  362.1454
4845.33304347766  331.5676
4845.50662017817  326.8083
4845.68019687868  286.1598
4845.85377357919  266.8055
4846.02735027971  309.3515
4846.20092698022  337.5681
4846.37450368073  317.8828
4846.54808038124  276.5954
4846.72165708176  318.652
4846.89523378227  373.9983
4847.06881048278  373.1608
4847.2423871833  315.0234
4847.41596388381  309.1752
4847.58954058432  366.4036
4847.76311728483  358.9062
4847.93669398535  304.5864
4848.11027068586  284.675
4848.28384738637  372.0241
4848.45742408689  354.9987
4848.6310007874  298.0133
4848.80457748791  262.7136
4848.97815418842  340.6454
4849.15173088894  356.3565
4849.32530758945  356.036
4849.49888428996  338.1064
4849.67246099047  302.7873
4849.84603769099  337.5835
4850.0196143915  299.713
4850.19319109201  383.8731
4850.36676779253  339.5276
4850.54034449304  354.5331
4850.71392119355  423.201
4850.88749789406  299.929
4851.06107459458  335.6443
4851.23465129509  371.0665
4851.4082279956  331.3317
4851.58180469611  379.5187
4851.75538139663  429.3611
4851.92895809714  464.2767
4852.10253479765  424.0309
4852.27611149817  369.1766
4852.44968819868  349.3484
4852.62326489919  368.2593
4852.7968415997  375.269
4852.97041830022  395.7821
4853.14399500073  361.2049
4853.31757170124  374.008
4853.49114840176  366.1259
4853.66472510227  398.5505
4853.83830180278  479.3853
4854.01187850329  412.111
4854.18545520381  412.2455
4854.35903190432  431.9478
4854.53260860483  413.506
4854.70618530534  434.9491
4854.87976200586  433.3228
4855.05333870637  427.0017
4855.22691540688  406.5117
4855.4004921074  416.8567
4855.57406880791  405.9832
4855.74764550842  436.2353
4855.92122220893  408.9549
4856.09479890945  392.9482
4856.26837560996  415.1763
4856.44195231047  397.82
4856.61552901098  322.8743
4856.7891057115  394.2558
4856.96268241201  362.9329
4857.13625911252  408.6899
4857.30983581304  414.7493
4857.48341251355  385.9031
4857.65698921406  358.7702
4857.83056591457  355.583
4858.00414261509  419.9627
4858.1777193156  439.0498
4858.35129601611  344.7668
4858.52487271662  384.0248
4858.69844941714  341.0806
4858.87202611765  322.7708
4859.04560281816  367.5968
4859.21917951868  337.0446
4859.39275621919  320.3166
4859.5663329197  259.3425
4859.73990962021  313.0345
4859.91348632073  310.8933
4860.08706302124  299.4736
4860.26063972175  265.839
4860.43421642226  272.8128
4860.60779312278  339.7084
4860.78136982329  324.6968
4860.9549465238  345.1412
4861.12852322432  333.8445
4861.30209992483  350.1049
4861.47567662534  316.8417
4861.64925332585  309.4344
4861.82283002637  337.1606
4861.99640672688  336.059
4862.16998342739  287.2627
4862.34356012791  300.9534
4862.51713682842  290.1555
4862.69071352893  285.4059
4862.86429022944  338.7139
4863.03786692996  327.0866
4863.21144363047  318.3063
4863.38502033098  347.8098
4863.55859703149  348.1542
4863.73217373201  362.5919
4863.90575043252  334.2142
4864.07932713303  278.8222
4864.25290383355  281.8316
4864.42648053406  358.2917
4864.60005723457  327.9473
4864.77363393508  319.01
4864.9472106356  344.6654
4865.12078733611  379.
4865.29436403662  330.3498
4865.46794073713  334.1505
4865.64151743765  350.3177
4865.81509413816  376.6851
4865.98867083867  400.3264
4866.16224753918  333.4081
4866.3358242397  341.8214
4866.50940094021  335.9129
4866.68297764072  334.468
4866.85655434124  336.8689
4867.03013104175  296.1179
4867.20370774226  343.9562
4867.37728444277  342.4335
4867.55086114329  326.2664
4867.7244378438  364.6733
4867.89801454431  364.1631
4868.07159124483  311.3557
4868.24516794534  389.1469
4868.41874464585  334.2344
4868.59232134636  366.3545
4868.76589804688  336.1762
4868.93947474739  356.2191
4869.1130514479  362.6229
4869.28662814841  353.4749
4869.46020484893  363.9597
4869.63378154944  282.5889
4869.80735824995  330.6418
4869.98093495046  366.8227
4870.15451165098  321.1714
4870.32808835149  337.2122
4870.501665052  294.9889
4870.67524175252  310.2138
4870.84881845303  323.6431
4871.02239515354  337.5765
4871.19597185406  333.1064
4871.36954855457  346.726
4871.54312525508  326.7291
4871.71670195559  329.95
4871.89027865611  283.3238
4872.06385535662  335.3268
4872.23743205713  269.6455
4872.41100875764  262.6133
4872.58458545816  288.3029
4872.75816215867  315.0746
4872.93173885918  295.2915
4873.10531555969  326.7197
4873.27889226021  348.8296
4873.45246896072  314.8157
4873.62604566123  274.4923
4873.79962236175  110.0049
4873.97319906226  293.7153
4874.14677576277  304.1864
4874.32035246328  333.5554
4874.4939291638  292.9663
4874.66750586431  282.6712
4874.84108256482  317.2487
4875.01465926533  261.0901
4875.18823596585  257.6377
4875.36181266636  332.0541
4875.53538936687  298.6385
4875.70896606739  286.7015
4875.8825427679  280.8195
4876.05611946841  314.4571
4876.22969616892  286.2536
4876.40327286944  257.2309
4876.57684956995  259.5002
4876.75042627046  303.4387
4876.92400297097  342.1465
4877.09757967149  317.7499
4877.271156372  282.763
4877.44473307251  239.1833
4877.61830977303  239.3947
4877.79188647354  309.8276
4877.96546317405  314.2115
4878.13903987456  280.4154
4878.31261657508  310.1048
4878.48619327559  292.4455
4878.6597699761  263.945
4878.83334667662  292.4655
4879.00692337713  341.4877
4879.18050007764  365.9399
4879.35407677815  349.812
4879.52765347867  293.7467
4879.70123017918  271.6962
4879.87480687969  271.777
4880.0483835802  309.2346
4880.22196028072  272.7654
4880.39553698123  238.6969
4880.56911368174  282.046
4880.74269038225  270.3761
4880.91626708277  268.7811
4881.08984378328  273.8016
4881.26342048379  249.9265
4881.43699718431  293.8417
4881.61057388482  299.0055
4881.78415058533  292.5865
4881.95772728584  299.8765
4882.13130398636  272.2175
4882.30488068687  297.2294
4882.47845738738  278.9463
4882.6520340879  255.9886
4882.82561078841  269.1643
4882.99918748892  264.7615
4883.17276418943  216.0443
4883.34634088995  270.751
4883.51991759046  297.2822
4883.69349429097  285.8451
4883.86707099148  242.4176
4884.040647692  220.197
4884.21422439251  281.6558
4884.38780109302  273.3871
4884.56137779354  244.3581
4884.73495449405  255.3178
4884.90853119456  268.9194
4885.08210789507  276.8584
4885.25568459559  280.5595
4885.4292612961  298.7913
4885.60283799661  228.0476
4885.77641469712  267.2461
4885.94999139764  296.6335
4886.12356809815  263.5015
4886.29714479866  247.7455
4886.47072149918  299.4039
4886.64429819969  288.155
4886.8178749002  266.7268
4886.99145160071  267.8762
4887.16502830123  244.4236
4887.33860500174  207.4308
4887.51218170225  212.8715
4887.68575840276  272.0498
4887.85933510328  287.666
4888.03291180379  313.6897
4888.2064885043  313.8993
4888.38006520482  270.6961
4888.55364190533  259.5058
4888.72721860584  273.0588
4888.90079530635  265.373
4889.07437200687  243.75
4889.24794870738  244.5896
4889.42152540789  246.4975
4889.5951021084  211.1796
4889.76867880892  242.4191
4889.94225550943  301.6296
4890.11583220994  277.7261
4890.28940891046  213.3201
4890.46298561097  199.5787
4890.63656231148  211.5742
4890.81013901199  264.362
4890.98371571251  210.9637
4891.15729241302  246.4488
4891.33086911353  264.6891
4891.50444581405  231.0434
4891.67802251456  233.7228
4891.85159921507  382.7369
4892.02517591558  285.1136
4892.1987526161  264.2427
4892.37232931661  282.9836
4892.54590601712  276.6754
4892.71948271763  248.2823
4892.89305941815  213.3371
4893.06663611866  245.9893
4893.24021281917  230.4412
4893.41378951969  215.3728
4893.5873662202  252.1281
4893.76094292071  224.9482
4893.93451962122  233.7389
4894.10809632174  233.789
4894.28167302225  297.3372
4894.45524972276  299.1559
4894.62882642327  267.1765
4894.80240312379  284.6136
4894.9759798243  259.1158
4895.14955652481  271.2077
4895.32313322533  263.5969
4895.49670992584  249.0357
4895.67028662635  247.2149
4895.84386332686  208.975
4896.01744002738  247.8594
4896.19101672789  232.0342
4896.3645934284  242.6427
4896.53817012891  234.5025
4896.71174682943  250.8839
4896.88532352994  204.4839
4897.05890023045  235.8497
4897.23247693096  248.2255
4897.40605363148  259.5588
4897.57963033199  250.9541
4897.7532070325  261.536
4897.92678373302  256.0559
4898.10036043353  291.7704
4898.27393713404  250.7592
4898.44751383456  244.4734
4898.62109053507  188.368
4898.79466723558  193.9602
4898.96824393609  280.3255
4899.1418206366  231.1729
4899.31539733712  212.1597
4899.48897403763  255.1633
4899.66255073814  248.1072
4899.83612743866  220.3279
4900.00970413917  216.4312
4900.18328083968  218.664
4900.35685754019  215.3769
4900.53043424071  267.1766
4900.70401094122  275.3367
4900.87758764173  266.4897
4901.05116434225  206.8116
4901.22474104276  257.1334
4901.39831774327  209.013
4901.57189444378  176.9113
4901.7454711443  238.0784
4901.91904784481  277.1841
4902.09262454532  230.3386
4902.26620124584  185.7542
4902.43977794635  217.219
4902.61335464686  196.2047
4902.78693134737  207.4522
4902.96050804789  251.9084
4903.1340847484  195.8832
4903.30766144891  186.4654
4903.48123814942  188.3069
4903.65481484994  195.4378
4903.82839155045  195.1711
4904.00196825096  215.5011
4904.17554495148  187.5933
4904.34912165199  193.0751
4904.5226983525  196.0322
4904.69627505301  150.6958
4904.86985175353  201.6687
4905.04342845404  204.1485
4905.21700515455  274.5453
4905.39058185506  205.084
4905.56415855558  249.007
4905.73773525609  217.8741
4905.9113119566  259.951
4906.08488865712  228.6163
4906.25846535763  167.4855
4906.43204205814  183.2962
4906.60561875865  224.0713
4906.77919545917  194.8327
4906.95277215968  158.8113
4907.12634886019  196.8459
4907.2999255607  235.5079
4907.47350226122  243.1523
4907.64707896173  236.8608
4907.82065566224  208.2945
4907.99423236276  206.2695
4908.16780906327  189.897
4908.34138576378  191.7931
4908.51496246429  227.3865
4908.68853916481  218.1884
4908.86211586532  230.9281
4909.03569256583  211.3847
4909.20926926634  171.0319
4909.38284596686  170.3913
4909.55642266737  145.8412
4909.72999936788  172.3567
4909.9035760684  171.1618
4910.07715276891  200.9568
4910.25072946942  209.4643
4910.42430616993  243.6391
4910.59788287045  206.3109
4910.77145957096  145.1389
4910.94503627147  145.9087
4911.11861297198  118.6031
4911.2921896725  185.7798
4911.46576637301  158.3599
4911.63934307352  162.0946
4911.81291977404  198.9875
4911.98649647455  219.4686
4912.16007317506  189.0207
4912.33364987557  177.9107
4912.50722657609  246.6896
4912.6808032766  196.9711
4912.85437997711  170.5807
4913.02795667762  182.1778
4913.20153337814  175.759
4913.37511007865  174.1582
4913.54868677916  160.1595
4913.72226347968  197.9711
4913.89584018019  180.3986
4914.0694168807  219.1852
4914.24299358121  174.4418
4914.41657028173  158.7549
4914.59014698224  223.6071
4914.76372368275  181.0217
4914.93730038327  120.041
4915.11087708378  148.4004
4915.28445378429  174.4606
4915.4580304848  122.8787
4915.63160718532  193.3468
4915.80518388583  191.276
4915.97876058634  111.0905
4916.15233728685  113.6113
4916.32591398737  182.8505
4916.49949068788  199.3481
4916.67306738839  160.8889
4916.8466440889  143.2522
4917.02022078942  145.3772
4917.19379748993  158.7247
4917.36737419044  189.6141
4917.54095089096  168.149
4917.71452759147  138.7716
4917.88810429198  150.5099
4918.06168099249  230.8749
4918.23525769301  189.7818
4918.40883439352  101.8513
4918.58241109403  133.2273
4918.75598779454  204.3504
4918.92956449506  127.0293
4919.10314119557  148.5927
4919.27671789608  135.336
4919.4502945966  141.165
4919.62387129711  113.3308
4919.79744799762  146.1203
4919.97102469813  137.8867
4920.14460139865  122.7055
4920.31817809916  124.4068
4920.49175479967  151.2163
4920.66533150019  119.8182
4920.8389082007  78.14653
4921.01248490121  96.75661
4921.18606160172  68.50023
4921.35963830224  117.0367
4921.53321500275  97.72145
4921.70679170326  112.978
4921.88036840377  87.28945
4922.05394510429  93.51622
4922.2275218048  132.5441
4922.40109850531  79.83716
4922.57467520583  138.6763
4922.74825190634  134.4628
4922.92182860685  128.9972
4923.09540530736  101.3497
4923.26898200788  129.7836
4923.44255870839  132.5666
4923.6161354089  84.90589
4923.78971210942  97.31771
4923.96328880993  137.0271
4924.13686551044  146.6465
4924.31044221095  122.6604
4924.48401891147  97.1108
4924.65759561198  109.7877
4924.83117231249  115.4707
4925.004749013  138.2888
4925.17832571352  112.3271
4925.35190241403  98.49735
4925.52547911454  121.9813
4925.69905581505  136.1713
4925.87263251557  113.6802
4926.04620921608  118.5323
4926.21978591659  109.336
4926.39336261711  166.0003
4926.56693931762  181.1808
4926.74051601813  159.6881
4926.91409271864  142.0872
4927.08766941916  118.6111
4927.26124611967  126.7313
4927.43482282018  133.9826
4927.60839952069  88.32856
4927.78197622121  166.4114
4927.95555292172  124.4029
4928.12912962223  109.203
4928.30270632275  140.6746
4928.47628302326  69.36668
4928.64985972377  68.41677
4928.82343642428  118.2236
4928.9970131248  134.1682
4929.17058982531  154.9319
4929.34416652582  125.1818
4929.51774322634  124.8686
4929.69131992685  142.8274
4929.86489662736  122.7204
4930.03847332787  96.51679
4930.21205002839  62.89228
4930.3856267289  96.65037
4930.55920342941  108.894
4930.73278012992  102.8235
4930.90635683044  82.64134
4931.07993353095  100.1276
4931.25351023146  119.3756
4931.42708693197  117.2405
4931.60066363249  119.3713
4931.774240333  126.2247
4931.94781703351  61.39402
4932.12139373403  82.70441
4932.29497043454  88.53008
4932.46854713505  98.39217
4932.64212383556  112.6156
4932.81570053608  105.2102
4932.98927723659  100.6433
4933.1628539371  78.2084
4933.33643063761  101.2428
4933.51000733813  105.0534
4933.68358403864  62.3221
4933.85716073915  68.89474
4934.03073743967  74.82382
4934.20431414018  65.31382
4934.37789084069  57.15786
4934.5514675412  76.06736
4934.72504424172  70.93672
4934.89862094223  93.04103
4935.07219764274  89.79629
4935.24577434326  97.63858
4935.41935104377  69.05384
4935.59292774428  86.09512
4935.76650444479  105.2823
4935.94008114531  109.8742
4936.11365784582  83.70235
4936.28723454633  68.92098
4936.46081124684  61.89782
4936.63438794736  55.58324
4936.80796464787  35.31106
4936.98154134838  37.19131
4937.1551180489  101.3099
4937.32869474941  20.73781
4937.50227144992  80.94447
4937.67584815043  82.32603
4937.84942485095  34.53402
4938.02300155146  77.0209
4938.19657825197  83.19966
4938.37015495248  65.47492
4938.543731653  80.80534
4938.71730835351  44.47688
4938.89088505402  70.41325
4939.06446175454  21.33017
4939.23803845505  10.71556
4939.41161515556  22.74958
4939.58519185607  66.75909
4939.75876855659  62.27222
4939.9323452571  37.92041
4940.10592195761  33.46667
4940.27949865812  86.20549
4940.45307535864  88.16744
4940.62665205915  102.014
4940.80022875966  108.9177
4940.97380546018  72.01704
4941.14738216069  74.20819
4941.3209588612  61.25777
4941.49453556171  64.20307
4941.66811226223  34.2305
4941.84168896274  54.95587
4942.01526566325  87.28405
4942.18884236376  68.53523
4942.36241906428  60.875
4942.53599576479  4.019505
4942.7095724653  16.78974
4942.88314916582  51.66736
4943.05672586633  13.30499
4943.23030256684  11.10293
4943.40387926736  16.14592
4943.57745596787  26.69585
4943.75103266838  -6.464947
4943.92460936889  22.08308
4944.09818606941  57.18462
4944.27176276992  40.48431
4944.44533947043  83.08967
4944.61891617094  32.99855
4944.79249287146  33.75503
4944.96606957197  -7.31796
4945.13964627248  21.07953
4945.31322297299  7.702631
4945.48679967351  1.987502
4945.66037637402  61.21595
4945.83395307453  26.48108
