4768.2644583896  1.062542
4768.4380357316  14.70373
4768.61161307361  32.31126
4768.78519041561  61.34653
4768.95876775761  64.06822
4769.13234509962  32.77819
4769.30592244162  24.64601
4769.47949978362  43.54833
4769.65307712563  65.45428
4769.82665446763  54.59534
4770.00023180963  36.21531
4770.17380915164  44.51318
4770.34738649364  8.259083
4770.52096383564  62.56736
4770.69454117765  61.99785
4770.86811851965  54.67742
4771.04169586165  73.87545
4771.21527320366  46.81327
4771.38885054566  19.62296
4771.56242788766  11.369
4771.73600522967  36.71618
4771.90958257167  51.60952
4772.08315991367  66.50338
4772.25673725568  65.17072
4772.43031459768  21.45624
4772.60389193968  62.78136
4772.77746928169  38.48161
4772.95104662369  -8.798978
4773.12462396569  34.13017
4773.2982013077  74.08684
4773.4717786497  63.65807
4773.6453559917  -0.4476207
4773.81893333371  38.44422
4773.99251067571  73.01663
4774.16608801771  34.16058
4774.33966535972  6.938948
4774.51324270172  3.08775
4774.68682004372  20.6557
4774.86039738573  33.56648
4775.03397472773  17.01876
4775.20755206973  57.58119
4775.38112941174  49.57845
4775.55470675374  20.42104
4775.72828409574  65.97615
4775.90186143775  50.84002
4776.07543877975  31.49383
4776.24901612175  14.20571
4776.42259346376  31.53055
4776.59617080576  81.92246
4776.76974814776  99.23817
4776.94332548977  68.53868
4777.11690283177  52.70181
4777.29048017377  76.18224
4777.46405751578  52.22593
4777.63763485778  17.0689
4777.81121219978  62.07671
4777.98478954179  60.57803
4778.15836688379  57.99894
4778.33194422579  47.44925
4778.5055215678  32.25238
4778.6790989098  67.09884
4778.8526762518  79.53499
4779.02625359381  72.51809
4779.19983093581  111.4764
4779.37340827781  118.3226
4779.54698561982  81.12057
4779.72056296182  78.3345
4779.89414030382  58.94268
4780.06771764583  45.95678
4780.24129498783  36.23381
4780.41487232983  51.28992
4780.58844967183  83.44073
4780.76202701384  54.03735
4780.93560435584  86.59384
4781.10918169785  89.69032
4781.28275903985  44.89341
4781.45633638185  65.45638
4781.62991372386  88.47059
4781.80349106586  107.3558
4781.97706840786  111.1634
4782.15064574986  64.34702
4782.32422309187  65.28938
4782.49780043387  37.79639
4782.67137777588  18.53164
4782.84495511788  80.45807
4783.01853245988  83.65191
4783.19210980189  104.7121
4783.36568714389  97.88431
4783.53926448589  67.94494
4783.7128418279  68.84651
4783.8864191699  71.21893
4784.0599965119  73.11271
4784.23357385391  81.98452
4784.40715119591  89.05475
4784.58072853791  109.3463
4784.75430587992  103.7898
4784.92788322192  60.67361
4785.10146056392  45.82073
4785.27503790593  39.40293
4785.44861524793  111.9587
4785.62219258993  61.74396
4785.79576993194  65.83978
4785.96934727394  123.4936
4786.14292461594  87.44657
4786.31650195795  55.09802
4786.49007929995  44.29721
4786.66365664195  79.27905
4786.83723398395  108.9432
4787.01081132596  82.60339
4787.18438866796  73.16553
4787.35796600997  90.4754
4787.53154335197  88.80402
4787.70512069397  83.3382
4787.87869803598  59.53563
4788.05227537798  38.04538
4788.22585271998  73.40904
4788.39943006198  106.7296
4788.57300740399  68.62747
4788.74658474599  65.6221
4788.92016208799  93.27424
4789.09373943  104.3119
4789.267316772  113.8468
4789.440894114  85.28279
4789.61447145601  42.17259
4789.78804879801  54.22379
4789.96162614001  80.02312
4790.13520348202  76.04496
4790.30878082402  110.0658
4790.48235816602  144.4232
4790.65593550803  87.21018
4790.82951285003  88.44846
4791.00309019203  68.79747
4791.17666753404  90.18188
4791.35024487604  113.9116
4791.52382221804  107.6594
4791.69739956005  109.3498
4791.87097690205  128.5442
4792.04455424405  83.77864
4792.21813158606  72.71074
4792.39170892806  105.3989
4792.56528627006  94.76357
4792.73886361207  97.26091
4792.91244095407  116.3656
4793.08601829607  121.0821
4793.25959563808  141.8295
4793.43317298008  98.17522
4793.60675032208  68.50408
4793.78032766409  65.9617
4793.95390500609  66.86769
4794.12748234809  112.5479
4794.3010596901  135.2143
4794.4746370321  77.27322
4794.6482143741  90.66657
4794.82179171611  75.30762
4794.99536905811  51.76199
4795.16894640012  53.57843
4795.34252374212  69.83562
4795.51610108412  90.85394
4795.68967842612  81.13893
4795.86325576813  96.04423
4796.03683311013  124.7285
4796.21041045213  103.5778
4796.38398779414  120.2508
4796.55756513614  93.27761
4796.73114247814  119.6514
4796.90471982015  132.062
4797.07829716215  88.77029
4797.25187450415  88.44021
4797.42545184616  112.0161
4797.59902918816  152.5574
4797.77260653016  111.9548
4797.94618387217  107.3486
4798.11976121417  138.4486
4798.29333855617  133.5669
4798.46691589818  103.7933
4798.64049324018  94.12488
4798.81407058218  126.3648
4798.98764792419  123.767
4799.16122526619  100.6729
4799.33480260819  107.6028
4799.5083799502  63.4873
4799.6819572922  106.3548
4799.8555346342  83.82542
4800.02911197621  135.2885
4800.20268931821  131.2152
4800.37626666021  65.84663
4800.54984400222  66.53879
4800.72342134422  79.31234
4800.89699868622  126.4116
4801.07057602823  159.5189
4801.24415337023  129.9556
4801.41773071223  82.48245
4801.59130805424  108.37
4801.76488539624  123.7396
4801.93846273824  72.67308
4802.11204008025  111.369
4802.28561742225  153.3496
4802.45919476425  99.7793
4802.63277210626  119.2272
4802.80634944826  84.42064
4802.97992679026  122.9969
4803.15350413227  148.5884
4803.32708147427  175.6943
4803.50065881627  164.367
4803.67423615828  162.0058
4803.84781350028  172.8337
4804.02139084228  158.4725
4804.19496818429  156.0358
4804.36854552629  132.5753
4804.54212286829  122.6169
4804.7157002103  135.7487
4804.8892775523  148.6469
4805.0628548943  176.9899
4805.23643223631  154.7664
4805.41000957831  103.6649
4805.58358692031  141.5526
4805.75716426232  184.175
4805.93074160432  152.1214
4806.10431894632  113.9544
4806.27789628833  144.6836
4806.45147363033  132.2899
4806.62505097233  110.0279
4806.79862831434  144.8262
4806.97220565634  114.8284
4807.14578299834  140.9161
4807.31936034035  178.49
4807.49293768235  165.8818
4807.66651502435  154.3567
4807.84009236636  129.7466
4808.01366970836  114.7309
4808.18724705036  128.4802
4808.36082439237  137.6135
4808.53440173437  132.1173
4808.70797907637  197.9403
4808.88155641838  193.6979
4809.05513376038  87.9379
4809.22871110238  160.072
4809.40228844439  200.6295
4809.57586578639  137.8818
4809.74944312839  154.4608
4809.9230204704  193.8665
4810.0965978124  121.6223
4810.2701751544  122.3604
4810.44375249641  160.9743
4810.61732983841  127.9721
4810.79090718041  107.0693
4810.96448452242  163.6158
4811.13806186442  105.9121
4811.31163920642  103.0463
4811.48521654843  184.0872
4811.65879389043  201.0301
4811.83237123243  147.6975
4812.00594857444  137.7389
4812.17952591644  168.9534
4812.35310325844  147.7985
4812.52668060045  135.3946
4812.70025794245  134.8
4812.87383528445  80.5564
4813.04741262646  98.45312
4813.22098996846  128.2349
4813.39456731046  125.8182
4813.56814465247  185.4644
4813.74172199447  111.7373
4813.91529933647  166.9388
4814.08887667848  161.0137
4814.26245402048  146.4323
4814.43603136248  120.6352
4814.60960870449  176.9313
4814.78318604649  172.6988
4814.95676338849  161.975
4815.1303407305  145.282
4815.3039180725  151.0018
4815.4774954145  170.8825
4815.65107275651  135.9258
4815.82465009851  142.2159
4815.99822744051  177.1894
4816.17180478252  159.4046
4816.34538212452  155.2303
4816.51895946652  155.0148
4816.69253680853  144.5442
4816.86611415053  201.009
4817.03969149253  227.2328
4817.21326883454  184.3899
4817.38684617654  160.1881
4817.56042351854  109.9404
4817.73400086055  152.5249
4817.90757820255  114.7004
4818.08115554455  194.0377
4818.25473288656  215.343
4818.42831022856  146.6044
4818.60188757056  197.2387
4818.77546491257  148.9711
4818.94904225457  174.6182
4819.12261959657  164.238
4819.29619693858  154.569
4819.46977428058  202.8821
4819.64335162258  162.6511
4819.81692896459  167.5579
4819.99050630659  196.7538
4820.16408364859  180.031
4820.3376609906  174.726
4820.5112383326  212.0263
4820.6848156746  211.0466
4820.85839301661  142.9656
4821.03197035861  140.7108
4821.20554770061  175.5854
4821.37912504262  153.9097
4821.55270238462  144.2886
4821.72627972662  145.7747
4821.89985706863  146.5997
4822.07343441063  139.498
4822.24701175263  168.9988
4822.42058909464  184.0842
4822.59416643664  149.2446
4822.76774377864  123.8417
4822.94132112065  113.2972
4823.11489846265  140.9954
4823.28847580465  147.2789
4823.46205314666  166.2403
4823.63563048866  182.714
4823.80920783066  193.968
4823.98278517267  166.0688
4824.15636251467  125.7971
4824.32993985667  218.4872
4824.50351719868  189.4292
4824.67709454068  165.5798
4824.85067188268  136.7534
4825.02424922469  138.0975
4825.19782656669  187.7323
4825.37140390869  185.2838
4825.5449812507  177.1523
4825.7185585927  155.8101
4825.8921359347  173.5421
4826.06571327671  222.2416
4826.23929061871  187.3409
4826.41286796071  146.1097
4826.58644530272  151.65
4826.76002264472  180.1952
4826.93359998672  176.6219
4827.10717732873  143.7688
4827.28075467073  181.3525
4827.45433201273  165.2246
4827.62790935474  178.4891
4827.80148669674  238.2102
4827.97506403874  192.2305
4828.14864138075  179.9556
4828.32221872275  143.2587
4828.49579606475  126.2511
4828.66937340675  165.4788
4828.84295074876  223.3062
4829.01652809076  165.248
4829.19010543277  159.174
4829.36368277477  151.1166
4829.53726011677  225.9751
4829.71083745877  263.0922
4829.88441480078  186.6136
4830.05799214278  204.5616
4830.23156948479  203.039
4830.40514682679  170.7299
4830.57872416879  155.9259
4830.7523015108  176.391
4830.9258788528  195.1599
4831.0994561948  155.8429
4831.2730335368  165.4249
4831.44661087881  155.9935
4831.62018822081  117.0834
4831.79376556281  167.7879
4831.96734290482  219.0976
4832.14092024682  233.3423
4832.31449758883  177.7133
4832.48807493083  154.6107
4832.66165227283  207.2808
4832.83522961483  195.717
4833.00880695684  151.3023
4833.18238429884  239.2427
4833.35596164084  236.8219
4833.52953898285  198.5781
4833.70311632485  182.811
4833.87669366685  199.8382
4834.05027100886  244.5546
4834.22384835086  200.8801
4834.39742569287  188.2355
4834.57100303487  269.892
4834.74458037687  233.8401
4834.91815771887  158.9244
4835.09173506088  180.6824
4835.26531240288  165.9011
4835.43888974488  218.9147
4835.61246708689  232.2306
4835.78604442889  200.2699
4835.95962177089  225.4325
4836.1331991129  199.51
4836.3067764549  167.8344
4836.4803537969  236.3915
4836.65393113891  244.0731
4836.82750848091  210.4894
4837.00108582291  236.8543
4837.17466316492  221.9755
4837.34824050692  193.1181
4837.52181784893  220.5055
4837.69539519093  231.2307
4837.86897253293  262.5493
4838.04254987493  264.5929
4838.21612721694  193.4341
4838.38970455894  223.7916
4838.56328190094  261.4541
4838.73685924295  215.3967
4838.91043658495  227.0136
4839.08401392696  270.3098
4839.25759126896  250.0657
4839.43116861096  208.97
4839.60474595296  232.2641
4839.77832329497  234.6996
4839.95190063697  197.7468
4840.12547797897  218.1689
4840.29905532098  237.331
4840.47263266298  202.9933
4840.64621000498  147.6784
4840.81978734699  192.5112
4840.99336468899  147.6803
4841.16694203099  208.4081
4841.340519373  200.085
4841.514096715  246.3185
4841.687674057  222.008
4841.86125139901  238.9563
4842.03482874101  230.3893
4842.20840608301  210.2251
4842.38198342502  205.0564
4842.55556076702  231.6706
4842.72913810902  215.2313
4842.90271545103  211.3921
4843.07629279303  236.2195
4843.24987013503  228.2137
4843.42344747704  246.8461
4843.59702481904  262.5546
4843.77060216104  274.1391
4843.94417950305  240.5017
4844.11775684505  221.9502
4844.29133418705  242.7476
4844.46491152906  254.5112
4844.63848887106  308.3603
4844.81206621306  261.7202
4844.98564355507  222.9164
4845.15922089707  221.0133
4845.33279823907  215.8895
4845.50637558108  257.7093
4845.67995292308  267.3726
4845.85353026508  243.8895
4846.02710760709  246.5463
4846.20068494909  274.3703
4846.37426229109  241.0593
4846.5478396331  204.3663
4846.7214169751  252.2538
4846.8949943171  223.7377
4847.06857165911  218.6498
4847.24214900111  285.8684
4847.41572634311  281.5355
4847.58930368512  248.7607
4847.76288102712  271.9654
4847.93645836912  283.226
4848.11003571113  214.7091
4848.28361305313  268.9617
4848.45719039513  272.9557
4848.63076773714  255.4167
4848.80434507914  261.7848
4848.97792242114  270.211
4849.15149976315  318.9577
4849.32507710515  290.2648
4849.49865444715  335.2709
4849.67223178916  283.6516
4849.84580913116  292.7646
4850.01938647316  321.7924
4850.19296381517  283.1642
4850.36654115717  230.3159
4850.54011849917  328.318
4850.71369584118  331.6354
4850.88727318318  284.0228
4851.06085052518  318.4229
4851.23442786719  327.1092
4851.40800520919  314.3916
4851.58158255119  293.3679
4851.7551598932  281.341
4851.9287372352  310.7475
4852.1023145772  284.2525
4852.27589191921  334.4483
4852.44946926121  293.1689
4852.62304660321  332.5106
4852.79662394522  354.4492
4852.97020128722  355.4797
4853.14377862922  294.6586
4853.31735597123  338.4384
4853.49093331323  303.4555
4853.66451065523  281.4237
4853.83808799724  294.9633
4854.01166533924  372.6985
4854.18524268124  334.3378
4854.35882002325  334.1007
4854.53239736525  315.6255
4854.70597470725  302.849
4854.87955204926  300.3355
4855.05312939126  348.7128
4855.22670673326  341.3539
4855.40028407527  343.772
4855.57386141727  356.4921
4855.74743875927  363.1809
4855.92101610128  387.498
4856.09459344328  424.9539
4856.26817078528  351.5714
4856.44174812729  315.1965
4856.61532546929  373.0329
4856.78890281129  368.4445
4856.9624801533  361.7135
4857.1360574953  275.5598
4857.3096348373  330.136
4857.48321217931  324.1733
4857.65678952131  333.393
4857.83036686331  308.6753
4858.00394420532  304.4778
4858.17752154732  216.0847
4858.35109888932  194.796
4858.52467623133  247.6191
4858.69825357333  303.5912
4858.87183091533  266.8799
4859.04540825734  264.5773
4859.21898559934  278.3831
4859.39256294134  343.8751
4859.56614028335  274.1807
4859.73971762535  299.264
4859.91329496735  288.4079
4860.08687230936  246.4645
4860.26044965136  233.1986
4860.43402699336  255.5059
4860.60760433537  317.1747
4860.78118167737  278.6545
4860.95475901937  296.1431
4861.12833636138  276.4675
4861.30191370338  294.0957
4861.47549104538  271.5204
4861.64906838739  224.0471
4861.82264572939  262.2924
4861.99622307139  306.0904
4862.1698004134  313.6955
4862.3433777554  257.8708
4862.5169550974  283.7564
4862.69053243941  249.3689
4862.86410978141  242.9196
4863.03768712341  240.5114
4863.21126446542  244.1961
4863.38484180742  276.1937
4863.55841914942  271.7867
4863.73199649143  296.1317
4863.90557383343  275.5612
4864.07915117543  298.2208
4864.25272851744  289.1932
4864.42630585944  254.4331
4864.59988320144  228.6547
4864.77346054345  219.8228
4864.94703788545  303.3913
4865.12061522745  317.1271
4865.29419256946  257.1969
4865.46776991146  227.8561
4865.64134725346  255.378
4865.81492459547  276.5204
4865.98850193747  271.125
4866.16207927947  260.2779
4866.33565662148  292.7533
4866.50923396348  292.2362
4866.68281130548  272.4518
4866.85638864749  258.6424
4867.02996598949  259.7368
4867.20354333149  332.7936
4867.3771206735  322.393
4867.5506980155  274.5314
4867.7242753575  300.7136
4867.8978526995  330.0573
4868.07143004151  342.8897
4868.24500738351  315.596
4868.41858472552  306.8927
4868.59216206752  332.9329
4868.76573940952  306.9569
4868.93931675153  344.998
4869.11289409353  297.0411
4869.28647143553  326.4034
4869.46004877754  303.1198
4869.63362611954  284.8403
4869.80720346154  307.2867
4869.98078080355  268.1481
4870.15435814555  273.4987
4870.32793548755  310.2461
4870.50151282956  306.0372
4870.67509017156  224.8263
4870.84866751356  315.275
4871.02224485557  277.5863
4871.19582219757  277.9308
4871.36939953957  262.5506
4871.54297688158  304.3747
4871.71655422358  256.8047
4871.89013156558  237.2125
4872.06370890758  200.3302
4872.23728624959  235.5214
4872.41086359159  252.9798
4872.58444093359  266.7949
4872.7580182756  259.6041
4872.9315956176  245.874
4873.10517295961  259.8161
4873.27875030161  283.0302
4873.45232764361  319.8818
4873.62590498562  212.4233
4873.79948232762  149.4189
4873.97305966962  266.7104
4874.14663701163  259.19
4874.32021435363  231.1345
4874.49379169563  252.7535
4874.66736903763  235.9055
4874.84094637964  211.2927
4875.01452372164  294.6637
4875.18810106364  251.0261
4875.36167840565  242.0342
4875.53525574765  248.4011
4875.70883308966  223.0131
4875.88241043166  259.9678
4876.05598777366  275.3177
4876.22956511567  265.2079
4876.40314245767  277.9071
4876.57671979967  274.0989
4876.75029714168  274.9176
4876.92387448368  269.2954
4877.09745182568  211.4825
4877.27102916769  216.9951
4877.44460650969  257.6686
4877.61818385169  279.0445
4877.79176119369  230.6023
4877.9653385357  216.7735
4878.1389158777  192.5425
4878.31249321971  214.479
4878.48607056171  288.5386
4878.65964790371  242.0307
4878.83322524572  200.5305
4879.00680258772  290.6983
4879.18037992972  315.479
4879.35395727172  237.8998
4879.52753461373  197.4085
4879.70111195573  234.2271
4879.87468929773  180.4567
4880.04826663974  247.9756
4880.22184398174  248.6818
4880.39542132374  235.9203
4880.56899866575  242.6065
4880.74257600775  221.3127
4880.91615334975  199.6077
4881.08973069176  241.1674
4881.26330803376  253.8958
4881.43688537576  301.4751
4881.61046271777  251.1232
4881.78404005977  224.7862
4881.95761740177  178.7366
4882.13119474378  217.6958
4882.30477208578  296.9883
4882.47834942778  333.1162
4882.65192676979  231.7337
4882.82550411179  250.9372
4882.99908145379  282.3964
4883.1726587958  254.3674
4883.3462361378  194.0553
4883.51981347981  232.7525
4883.69339082181  257.6697
4883.86696816381  244.2111
4884.04054550581  230.4429
4884.21412284782  218.5995
4884.38770018982  292.6156
4884.56127753182  270.7851
4884.73485487383  274.9
4884.90843221583  211.6305
4885.08200955784  183.3065
4885.25558689984  210.2899
4885.42916424184  259.5405
4885.60274158384  238.9851
4885.77631892585  196.2335
4885.94989626785  204.7405
4886.12347360985  213.5468
4886.29705095186  225.946
4886.47062829386  174.3969
4886.64420563586  177.7714
4886.81778297787  209.791
4886.99136031987  184.511
4887.16493766187  192.2754
4887.33851500388  232.2539
4887.51209234588  248.5307
4887.68566968788  200.0297
4887.85924702989  214.596
4888.03282437189  273.4861
4888.20640171389  247.1905
4888.3799790559  255.38
4888.5535563979  230.478
4888.7271337399  227.5109
4888.90071108191  228.3354
4889.07428842391  225.4159
4889.24786576591  244.7371
4889.42144310792  237.0453
4889.59502044992  193.7041
4889.76859779192  227.0721
4889.94217513393  213.7576
4890.11575247593  202.4294
4890.28932981793  212.3192
4890.46290715994  206.2158
4890.63648450194  195.86
4890.81006184394  253.1704
4890.98363918595  275.927
4891.15721652795  189.3531
4891.33079386995  217.6208
4891.50437121196  202.6433
4891.67794855396  187.2178
4891.85152589596  190.653
4892.02510323797  175.2512
4892.19868057997  208.9314
4892.37225792197  233.6357
4892.54583526398  215.8356
4892.71941260598  230.1808
4892.89298994798  214.1643
4893.06656728999  192.3678
4893.24014463199  221.9245
4893.41372197399  210.1091
4893.587299316  191.6181
4893.760876658  202.8715
4893.934454  190.209
4894.10803134201  194.095
4894.28160868401  182.3441
4894.45518602601  147.8256
4894.62876336802  163.8879
4894.80234071002  216.8559
4894.97591805202  202.1374
4895.14949539403  185.2616
4895.32307273603  199.476
4895.49665007803  233.6776
4895.67022742004  160.1038
4895.84380476204  172.7086
4896.01738210404  184.4378
4896.19095944605  239.1444
4896.36453678805  195.9361
4896.53811413005  226.4561
4896.71169147206  181.2314
4896.88526881406  199.9732
4897.05884615606  232.6516
4897.23242349807  216.872
4897.40600084007  201.0827
4897.57957818207  244.6313
4897.75315552408  236.64
4897.92673286608  216.3303
4898.10031020808  202.8851
4898.27388755009  211.6353
4898.44746489209  200.9203
4898.62104223409  201.5742
4898.7946195761  192.9263
4898.9681969181  210.9677
4899.1417742601  172.6088
4899.31535160211  164.8366
4899.48892894411  192.5631
4899.66250628611  178.8446
4899.83608362812  177.4445
4900.00966097012  197.0977
4900.18323831212  195.7206
4900.35681565413  188.7987
4900.53039299613  168.8287
4900.70397033813  161.4459
4900.87754768014  168.3619
4901.05112502214  186.8541
4901.22470236414  164.1882
4901.39827970615  137.9091
4901.57185704815  201.717
4901.74543439015  143.1791
4901.91901173216  98.2412
4902.09258907416  181.0301
4902.26616641616  221.8824
4902.43974375817  179.3234
4902.61332110017  159.752
4902.78689844217  169.8496
4902.96047578418  206.8293
4903.13405312618  206.812
4903.30763046818  191.7737
4903.48120781019  156.6082
4903.65478515219  142.49
4903.82836249419  137.336
4904.0019398362  140.1545
4904.1755171782  166.7099
4904.3490945202  173.8195
4904.52267186221  149.8706
4904.69624920421  131.3163
4904.86982654621  198.3358
4905.04340388822  221.6418
4905.21698123022  179.6793
4905.39055857222  176.5963
4905.56413591423  210.4304
4905.73771325623  194.2518
4905.91129059823  187.3355
4906.08486794024  128.2345
4906.25844528224  141.7737
4906.43202262424  155.2991
4906.60559996625  184.0893
4906.77917730825  169.3526
4906.95275465025  157.9947
4907.12633199225  136.6749
4907.29990933426  200.2451
4907.47348667626  213.2858
4907.64706401827  184.7798
4907.82064136027  134.7035
4907.99421870227  194.2964
4908.16779604428  139.9612
4908.34137338628  136.0741
4908.51495072828  147.801
4908.68852807029  178.8693
4908.86210541229  154.1349
4909.03568275429  201.3794
4909.2092600963  118.2317
4909.3828374383  148.7349
4909.5564147803  123.5209
4909.72999212231  130.7466
4909.90356946431  136.2443
4910.07714680631  160.5112
4910.25072414832  155.3967
4910.42430149032  168.4493
4910.59787883232  223.6658
4910.77145617433  186.3449
4910.94503351633  101.8514
4911.11861085833  92.19635
4911.29218820034  116.1186
4911.46576554234  106.9432
4911.63934288434  101.7027
4911.81292022634  138.0935
4911.98649756835  184.7364
4912.16007491035  161.2129
4912.33365225236  153.6329
4912.50722959436  118.9091
4912.68080693636  133.5251
4912.85438427837  183.869
4913.02796162037  163.473
4913.20153896237  142.2686
4913.37511630438  152.0916
4913.54869364638  203.099
4913.72227098838  150.8196
4913.89584833039  138.5166
4914.06942567239  187.9977
4914.24300301439  159.67
4914.41658035639  166.6993
4914.5901576984  178.5906
4914.7637350404  159.4886
4914.9373123824  140.1462
4915.11088972441  100.6232
4915.28446706641  140.6577
4915.45804440842  114.2703
4915.63162175042  165.5128
4915.80519909242  125.9258
4915.97877643443  141.511
4916.15235377643  118.4668
4916.32593111843  165.7439
4916.49950846043  174.8249
4916.67308580244  163.6867
4916.84666314444  164.0882
4917.02024048644  126.7031
4917.19381782845  137.528
4917.36739517045  97.41222
4917.54097251246  165.8842
4917.71454985446  145.137
4917.88812719646  138.8708
4918.06170453846  115.1308
4918.23528188047  79.20456
4918.40885922247  126.8157
4918.58243656447  106.7925
4918.75601390648  135.4219
4918.92959124848  115.4545
4919.10316859048  101.5481
4919.27674593249  141.9453
4919.45032327449  137.0649
4919.62390061649  108.4201
4919.7974779585  102.0519
4919.9710553005  95.05146
4920.14463264251  123.9139
4920.31820998451  112.3813
4920.49178732651  117.4876
4920.66536466851  122.4597
4920.83894201052  114.821
4921.01251935252  112.2445
4921.18609669452  104.395
4921.35967403653  74.93724
4921.53325137853  46.08464
4921.70682872054  110.0221
4921.88040606254  117.6631
4922.05398340454  98.45079
4922.22756074654  106.4138
4922.40113808855  116.0799
4922.57471543055  128.7921
4922.74829277256  139.543
4922.92187011456  120.4874
4923.09544745656  116.6367
4923.26902479856  103.5308
4923.44260214057  84.76365
4923.61617948257  73.44197
4923.78975682457  57.73758
4923.96333416658  83.89017
4924.13691150858  79.56381
4924.31048885059  115.8785
4924.48406619259  104.6399
4924.65764353459  106.6888
4924.83122087659  149.7869
4925.0047982186  182.9945
4925.1783755606  107.9371
4925.3519529026  95.13574
4925.52553024461  81.68966
4925.69910758661  126.5964
4925.87268492861  93.29664
4926.04626227062  69.64839
4926.21983961262  105.9615
4926.39341695462  164.8224
4926.56699429663  86.63467
4926.74057163863  96.30116
4926.91414898063  97.49538
4927.08772632264  97.88785
4927.26130366464  122.0755
4927.43488100664  134.8273
4927.60845834865  106.1858
4927.78203569065  91.25064
4927.95561303265  103.0559
4928.12919037466  107.4312
4928.30276771666  131.8094
4928.47634505866  104.2103
4928.64992240067  132.7859
4928.82349974267  112.4228
4928.99707708467  72.8438
4929.17065442668  59.34295
4929.34423176868  57.62669
4929.51780911069  91.58113
4929.69138645269  62.59565
4929.86496379469  82.43709
4930.03854113669  76.04532
4930.2121184787  144.8051
4930.3856958207  132.7229
4930.5592731627  79.88948
4930.73285050471  55.38437
4930.90642784671  65.07986
4931.08000518871  71.44334
4931.25358253072  93.65134
4931.42715987272  85.02039
4931.60073721472  89.03941
4931.77431455673  102.1422
4931.94789189873  77.43771
4932.12146924073  96.30157
4932.29504658274  120.2311
4932.46862392474  86.07549
4932.64220126674  87.54427
4932.81577860875  65.7808
4932.98935595075  88.88037
4933.16293329275  92.73022
4933.33651063476  115.0585
4933.51008797676  80.39763
4933.68366531876  73.34447
4933.85724266077  88.79218
4934.03082000277  78.91107
4934.20439734477  62.64013
4934.37797468678  55.2408
4934.55155202878  103.8085
4934.72512937078  36.48897
4934.89870671279  31.77626
4935.07228405479  76.0898
4935.24586139679  88.19735
4935.4194387388  56.39836
4935.5930160808  78.59959
4935.7665934228  53.02458
4935.94017076481  45.16422
4936.11374810681  23.58024
4936.28732544881  58.48062
4936.46090279082  82.81402
4936.63448013282  64.41628
4936.80805747482  58.12276
4936.98163481683  87.71189
4937.15521215883  16.27185
4937.32878950083  44.86871
4937.50236684284  23.43328
4937.67594418484  84.87526
4937.84952152684  29.16827
4938.02309886885  43.47086
4938.19667621085  23.44159
4938.37025355285  47.95845
4938.54383089486  58.71161
4938.71740823686  75.06678
4938.89098557886  23.51467
4939.06456292087  31.64573
4939.23814026287  92.42137
4939.41171760487  43.43272
4939.58529494688  73.33032
4939.75887228888  47.4334
4939.93244963088  63.71389
4940.10602697289  48.41747
4940.27960431489  12.38289
4940.45318165689  42.79578
4940.6267589989  77.61895
4940.8003363409  33.55866
4940.9739136829  -10.68257
4941.14749102491  29.96814
4941.32106836691  57.00285
4941.49464570891  105.7745
4941.66822305092  46.28761
4941.84180039292  22.35864
4942.01537773492  41.73325
4942.18895507693  32.93215
4942.36253241893  55.16073
4942.53610976093  53.31732
4942.70968710294  60.67641
4942.88326444494  19.29686
4943.05684178694  6.594756
4943.23041912895  62.87459
4943.40399647095  58.42111
4943.57757381295  65.26296
4943.75115115496  10.73893
4943.92472849696  -5.443896
4944.09830583896  14.35127
4944.27188318097  22.80675
4944.44546052297  -4.899853
4944.61903786497  -19.37526
4944.79261520698  43.96437
4944.96619254898  31.45675
4945.13976989098  8.803741
4945.31334723299  32.15696
4945.48692457499  19.91493
4945.66050191699  -26.25796
4945.834079259  -9.50668
