4768.268697277  51.83381
4768.44226948901  39.69157
4768.61584170102  1.257282
4768.78941391303  34.47362
4768.96298612504  85.8979
4769.13655833705  60.51648
4769.31013054906  22.16817
4769.48370276107  28.19411
4769.65727497308  45.96003
4769.83084718509  71.29884
4770.0044193971  71.33929
4770.17799160911  32.4612
4770.35156382112  47.58582
4770.52513603313  30.87022
4770.69870824514  91.12649
4770.87228045715  122.9274
4771.04585266916  27.09807
4771.21942488118  95.09604
4771.39299709319  55.95454
4771.5665693052  49.51486
4771.74014151721  56.01741
4771.91371372922  33.50771
4772.08728594123  61.46538
4772.26085815324  64.64139
4772.43443036525  72.55174
4772.60800257726  54.70661
4772.78157478927  29.1945
4772.95514700128  18.49531
4773.12871921329  101.648
4773.3022914253  99.49566
4773.47586363731  58.69175
4773.64943584932  33.8577
4773.82300806133  32.67651
4773.99658027334  52.32902
4774.17015248535  85.42876
4774.34372469736  83.4718
4774.51729690937  34.51023
4774.69086912138  27.54792
4774.86444133339  48.08083
4775.0380135454  19.29926
4775.21158575741  59.16796
4775.38515796942  74.21274
4775.55873018143  64.21052
4775.73230239344  90.10928
4775.90587460545  79.04359
4776.07944681746  54.9719
4776.25301902947  19.80825
4776.42659124148  42.06166
4776.6001634535  38.7738
4776.7737356655  71.90747
4776.94730787752  139.102
4777.12088008953  61.98759
4777.29445230154  27.60466
4777.46802451355  76.03447
4777.64159672556  65.87651
4777.81516893757  105.153
4777.98874114958  57.19881
4778.16231336159  67.18989
4778.3358855736  51.84491
4778.50945778561  78.33418
4778.68302999762  79.89433
4778.85660220963  69.35305
4779.03017442164  88.67795
4779.20374663365  99.79913
4779.37731884566  56.91929
4779.55089105767  23.0027
4779.72446326968  71.63125
4779.89803548169  91.04348
4780.0716076937  81.00658
4780.24517990571  85.59969
4780.41875211772  96.99456
4780.59232432973  103.2163
4780.76589654174  82.22178
4780.93946875375  59.08156
4781.11304096576  75.55377
4781.28661317777  27.99709
4781.46018538978  55.92139
4781.63375760179  43.67851
4781.80732981381  32.44213
4781.98090202581  124.8118
4782.15447423783  74.33685
4782.32804644984  55.8567
4782.50161866185  130.2579
4782.67519087386  64.89056
4782.84876308587  78.09017
4783.02233529788  74.5658
4783.19590750989  105.6232
4783.3694797219  146.3511
4783.54305193391  95.94032
4783.71662414592  81.33545
4783.89019635793  104.3058
4784.06376856994  106.2016
4784.23734078195  125.5218
4784.41091299396  144.7245
4784.58448520597  104.7455
4784.75805741798  42.35697
4784.93162962999  32.3045
4785.105201842  79.20949
4785.27877405401  109.7881
4785.45234626602  91.90279
4785.62591847803  112.2489
4785.79949069004  90.04272
4785.97306290205  105.279
4786.14663511406  135.3097
4786.32020732607  121.0805
4786.49377953808  108.5274
4786.66735175009  109.8187
4786.8409239621  116.8879
4787.01449617411  138.0264
4787.18806838612  137.1426
4787.36164059813  127.1609
4787.53521281015  113.4427
4787.70878502216  59.48126
4787.88235723417  81.4416
4788.05592944618  77.86887
4788.22950165819  97.57192
4788.4030738702  120.6168
4788.57664608221  92.24792
4788.75021829422  113.6278
4788.92379050623  137.043
4789.09736271824  138.2314
4789.27093493025  144.3438
4789.44450714226  119.8131
4789.61807935427  101.4494
4789.79165156628  142.3704
4789.96522377829  161.5096
4790.1387959903  113.9578
4790.31236820231  80.61313
4790.48594041432  108.4223
4790.65951262633  140.4795
4790.83308483834  83.39671
4791.00665705035  119.5716
4791.18022926236  129.3684
4791.35380147437  118.0327
4791.52737368638  102.7465
4791.70094589839  110.2996
4791.8745181104  116.5016
4792.04809032241  88.80215
4792.22166253442  115.2374
4792.39523474643  110.6932
4792.56880695844  87.94887
4792.74237917046  98.00069
4792.91595138246  82.04835
4793.08952359448  106.3224
4793.26309580649  126.8857
4793.4366680185  137.4876
4793.61024023051  115.0019
4793.78381244252  106.6115
4793.95738465453  116.6547
4794.13095686654  106.2074
4794.30452907855  172.8416
4794.47810129056  133.2438
4794.65167350257  67.25935
4794.82524571458  98.57471
4794.99881792659  135.8775
4795.1723901386  144.0037
4795.34596235061  94.48901
4795.51953456262  93.26962
4795.69310677463  154.2148
4795.86667898664  141.7433
4796.04025119865  144.4821
4796.21382341066  154.1815
4796.38739562267  158.7848
4796.56096783468  177.444
4796.73454004669  120.276
4796.9081122587  140.8905
4797.08168447071  156.3704
4797.25525668272  125.475
4797.42882889473  156.3152
4797.60240110674  161.7705
4797.77597331875  151.7467
4797.94954553076  143.9925
4798.12311774277  143.0505
4798.29668995479  133.1758
4798.4702621668  92.19431
4798.64383437881  97.90399
4798.81740659082  134.8487
4798.99097880283  102.8404
4799.16455101484  83.14582
4799.33812322685  109.1205
4799.51169543886  98.94482
4799.68526765087  70.40138
4799.85883986288  143.1316
4800.03241207489  168.0971
4800.2059842869  120.2692
4800.37955649891  156.9494
4800.55312871092  148.6286
4800.72670092293  140.3191
4800.90027313494  149.0134
4801.07384534695  145.7707
4801.24741755896  174.5901
4801.42098977097  195.132
4801.59456198298  132.2076
4801.76813419499  105.8553
4801.941706407  129.3614
4802.11527861901  97.32178
4802.28885083102  124.3829
4802.46242304303  149.1499
4802.63599525504  94.62007
4802.80956746705  168.4785
4802.98313967906  193.9947
4803.15671189107  173.099
4803.33028410309  119.9469
4803.50385631509  103.8479
4803.6774285271  135.749
4803.85100073912  134.7981
4804.02457295113  135.1349
4804.19814516314  221.3506
4804.37171737515  164.1281
4804.54528958716  146.4427
4804.71886179917  170.7116
4804.89243401118  173.0191
4805.06600622319  194.6282
4805.2395784352  181.8068
4805.41315064721  141.0938
4805.58672285922  110.8923
4805.76029507123  161.1244
4805.93386728324  165.3896
4806.10743949525  173.4506
4806.28101170726  192.8016
4806.45458391927  208.1454
4806.62815613128  236.966
4806.80172834329  159.8112
4806.9753005553  155.3261
4807.14887276731  224.2722
4807.32244497932  190.5729
4807.49601719133  179.6979
4807.66958940334  186.7505
4807.84316161535  161.5541
4808.01673382736  133.7087
4808.19030603937  148.3314
4808.36387825138  159.7771
4808.53745046339  181.668
4808.7110226754  174.8101
4808.88459488741  186.7087
4809.05816709943  214.2556
4809.23173931144  184.9037
4809.40531152345  322.2382
4809.57888373546  248.4754
4809.75245594747  196.1679
4809.92602815948  192.3352
4810.09960037149  157.6875
4810.2731725835  147.311
4810.44674479551  145.9678
4810.62031700752  101.5259
4810.79388921953  166.5172
4810.96746143154  258.8814
4811.14103364355  228.5943
4811.31460585556  225.3944
4811.48817806757  233.8553
4811.66175027958  229.3011
4811.83532249159  201.5233
4812.0088947036  160.9548
4812.18246691561  160.7115
4812.35603912762  137.9335
4812.52961133963  153.7186
4812.70318355164  228.418
4812.87675576365  187.1185
4813.05032797566  152.3448
4813.22390018767  179.5806
4813.39747239968  199.3783
4813.57104461169  217.4962
4813.7446168237  141.6922
4813.91818903571  150.5563
4814.09176124772  157.3442
4814.26533345973  145.87
4814.43890567174  157.9812
4814.61247788375  186.5291
4814.78605009577  123.8898
4814.95962230778  192.9519
4815.13319451979  233.3336
4815.3067667318  247.1649
4815.48033894381  206.0016
4815.65391115582  182.5092
4815.82748336783  205.7307
4816.00105557984  230.8308
4816.17462779185  182.0212
4816.34820000386  223.7734
4816.52177221587  223.396
4816.69534442788  131.8965
4816.86891663989  197.0258
4817.0424888519  152.3065
4817.21606106391  210.4881
4817.38963327592  224.0871
4817.56320548793  275.9208
4817.73677769994  218.6015
4817.91034991195  199.7142
4818.08392212396  237.4156
4818.25749433597  172.8187
4818.43106654798  185.5486
4818.60463875999  246.4084
4818.778210972  256.6744
4818.95178318401  227.6298
4819.12535539602  208.8865
4819.29892760803  190.3012
4819.47249982004  223.8864
4819.64607203205  193.2522
4819.81964424406  192.1239
4819.99321645607  217.1013
4820.16678866808  203.4399
4820.3403608801  256.0487
4820.51393309211  235.4861
4820.68750530412  166.1593
4820.86107751613  218.2262
4821.03464972814  252.655
4821.20822194015  207.7541
4821.38179415216  196.9931
4821.55536636417  214.0148
4821.72893857618  147.26
4821.90251078819  201.9014
4822.0760830002  200.3059
4822.24965521221  206.3944
4822.42322742422  235.8245
4822.59679963623  268.5365
4822.77037184824  255.1138
4822.94394406025  285.8041
4823.11751627226  298.9787
4823.29108848427  245.2645
4823.46466069628  243.4068
4823.63823290829  285.1806
4823.8118051203  222.2168
4823.98537733231  199.9587
4824.15894954432  216.8387
4824.33252175633  293.458
4824.50609396834  220.8584
4824.67966618035  196.6391
4824.85323839236  246.4968
4825.02681060437  215.2466
4825.20038281639  196.1407
4825.37395502839  210.9729
4825.54752724041  233.137
4825.72109945242  240.4978
4825.89467166443  234.4701
4826.06824387644  257.86
4826.24181608845  260.0385
4826.41538830046  230.7329
4826.58896051247  210.5168
4826.76253272448  211.0656
4826.93610493649  203.4386
4827.1096771485  245.755
4827.28324936051  303.8757
4827.45682157252  211.3014
4827.63039378453  258.8799
4827.80396599654  242.0163
4827.97753820855  233.4033
4828.15111042056  223.9671
4828.32468263257  227.3008
4828.49825484458  259.6906
4828.67182705659  177.7811
4828.8453992686  181.173
4829.01897148061  226.0184
4829.19254369262  264.7062
4829.36611590463  238.256
4829.53968811664  298.3889
4829.71326032865  242.5972
4829.88683254066  167.275
4830.06040475267  224.7937
4830.23397696468  207.2086
4830.40754917669  210.3568
4830.58112138871  244.4135
4830.75469360071  267.3794
4830.92826581273  259.6752
4831.10183802474  255.6238
4831.27541023675  247.2899
4831.44898244876  244.8002
4831.62255466077  277.9319
4831.79612687278  213.6869
4831.96969908479  249.141
4832.1432712968  252.6522
4832.31684350881  215.6476
4832.49041572082  251.7749
4832.66398793283  257.5839
4832.83756014484  253.1128
4833.01113235685  282.0924
4833.18470456886  239.774
4833.35827678087  250.2069
4833.53184899288  321.3484
4833.70542120489  259.3241
4833.8789934169  260.3547
4834.05256562891  322.5884
4834.22613784092  268.367
4834.39971005293  245.1184
4834.57328226494  289.9932
4834.74685447695  293.4671
4834.92042668896  261.7411
4835.09399890097  241.5203
4835.26757111298  234.8722
4835.44114332499  293.9537
4835.614715537  285.4999
4835.78828774901  303.0563
4835.96185996102  190.9
4836.13543217304  152.5449
4836.30900438505  140.0194
4836.48257659706  158.2925
4836.65614880907  226.998
4836.82972102108  238.6982
4837.00329323309  250.0628
4837.1768654451  288.7686
4837.35043765711  287.9481
4837.52400986912  295.7304
4837.69758208113  287.4736
4837.87115429314  282.7142
4838.04472650515  334.676
4838.21829871716  311.8886
4838.39187092917  319.4325
4838.56544314118  315.3911
4838.73901535319  249.0869
4838.9125875652  336.707
4839.08615977721  350.3983
4839.25973198922  323.5205
4839.43330420123  287.1334
4839.60687641324  306.0809
4839.78044862525  281.6842
4839.95402083726  258.7192
4840.12759304927  293.2247
4840.30116526128  266.6956
4840.47473747329  219.9444
4840.6483096853  258.685
4840.82188189731  252.6514
4840.99545410932  257.1268
4841.16902632133  285.4025
4841.34259853334  224.0157
4841.51617074536  253.6264
4841.68974295737  262.3337
4841.86331516938  296.7604
4842.03688738139  231.8032
4842.2104595934  265.8712
4842.38403180541  287.6535
4842.55760401742  299.9427
4842.73117622943  260.9857
4842.90474844144  270.1226
4843.07832065345  318.67
4843.25189286546  336.1231
4843.42546507747  261.8467
4843.59903728948  282.633
4843.77260950149  317.2462
4843.9461817135  323.364
4844.11975392551  302.7226
4844.29332613752  315.9647
4844.46689834953  293.4804
4844.64047056154  317.879
4844.81404277355  268.099
4844.98761498556  316.4902
4845.16118719757  323.6328
4845.33475940958  288.5843
4845.50833162159  359.6443
4845.6819038336  274.7674
4845.85547604561  288.8987
4846.02904825762  322.7416
4846.20262046963  309.6865
4846.37619268164  291.9442
4846.54976489365  307.0755
4846.72333710567  327.375
4846.89690931767  267.1096
4847.07048152969  293.056
4847.2440537417  324.7832
4847.4176259537  314.9305
4847.59119816572  314.0923
4847.76477037773  319.0185
4847.93834258974  322.1537
4848.11191480175  323.0114
4848.28548701376  301.4324
4848.45905922577  307.4053
4848.63263143778  297.3075
4848.80620364979  301.7448
4848.9797758618  336.6149
4849.15334807381  387.3976
4849.32692028582  392.8774
4849.50049249783  321.3267
4849.67406470984  318.2614
4849.84763692185  306.4703
4850.02120913386  307.3129
4850.19478134587  370.8654
4850.36835355788  306.0038
4850.54192576989  290.3956
4850.7154979819  382.8758
4850.88907019391  337.347
4851.06264240592  393.0681
4851.23621461793  384.9109
4851.40978682994  339.7618
4851.58335904195  306.1091
4851.75693125396  357.0134
4851.93050346597  313.6348
4852.10407567798  368.9078
4852.27764788999  360.1974
4852.45122010201  370.0226
4852.62479231402  380.9512
4852.79836452603  352.9016
4852.97193673804  355.1091
4853.14550895005  349.8354
4853.31908116206  398.8026
4853.49265337407  354.057
4853.66622558608  459.3423
4853.83979779809  420.2917
4854.0133700101  329.0104
4854.18694222211  350.7413
4854.36051443412  402.8611
4854.53408664613  375.5048
4854.70765885814  334.3284
4854.88123107015  348.3458
4855.05480328216  412.1862
4855.22837549417  412.9814
4855.40194770618  329.5994
4855.57551991819  394.7443
4855.7490921302  386.3754
4855.92266434221  371.4647
4856.09623655422  370.177
4856.26980876623  370.4125
4856.44338097824  386.9297
4856.61695319025  380.5066
4856.79052540226  380.0889
4856.96409761427  420.4268
4857.13766982628  441.8494
4857.31124203829  429.4676
4857.4848142503  386.4462
4857.65838646231  479.1796
4857.83195867432  379.5244
4858.00553088634  366.7927
4858.17910309835  392.0849
4858.35267531036  375.6885
4858.52624752237  380.5227
4858.69981973438  406.3593
4858.87339194639  408.4542
4859.0469641584  357.6243
4859.22053637041  356.3495
4859.39410858242  435.9237
4859.56768079443  407.7359
4859.74125300644  359.5568
4859.91482521845  381.5673
4860.08839743046  410.3704
4860.26196964247  401.4767
4860.43554185448  399.0786
4860.60911406649  354.3208
4860.7826862785  380.104
4860.95625849051  399.2899
4861.12983070252  407.7698
4861.30340291453  393.807
4861.47697512654  392.55
4861.65054733855  400.6795
4861.82411955056  415.0938
4861.99769176257  449.6005
4862.17126397458  413.0756
4862.34483618659  384.1382
4862.5184083986  392.1807
4862.69198061061  361.2365
4862.86555282262  435.5002
4863.03912503463  430.238
4863.21269724664  416.9406
4863.38626945865  412.9032
4863.55984167067  420.1802
4863.73341388268  438.2162
4863.90698609469  446.0792
4864.0805583067  325.865
4864.25413051871  325.8494
4864.42770273072  482.6601
4864.60127494273  442.8748
4864.77484715474  391.5517
4864.94841936675  431.0549
4865.12199157876  442.1573
4865.29556379077  434.4993
4865.46913600278  354.8198
4865.64270821479  419.6621
4865.8162804268  436.2318
4865.98985263881  366.8318
4866.16342485082  360.7849
4866.33699706283  355.3203
4866.51056927484  385.4619
4866.68414148685  361.2899
4866.85771369886  327.8054
4867.03128591087  383.1875
4867.20485812288  425.9863
4867.37843033489  402.7164
4867.5520025469  368.3797
4867.72557475891  429.3855
4867.89914697092  403.902
4868.07271918293  424.1058
4868.24629139494  411.2902
4868.41986360695  331.2413
4868.59343581896  383.5562
4868.76700803098  447.6915
4868.94058024299  404.812
4869.114152455  366.7918
4869.28772466701  337.7655
4869.46129687902  433.7274
4869.63486909103  384.8136
4869.80844130304  344.4529
4869.98201351505  326.0145
4870.15558572706  321.1483
4870.32915793907  400.6778
4870.50273015108  369.9521
4870.67630236309  385.9494
4870.8498745751  378.6718
4871.02344678711  369.8322
4871.19701899912  394.758
4871.37059121113  353.2782
4871.54416342314  350.6824
4871.71773563515  357.0026
4871.89130784716  323.9593
4872.06488005917  322.3399
4872.23845227118  351.6807
4872.41202448319  328.4173
4872.5855966952  315.3876
4872.75916890721  368.7222
4872.93274111922  382.5892
4873.10631333123  306.7064
4873.27988554324  318.5849
4873.45345775525  395.067
4873.62702996726  388.1145
4873.80060217927  183.0218
4873.97417439128  306.4013
4874.14774660329  307.0732
4874.32131881531  317.2954
4874.49489102732  319.0056
4874.66846323933  324.2827
4874.84203545134  334.4463
4875.01560766335  360.8564
4875.18917987536  346.9056
4875.36275208737  344.741
4875.53632429938  313.4301
4875.70989651139  345.0818
4875.8834687234  335.0321
4876.05704093541  356.1016
4876.23061314742  356.0564
4876.40418535943  292.9104
4876.57775757144  332.23
4876.75132978345  340.4118
4876.92490199546  362.233
4877.09847420747  357.7071
4877.27204641948  344.552
4877.44561863149  405.715
4877.6191908435  349.6319
4877.79276305551  281.2174
4877.96633526752  318.4501
4878.13990747953  317.1793
4878.31347969154  306.3771
4878.48705190355  352.7625
4878.66062411556  310.1025
4878.83419632757  296.1689
4879.00776853958  366.8098
4879.18134075159  389.7135
4879.3549129636  326.9315
4879.52848517561  298.7015
4879.70205738763  293.4389
4879.87562959964  331.7761
4880.04920181165  369.9576
4880.22277402366  259.1214
4880.39634623567  305.1915
4880.56991844768  384.2102
4880.74349065969  288.2564
4880.9170628717  291.8917
4881.09063508371  348.7151
4881.26420729572  292.8513
4881.43777950773  346.7082
4881.61135171974  274.9125
4881.78492393175  272.9149
4881.95849614376  254.3266
4882.13206835577  257.5402
4882.30564056778  315.3029
4882.47921277979  288.4253
4882.6527849918  271.6447
4882.82635720381  317.442
4882.99992941582  320.8202
4883.17350162783  313.021
4883.34707383984  311.063
4883.52064605185  306.29
4883.69421826386  301.4152
4883.86779047587  336.9956
4884.04136268788  285.4227
4884.21493489989  292.8932
4884.3885071119  334.6058
4884.56207932391  291.7657
4884.73565153592  302.2226
4884.90922374793  313.5326
4885.08279595995  333.133
4885.25636817196  299.4405
4885.42994038397  262.067
4885.60351259598  277.6411
4885.77708480799  256.3708
4885.95065702  278.3267
4886.12422923201  315.5398
4886.29780144402  333.2744
4886.47137365603  326.6881
4886.64494586804  306.0477
4886.81851808005  278.9099
4886.99209029206  296.7957
4887.16566250407  331.2626
4887.33923471608  279.5876
4887.51280692809  251.6444
4887.6863791401  277.4386
4887.85995135211  289.3519
4888.03352356412  331.0119
4888.20709577613  423.868
4888.38066798814  309.0029
4888.55424020015  234.4499
4888.72781241216  323.1149
4888.90138462417  305.213
4889.07495683618  326.6685
4889.24852904819  271.7314
4889.4221012602  274.0577
4889.59567347221  297.2514
4889.76924568422  277.7733
4889.94281789623  218.8852
4890.11639010825  285.0133
4890.28996232025  300.3272
4890.46353453227  298.9998
4890.63710674427  333.3971
4890.81067895628  366.6233
4890.9842511683  374.1958
4891.15782338031  325.9682
4891.33139559232  247.5833
4891.50496780433  285.9815
4891.67854001634  266.8042
4891.85211222835  205.1134
4892.02568444036  254.2481
4892.19925665237  243.2047
4892.37282886438  244.3964
4892.54640107639  300.8271
4892.7199732884  322.7277
4892.89354550041  279.1872
4893.06711771242  240.8956
4893.24068992443  267.11
4893.41426213644  272.6134
4893.58783434845  221.2303
4893.76140656046  260.0951
4893.93497877247  249.2872
4894.10855098448  236.8673
4894.28212319649  280.0601
4894.4556954085  240.5539
4894.62926762051  252.3726
4894.80283983252  308.5281
4894.97641204453  264.6147
4895.14998425654  272.9575
4895.32355646855  279.0973
4895.49712868056  296.2842
4895.67070089257  245.8935
4895.84427310458  236.9784
4896.01784531659  230.5861
4896.19141752861  328.0457
4896.36498974062  277.3965
4896.53856195263  193.914
4896.71213416464  252.8724
4896.88570637665  323.5492
4897.05927858866  274.7561
4897.23285080067  213.0718
4897.40642301268  229.798
4897.57999522469  213.4483
4897.7535674367  273.7484
4897.92713964871  271.7477
4898.10071186072  225.4094
4898.27428407273  254.1027
4898.44785628474  258.6045
4898.62142849675  213.6554
4898.79500070876  237.9959
4898.96857292077  217.5864
4899.14214513278  224.2904
4899.31571734479  220.9847
4899.4892895568  200.6604
4899.66286176881  228.1568
4899.83643398082  227.9842
4900.01000619283  125.8967
4900.18357840484  205.532
4900.35715061685  191.1893
4900.53072282886  210.4711
4900.70429504087  220.7624
4900.87786725288  207.6462
4901.05143946489  258.269
4901.22501167691  279.0363
4901.39858388891  183.9966
4901.57215610093  225.9155
4901.74572831294  246.7862
4901.91930052495  167.3189
4902.09287273696  257.1675
4902.26644494897  193.1334
4902.44001716098  224.6155
4902.61358937299  273.6637
4902.787161585  267.132
4902.96073379701  242.3899
4903.13430600902  226.8021
4903.30787822103  212.3149
4903.48145043304  227.1229
4903.65502264505  181.7894
4903.82859485706  209.4174
4904.00216706907  252.2679
4904.17573928108  230.6065
4904.34931149309  219.2873
4904.5228837051  231.9956
4904.69645591711  191.413
4904.87002812912  172.8326
4905.04360034113  239.8827
4905.21717255314  282.8015
4905.39074476515  253.1994
4905.56431697716  253.4193
4905.73788918917  251.8887
4905.91146140118  171.9683
4906.08503361319  196.3178
4906.2586058252  233.2292
4906.43217803721  220.7734
4906.60575024923  204.9689
4906.77932246123  231.9357
4906.95289467325  238.091
4907.12646688525  214.5236
4907.30003909727  182.4462
4907.47361130928  208.6633
4907.64718352129  202.7707
4907.8207557333  209.894
4907.99432794531  225.3225
4908.16790015732  216.6635
4908.34147236933  195.2648
4908.51504458134  186.0159
4908.68861679335  196.5181
4908.86218900536  217.7301
4909.03576121737  180.4465
4909.20933342938  138.2103
4909.38290564139  151.9304
4909.5564778534  180.901
4909.73005006541  203.0322
4909.90362227742  202.0332
4910.07719448943  193.8531
4910.25076670144  229.4254
4910.42433891345  191.861
4910.59791112546  206.8678
4910.77148333747  225.7155
4910.94505554948  234.8364
4911.11862776149  178.5591
4911.2921999735  204.8705
4911.46577218551  196.5204
4911.63934439752  170.672
4911.81291660953  158.3265
4911.98648882154  185.4119
4912.16006103356  199.6341
4912.33363324556  197.9396
4912.50720545758  190.6743
4912.68077766959  197.7396
4912.8543498816  242.0302
4913.02792209361  186.7738
4913.20149430562  176.0241
4913.37506651763  160.9669
4913.54863872964  179.1857
4913.72221094165  175.0651
4913.89578315366  198.8331
4914.06935536567  214.9964
4914.24292757768  197.7245
4914.41649978969  199.4677
4914.5900720017  196.8584
4914.76364421371  169.4624
4914.93721642572  170.8696
4915.11078863773  141.0603
4915.28436084974  168.4377
4915.45793306175  179.6293
4915.63150527376  207.9366
4915.80507748577  231.1753
4915.97864969778  165.097
4916.15222190979  180.9909
4916.3257941218  174.9944
4916.49936633381  177.843
4916.67293854582  174.956
4916.84651075783  200.9353
4917.02008296984  139.2019
4917.19365518185  116.2524
4917.36722739386  178.6976
4917.54079960588  231.733
4917.71437181789  159.4052
4917.8879440299  154.88
4918.06151624191  146.4396
4918.23508845392  125.0435
4918.40866066593  146.1477
4918.58223287794  186.8504
4918.75580508995  171.3334
4918.92937730196  161.2234
4919.10294951397  158.2532
4919.27652172598  176.69
4919.45009393799  175.0923
4919.62366615  144.4615
4919.79723836201  145.6845
4919.97081057402  160.3086
4920.14438278603  193.7928
4920.31795499804  120.543
4920.49152721005  157.0968
4920.66509942206  169.1907
4920.83867163407  133.406
4921.01224384608  187.0268
4921.18581605809  158.1911
4921.3593882701  193.9552
4921.53296048211  133.7331
4921.70653269412  155.7874
4921.88010490613  139.6949
4922.05367711814  142.9174
4922.22724933015  236.7657
4922.40082154216  193.3413
4922.57439375417  124.2312
4922.74796596619  157.0352
4922.92153817819  95.64199
4923.09511039021  104.5434
4923.26868260221  178.2721
4923.44225481423  141.6054
4923.61582702624  94.82582
4923.78939923825  83.21088
4923.96297145026  157.5629
4924.13654366227  146.642
4924.31011587428  157.9597
4924.48368808629  143.4688
4924.6572602983  147.3326
4924.83083251031  160.5608
4925.00440472232  121.4571
4925.17797693433  118.9316
4925.35154914634  104.8727
4925.52512135835  100.3153
4925.69869357036  149.9474
4925.87226578237  101.8424
4926.04583799438  70.59354
4926.21941020639  153.0144
4926.3929824184  118.0445
4926.56655463041  103.1496
4926.74012684242  141.16
4926.91369905443  91.98817
4927.08727126644  61.17811
4927.26084347845  109.3449
4927.43441569046  114.1176
4927.60798790247  91.2593
4927.78156011448  150.0993
4927.95513232649  98.60983
4928.1287045385  135.418
4928.30227675051  126.4928
4928.47584896253  77.46124
4928.64942117454  117.3395
4928.82299338655  127.8786
4928.99656559856  39.25948
4929.17013781057  108.9027
4929.34371002258  127.2959
4929.51728223459  159.9778
4929.6908544466  159.96
4929.86442665861  169.8676
4930.03799887062  159.2194
4930.21157108263  100.2136
4930.38514329464  134.5775
4930.55871550665  193.3734
4930.73228771866  96.10651
4930.90585993067  85.58433
4931.07943214268  118.8874
4931.25300435469  103.862
4931.4265765667  110.3835
4931.60014877871  111.1537
4931.77372099072  72.84348
4931.94729320273  95.05209
4932.12086541474  131.2695
4932.29443762675  121.3699
4932.46800983876  21.79408
4932.64158205077  69.23244
4932.81515426278  72.22677
4932.98872647479  39.33606
4933.1622986868  90.25092
4933.33587089881  109.4817
4933.50944311082  48.5913
4933.68301532284  71.60266
4933.85658753485  67.15938
4934.03015974686  113.8207
4934.20373195886  114.0481
4934.37730417088  39.08533
4934.55087638289  118.0359
4934.7244485949  80.93332
4934.89802080691  96.73449
4935.07159301892  123.076
4935.24516523093  77.43317
4935.41873744294  82.57361
4935.59230965495  60.41496
4935.76588186696  70.21665
4935.93945407897  106.4689
4936.11302629098  88.82399
4936.28659850299  112.118
4936.460170715  101.684
4936.63374292701  31.93564
4936.80731513902  111.0671
4936.98088735103  81.33568
4937.15445956304  75.98739
4937.32803177505  65.22697
4937.50160398706  88.15315
4937.67517619907  75.48306
4937.84874841108  75.49883
4938.02232062309  70.50679
4938.1958928351  21.08312
4938.36946504711  64.32766
4938.54303725912  114.7369
4938.71660947113  61.89531
4938.89018168314  69.13878
4939.06375389516  17.53023
4939.23732610717  65.83005
4939.41089831918  61.76784
4939.58447053119  72.08433
4939.7580427432  89.1062
4939.93161495521  66.09209
4940.10518716722  -14.76203
4940.27875937923  23.90944
4940.45233159124  97.86362
4940.62590380325  90.00775
4940.79947601526  41.07089
4940.97304822727  85.33659
4941.14662043928  72.93179
4941.32019265129  55.30878
4941.4937648633  36.91033
4941.66733707531  -1.031577
4941.84090928732  41.65261
4942.01448149933  43.27107
4942.18805371134  43.54006
4942.36162592335  43.74068
4942.53519813536  34.38979
4942.70877034737  30.48982
4942.88234255938  -2.428211
4943.05591477139  -16.60661
4943.2294869834  17.6452
4943.40305919541  43.90016
4943.57663140742  9.702966
4943.75020361943  -4.570512
4943.92377583144  59.48889
4944.09734804345  79.14868
4944.27092025546  73.67023
4944.44449246747  27.64143
4944.61806467948  42.66252
4944.79163689149  22.30956
4944.96520910351  -3.143186
4945.13878131552  -24.46589
4945.31235352753  -24.80292
4945.48592573954  7.277095
4945.65949795155  -20.79133
4945.83307016356  21.25867
