4768.2660477716  30.22121
4768.4396231901  4.138794
4768.6131986086  57.22064
4768.7867740271  69.83945
4768.9603494456  13.86957
4769.13392486409  29.86647
4769.30750028259  99.64285
4769.48107570109  63.28362
4769.65465111959  53.39304
4769.82822653809  78.15182
4770.00180195659  -7.603778
4770.17537737509  -29.61771
4770.34895279359  -36.64378
4770.52252821209  7.627462
4770.69610363059  38.39717
4770.86967904908  27.36515
4771.04325446758  87.48508
4771.21682988608  56.61916
4771.39040530458  26.74169
4771.56398072308  38.15124
4771.73755614158  63.04689
4771.91113156008  48.21542
4772.08470697858  26.20635
4772.25828239707  73.62942
4772.43185781557  76.16042
4772.60543323407  13.36106
4772.77900865257  31.83382
4772.95258407107  40.3275
4773.12615948957  38.67178
4773.29973490807  34.62099
4773.47331032657  19.49486
4773.64688574507  68.0669
4773.82046116356  100.7649
4773.99403658206  75.78117
4774.16761200056  56.53233
4774.34118741906  35.24385
4774.51476283756  25.31855
4774.68833825606  45.24602
4774.86191367456  29.8754
4775.03548909306  37.13145
4775.20906451156  96.22006
4775.38263993005  86.13289
4775.55621534855  9.72238
4775.72979076705  32.62949
4775.90336618555  68.61981
4776.07694160405  129.8802
4776.25051702255  118.1838
4776.42409244105  67.69865
4776.59766785955  63.92812
4776.77124327805  94.37571
4776.94481869654  28.49205
4777.11839411504  -19.70691
4777.29196953354  79.01214
4777.46554495204  9.18663
4777.63912037054  11.66745
4777.81269578904  96.13148
4777.98627120754  90.03266
4778.15984662604  54.91258
4778.33342204454  73.52465
4778.50699746303  50.82902
4778.68057288153  25.7188
4778.85414830003  88.43319
4779.02772371853  67.69315
4779.20129913703  -2.284117
4779.37487455553  61.42079
4779.54844997403  98.353
4779.72202539253  34.35677
4779.89560081103  44.39254
4780.06917622952  47.45354
4780.24275164802  57.41633
4780.41632706652  11.16376
4780.58990248502  0.3627152
4780.76347790352  28.36775
4780.93705332202  75.61756
4781.11062874052  44.7058
4781.28420415902  52.10496
4781.45777957752  98.03388
4781.63135499601  56.00355
4781.80493041451  21.33087
4781.97850583301  38.96923
4782.15208125151  23.90718
4782.32565667001  65.05987
4782.49923208851  147.1512
4782.67280750701  133.0369
4782.84638292551  78.68372
4783.01995834401  90.18532
4783.1935337625  63.14368
4783.367109181  99.9446
4783.5406845995  92.63774
4783.714260018  50.07851
4783.8878354365  62.68629
4784.061410855  51.95074
4784.2349862735  68.67863
4784.408561692  117.5338
4784.5821371105  109.5057
4784.75571252899  77.77239
4784.92928794749  48.20031
4785.10286336599  78.27032
4785.27643878449  114.8698
4785.45001420299  76.71414
4785.62358962149  67.89767
4785.79716503999  19.97488
4785.97074045849  98.65555
4786.14431587699  128.5892
4786.31789129548  53.81205
4786.49146671398  48.95834
4786.66504213248  40.40738
4786.83861755098  13.31834
4787.01219296948  75.30466
4787.18576838798  128.2281
4787.35934380648  113.8675
4787.53291922498  97.17191
4787.70649464348  36.3158
4787.88007006197  16.14398
4788.05364548047  68.99815
4788.22722089897  122.5959
4788.40079631747  88.99458
4788.57437173597  50.34304
4788.74794715447  63.25606
4788.92152257297  75.41538
4789.09509799147  108.8682
4789.26867340997  144.0782
4789.44224882846  75.52625
4789.61582424696  55.75737
4789.78939966546  79.31029
4789.96297508396  79.85032
4790.13655050246  95.88552
4790.31012592096  51.54728
4790.48370133946  75.50514
4790.65727675796  94.00098
4790.83085217646  86.00778
4791.00442759495  109.198
4791.17800301345  101.4842
4791.35157843195  112.8156
4791.52515385045  133.3205
4791.69872926895  119.4725
4791.87230468745  53.98837
4792.04588010595  80.41011
4792.21945552445  143.6577
4792.39303094294  122.0477
4792.56660636144  75.67392
4792.74018177994  67.06797
4792.91375719844  99.77316
4793.08733261694  105.7893
4793.26090803544  76.6857
4793.43448345394  152.1923
4793.60805887244  127.6129
4793.78163429094  41.10413
4793.95520970944  70.01573
4794.12878512793  95.42364
4794.30236054643  50.5119
4794.47593596493  80.57679
4794.64951138343  87.6676
4794.82308680193  41.50648
4794.99666222043  39.18696
4795.17023763893  134.3734
4795.34381305743  94.90819
4795.51738847593  48.60132
4795.69096389442  110.2652
4795.86453931292  91.57823
4796.03811473142  92.82359
4796.21169014992  92.40622
4796.38526556842  87.91514
4796.55884098692  105.4485
4796.73241640542  97.47807
4796.90599182392  68.30596
4797.07956724242  71.43201
4797.25314266091  64.87093
4797.42671807941  97.02736
4797.60029349791  124.1626
4797.77386891641  156.6427
4797.94744433491  169.4793
4798.12101975341  144.4328
4798.29459517191  139.2298
4798.46817059041  136.0838
4798.64174600891  100.3745
4798.8153214274  125.5828
4798.9888968459  120.2292
4799.1624722644  38.79466
4799.3360476829  95.62532
4799.5096231014  75.74178
4799.6831985199  79.2151
4799.8567739384  91.26723
4800.0303493569  93.35423
4800.2039247754  55.0497
4800.37750019389  35.64323
4800.55107561239  131.1857
4800.72465103089  102.062
4800.89822644939  125.1143
4801.07180186789  138.2826
4801.24537728639  96.36369
4801.41895270489  103.8061
4801.59252812339  124.3625
4801.76610354189  140.6876
4801.93967896038  112.7694
4802.11325437888  90.07845
4802.28682979738  147.701
4802.46040521588  164.5688
4802.63398063438  200.7173
4802.80755605288  123.583
4802.98113147138  98.6105
4803.15470688988  119.5036
4803.32828230838  113.8181
4803.50185772688  82.50517
4803.67543314537  113.0591
4803.84900856387  50.79419
4804.02258398237  111.6737
4804.19615940087  137.7003
4804.36973481937  161.38
4804.54331023787  123.8729
4804.71688565637  74.07131
4804.89046107487  84.50533
4805.06403649336  125.7563
4805.23761191186  144.9562
4805.41118733036  147.1157
4805.58476274886  143.0723
4805.75833816736  65.2632
4805.93191358586  81.64029
4806.10548900436  132.2623
4806.27906442286  178.0583
4806.45263984136  138.2774
4806.62621525985  113.7728
4806.79979067835  92.53455
4806.97336609685  49.83928
4807.14694151535  128.0195
4807.32051693385  169.1022
4807.49409235235  130.7434
4807.66766777085  171.6364
4807.84124318935  135.67
4808.01481860785  59.04567
4808.18839402634  126.9287
4808.36196944484  150.5192
4808.53554486334  124.4843
4808.70912028184  165.2278
4808.88269570034  149.7377
4809.05627111884  100.7541
4809.22984653734  130.3997
4809.40342195584  161.2184
4809.57699737434  112.0126
4809.75057279283  180.0298
4809.92414821133  136.2958
4810.09772362983  146.7902
4810.27129904833  131.0377
4810.44487446683  121.1062
4810.61844988533  73.13515
4810.79202530383  119.5673
4810.96560072233  216.5967
4811.13917614083  217.2832
4811.31275155933  194.07
4811.48632697782  159.0366
4811.65990239632  125.4296
4811.83347781482  157.8793
4812.00705323332  96.9086
4812.18062865182  72.07709
4812.35420407032  150.4081
4812.52777948882  211.0009
4812.70135490732  262.6253
4812.87493032581  213.6463
4813.04850574431  201.1211
4813.22208116281  209.5718
4813.39565658131  163.8495
4813.56923199981  215.5415
4813.74280741831  130.8628
4813.91638283681  159.7001
4814.08995825531  151.6645
4814.2635336738  139.4467
4814.4371090923  133.3731
4814.6106845108  161.0749
4814.7842599293  160.1598
4814.9578353478  140.9162
4815.1314107663  187.3256
4815.3049861848  145.7097
4815.4785616033  128.8227
4815.6521370218  205.2324
4815.8257124403  167.4633
4815.99928785879  107.9405
4816.17286327729  151.2144
4816.34643869579  155.517
4816.52001411429  134.766
4816.69358953279  135.9692
4816.86716495129  119.8055
4817.04074036979  160.4449
4817.21431578829  192.0419
4817.38789120679  167.7541
4817.56146662529  176.1945
4817.73504204378  175.3147
4817.90861746228  115.2186
4818.08219288078  133.3681
4818.25576829928  160.4359
4818.42934371778  89.89511
4818.60291913628  99.83372
4818.77649455478  146.3573
4818.95006997328  141.0286
4819.12364539178  210.2702
4819.29722081027  178.4727
4819.47079622877  168.3436
4819.64437164727  139.673
4819.81794706577  128.2248
4819.99152248427  186.5269
4820.16509790277  195.2731
4820.33867332127  139.6624
4820.51224873977  119.3517
4820.68582415827  163.2228
4820.85939957676  197.3102
4821.03297499526  174.4152
4821.20655041376  132.8959
4821.38012583226  158.3958
4821.55370125076  208.4605
4821.72727666926  174.8933
4821.90085208776  205.8184
4822.07442750626  170.1447
4822.24800292475  114.6155
4822.42157834325  193.5256
4822.59515376175  236.2734
4822.76872918025  169.01
4822.94230459875  141.5872
4823.11588001725  129.5515
4823.28945543575  201.6097
4823.46303085425  223.0747
4823.63660627275  196.4761
4823.81018169124  140.9721
4823.98375710974  88.44936
4824.15733252824  99.70077
4824.33090794674  208.908
4824.50448336524  147.9966
4824.67805878374  141.344
4824.85163420224  232.9801
4825.02520962074  224.9697
4825.19878503924  164.3201
4825.37236045773  142.3513
4825.54593587623  170.6147
4825.71951129473  167.3062
4825.89308671323  181.7178
4826.06666213173  175.3613
4826.24023755023  116.7853
4826.41381296873  173.4394
4826.58738838723  168.3246
4826.76096380573  181.3935
4826.93453922422  167.1047
4827.10811464272  183.1674
4827.28169006122  177.6
4827.45526547972  109.0149
4827.62884089822  161.4574
4827.80241631672  199.2132
4827.97599173522  182.5927
4828.14956715372  192.5971
4828.32314257222  163.2256
4828.49671799071  211.28
4828.67029340921  257.2437
4828.84386882771  205.6491
4829.01744424621  181.2117
4829.19101966471  187.6732
4829.36459508321  228.1161
4829.53817050171  214.1346
4829.71174592021  231.995
4829.88532133871  235.345
4830.0588967572  204.495
4830.2324721757  198.4852
4830.4060475942  229.9511
4830.5796230127  198.0699
4830.7531984312  175.2315
4830.9267738497  235.1017
4831.1003492682  222.4831
4831.2739246867  203.3178
4831.4475001052  220.0751
4831.62107552369  162.2833
4831.79465094219  163.903
4831.96822636069  200.9519
4832.14180177919  207.4967
4832.31537719769  218.8281
4832.48895261619  140.8219
4832.66252803469  159.9936
4832.83610345319  193.7849
4833.00967887169  229.6867
4833.18325429019  196.1368
4833.35682970868  199.4944
4833.53040512718  205.9248
4833.70398054568  185.1188
4833.87755596418  200.172
4834.05113138268  219.2205
4834.22470680118  147.8605
4834.39828221968  183.1705
4834.57185763818  205.3707
4834.74543305667  237.6814
4834.91900847517  146.485
4835.09258389367  178.7772
4835.26615931217  278.8654
4835.43973473067  204.1203
4835.61331014917  182.2075
4835.78688556767  207.1616
4835.96046098617  185.7743
4836.13403640467  215.2211
4836.30761182316  223.6086
4836.48118724166  223.3199
4836.65476266016  240.7713
4836.82833807866  261.7567
4837.00191349716  225.3983
4837.17548891566  150.7099
4837.34906433416  191.7136
4837.52263975266  242.7289
4837.69621517116  190.6714
4837.86979058966  157.2076
4838.04336600815  196.5043
4838.21694142665  198.8456
4838.39051684515  177.088
4838.56409226365  219.388
4838.73766768215  230.5097
4838.91124310065  241.9166
4839.08481851915  268.4068
4839.25839393765  287.3339
4839.43196935614  258.4133
4839.60554477464  245.2484
4839.77912019314  217.6202
4839.95269561164  226.358
4840.12627103014  340.5949
4840.29984644864  -462.3823
4840.47342186714  -2444.001
4840.64699728564  75.68414
4840.82057270414  309.0305
4840.99414812263  244.5981
4841.16772354113  358.8357
4841.34129895963  294.403
4841.51487437813  265.4162
4841.68844979663  224.9133
4841.86202521513  201.9899
4842.03560063363  204.7028
4842.20917605213  239.993
4842.38275147063  188.7712
4842.55632688912  210.3119
4842.72990230762  281.5841
4842.90347772612  218.228
4843.07705314462  217.8058
4843.25062856312  247.1651
4843.42420398162  277.433
4843.59777940012  313.2656
4843.77135481862  220.0176
4843.94493023712  190.4231
4844.11850565562  178.203
4844.29208107411  193.1386
4844.46565649261  194.9357
4844.63923191111  239.0455
4844.81280732961  202.5793
4844.98638274811  280.8179
4845.15995816661  219.5838
4845.33353358511  231.3372
4845.50710900361  362.0074
4845.6806844221  314.1449
4845.8542598406  276.7018
4846.0278352591  271.4532
4846.2014106776  315.4205
4846.3749860961  344.988
4846.5485615146  281.3282
4846.7221369331  257.471
4846.8957123516  292.3193
4847.06928777009  295.0549
4847.2428631886  281.2862
4847.41643860709  316.3147
4847.59001402559  298.9925
4847.76358944409  276.8996
4847.93716486259  274.32
4848.11074028109  203.3151
4848.28431569959  212.5372
4848.45789111809  282.8223
4848.63146653659  291.9999
4848.80504195508  281.9011
4848.97861737358  300.0262
4849.15219279208  304.8619
4849.32576821058  240.1192
4849.49934362908  284.8433
4849.67291904758  325.3964
4849.84649446608  278.9483
4850.02006988458  286.0323
4850.19364530308  238.3882
4850.36722072157  321.7827
4850.54079614007  361.9775
4850.71437155857  336.0121
4850.88794697707  251.317
4851.06152239557  242.3679
4851.23509781407  243.5569
4851.40867323257  297.2774
4851.58224865107  282.7174
4851.75582406957  291.6089
4851.92939948806  301.1391
4852.10297490656  308.4628
4852.27655032506  290.6407
4852.45012574356  402.735
4852.62370116206  368.9222
4852.79727658056  368.8157
4852.97085199906  329.856
4853.14442741756  297.5739
4853.31800283606  389.0838
4853.49157825456  407.7983
4853.66515367305  334.2853
4853.83872909155  378.4297
4854.01230451005  350.4286
4854.18587992855  306.6747
4854.35945534705  348.6627
4854.53303076555  402.1605
4854.70660618405  272.0642
4854.88018160255  312.615
4855.05375702105  402.3951
4855.22733243954  374.6173
4855.40090785804  312.5119
4855.57448327654  357.2252
4855.74805869504  406.042
4855.92163411354  391.5392
4856.09520953204  370.9678
4856.26878495054  401.1814
4856.44236036904  379.6222
4856.61593578753  395.2841
4856.78951120603  344.7356
4856.96308662453  352.5308
4857.13666204303  410.7078
4857.31023746153  397.1981
4857.48381288003  304.1426
4857.65738829853  267.8236
4857.83096371703  339.3658
4858.00453913553  363.7379
4858.17811455403  315.1974
4858.35168997252  312.2664
4858.52526539102  304.5829
4858.69884080952  395.9319
4858.87241622802  337.3033
4859.04599164652  278.7212
4859.21956706502  280.295
4859.39314248352  324.4537
4859.56671790202  349.658
4859.74029332051  293.5986
4859.91386873901  324.8442
4860.08744415751  351.0436
4860.26101957601  307.2102
4860.43459499451  310.8058
4860.60817041301  329.6034
4860.78174583151  312.6689
4860.95532125001  313.0533
4861.12889666851  282.8055
4861.30247208701  233.2258
4861.4760475055  313.1744
4861.649622924  337.6107
4861.8231983425  352.4803
4861.996773761  344.9204
4862.1703491795  279.7121
4862.343924598  314.3512
4862.5175000165  309.5106
4862.691075435  317.317
4862.86465085349  344.6609
4863.03822627199  314.0465
4863.21180169049  259.2388
4863.38537710899  357.8554
4863.55895252749  326.5448
4863.73252794599  284.
4863.90610336449  265.8687
4864.07967878299  275.1278
4864.25325420149  228.1206
4864.42682961998  325.7566
4864.60040503848  265.4009
4864.77398045698  302.0836
4864.94755587548  334.0341
4865.12113129398  305.3874
4865.29470671248  245.3326
4865.46828213098  308.8736
4865.64185754948  383.6713
4865.81543296798  374.2959
4865.98900838647  353.7498
4866.16258380497  305.8084
4866.33615922347  260.0991
4866.50973464197  315.3744
4866.68331006047  320.7083
4866.85688547897  249.2565
4867.03046089747  291.8233
4867.20403631597  294.1738
4867.37761173447  299.4178
4867.55118715296  296.1984
4867.72476257146  346.9235
4867.89833798996  287.2252
4868.07191340846  282.4629
4868.24548882696  273.1995
4868.41906424546  243.8947
4868.59263966396  356.6087
4868.76621508246  300.1231
4868.93979050096  249.4684
4869.11336591946  251.2663
4869.28694133795  273.8063
4869.46051675645  278.4001
4869.63409217495  257.583
4869.80766759345  262.1672
4869.98124301195  234.1583
4870.15481843045  314.3107
4870.32839384895  328.0268
4870.50196926745  363.356
4870.67554468594  266.4793
4870.84912010444  249.8302
4871.02269552294  291.8932
4871.19627094144  259.3131
4871.36984635994  271.7951
4871.54342177844  275.0183
4871.71699719694  229.2149
4871.89057261544  253.9916
4872.06414803394  252.9573
4872.23772345243  192.1559
4872.41129887093  319.4905
4872.58487428943  291.8631
4872.75844970793  274.412
4872.93202512643  315.0859
4873.10560054493  279.0843
4873.27917596343  254.6779
4873.45275138193  362.2406
4873.62632680043  228.2363
4873.79990221893  117.5423
4873.97347763742  277.4684
4874.14705305592  262.6122
4874.32062847442  272.061
4874.49420389292  303.9719
4874.66777931142  215.8796
4874.84135472992  260.3064
4875.01493014842  267.2043
4875.18850556692  266.1282
4875.36208098541  297.983
4875.53565640391  283.5362
4875.70923182241  242.9793
4875.88280724091  225.9959
4876.05638265941  235.4921
4876.22995807791  184.3106
4876.40353349641  178.1783
4876.57710891491  272.0888
4876.75068433341  335.8144
4876.92425975191  370.6672
4877.0978351704  338.1028
4877.2714105889  292.5634
4877.4449860074  289.2567
4877.6185614259  255.5982
4877.7921368444  218.7932
4877.9657122629  240.6324
4878.1392876814  282.5019
4878.3128630999  268.4279
4878.4864385184  260.4716
4878.66001393689  261.5528
4878.83358935539  260.1908
4879.00716477389  271.7249
4879.18074019239  269.5898
4879.35431561089  198.7724
4879.52789102939  220.9588
4879.70146644789  237.0969
4879.87504186639  237.9988
4880.04861728489  253.1156
4880.22219270338  259.63
4880.39576812188  247.4282
4880.56934354038  222.1904
4880.74291895888  282.9187
4880.91649437738  271.3091
4881.09006979588  213.7585
4881.26364521438  272.877
4881.43722063288  266.9688
4881.61079605138  244.8079
4881.78437146987  193.508
4881.95794688837  214.8266
4882.13152230687  209.3983
4882.30509772537  204.5173
4882.47867314387  233.352
4882.65224856237  306.5927
4882.82582398087  256.3345
4882.99939939936  250.7689
4883.17297481787  244.267
4883.34655023636  222.0218
4883.52012565486  219.5979
4883.69370107336  197.3907
4883.86727649186  243.9679
4884.04085191036  295.9068
4884.21442732886  280.266
4884.38800274736  279.1713
4884.56157816586  301.5496
4884.73515358436  210.8871
4884.90872900285  243.0754
4885.08230442135  246.0934
4885.25587983985  217.2938
4885.42945525835  253.0629
4885.60303067685  283.7289
4885.77660609535  250.2948
4885.95018151385  205.8823
4886.12375693235  277.0066
4886.29733235084  232.8888
4886.47090776934  174.4244
4886.64448318784  220.149
4886.81805860634  204.9278
4886.99163402484  183.4095
4887.16520944334  217.7924
4887.33878486184  227.2293
4887.51236028034  210.7738
4887.68593569884  180.2993
4887.85951111734  207.4528
4888.03308653583  229.2122
4888.20666195433  282.0042
4888.38023737283  224.0041
4888.55381279133  200.5221
4888.72738820983  248.9892
4888.90096362833  299.8932
4889.07453904683  237.9097
4889.24811446533  202.1329
4889.42168988382  223.4229
4889.59526530232  143.3885
4889.76884072082  176.4564
4889.94241613932  250.5816
4890.11599155782  179.6247
4890.28956697632  185.426
4890.46314239482  193.5419
4890.63671781332  229.262
4890.81029323182  181.7066
4890.98386865032  220.0465
4891.15744406881  246.4796
4891.33101948731  271.7545
4891.50459490581  283.4814
4891.67817032431  262.3282
4891.85174574281  230.8103
4892.02532116131  261.3103
4892.19889657981  203.7103
4892.37247199831  200.251
4892.5460474168  221.3381
4892.7196228353  258.0113
4892.8931982538  217.1254
4893.0667736723  163.373
4893.2403490908  194.8474
4893.4139245093  235.0865
4893.5874999278  200.3321
4893.7610753463  188.3319
4893.9346507648  174.5749
4894.1082261833  172.9695
4894.28180160179  230.6367
4894.45537702029  256.1722
4894.62895243879  249.9979
4894.80252785729  248.7734
4894.97610327579  247.0907
4895.14967869429  250.8389
4895.32325411279  202.7183
4895.49682953129  217.8682
4895.67040494978  173.7019
4895.84398036828  168.5578
4896.01755578678  173.902
4896.19113120528  187.9492
4896.36470662378  186.7368
4896.53828204228  237.4943
4896.71185746078  210.6473
4896.88543287928  212.2943
4897.05900829778  187.6251
4897.23258371628  193.9935
4897.40615913477  228.3864
4897.57973455327  278.8047
4897.75330997177  244.0887
4897.92688539027  189.9093
4898.10046080877  145.0519
4898.27403622727  111.7906
4898.44761164577  141.7285
4898.62118706427  216.3999
4898.79476248276  180.7319
4898.96833790126  133.2064
4899.14191331976  204.2391
4899.31548873826  176.6791
4899.48906415676  197.4829
4899.66263957526  188.4839
4899.83621499376  195.3535
4900.00979041226  199.2242
4900.18336583076  165.5573
4900.35694124925  200.1447
4900.53051666775  213.6311
4900.70409208625  203.5742
4900.87766750475  198.6128
4901.05124292325  180.5078
4901.22481834175  244.9745
4901.39839376025  252.3507
4901.57196917875  214.0895
4901.74554459725  144.0103
4901.91912001575  170.3099
4902.09269543424  200.6013
4902.26627085274  206.58
4902.43984627124  207.3668
4902.61342168974  191.2049
4902.78699710824  177.5056
4902.96057252674  151.8293
4903.13414794524  163.6488
4903.30772336374  175.8355
4903.48129878223  174.3496
4903.65487420073  157.2885
4903.82844961923  157.5722
4904.00202503773  166.2923
4904.17560045623  157.9176
4904.34917587473  205.3225
4904.52275129323  142.1978
4904.69632671173  162.63
4904.86990213023  165.3931
4905.04347754873  189.2997
4905.21705296722  212.4611
4905.39062838572  133.4939
4905.56420380422  203.7462
4905.73777922272  186.7145
4905.91135464122  151.1922
4906.08493005972  170.1015
4906.25850547822  211.3086
4906.43208089672  184.8805
4906.60565631522  117.0393
4906.77923173371  195.271
4906.95280715221  224.5925
4907.12638257071  171.3967
4907.29995798921  177.9137
4907.47353340771  219.7938
4907.64710882621  183.5482
4907.82068424471  178.881
4907.99425966321  164.2437
4908.16783508171  128.9387
4908.3414105002  173.3785
4908.5149859187  178.7657
4908.6885613372  116.3906
4908.8621367557  179.6607
4909.0357121742  208.4072
4909.2092875927  168.6592
4909.3828630112  246.9281
4909.5564384297  215.5059
4909.7300138482  182.5284
4909.90358926669  196.3674
4910.07716468519  120.8065
4910.25074010369  132.1093
4910.42431552219  209.4501
4910.59789094069  203.6968
4910.77146635919  177.725
4910.94504177769  151.0117
4911.11861719619  66.97504
4911.29219261469  158.363
4911.46576803318  187.7141
4911.63934345168  162.7933
4911.81291887018  161.3382
4911.98649428868  158.4122
4912.16006970718  173.932
4912.33364512568  175.2296
4912.50722054418  192.402
4912.68079596268  264.1467
4912.85437138118  239.2355
4913.02794679967  166.7246
4913.20152221817  167.5869
4913.37509763667  172.3675
4913.54867305517  176.3797
4913.72224847367  133.6584
4913.89582389217  116.7689
4914.06939931067  132.7459
4914.24297472917  160.913
4914.41655014767  168.326
4914.59012556616  175.7159
4914.76370098466  121.2306
4914.93727640316  185.5559
4915.11085182166  90.23285
4915.28442724016  157.7745
4915.45800265866  153.5044
4915.63157807716  167.589
4915.80515349566  227.1193
4915.97872891415  132.8202
4916.15230433265  164.0871
4916.32587975115  187.9793
4916.49945516965  107.9466
4916.67303058815  129.2729
4916.84660600665  151.2812
4917.02018142515  140.4011
4917.19375684365  121.5498
4917.36733226215  126.7502
4917.54090768065  125.1341
4917.71448309914  81.87993
4917.88805851764  103.2565
4918.06163393614  96.26321
4918.23520935464  124.7125
4918.40878477314  192.3243
4918.58236019164  128.7756
4918.75593561014  124.815
4918.92951102864  147.7862
4919.10308644714  155.6632
4919.27666186563  125.902
4919.45023728413  123.247
4919.62381270263  103.4255
4919.79738812113  122.
4919.97096353963  186.4784
4920.14453895813  114.2614
4920.31811437663  86.65238
4920.49168979513  129.1377
4920.66526521363  133.3083
4920.83884063212  93.08893
4921.01241605062  117.8953
4921.18599146912  84.47536
4921.35956688762  133.49
4921.53314230612  121.3801
4921.70671772462  104.1126
4921.88029314312  125.1829
4922.05386856162  116.1934
4922.22744398012  139.3848
4922.40101939861  118.0849
4922.57459481711  120.63
4922.74817023561  88.58042
4922.92174565411  52.11864
4923.09532107261  77.93012
4923.26889649111  140.8062
4923.44247190961  107.791
4923.61604732811  62.25095
4923.78962274661  73.20286
4923.9631981651  98.13157
4924.1367735836  121.4781
4924.3103490021  131.0935
4924.4839244206  149.808
4924.6574998391  153.0125
4924.8310752576  170.3544
4925.0046506761  148.2733
4925.1782260946  124.9969
4925.3518015131  107.4409
4925.52537693159  54.69267
4925.69895235009  80.98721
4925.87252776859  151.0687
4926.04610318709  90.28928
4926.21967860559  73.33415
4926.39325402409  144.3481
4926.56682944259  113.2322
4926.74040486109  128.1232
4926.91398027959  86.88905
4927.08755569808  128.6827
4927.26113111658  133.0052
4927.43470653508  84.06027
4927.60828195358  115.7267
4927.78185737208  95.66013
4927.95543279058  64.01773
4928.12900820908  48.34478
4928.30258362758  103.2778
4928.47615904608  119.9631
4928.64973446457  105.2213
4928.82330988307  60.53268
4928.99688530157  64.05489
4929.17046072007  35.60083
4929.34403613857  58.60711
4929.51761155707  188.6992
4929.69118697557  104.2238
4929.86476239407  94.51041
4930.03833781257  94.19363
4930.21191323106  68.53722
4930.38548864956  88.07569
4930.55906406806  80.54847
4930.73263948656  90.0008
4930.90621490506  73.42174
4931.07979032356  101.1327
4931.25336574206  131.0489
4931.42694116056  146.3528
4931.60051657906  88.2689
4931.77409199755  81.14315
4931.94766741605  108.2252
4932.12124283455  87.74525
4932.29481825305  46.28197
4932.46839367155  77.79185
4932.64196909005  66.5703
4932.81554450855  55.51025
4932.98911992705  101.103
4933.16269534555  48.44887
4933.33627076404  108.8528
4933.50984618254  88.17905
4933.68342160104  71.41522
4933.85699701954  60.87066
4934.03057243804  105.2215
4934.20414785654  116.6015
4934.37772327504  81.401
4934.55129869354  130.1498
4934.72487411204  91.59731
4934.89844953053  44.35833
4935.07202494903  82.69469
4935.24560036753  125.201
4935.41917578603  105.4229
4935.59275120453  52.46523
4935.76632662303  39.62062
4935.93990204153  72.57035
4936.11347746003  51.35458
4936.28705287852  60.98906
4936.46062829702  121.0865
4936.63420371552  57.17398
4936.80777913402  108.4727
4936.98135455252  75.70848
4937.15492997102  57.29556
4937.32850538952  77.50419
4937.50208080802  80.40334
4937.67565622652  48.07671
4937.84923164502  17.79965
4938.02280706351  43.19543
4938.19638248201  38.4807
4938.36995790051  99.13721
4938.54353331901  35.82295
4938.71710873751  133.6189
4938.89068415601  76.2476
4939.06425957451  44.01517
4939.23783499301  71.83449
4939.4114104115  -13.49794
4939.58498583  16.64952
4939.7585612485  57.11215
4939.932136667  45.29617
4940.1057120855  -27.54807
4940.279287504  -23.32107
4940.4528629225  41.32005
4940.626438341  32.11718
4940.8000137595  19.43744
4940.973589178  41.27847
4941.14716459649  27.10959
4941.32074001499  85.38319
4941.49431543349  93.54897
4941.66789085199  48.09413
4941.84146627049  4.026522
4942.01504168899  15.95763
4942.18861710749  37.56981
4942.36219252599  78.94897
4942.53576794449  46.22052
4942.70934336298  49.1307
4942.88291878148  51.78338
4943.05649419998  -21.62836
4943.23006961848  -23.06083
4943.40364503698  13.66955
4943.57722045548  69.11164
4943.75079587398  10.91337
4943.92437129248  -30.6272
4944.09794671098  -27.51339
4944.27152212947  24.34595
4944.44509754797  -33.15958
4944.61867296647  -42.08319
4944.79224838497  22.81172
4944.96582380347  34.07709
4945.13939922197  11.47945
4945.31297464047  28.56087
4945.48655005897  52.20486
4945.66012547747  -7.285623
4945.83370089596  -38.96721
