4768.2633990671  -7.426458
4768.43697769112  14.6228
4768.61055631514  2.191149
4768.78413493916  9.464783
4768.95771356317  1.028855
4769.13129218719  9.683587
4769.30487081121  17.61128
4769.47844943523  -1.108454
4769.65202805925  11.75154
4769.82560668326  34.66044
4769.99918530728  14.8674
4770.1727639313  3.048408
4770.34634255532  -3.957058
4770.51992117934  -0.05467376
4770.69349980335  1.300988
4770.86707842737  -14.61252
4771.04065705139  -6.365234
4771.21423567541  14.33311
4771.38781429943  21.74029
4771.56139292345  20.67074
4771.73497154746  14.59131
4771.90855017148  7.388279
4772.0821287955  5.675166
4772.25570741952  14.47573
4772.42928604354  23.16416
4772.60286466756  7.333209
4772.77644329157  -4.191686
4772.95002191559  14.64814
4773.12360053961  14.92896
4773.29717916363  -4.461516
4773.47075778765  22.63715
4773.64433641167  12.93037
4773.81791503568  14.24776
4773.9914936597  21.23315
4774.16507228372  20.79833
4774.33865090774  15.73212
4774.51222953176  4.632585
4774.68580815577  9.508096
4774.85938677979  10.26043
4775.03296540381  8.022921
4775.20654402783  34.73853
4775.38012265185  30.51023
4775.55370127587  9.458938
4775.72727989988  25.04336
4775.9008585239  12.59945
4776.07443714792  -3.594729
4776.24801577194  2.260913
4776.42159439596  3.616048
4776.59517301997  3.22013
4776.76875164399  17.8155
4776.94233026801  18.0267
4777.11590889203  12.69513
4777.28948751605  21.96841
4777.46306614007  -4.130494
4777.63664476408  -8.233527
4777.8102233881  16.95333
4777.98380201212  0.04295685
4778.15738063614  7.370287
4778.33095926016  3.486208
4778.50453788418  5.260185
4778.67811650819  10.48825
4778.85169513221  11.0831
4779.02527375623  17.67273
4779.19885238025  19.32611
4779.37243100427  7.747435
4779.54600962828  8.715307
4779.7195882523  24.71267
4779.89316687632  27.04291
4780.06674550034  18.85677
4780.24032412436  5.073341
4780.41390274837  9.961401
4780.58748137239  11.71852
4780.76105999641  6.094495
4780.93463862043  16.26589
4781.10821724445  13.43167
4781.28179586847  7.176439
4781.45537449249  0.616887
4781.6289531165  -2.434181
4781.80253174052  5.807528
4781.97611036454  17.23965
4782.14968898856  29.14834
4782.32326761258  24.15598
4782.49684623659  -4.890493
4782.67042486061  -1.843012
4782.84400348463  26.33005
4783.01758210865  31.50731
4783.19116073267  18.14699
4783.36473935669  27.08292
4783.5383179807  40.57845
4783.71189660472  28.33551
4783.88547522874  -0.7428957
4784.05905385276  5.616275
4784.23263247678  31.51296
4784.40621110079  24.87756
4784.57978972481  19.09617
4784.75336834883  8.816169
4784.92694697285  -9.53721
4785.10052559687  39.40765
4785.27410422089  30.93564
4785.4476828449  -1.166881
4785.62126146892  19.39064
4785.79484009294  11.23073
4785.96841871696  -2.838962
4786.14199734098  -1.450519
4786.315575965  16.89304
4786.48915458901  14.18772
4786.66273321303  2.709546
4786.83631183705  12.2099
4787.00989046107  4.194569
4787.18346908509  -1.980293
4787.3570477091  1.193414
4787.53062633312  -8.898952
4787.70420495714  24.10112
4787.87778358116  26.76826
4788.05136220518  6.631303
4788.2249408292  19.17312
4788.39851945321  17.36222
4788.57209807723  -2.744076
4788.74567670125  26.9951
4788.91925532527  21.6569
4789.09283394929  18.48124
4789.2664125733  20.02804
4789.43999119732  25.08601
4789.61356982134  7.796009
4789.78714844536  -10.28269
4789.96072706938  18.87253
4790.1343056934  36.42868
4790.30788431741  24.44695
4790.48146294143  40.43337
4790.65504156545  47.28088
4790.82862018947  27.43908
4791.00219881349  16.43915
4791.17577743751  31.24176
4791.34935606152  27.30668
4791.52293468554  8.589354
4791.69651330956  12.00795
4791.87009193358  14.1795
4792.0436705576  21.97887
4792.21724918161  25.64692
4792.39082780563  24.47227
4792.56440642965  17.87447
4792.73798505367  -6.552783
4792.91156367769  -0.478468
4793.08514230171  42.06221
4793.25872092572  40.04759
4793.43229954974  27.99713
4793.60587817376  36.54572
4793.77945679778  4.868698
4793.9530354218  7.602885
4794.12661404581  23.8566
4794.30019266983  17.03438
4794.47377129385  26.6202
4794.64734991787  19.74456
4794.82092854189  19.2947
4794.99450716591  49.65046
4795.16808578992  50.61035
4795.34166441394  14.20272
4795.51524303796  5.503545
4795.68882166198  -1.001065
4795.862400286  -19.78044
4796.03597891002  9.085157
4796.20955753403  36.00317
4796.38313615805  19.5544
4796.55671478207  7.479628
4796.73029340609  15.57432
4796.90387203011  20.91674
4797.07745065412  23.45745
4797.25102927814  14.18522
4797.42460790216  -7.985713
4797.59818652618  26.99914
4797.7717651502  48.84118
4797.94534377422  25.626
4798.11892239823  15.92043
4798.29250102225  18.62251
4798.46607964627  9.865325
4798.63965827029  0.631436
4798.81323689431  8.191435
4798.98681551833  31.06174
4799.16039414234  38.13187
4799.33397276636  15.6617
4799.50755139038  6.236324
4799.6811300144  30.66599
4799.85470863842  36.88677
4800.02828726243  28.17905
4800.20186588645  9.680188
4800.37544451047  19.35106
4800.54902313449  33.29319
4800.72260175851  50.4596
4800.89618038253  34.29671
4801.06975900654  25.67849
4801.24333763056  40.31191
4801.41691625458  31.05363
4801.5904948786  7.938405
4801.76407350262  11.08189
4801.93765212663  32.02307
4802.11123075065  33.40345
4802.28480937467  23.10293
4802.45838799869  30.29867
4802.63196662271  27.45995
4802.80554524673  23.2149
4802.97912387074  27.90197
4803.15270249476  27.90914
4803.32628111878  28.11116
4803.4998597428  13.59578
4803.67343836682  30.92896
4803.84701699083  16.39688
4804.02059561485  28.68724
4804.19417423887  30.06458
4804.36775286289  23.22595
4804.54133148691  22.63955
4804.71491011093  15.38535
4804.88848873494  14.14219
4805.06206735896  36.74321
4805.23564598298  41.79202
4805.409224607  37.52553
4805.58280323102  42.20868
4805.75638185504  24.21809
4805.92996047905  39.86433
4806.10353910307  47.70152
4806.27711772709  54.7111
4806.45069635111  45.59537
4806.62427497513  53.65862
4806.79785359914  41.25027
4806.97143222316  40.36406
4807.14501084718  28.86327
4807.3185894712  37.59217
4807.49216809522  39.68784
4807.66574671924  30.46942
4807.83932534325  20.37732
4808.01290396727  13.23781
4808.18648259129  19.52278
4808.36006121531  23.5673
4808.53363983933  25.56553
4808.70721846335  32.31062
4808.88079708736  36.14449
4809.05437571138  37.41216
4809.2279543354  45.0824
4809.40153295942  56.83815
4809.57511158344  34.43139
4809.74869020745  13.20115
4809.92226883147  17.68387
4810.09584745549  41.30349
4810.26942607951  33.47414
4810.44300470353  30.43661
4810.61658332755  16.71881
4810.79016195156  -0.6574957
4810.96374057558  39.56097
4811.1373191996  33.42839
4811.31089782362  44.35115
4811.48447644764  55.02519
4811.65805507166  55.5058
4811.83163369567  42.25431
4812.00521231969  33.85326
4812.17879094371  44.23225
4812.35236956773  44.07222
4812.52594819175  37.66289
4812.69952681576  26.52719
4812.87310543978  24.15231
4813.0466840638  45.66668
4813.22026268782  39.69336
4813.39384131184  38.51256
4813.56741993586  49.93644
4813.74099855987  39.65464
4813.91457718389  47.59591
4814.08815580791  27.73172
4814.26173443193  -2.115751
4814.43531305595  33.90374
4814.60889167997  39.64683
4814.78247030398  21.46742
4814.956048928  24.38317
4815.12962755202  34.66898
4815.30320617604  30.58161
4815.47678480006  46.91981
4815.65036342407  38.64214
4815.82394204809  21.086
4815.99752067211  40.92192
4816.17109929613  38.63224
4816.34467792015  42.20124
4816.51825654417  55.32611
4816.69183516818  39.72954
4816.8654137922  41.08573
4817.03899241622  37.34698
4817.21257104024  42.91141
4817.38614966426  49.09385
4817.55972828828  42.74891
4817.73330691229  25.98348
4817.90688553631  28.80282
4818.08046416033  46.47389
4818.25404278435  48.07008
4818.42762140837  38.88673
4818.60120003238  25.62383
4818.7747786564  48.44888
4818.94835728042  50.74298
4819.12193590444  15.48821
4819.29551452846  29.5617
4819.46909315247  48.15355
4819.64267177649  46.8128
4819.81625040051  49.68397
4819.98982902453  40.93718
4820.16340764855  31.81782
4820.33698627257  38.76701
4820.51056489658  59.38585
4820.6841435206  56.56792
4820.85772214462  47.11899
4821.03130076864  57.51677
4821.20487939266  50.60067
4821.37845801668  47.11574
4821.55203664069  59.86574
4821.72561526471  75.95806
4821.89919388873  70.91798
4822.07277251275  43.69027
4822.24635113677  24.42129
4822.41992976079  26.52069
4822.5935083848  51.94159
4822.76708700882  49.16187
4822.94066563284  42.71709
4823.11424425686  34.67887
4823.28782288088  48.42348
4823.46140150489  36.87359
4823.63498012891  36.38943
4823.80855875293  41.65931
4823.98213737695  54.65396
4824.15571600097  47.09991
4824.32929462498  50.56982
4824.502873249  60.55529
4824.67645187302  40.19066
4824.85003049704  38.28586
4825.02360912106  66.4679
4825.19718774508  60.98325
4825.37076636909  51.9298
4825.54434499311  54.51192
4825.71792361713  52.1735
4825.89150224115  47.54583
4826.06508086517  33.4732
4826.23865948919  32.72397
4826.4122381132  30.22437
4826.58581673722  51.92676
4826.75939536124  62.79381
4826.93297398526  26.43867
4827.10655260928  35.38823
4827.2801312333  40.94261
4827.45370985731  30.41241
4827.62728848133  21.04041
4827.80086710535  41.84392
4827.97444572937  42.91377
4828.14802435339  39.20047
4828.3216029774  53.41715
4828.49518160142  32.69787
4828.66876022544  44.10475
4828.84233884946  42.26376
4829.01591747348  37.94443
4829.1894960975  35.02312
4829.36307472151  16.84266
4829.53665334553  41.57292
4829.71023196955  42.62066
4829.88381059357  23.97885
4830.05738921759  55.83125
4830.23096784161  44.43486
4830.40454646562  38.68067
4830.57812508964  38.70904
4830.75170371366  39.62355
4830.92528233768  43.79275
4831.0988609617  34.89512
4831.27243958571  42.14804
4831.44601820973  34.40932
4831.61959683375  37.89202
4831.79317545777  47.18065
4831.96675408179  42.84514
4832.1403327058  47.61861
4832.31391132982  36.54161
4832.48748995384  42.86916
4832.66106857786  52.53376
4832.83464720188  59.45506
4833.0082258259  37.6462
4833.18180444991  39.64722
4833.35538307393  66.89886
4833.52896169795  56.23043
4833.70254032197  47.54506
4833.87611894599  42.35328
4834.04969757  62.11713
4834.22327619402  42.71412
4834.39685481804  48.89852
4834.57043344206  38.37106
4834.74401206608  69.66746
4834.9175906901  56.54324
4835.09116931412  42.78959
4835.26474793813  49.50319
4835.43832656215  48.53518
4835.61190518617  48.06818
4835.78548381019  43.19065
4835.95906243421  70.02021
4836.13264105822  68.88473
4836.30621968224  34.67775
4836.47979830626  69.55698
4836.65337693028  74.65514
4836.8269555543  39.84779
4837.00053417832  47.36208
4837.17411280233  45.86446
4837.34769142635  49.19891
4837.52127005037  66.19845
4837.69484867439  74.8521
4837.86842729841  67.80806
4838.04200592242  56.66767
4838.21558454644  72.86231
4838.38916317046  58.02505
4838.56274179448  54.08086
4838.7363204185  80.68514
4838.90989904252  60.35234
4839.08347766653  49.69087
4839.25705629055  43.05713
4839.43063491457  62.51416
4839.60421353859  71.77777
4839.77779216261  70.31929
4839.95137078663  58.68623
4840.12494941064  54.75057
4840.29852803466  82.45338
4840.47210665868  78.46319
4840.6456852827  61.99562
4840.81926390672  31.59098
4840.99284253073  20.73813
4841.16642115475  69.00139
4841.33999977877  55.02763
4841.51357840279  40.3435
4841.68715702681  57.17806
4841.86073565083  88.72169
4842.03431427484  47.66721
4842.20789289886  20.76063
4842.38147152288  37.09474
4842.5550501469  34.14005
4842.72862877092  52.08906
4842.90220739493  69.24634
4843.07578601895  59.10376
4843.24936464297  69.93576
4843.42294326699  57.4458
4843.59652189101  44.36414
4843.77010051503  61.92497
4843.94367913904  55.52395
4844.11725776306  62.05478
4844.29083638708  83.31227
4844.4644150111  74.16929
4844.63799363512  80.26571
4844.81157225914  46.72397
4844.98515088315  60.1671
4845.15872950717  57.22847
4845.33230813119  46.06359
4845.50588675521  73.39018
4845.67946537923  82.0243
4845.85304400324  84.89876
4846.02662262726  66.70268
4846.20020125128  60.98484
4846.3737798753  74.66873
4846.54735849932  69.94501
4846.72093712333  59.25822
4846.89451574735  71.942
4847.06809437137  80.88689
4847.24167299539  61.65113
4847.41525161941  70.03566
4847.58883024343  76.46152
4847.76240886744  89.72722
4847.93598749146  88.48968
4848.10956611548  46.71399
4848.2831447395  71.27634
4848.45672336352  69.5457
4848.63030198754  51.00338
4848.80388061155  74.02586
4848.97745923557  77.14529
4849.15103785959  66.4427
4849.32461648361  46.54118
4849.49819510763  68.54063
4849.67177373165  57.47366
4849.84535235566  62.7717
4850.01893097968  76.73342
4850.1925096037  83.92747
4850.36608822772  64.13448
4850.53966685174  80.65102
4850.71324547576  88.19352
4850.88682409977  66.85799
4851.06040272379  62.96043
4851.23398134781  88.74926
4851.40755997183  77.49828
4851.58113859585  74.11429
4851.75471721986  74.8771
4851.92829584388  82.81896
4852.1018744679  79.61197
4852.27545309192  79.15337
4852.44903171594  69.64511
4852.62261033996  81.19316
4852.79618896397  88.86326
4852.96976758799  76.6954
4853.14334621201  92.16891
4853.31692483603  95.63404
4853.49050346005  62.90629
4853.66408208406  59.88623
4853.83766070808  78.17095
4854.0112393321  83.88998
4854.18481795612  87.9472
4854.35839658014  86.76313
4854.53197520416  86.85973
4854.70555382817  103.0558
4854.87913245219  91.22816
4855.05271107621  70.245
4855.22628970023  76.28194
4855.39986832425  92.36982
4855.57344694826  78.71219
4855.74702557228  101.8494
4855.9206041963  101.212
4856.09418282032  104.0965
4856.26776144434  98.95204
4856.44134006836  76.48151
4856.61491869237  66.18491
4856.78849731639  100.4514
4856.96207594041  87.82433
4857.13565456443  80.91666
4857.30923318845  101.1981
4857.48281181247  96.58367
4857.65639043648  77.58881
4857.8299690605  77.33964
4858.00354768452  90.09766
4858.17712630854  62.96785
4858.35070493256  72.81477
4858.52428355657  84.27275
4858.69786218059  112.8763
4858.87144080461  82.91708
4859.04501942863  58.33054
4859.21859805265  69.08374
4859.39217667667  79.41933
4859.56575530068  80.49593
4859.7393339247  71.83509
4859.91291254872  67.44311
4860.08649117274  57.78513
4860.26006979676  71.78851
4860.43364842078  80.96964
4860.60722704479  69.30278
4860.78080566881  66.32476
4860.95438429283  88.62096
4861.12796291685  92.32532
4861.30154154087  58.44222
4861.47512016488  50.32817
4861.6486987889  74.79336
4861.82227741292  75.25729
4861.99585603694  78.39331
4862.16943466096  82.97089
4862.34301328497  60.25476
4862.51659190899  73.76125
4862.69017053301  79.83665
4862.86374915703  87.51443
4863.03732778105  78.21405
4863.21090640507  80.01569
4863.38448502908  92.09428
4863.5580636531  85.04474
4863.73164227712  70.6602
4863.90522090114  52.22493
4864.07879952516  66.03727
4864.25237814918  69.96955
4864.42595677319  71.4976
4864.59953539721  61.03361
4864.77311402123  64.23394
4864.94669264525  75.32967
4865.12027126927  74.63393
4865.29384989329  82.63763
4865.4674285173  77.10902
4865.64100714132  67.63666
4865.81458576534  84.55019
4865.98816438936  87.13535
4866.16174301338  84.55414
4866.3353216374  71.42151
4866.50890026141  50.61793
4866.68247888543  60.33447
4866.85605750945  61.07747
4867.02963613347  70.57291
4867.20321475749  64.19595
4867.3767933815  66.73692
4867.55037200552  78.04649
4867.72395062954  77.32128
4867.89752925356  89.69992
4868.07110787758  74.2627
4868.24468650159  89.60509
4868.41826512561  77.48694
4868.59184374963  78.6928
4868.76542237365  87.48491
4868.93900099767  78.47059
4869.11257962169  96.30868
4869.2861582457  66.9345
4869.45973686972  66.4931
4869.63331549374  64.10922
4869.80689411776  69.63493
4869.98047274178  53.53943
4870.1540513658  78.83287
4870.32762998981  40.85534
4870.50120861383  57.27387
4870.67478723785  60.9779
4870.84836586187  73.77809
4871.02194448589  65.30797
4871.1955231099  73.45725
4871.36910173392  59.48158
4871.54268035794  78.02882
4871.71625898196  60.68681
4871.88983760598  71.50694
4872.06341623  83.28934
4872.23699485401  54.82611
4872.41057347803  55.66478
4872.58415210205  91.02377
4872.75773072607  67.16846
4872.93130935009  77.70218
4873.1048879741  60.47312
4873.27846659812  56.25078
4873.45204522214  91.11723
4873.62562384616  56.1608
4873.79920247018  28.06047
4873.9727810942  72.89935
4874.14635971821  56.04259
4874.31993834223  77.18428
4874.49351696625  70.29211
4874.66709559027  45.6632
4874.84067421429  58.12546
4875.01425283831  63.00172
4875.18783146232  66.52781
4875.36141008634  74.41917
4875.53498871036  63.50497
4875.70856733438  76.55077
4875.8821459584  73.02429
4876.05572458241  67.82068
4876.22930320643  71.17764
4876.40288183045  60.59149
4876.57646045447  49.54469
4876.75003907849  61.13597
4876.92361770251  85.11195
4877.09719632652  80.40673
4877.27077495054  89.89507
4877.44435357456  76.85838
4877.61793219858  70.31044
4877.7915108226  86.49404
4877.96508944661  66.92639
4878.13866807063  61.5989
4878.31224669465  58.88543
4878.48582531867  67.1963
4878.65940394269  42.40323
4878.83298256671  55.32938
4879.00656119073  61.0594
4879.18013981474  41.82237
4879.35371843876  54.38345
4879.52729706278  62.26932
4879.7008756868  60.25953
4879.87445431082  56.21753
4880.04803293483  50.4161
4880.22161155885  46.0687
4880.39519018287  49.35695
4880.56876880689  79.53059
4880.74234743091  73.02705
4880.91592605493  71.88741
4881.08950467894  74.50629
4881.26308330296  74.12064
4881.43666192698  69.84332
4881.610240551  73.19144
4881.78381917502  44.43361
4881.95739779903  56.78539
4882.13097642305  61.8092
4882.30455504707  74.7576
4882.47813367109  71.13637
4882.65171229511  58.34859
4882.82529091912  59.60637
4882.99886954314  65.0746
4883.17244816716  72.05779
4883.34602679118  57.24575
4883.5196054152  73.95605
4883.69318403922  70.56103
4883.86676266323  71.57928
4884.04034128725  70.14717
4884.21391991127  49.47981
4884.38749853529  47.61964
4884.56107715931  70.98629
4884.73465578333  74.45835
4884.90823440734  72.24673
4885.08181303136  74.68247
4885.25539165538  61.92542
4885.4289702794  65.58323
4885.60254890342  44.37249
4885.77612752743  39.21722
4885.94970615145  47.91698
4886.12328477547  64.25336
4886.29686339949  68.19894
4886.47044202351  59.60192
4886.64402064753  83.70589
4886.81759927154  60.85031
4886.99117789556  61.21675
4887.16475651958  54.27687
4887.3383351436  36.09934
4887.51191376762  49.03369
4887.68549239164  49.93798
4887.85907101565  53.34616
4888.03264963967  50.00906
4888.20622826369  62.73523
4888.37980688771  64.4565
4888.55338551173  64.58511
4888.72696413575  69.57174
4888.90054275976  66.90662
4889.07412138378  88.48296
4889.2477000078  73.951
4889.42127863182  55.62919
4889.59485725584  63.65342
4889.76843587985  64.0376
4889.94201450387  40.92416
4890.11559312789  77.49358
4890.28917175191  69.30172
4890.46275037593  38.92859
4890.63632899995  43.97234
4890.80990762396  71.5717
4890.98348624798  66.7195
4891.157064872  54.0847
4891.33064349602  50.50369
4891.50422212004  82.14847
4891.67780074405  66.59068
4891.85137936807  86.41251
4892.02495799209  83.75349
4892.19853661611  43.90432
4892.37211524013  72.9827
4892.54569386415  57.94365
4892.71927248816  42.65811
4892.89285111218  73.41092
4893.0664297362  48.40788
4893.24000836022  51.08448
4893.41358698424  55.76015
4893.58716560826  58.78083
4893.76074423227  67.8465
4893.93432285629  69.83401
4894.10790148031  42.88293
4894.28148010433  55.68471
4894.45505872835  46.79085
4894.62863735236  62.93706
4894.80221597638  58.02304
4894.9757946004  52.91719
4895.14937322442  52.99134
4895.32295184844  50.9859
4895.49653047246  64.67791
4895.67010909647  67.06748
4895.84368772049  66.65395
4896.01726634451  59.09048
4896.19084496853  54.30288
4896.36442359255  77.75992
4896.53800221656  66.09659
4896.71158084058  46.46371
4896.8851594646  68.42703
4897.05873808862  62.22105
4897.23231671264  55.94479
4897.40589533666  61.93769
4897.57947396067  37.40998
4897.75305258469  45.41651
4897.92663120871  62.70552
4898.10020983273  66.97424
4898.27378845675  53.56146
4898.44736708076  52.14401
4898.62094570478  72.42043
4898.7945243288  55.15536
4898.96810295282  45.12223
4899.14168157684  58.14231
4899.31526020086  55.06935
4899.48883882487  47.45839
4899.66241744889  72.49926
4899.83599607291  46.26339
4900.00957469693  49.29611
4900.18315332095  56.01607
4900.35673194497  55.57945
4900.53031056898  52.52835
4900.703889193  43.39087
4900.87746781702  28.91876
4901.05104644104  41.52811
4901.22462506506  55.21135
4901.39820368907  62.78814
4901.57178231309  36.07621
4901.74536093711  46.74786
4901.91893956113  50.66159
4902.09251818515  54.92421
4902.26609680917  56.91199
4902.43967543318  51.33613
4902.6132540572  50.9002
4902.78683268122  41.82767
4902.96041130524  43.15791
4903.13398992926  44.78931
4903.30756855328  54.7692
4903.48114717729  51.33545
4903.65472580131  35.4165
4903.82830442533  59.37774
4904.00188304935  30.86298
4904.17546167337  36.21651
4904.34904029738  42.91322
4904.5226189214  30.47165
4904.69619754542  44.77556
4904.86977616944  42.32692
4905.04335479346  61.33305
4905.21693341748  39.00196
4905.39051204149  58.71586
4905.56409066551  85.00011
4905.73766928953  68.97483
4905.91124791355  35.63023
4906.08482653757  33.66765
4906.25840516159  29.319
4906.4319837856  26.39149
4906.60556240962  36.94556
4906.77914103364  56.84939
4906.95271965766  45.15773
4907.12629828168  43.72621
4907.29987690569  51.46406
4907.47345552971  50.91652
4907.64703415373  38.46484
4907.82061277775  45.30664
4907.99419140177  32.88972
4908.16777002579  16.01123
4908.3413486498  35.71165
4908.51492727382  29.43948
4908.68850589784  41.51528
4908.86208452186  21.30356
4909.03566314588  41.0506
4909.2092417699  52.37243
4909.38282039391  61.3176
4909.55639901793  48.32095
4909.72997764195  54.56543
4909.90355626597  47.90741
4910.07713488999  30.2061
4910.250713514  38.2207
4910.42429213802  50.29239
4910.59787076204  49.99239
4910.77144938606  41.99964
4910.94502801008  44.09779
4911.1186066341  25.96184
4911.29218525811  45.04818
4911.46576388213  34.7735
4911.63934250615  41.02379
4911.81292113017  61.24771
4911.98649975419  33.87564
4912.1600783782  26.91753
4912.33365700222  44.14892
4912.50723562624  43.10058
4912.68081425026  52.99176
4912.85439287428  55.18795
4913.0279714983  51.55098
4913.20155012231  42.84964
4913.37512874633  53.66127
4913.54870737035  30.79615
4913.72228599437  24.46489
4913.89586461839  51.90512
4914.0694432424  52.19144
4914.24302186642  45.11186
4914.41660049044  20.13731
4914.59017911446  37.06739
4914.76375773848  27.40027
4914.9373363625  35.17541
4915.11091498651  40.32647
4915.28449361053  42.27214
4915.45807223455  36.2415
4915.63165085857  25.01747
4915.80522948259  33.6013
4915.97880810661  36.87658
4916.15238673062  22.90627
4916.32596535464  39.73702
4916.49954397866  37.8895
4916.67312260268  49.60788
4916.8467012267  35.03888
4917.02027985071  30.75853
4917.19385847473  40.41358
4917.36743709875  28.26989
4917.54101572277  54.24953
4917.71459434679  33.0862
4917.88817297081  46.7571
4918.06175159482  40.05424
4918.23533021884  23.49104
4918.40890884286  38.95105
4918.58248746688  33.35233
4918.7560660909  31.48214
4918.92964471492  43.01939
4919.10322333893  38.77074
4919.27680196295  26.0398
4919.45038058697  17.13035
4919.62395921099  25.21806
4919.79753783501  40.97013
4919.97111645902  25.52378
4920.14469508304  9.974765
4920.31827370706  32.74528
4920.49185233108  23.62726
4920.6654309551  21.34769
4920.83900957912  35.72583
4921.01258820313  6.02102
4921.18616682715  31.23493
4921.35974545117  23.62695
4921.53332407519  16.34334
4921.70690269921  6.495571
4921.88048132322  19.28762
4922.05405994724  12.97775
4922.22763857126  14.22108
4922.40121719528  26.62499
4922.5747958193  28.18589
4922.74837444332  37.29287
4922.92195306734  33.81894
4923.09553169135  10.28158
4923.26911031537  20.25943
4923.44268893939  6.392337
4923.61626756341  21.67827
4923.78984618743  40.42112
4923.96342481144  31.56846
4924.13700343546  26.65805
4924.31058205948  0.3809895
4924.4841606835  0.1086656
4924.65773930752  16.91724
4924.83131793153  25.18463
4925.00489655555  25.92886
4925.17847517957  26.44377
4925.35205380359  40.56929
4925.52563242761  9.244975
4925.69921105163  8.687302
4925.87278967564  5.392495
4926.04636829966  18.28826
4926.21994692368  42.44014
4926.3935255477  35.27929
4926.56710417172  25.84516
4926.74068279573  31.22571
4926.91426141975  31.11188
4927.08784004377  27.27533
4927.26141866779  23.92909
4927.43499729181  27.68336
4927.60857591583  30.22151
4927.78215453984  33.18875
4927.95573316386  13.59524
4928.12931178788  24.11179
4928.3028904119  38.52311
4928.47646903592  4.533598
4928.65004765994  25.99469
4928.82362628395  29.05532
4928.99720490797  12.94674
4929.17078353199  13.11546
4929.34436215601  31.99281
4929.51794078003  50.37256
4929.69151940404  50.372
4929.86509802806  31.54747
4930.03867665208  10.95732
4930.2122552761  22.40896
4930.38583390012  22.91022
4930.55941252414  13.04434
4930.73299114815  0.6296071
4930.90656977217  -4.831184
4931.08014839619  19.20102
4931.25372702021  24.82525
4931.42730564423  12.45
4931.60088426824  4.125649
4931.77446289226  15.76774
4931.94804151628  9.517037
4932.1216201403  20.05295
4932.29519876432  18.40644
4932.46877738834  22.58819
4932.64235601236  8.652144
4932.81593463637  -10.58767
4932.98951326039  -2.759685
4933.16309188441  -14.54809
4933.33667050843  17.20262
4933.51024913245  19.63334
4933.68382775646  23.80596
4933.85740638048  5.221885
4934.0309850045  16.02225
4934.20456362852  22.02809
4934.37814225254  12.84446
4934.55172087655  7.274442
4934.72529950057  3.704053
4934.89887812459  19.78819
4935.07245674861  36.44982
4935.24603537263  14.88739
4935.41961399665  26.95831
4935.59319262066  33.5218
4935.76677124468  22.96275
4935.9403498687  15.79739
4936.11392849272  25.80909
4936.28750711674  20.06115
4936.46108574076  19.98498
4936.63466436477  24.69521
4936.80824298879  11.75643
4936.98182161281  1.140752
4937.15540023683  -0.7707475
4937.32897886085  19.31512
4937.50255748486  14.81326
4937.67613610888  14.59814
4937.8497147329  17.50889
4938.02329335692  -5.405467
4938.19687198094  9.11687
4938.37045060496  23.61634
4938.54402922897  -5.831208
4938.71760785299  22.21862
4938.89118647701  10.68686
4939.06476510103  14.67303
4939.23834372505  17.35681
4939.41192234906  12.23206
4939.58550097308  -1.058049
4939.7590795971  27.38308
4939.93265822112  13.8011
4940.10623684514  -12.61194
4940.27981546916  -5.961689
4940.45339409317  4.364973
4940.62697271719  -0.9480302
4940.80055134121  22.54442
4940.97412996523  23.72868
4941.14770858925  11.24505
4941.32128721327  -6.551814
4941.49486583728  15.11825
4941.6684444613  8.88334
4941.84202308532  9.040349
4942.01560170934  13.8405
4942.18918033336  3.846005
4942.36275895738  -1.545632
4942.53633758139  8.348372
4942.70991620541  0.4206386
4942.88349482943  6.721971
4943.05707345345  8.350096
4943.23065207747  1.830181
4943.40423070148  -14.44746
4943.5778093255  7.182969
4943.75138794952  -0.6903872
4943.92496657354  15.75381
4944.09854519756  1.091163
4944.27212382157  -3.460172
4944.44570244559  -1.990374
4944.61928106961  6.379101
4944.79285969363  12.00731
4944.96643831765  -11.39773
4945.14001694167  -17.52856
4945.31359556568  1.046572
4945.4871741897  10.70024
4945.66075281372  -15.75966
4945.83433143774  -2.610217
