4768.3212342838  18.62514
4768.4947824031  -6.612428
4768.66833052241  -3.914201
4768.84187864171  -15.27724
4769.01542676101  14.74658
4769.18897488032  48.79966
4769.36252299962  9.352509
4769.53607111893  -2.676754
4769.70961923823  -3.127008
4769.88316735753  -23.41133
4770.05671547684  3.330227
4770.23026359614  21.22974
4770.40381171545  49.47832
4770.57735983475  -27.03783
4770.75090795405  -23.24129
4770.92445607336  22.14443
4771.09800419266  11.04016
4771.27155231197  18.85971
4771.44510043127  22.605
4771.61864855057  12.30252
4771.79219666988  32.8848
4771.96574478918  44.46967
4772.13929290848  39.93632
4772.31284102779  24.48269
4772.48638914709  1.181917
4772.6599372664  47.22971
4772.8334853857  16.94796
4773.007033505  -24.64618
4773.18058162431  -3.756037
4773.35412974361  4.998253
4773.52767786291  51.35962
4773.70122598222  12.33703
4773.87477410152  -0.1019648
4774.04832222083  8.706153
4774.22187034013  34.98672
4774.39541845943  24.54859
4774.56896657874  -9.394233
4774.74251469804  9.288864
4774.91606281735  -34.14558
4775.08961093665  -20.77574
4775.26315905595  -5.423862
4775.43670717526  -1.085595
4775.61025529456  8.318782
4775.78380341386  -2.037797
4775.95735153317  6.929828
4776.13089965247  2.287411
4776.30444777178  16.24535
4776.47799589108  -2.220353
4776.65154401038  16.02949
4776.82509212969  48.51228
4776.99864024899  7.412355
4777.1721883683  -7.771563
4777.3457364876  15.73335
4777.5192846069  37.51607
4777.69283272621  -8.567445
4777.86638084551  1.666827
4778.03992896481  6.136461
4778.21347708412  16.34859
4778.38702520342  32.39752
4778.56057332273  6.435706
4778.73412144203  -4.978898
4778.90766956133  27.40224
4779.08121768064  42.52067
4779.25476579994  19.65215
4779.42831391925  -14.47247
4779.60186203855  -6.441112
4779.77541015785  38.34682
4779.94895827716  13.47269
4780.12250639646  -8.19343
4780.29605451577  0.9876893
4780.46960263507  22.95645
4780.64315075437  25.28321
4780.81669887368  -8.622423
4780.99024699298  -25.67981
4781.16379511228  6.549126
4781.33734323159  45.08186
4781.51089135089  19.90419
4781.6844394702  19.37313
4781.8579875895  23.23157
4782.0315357088  -5.80502
4782.20508382811  30.5192
4782.37863194741  24.5964
4782.55218006672  9.29284
4782.72572818602  44.55823
4782.89927630532  44.00376
4783.07282442463  5.421961
4783.24637254393  9.178304
4783.41992066323  39.46472
4783.59346878254  56.69969
4783.76701690184  31.14882
4783.94056502115  13.54446
4784.11411314045  -17.93256
4784.28766125975  -26.43393
4784.46120937906  17.60308
4784.63475749836  12.86034
4784.80830561767  -6.212063
4784.98185373697  8.267798
4785.15540185627  -17.80776
4785.32894997558  17.28374
4785.50249809488  -3.97704
4785.67604621419  8.397855
4785.84959433349  18.95691
4786.02314245279  17.75233
4786.1966905721  43.29234
4786.3702386914  28.39158
4786.5437868107  19.10491
4786.71733493001  36.54762
4786.89088304931  23.07723
4787.06443116862  -5.515655
4787.23797928792  -19.08471
4787.41152740722  -6.19265
4787.58507552653  23.42485
4787.75862364583  21.58367
4787.93217176513  31.80931
4788.10571988444  -14.19908
4788.27926800374  19.8012
4788.45281612305  23.00129
4788.62636424235  35.31107
4788.79991236165  -9.586694
4788.97346048096  -20.30344
4789.14700860026  -13.94148
4789.32055671957  6.18501
4789.49410483887  13.83964
4789.66765295817  -11.83048
4789.84120107748  -22.37289
4790.01474919678  1.972738
4790.18829731608  22.1559
4790.36184543539  28.15695
4790.53539355469  69.3539
4790.708941674  35.99855
4790.8824897933  6.621501
4791.0560379126  -4.310725
4791.22958603191  25.93264
4791.40313415121  20.9943
4791.57668227051  5.466332
4791.75023038982  25.2868
4791.92377850912  21.86785
4792.09732662843  0.07639531
4792.27087474773  13.19996
4792.44442286703  35.69135
4792.61797098634  58.65105
4792.79151910564  66.23946
4792.96506722495  9.937207
4793.13861534425  -25.9609
4793.31216346355  9.372804
4793.48571158286  19.44356
4793.65925970216  1.956102
4793.83280782146  -16.82315
4794.00635594077  7.136121
4794.17990406007  19.3353
4794.35345217938  25.46103
4794.52700029868  45.69475
4794.70054841798  4.189914
4794.87409653729  0.4448804
4795.04764465659  22.44974
4795.2211927759  18.45856
4795.3947408952  16.99412
4795.5682890145  28.20786
4795.74183713381  9.243407
4795.91538525311  -9.036215
4796.08893337241  22.01316
4796.26248149172  -5.509563
4796.43602961102  19.25392
4796.60957773033  7.327127
4796.78312584963  31.82758
4796.95667396894  -4.985505
4797.13022208824  -16.45308
4797.30377020754  4.831345
4797.47731832685  -9.86019
4797.65086644615  9.429339
4797.82441456545  31.72129
4797.99796268476  39.78869
4798.17151080406  12.79518
4798.34505892337  -8.019485
4798.51860704267  12.81167
4798.69215516197  23.42344
4798.86570328128  30.33978
4799.03925140058  41.26144
4799.21279951989  29.67386
4799.38634763919  -0.482732
4799.55989575849  -25.16866
4799.7334438778  2.747143
4799.9069919971  12.39317
4800.0805401164  38.77922
4800.25408823571  34.77971
4800.42763635501  22.60928
4800.60118447432  -32.23625
4800.77473259362  3.334515
4800.94828071292  32.13221
4801.12182883223  13.73978
4801.29537695153  31.7636
4801.46892507083  37.79178
4801.64247319014  11.65198
4801.81602130944  -14.08976
4801.98956942875  9.377358
4802.16311754805  57.64233
4802.33666566735  16.02979
4802.51021378666  15.97302
4802.68376190596  14.86454
4802.85731002527  2.899454
4803.03085814457  -30.54015
4803.20440626387  -18.66146
4803.37795438318  16.45191
4803.55150250248  -10.46856
4803.72505062178  17.15304
4803.89859874109  -7.903269
4804.07214686039  46.41979
4804.2456949797  16.48891
4804.419243099  29.41389
4804.5927912183  27.12788
4804.76633933761  -16.71327
4804.93988745691  18.43665
4805.11343557622  30.24678
4805.28698369552  15.52407
4805.46053181482  3.934521
4805.63407993413  -0.8320479
4805.80762805343  12.90246
4805.98117617273  -8.448898
4806.15472429204  5.527705
4806.32827241134  11.47965
4806.50182053065  20.26031
4806.67536864995  -34.64686
4806.84891676925  35.35078
4807.02246488856  58.94756
4807.19601300786  36.45552
4807.36956112717  6.296573
4807.54310924647  38.72251
4807.71665736577  81.71947
4807.89020548508  38.15646
4808.06375360438  13.53474
4808.23730172369  3.154611
4808.41084984299  -5.37122
4808.58439796229  21.23745
4808.7579460816  3.96749
4808.9314942009  -0.5045643
4809.1050423202  46.68122
4809.27859043951  41.0591
4809.45213855881  7.095781
4809.62568667812  12.07927
4809.79923479742  25.26199
4809.97278291672  58.44136
4810.14633103603  8.550408
4810.31987915533  22.57911
4810.49342727463  13.70412
4810.66697539394  -2.650176
4810.84052351324  22.57329
4811.01407163255  12.61678
4811.18761975185  1.036367
4811.36116787115  -5.160549
4811.53471599046  -8.218068
4811.70826410976  -6.420345
4811.88181222907  10.34685
4812.05536034837  -8.469563
4812.22890846767  -14.71903
4812.40245658698  27.22
4812.57600470628  11.43049
4812.74955282558  13.55816
4812.92310094489  47.7529
4813.09664906419  24.35817
4813.2701971835  22.5895
4813.4437453028  41.61917
4813.6172934221  29.87074
4813.79084154141  4.303967
4813.96438966071  36.31427
4814.13793778002  23.20705
4814.31148589932  9.530895
4814.48503401862  36.4589
4814.65858213793  21.00375
4814.83213025723  1.887946
4815.00567837653  36.12762
4815.17922649584  31.79662
4815.35277461514  -8.466173
4815.52632273445  -8.670902
4815.69987085375  35.09945
4815.87341897305  34.54694
4816.04696709236  11.97344
4816.22051521166  41.91806
4816.39406333097  59.17319
4816.56761145027  28.85204
4816.74115956957  16.1885
4816.91470768888  15.59582
4817.08825580818  -11.2311
4817.26180392749  -0.7840698
4817.43535204679  32.1356
4817.60890016609  71.93979
4817.7824482854  31.64128
4817.9559964047  -9.534244
4818.12954452401  40.05865
4818.30309264331  47.15845
4818.47664076261  39.34152
4818.65018888192  15.59086
4818.82373700122  -1.616519
4818.99728512052  26.89101
4819.17083323983  7.811107
4819.34438135913  26.52067
4819.51792947844  20.33803
4819.69147759774  19.78916
4819.86502571704  19.1606
4820.03857383635  -13.69373
4820.21212195565  -4.316588
4820.38567007495  4.615331
4820.55921819426  -17.48779
4820.73276631356  0.431432
4820.90631443287  23.40497
4821.07986255217  43.79406
4821.25341067147  63.97702
4821.42695879078  29.72075
4821.60050691008  32.87034
4821.77405502939  11.63105
4821.94760314869  26.07037
4822.12115126799  44.6288
4822.2946993873  26.7541
4822.4682475066  34.94125
4822.6417956259  1.84997
4822.81534374521  27.79497
4822.98889186451  27.90572
4823.16243998382  -7.693599
4823.33598810312  10.73431
4823.50953622242  14.69864
4823.68308434173  30.42304
4823.85663246103  19.9357
4824.03018058034  27.82504
4824.20372869964  12.93303
4824.37727681894  49.87396
4824.55082493825  60.77461
4824.72437305755  12.0881
4824.89792117685  2.762092
4825.07146929616  1.453001
4825.24501741546  24.21309
4825.41856553477  38.8522
4825.59211365407  23.13074
4825.76566177337  22.5216
4825.93920989268  9.674499
4826.11275801198  15.80395
4826.28630613129  16.36999
4826.45985425059  62.44115
4826.63340236989  26.78632
4826.8069504892  45.21326
4826.9804986085  52.93627
4827.1540467278  16.36382
4827.32759484711  68.2565
4827.50114296641  70.53609
4827.67469108572  3.765866
4827.84823920502  27.60294
4828.02178732432  -13.36308
4828.19533544363  37.95446
4828.36888356293  35.63232
4828.54243168224  27.25941
4828.71597980154  22.25488
4828.88952792084  41.39574
4829.06307604015  14.74147
4829.23662415945  19.76818
4829.41017227875  27.84251
4829.58372039806  18.23432
4829.75726851736  12.22788
4829.93081663667  32.4612
4830.10436475597  34.65203
4830.27791287527  10.50774
4830.45146099458  3.322044
4830.62500911388  31.7534
4830.79855723319  61.51459
4830.97210535249  16.60742
4831.14565347179  3.121789
4831.3192015911  26.05471
4831.4927497104  18.42327
4831.6662978297  59.78936
4831.83984594901  35.38303
4832.01339406831  70.11239
4832.18694218762  49.52528
4832.36049030692  4.132314
4832.53403842622  56.81539
4832.70758654553  34.07288
4832.88113466483  33.25257
4833.05468278414  40.65686
4833.22823090344  -4.329136
4833.40177902274  20.28603
4833.57532714205  4.968428
4833.74887526135  7.856813
4833.92242338066  5.607747
4834.09597149996  -12.72413
4834.26951961926  16.51361
4834.44306773857  67.04864
4834.61661585787  28.07455
4834.79016397717  23.1184
4834.96371209648  20.32292
4835.13726021578  23.91095
4835.31080833509  -33.78248
4835.48435645439  54.59665
4835.65790457369  58.80704
4835.831452693  46.37765
4836.0050008123  57.45394
4836.17854893161  48.52323
4836.35209705091  66.91743
4836.52564517021  60.64347
4836.69919328952  1.278626
4836.87274140882  33.96004
4837.04628952812  41.31703
4837.21983764743  24.98806
4837.39338576673  25.57866
4837.56693388604  -16.06862
4837.74048200534  5.077484
4837.91403012464  51.1487
4838.08757824395  82.95302
4838.26112636325  45.12291
4838.43467448255  14.13688
4838.60822260186  11.92463
4838.78177072116  19.77015
4838.95531884047  7.749757
4839.12886695977  28.48727
4839.30241507907  -37.93332
4839.47596319838  3.955197
4839.64951131768  40.43237
4839.82305943699  41.1252
4839.99660755629  37.99587
4840.17015567559  32.28116
4840.3437037949  -15.81157
4840.5172519142  39.24576
4840.6908000335  49.84782
4840.86434815281  26.38541
4841.03789627211  3.075668
4841.21144439142  39.81678
4841.38499251072  43.64992
4841.55854063002  31.05661
4841.73208874933  -23.25838
4841.90563686863  -0.397336
4842.07918498794  0.673663
4842.25273310724  28.57925
4842.42628122654  34.0848
4842.59982934585  58.62373
4842.77337746515  57.84845
4842.94692558445  28.50882
4843.12047370376  45.68976
4843.29402182306  22.80766
4843.46756994237  5.086467
4843.64111806167  46.32835
4843.81466618097  51.89052
4843.98821430028  -1.281209
4844.16176241958  -0.8370424
4844.33531053889  35.47255
4844.50885865819  20.47045
4844.68240677749  24.49368
4844.8559548968  43.34158
4845.0295030161  52.4228
4845.2030511354  80.31301
4845.37659925471  64.363
4845.55014737401  25.47281
4845.72369549332  6.039378
4845.89724361262  19.20721
4846.07079173192  33.93441
4846.24433985123  57.68649
4846.41788797053  80.06224
4846.59143608984  48.64209
4846.76498420914  35.3763
4846.93853232844  24.86448
4847.11208044775  18.26707
4847.28562856705  14.03313
4847.45917668636  9.920256
4847.63272480566  48.34701
4847.80627292496  21.31376
4847.97982104427  6.406113
4848.15336916357  43.25088
4848.32691728287  27.44296
4848.50046540218  48.82203
4848.67401352148  54.06959
4848.84756164079  9.729782
4849.02110976009  45.26605
4849.19465787939  48.15852
4849.3682059987  20.33557
4849.541754118  27.45323
4849.71530223731  29.76606
4849.88885035661  36.50335
4850.06239847591  54.55339
4850.23594659522  31.60265
4850.40949471452  56.5794
4850.58304283382  60.71465
4850.75659095313  49.86847
4850.93013907243  59.91031
4851.10368719174  59.76575
4851.27723531104  46.45582
4851.45078343034  54.68041
4851.62433154965  31.22852
4851.79787966895  28.97817
4851.97142778826  54.43047
4852.14497590756  47.41554
4852.31852402686  64.36372
4852.49207214617  40.6019
4852.66562026547  51.63741
4852.83916838477  28.79313
4853.01271650408  70.99397
4853.18626462338  59.61058
4853.35981274269  63.03006
4853.53336086199  61.46164
4853.70690898129  41.7518
4853.8804571006  46.62503
4854.0540052199  55.29859
4854.22755333921  66.00663
4854.40110145851  66.73841
4854.57464957781  67.00217
4854.74819769712  28.43448
4854.92174581642  70.37938
4855.09529393573  73.05563
4855.26884205503  73.52211
4855.44239017433  28.47031
4855.61593829364  51.32507
4855.78948641294  25.94608
4855.96303453224  25.56057
4856.13658265155  38.60049
4856.31013077085  39.48834
4856.48367889016  55.16287
4856.65722700946  17.37126
4856.83077512876  44.0551
4857.00432324807  38.25283
4857.17787136737  49.40899
4857.35141948667  28.48157
4857.52496760598  17.75571
4857.69851572528  77.27098
4857.87206384459  54.75755
4858.04561196389  41.52777
4858.21916008319  35.67068
4858.3927082025  12.21617
4858.5662563218  71.69212
4858.73980444111  84.30453
4858.91335256041  87.80183
4859.08690067971  80.72433
4859.26044879902  41.33077
4859.43399691832  36.55859
4859.60754503762  28.12338
4859.78109315693  1.651451
4859.95464127623  -12.94345
4860.12818939554  58.96538
4860.30173751484  58.97273
4860.47528563414  65.2013
4860.64883375345  44.19588
4860.82238187275  15.78599
4860.99592999206  7.844786
4861.16947811136  3.698659
4861.34302623066  27.54851
4861.51657434997  52.54887
4861.69012246927  67.72852
4861.86367058857  28.5464
4862.03721870788  12.04496
4862.21076682718  56.53842
4862.38431494649  56.02211
4862.55786306579  47.17321
4862.73141118509  28.19101
4862.9049593044  28.65368
4863.0785074237  30.94234
4863.25205554301  69.75479
4863.42560366231  72.24268
4863.59915178161  41.36652
4863.77269990092  55.20447
4863.94624802022  40.30255
4864.11979613952  -9.115216
4864.29334425883  18.07768
4864.46689237813  60.64915
4864.64044049744  42.20335
4864.81398861674  39.97709
4864.98753673604  83.90877
4865.16108485535  69.84767
4865.33463297465  59.24434
4865.50818109396  58.04795
4865.68172921326  19.24054
4865.85527733256  70.30681
4866.02882545187  93.20969
4866.20237357117  76.4649
4866.37592169047  35.54289
4866.54946980978  23.38374
4866.72301792908  20.10845
4866.89656604839  46.31054
4867.07011416769  48.49744
4867.24366228699  38.05453
4867.4172104063  3.819367
4867.5907585256  23.19645
4867.7643066449  58.35719
4867.93785476421  49.13828
4868.11140288351  37.64457
4868.28495100282  49.45681
4868.45849912212  59.16201
4868.63204724142  37.1086
4868.80559536073  46.6842
4868.97914348003  11.00923
4869.15269159934  26.12092
4869.32623971864  32.37602
4869.49978783794  36.55474
4869.67333595725  47.9301
4869.84688407655  58.09937
4870.02043219586  31.62545
4870.19398031516  37.11389
4870.36752843446  34.14479
4870.54107655377  13.62253
4870.71462467307  27.76806
4870.88817279237  31.93934
4871.06172091168  27.07796
4871.23526903098  15.56697
4871.40881715029  85.87685
4871.58236526959  47.91881
4871.75591338889  4.85541
4871.9294615082  17.08362
4872.1030096275  15.24496
4872.27655774681  36.0162
4872.45010586611  40.23134
4872.62365398541  63.7722
4872.79720210472  43.36678
4872.97075022402  49.3179
4873.14429834332  56.09599
4873.31784646263  16.27696
4873.49139458193  38.06394
4873.66494270124  41.0175
4873.83849082054  12.01503
4874.01203893984  72.23573
4874.18558705915  59.70599
4874.35913517845  23.9728
4874.53268329776  42.37481
4874.70623141706  -0.3765925
4874.87977953636  28.15641
4875.05332765567  57.09836
4875.22687577497  17.27225
4875.40042389427  18.23484
4875.57397201358  70.34473
4875.74752013288  64.99016
4875.92106825219  33.6143
4876.09461637149  9.349969
4876.26816449079  22.66267
4876.4417126101  36.65924
4876.6152607294  44.14626
4876.78880884871  55.0886
4876.96235696801  46.53693
4877.13590508731  65.14697
4877.30945320662  29.34334
4877.48300132592  19.99393
4877.65654944523  32.01691
4877.83009756453  11.9433
4878.00364568383  32.73737
4878.17719380314  50.83791
4878.35074192244  33.92661
4878.52429004174  20.65941
4878.69783816105  29.84222
4878.87138628035  30.33436
4879.04493439966  5.798785
4879.21848251896  -0.7936436
4879.39203063826  4.174379
4879.56557875757  23.74002
4879.73912687687  16.28272
4879.91267499618  16.66598
4880.08622311548  35.19114
4880.25977123478  36.48456
4880.43331935409  38.75325
4880.60686747339  23.37211
4880.78041559269  54.06472
4880.953963712  13.23774
4881.1275118313  30.54356
4881.30105995061  42.63897
4881.47460806991  11.40362
4881.64815618921  -0.7030084
4881.82170430852  17.84658
4881.99525242782  27.79047
4882.16880054713  19.17485
4882.34234866643  21.4342
4882.51589678573  -3.343137
4882.68944490504  10.1309
4882.86299302434  33.83015
4883.03654114364  36.81657
4883.21008926295  63.82292
4883.38363738225  14.5538
4883.55718550156  26.48499
4883.73073362086  49.44182
4883.90428174016  33.07878
4884.07782985947  37.44519
4884.25137797877  35.72392
4884.42492609808  46.0981
4884.59847421738  37.6315
4884.77202233668  26.6319
4884.94557045599  16.49548
4885.11911857529  22.24098
4885.29266669459  36.94912
4885.4662148139  50.66801
4885.6397629332  45.92719
4885.81331105251  57.6343
4885.98685917181  43.64079
4886.16040729111  51.07746
4886.33395541042  45.96145
4886.50750352972  19.38445
4886.68105164902  52.7949
4886.85459976833  26.4085
4887.02814788763  23.91981
4887.20169600694  31.65703
4887.37524412624  37.5226
4887.54879224554  5.364786
4887.72234036485  45.02961
4887.89588848415  49.83807
4888.06943660346  29.81996
4888.24298472276  51.75776
4888.41653284206  -27.7331
4888.59008096137  25.04263
4888.76362908067  31.01712
4888.93717719998  23.97512
4889.11072531928  41.47369
4889.28427343858  45.81468
4889.45782155789  66.7717
4889.63136967719  47.8429
4889.80491779649  33.73449
4889.9784659158  6.019997
4890.1520140351  -8.523827
4890.32556215441  13.17368
4890.49911027371  20.97301
4890.67265839301  72.32117
4890.84620651232  20.07406
4891.01975463162  24.17569
4891.19330275093  44.59599
4891.36685087023  47.51017
4891.54039898953  27.19018
4891.71394710884  41.17758
4891.88749522814  52.14744
4892.06104334744  15.9788
4892.23459146675  42.182
4892.40813958605  27.50653
4892.58168770536  45.9165
4892.75523582466  50.88246
4892.92878394396  -1.944916
4893.10233206327  -6.95224
4893.27588018257  -16.53418
4893.44942830188  -5.815184
4893.62297642118  31.98567
4893.79652454048  41.5692
4893.97007265979  52.54639
4894.14362077909  31.75664
4894.31716889839  13.10138
4894.4907170177  -11.45098
4894.664265137  20.67671
4894.83781325631  36.63637
4895.01136137561  27.47269
4895.18490949491  26.38531
4895.35845761422  28.41673
4895.53200573352  62.31034
4895.70555385283  29.10017
4895.87910197213  14.70744
4896.05265009143  26.4593
4896.22619821074  31.11988
4896.39974633004  12.90744
4896.57329444935  53.91661
4896.74684256865  42.11119
4896.92039068795  14.02621
4897.09393880726  -1.492262
4897.26748692656  2.249943
4897.44103504586  46.30866
4897.61458316517  38.52041
4897.78813128447  20.37395
4897.96167940378  2.467263
4898.13522752308  6.858258
4898.30877564238  37.18116
4898.48232376169  37.87276
4898.65587188099  -23.1775
4898.8294200003  4.441337
4899.0029681196  59.18933
4899.1765162389  27.72702
4899.35006435821  -13.48494
4899.52361247751  -1.862341
4899.69716059681  21.04216
4899.87070871612  18.50981
4900.04425683542  32.85411
4900.21780495473  43.49463
4900.39135307403  42.79255
4900.56490119333  15.55645
4900.73844931264  17.31262
4900.91199743194  13.08194
4901.08554555124  -18.49254
4901.25909367055  4.895272
4901.43264178985  31.2086
4901.60618990916  -12.14231
4901.77973802846  19.66097
4901.95328614776  20.18477
4902.12683426707  22.39546
4902.30038238637  19.51497
4902.47393050568  43.08879
4902.64747862498  19.80107
4902.82102674428  23.18482
4902.99457486359  -1.315003
4903.16812298289  13.09367
4903.3416711022  27.51974
4903.5152192215  -21.46391
4903.6887673408  11.79619
4903.86231546011  43.78327
4904.03586357941  38.36437
4904.20941169871  22.66829
4904.38295981802  36.54022
4904.55650793732  20.78991
4904.73005605663  58.4415
4904.90360417593  31.49349
4905.07715229523  37.54527
4905.25070041454  -2.374159
4905.42424853384  35.00159
4905.59779665314  1.848167
4905.77134477245  6.9925
4905.94489289175  19.57535
4906.11844101106  77.29134
4906.29198913036  -4.257162
4906.46553724966  27.68161
4906.63908536897  38.27039
4906.81263348827  0.8052279
4906.98618160757  26.61202
4907.15972972688  20.8412
4907.33327784618  16.20567
4907.50682596549  10.04872
4907.68037408479  11.01583
4907.8539222041  62.45702
4908.0274703234  30.75139
4908.2010184427  17.43093
4908.37456656201  34.78596
4908.54811468131  23.93823
4908.72166280061  22.79009
4908.89521091992  38.38023
4909.06875903922  27.93636
4909.24230715853  25.40736
4909.41585527783  12.81504
4909.58940339713  43.59304
4909.76295151644  21.94955
4909.93649963574  -8.717999
4910.11004775505  23.23684
4910.28359587435  20.91363
4910.45714399365  40.11609
4910.63069211296  41.86037
4910.80424023226  37.63572
4910.97778835156  -10.26858
4911.15133647087  -24.44579
4911.32488459017  23.73563
4911.49843270948  18.37858
4911.67198082878  14.70746
4911.84552894808  9.239191
4912.01907706739  -6.848385
4912.19262518669  14.99033
4912.366173306  21.96606
4912.5397214253  -11.39577
4912.7132695446  25.29852
4912.88681766391  22.11378
4913.06036578321  24.04947
4913.23391390251  9.941628
4913.40746202182  13.94944
4913.58101014112  23.04109
4913.75455826043  29.61967
4913.92810637973  15.99247
4914.10165449903  4.016366
4914.27520261834  24.79708
4914.44875073764  53.03957
4914.62229885694  40.0363
4914.79584697625  2.895214
4914.96939509555  32.32394
4915.14294321486  36.51171
4915.31649133416  6.609566
4915.49003945346  37.77858
4915.66358757277  -0.3596805
4915.83713569207  -9.649782
4916.01068381138  8.85511
4916.18423193068  24.62067
4916.35778004998  53.38985
4916.53132816929  19.04285
4916.70487628859  0.02479425
4916.8784244079  34.08438
4917.0519725272  29.0576
4917.2255206465  15.37795
4917.39906876581  18.79794
4917.57261688511  14.69708
4917.74616500441  48.02034
4917.91971312372  21.10342
4918.09326124302  -13.26559
4918.26680936233  -12.02975
4918.44035748163  10.37504
4918.61390560093  31.82108
4918.78745372024  39.63582
4918.96100183954  -7.188549
4919.13454995885  42.98064
4919.30809807815  7.632322
4919.48164619745  -16.88245
4919.65519431676  10.64788
4919.82874243606  3.290178
4920.00229055536  11.75096
4920.17583867467  18.33513
4920.34938679397  17.40684
4920.52293491328  -13.51408
4920.69648303258  8.69116
4920.87003115188  2.10498
4921.04357927119  59.06267
4921.21712739049  63.03659
4921.3906755098  13.11868
4921.5642236291  -25.17651
4921.7377717484  1.088671
4921.91131986771  30.45067
4922.08486798701  21.43284
4922.25841610631  5.96309
4922.43196422562  8.231319
4922.60551234492  1.340758
4922.77906046423  2.649484
4922.95260858353  -0.5557683
4923.12615670283  -7.73325
4923.29970482214  -16.92927
4923.47325294144  7.853142
4923.64680106075  -3.628425
4923.82034918005  24.78026
4923.99389729935  47.44315
4924.16744541866  37.69223
4924.34099353796  5.63176
4924.51454165726  9.60327
4924.68808977657  -7.274297
4924.86163789587  20.52243
4925.03518601518  45.06302
4925.20873413448  21.37095
4925.38228225378  34.08691
4925.55583037309  26.26937
4925.72937849239  -2.785363
4925.9029266117  22.9716
4926.076474731  42.90507
4926.2500228503  8.425759
4926.42357096961  39.83632
4926.59711908891  -24.60351
4926.77066720822  -9.276018
4926.94421532752  29.43745
4927.11776344682  -15.08081
4927.29131156613  35.62296
4927.46485968543  43.55779
4927.63840780473  13.01548
4927.81195592404  -7.063455
4927.98550404334  1.724622
4928.15905216265  21.59077
4928.33260028195  12.30845
4928.50614840125  3.193314
4928.67969652056  13.86958
4928.85324463986  57.2019
4929.02679275917  -14.06259
4929.20034087847  11.25991
4929.37388899777  11.4267
4929.54743711708  12.87296
4929.72098523638  30.15389
4929.89453335568  16.54629
4930.06808147499  25.52435
4930.24162959429  13.80066
4930.4151777136  -5.018497
4930.5887258329  35.28519
4930.7622739522  47.7363
4930.93582207151  37.49933
4931.10937019081  32.12185
4931.28291831012  -0.4335178
4931.45646642942  6.147277
4931.63001454872  -1.307223
4931.80356266803  9.229829
4931.97711078733  31.73837
4932.15065890663  9.503508
4932.32420702594  22.80078
4932.49775514524  33.90817
4932.67130326455  29.66499
4932.84485138385  -1.518362
4933.01839950315  -10.78305
4933.19194762246  16.1041
4933.36549574176  1.990478
4933.53904386106  22.68659
4933.71259198037  -7.673194
4933.88614009967  -42.65936
4934.05968821898  19.73335
4934.23323633828  14.96597
4934.40678445758  -20.05437
4934.58033257689  14.68933
4934.75388069619  33.03965
4934.9274288155  33.77146
4935.1009769348  40.56088
4935.2745250541  -4.551192
4935.44807317341  37.4879
4935.62162129271  1.645981
4935.79516941202  -45.22064
4935.96871753132  -27.34998
4936.14226565062  13.14659
4936.31581376993  6.346237
4936.48936188923  1.234259
4936.66291000853  -0.7173762
4936.83645812784  17.82277
4937.01000624714  -0.6680199
4937.18355436645  -11.75236
4937.35710248575  37.58636
4937.53065060505  19.61931
4937.70419872436  -9.886615
4937.87774684366  3.99159
4938.05129496297  25.01351
4938.22484308227  -24.35032
4938.39839120157  3.738865
4938.57193932088  3.385782
4938.74548744018  8.932707
4938.91903555948  8.513399
4939.09258367879  -20.86106
4939.26613179809  25.07835
4939.4396799174  23.24654
4939.6132280367  41.86013
4939.786776156  19.15791
4939.96032427531  15.76089
4940.13387239461  9.55014
4940.30742051392  39.12408
4940.48096863322  44.25606
4940.65451675252  16.72131
4940.82806487183  -5.358188
4941.00161299113  16.23036
4941.17516111043  38.50684
4941.34870922974  -4.038979
4941.52225734904  -5.113255
4941.69580546835  13.53283
4941.86935358765  -25.33774
4942.04290170695  -18.10101
4942.21644982626  -21.71367
4942.38999794556  -7.146867
4942.56354606487  -24.13499
4942.73709418417  -19.39103
4942.91064230347  -3.555941
4943.08419042278  -4.929997
4943.25773854208  7.161911
4943.43128666138  29.96776
4943.60483478069  13.02486
4943.77838289999  -19.98082
4943.95193101929  11.17974
4944.1254791386  -0.9854546
4944.2990272579  0.7141525
4944.47257537721  -19.93724
4944.64612349651  11.62985
4944.81967161582  31.82403
4944.99321973512  57.33202
4945.16676785442  15.56238
4945.34031597373  -14.45422
4945.51386409303  23.3072
4945.68741221234  3.264278
4945.86096033164  21.44594
