4768.3212342838  1.104949
4768.4947824031  3.732865
4768.66833052241  -12.07735
4768.84187864171  7.718141
4769.01542676101  8.446692
4769.18897488032  -2.371774
4769.36252299962  -4.222824
4769.53607111893  -6.49348
4769.70961923823  -6.493464
4769.88316735753  -1.940938
4770.05671547684  -1.964521
4770.23026359614  6.159833
4770.40381171545  29.99404
4770.57735983475  17.75216
4770.75090795405  10.68893
4770.92445607336  -0.5122738
4771.09800419266  4.514992
4771.27155231197  0.4694498
4771.44510043127  3.478361
4771.61864855057  2.661132
4771.79219666988  0.3270315
4771.96574478918  -0.8413433
4772.13929290848  0.6890861
4772.31284102779  2.999624
4772.48638914709  -15.66393
4772.6599372664  -11.22219
4772.8334853857  19.62775
4773.007033505  -7.650399
4773.18058162431  0.7734315
4773.35412974361  -2.970951
4773.52767786291  3.362582
4773.70122598222  -8.894736
4773.87477410152  3.27867
4774.04832222083  2.639049
4774.22187034013  -15.34377
4774.39541845943  -15.25671
4774.56896657874  2.969433
4774.74251469804  10.31341
4774.91606281735  -14.09082
4775.08961093665  -0.1611146
4775.26315905595  5.527992
4775.43670717526  18.20554
4775.61025529456  12.03628
4775.78380341386  3.628369
4775.95735153317  -11.50508
4776.13089965247  5.631736
4776.30444777178  13.30642
4776.47799589108  0.04145146
4776.65154401038  8.311234
4776.82509212969  23.56423
4776.99864024899  11.27186
4777.1721883683  -4.597331
4777.3457364876  -1.928487
4777.5192846069  -3.375275
4777.69283272621  0.2237349
4777.86638084551  7.749932
4778.03992896481  0.4348787
4778.21347708412  -3.330134
4778.38702520342  -10.18102
4778.56057332273  10.8159
4778.73412144203  2.349588
4778.90766956133  10.60176
4779.08121768064  22.00216
4779.25476579994  -8.985996
4779.42831391925  -13.49646
4779.60186203855  15.11774
4779.77541015785  19.73077
4779.94895827716  13.77037
4780.12250639646  2.685174
4780.29605451577  -0.7458546
4780.46960263507  8.351654
4780.64315075437  15.04124
4780.81669887368  -1.071116
4780.99024699298  0.7519513
4781.16379511228  12.28436
4781.33734323159  -6.477441
4781.51089135089  -8.977689
4781.6844394702  27.40433
4781.8579875895  27.40287
4782.0315357088  -1.574373
4782.20508382811  3.130569
4782.37863194741  7.541824
4782.55218006672  17.79222
4782.72572818602  26.6928
4782.89927630532  23.71749
4783.07282442463  0.3677028
4783.24637254393  16.83574
4783.41992066323  11.18451
4783.59346878254  -2.97768
4783.76701690184  3.330944
4783.94056502115  -6.92612
4784.11411314045  -10.81883
4784.28766125975  5.684271
4784.46120937906  8.142398
4784.63475749836  9.471325
4784.80830561767  15.27929
4784.98185373697  12.85282
4785.15540185627  16.34912
4785.32894997558  -18.83518
4785.50249809488  -16.14202
4785.67604621419  11.03808
4785.84959433349  -4.953503
4786.02314245279  18.13527
4786.1966905721  37.38648
4786.3702386914  18.05264
4786.5437868107  3.717072
4786.71733493001  5.727185
4786.89088304931  -5.229701
4787.06443116862  -2.434562
4787.23797928792  5.086536
4787.41152740722  -6.247108
4787.58507552653  -2.31813
4787.75862364583  -15.61472
4787.93217176513  15.68533
4788.10571988444  -8.058362
4788.27926800374  -13.1662
4788.45281612305  -1.196368
4788.62636424235  21.23096
4788.79991236165  8.842739
4788.97346048096  2.836586
4789.14700860026  4.601533
4789.32055671957  10.89568
4789.49410483887  26.63503
4789.66765295817  5.343416
4789.84120107748  -13.96656
4790.01474919678  4.872519
4790.18829731608  -1.964729
4790.36184543539  -12.19497
4790.53539355469  -7.688216
4790.708941674  23.93818
4790.8824897933  12.08753
4791.0560379126  9.954029
4791.22958603191  19.74422
4791.40313415121  10.57774
4791.57668227051  17.96665
4791.75023038982  12.67824
4791.92377850912  12.30214
4792.09732662843  23.93009
4792.27087474773  4.953616
4792.44442286703  -0.2235419
4792.61797098634  13.27926
4792.79151910564  3.811238
4792.96506722495  7.66822
4793.13861534425  13.89815
4793.31216346355  0.1103114
4793.48571158286  -14.96268
4793.65925970216  7.375445
4793.83280782146  -3.5231
4794.00635594077  -12.09715
4794.17990406007  -3.025809
4794.35345217938  -0.8391029
4794.52700029868  1.745243
4794.70054841798  5.960114
4794.87409653729  5.021839
4795.04764465659  16.20893
4795.2211927759  30.60401
4795.3947408952  6.799773
4795.5682890145  -4.518296
4795.74183713381  14.12523
4795.91538525311  9.253068
4796.08893337241  9.407529
4796.26248149172  -5.936022
4796.43602961102  8.712113
4796.60957773033  11.48653
4796.78312584963  17.55533
4796.95667396894  4.018298
4797.13022208824  16.12494
4797.30377020754  20.92663
4797.47731832685  19.19921
4797.65086644615  30.89925
4797.82441456545  16.44072
4797.99796268476  11.50911
4798.17151080406  10.20359
4798.34505892337  -5.789728
4798.51860704267  -4.607477
4798.69215516197  5.939598
4798.86570328128  17.89246
4799.03925140058  29.10031
4799.21279951989  16.93353
4799.38634763919  14.04358
4799.55989575849  16.49226
4799.7334438778  2.033977
4799.9069919971  -8.323334
4800.0805401164  -1.618306
4800.25408823571  8.264818
4800.42763635501  6.484978
4800.60118447432  -6.030943
4800.77473259362  -0.2112323
4800.94828071292  -4.327937
4801.12182883223  -0.6947588
4801.29537695153  6.690708
4801.46892507083  4.468141
4801.64247319014  10.96093
4801.81602130944  15.54509
4801.98956942875  10.85372
4802.16311754805  13.74873
4802.33666566735  18.56367
4802.51021378666  7.192927
4802.68376190596  -4.469539
4802.85731002527  14.18931
4803.03085814457  13.08149
4803.20440626387  3.319152
4803.37795438318  9.563256
4803.55150250248  -2.005698
4803.72505062178  -8.212409
4803.89859874109  27.79799
4804.07214686039  28.80865
4804.2456949797  -4.270136
4804.419243099  3.377479
4804.5927912183  15.37878
4804.76633933761  2.683476
4804.93988745691  2.549536
4805.11343557622  16.0808
4805.28698369552  20.39437
4805.46053181482  8.236665
4805.63407993413  -1.526341
4805.80762805343  2.130851
4805.98117617273  -7.165545
4806.15472429204  -9.755611
4806.32827241134  15.31195
4806.50182053065  4.213916
4806.67536864995  2.386064
4806.84891676925  6.14281
4807.02246488856  0.4733395
4807.19601300786  -0.8508261
4807.36956112717  16.01471
4807.54310924647  9.469572
4807.71665736577  -4.457233
4807.89020548508  -1.065281
4808.06375360438  14.94039
4808.23730172369  14.06751
4808.41084984299  -0.7469473
4808.58439796229  -11.00729
4808.7579460816  -2.183898
4808.9314942009  23.77477
4809.1050423202  20.56751
4809.27859043951  2.4847
4809.45213855881  -13.37785
4809.62568667812  0.3095214
4809.79923479742  11.46013
4809.97278291672  26.41526
4810.14633103603  14.11968
4810.31987915533  14.01468
4810.49342727463  -15.10275
4810.66697539394  -10.83106
4810.84052351324  13.85061
4811.01407163255  0.1363191
4811.18761975185  3.444909
4811.36116787115  10.36413
4811.53471599046  15.14343
4811.70826410976  17.17316
4811.88181222907  6.437515
4812.05536034837  3.456934
4812.22890846767  4.294452
4812.40245658698  -15.71154
4812.57600470628  -18.85656
4812.74955282558  13.0462
4812.92310094489  19.92052
4813.09664906419  11.08225
4813.2701971835  -1.796093
4813.4437453028  5.710093
4813.6172934221  13.52876
4813.79084154141  22.80236
4813.96438966071  16.06823
4814.13793778002  9.163984
4814.31148589932  0.8992054
4814.48503401862  3.972073
4814.65858213793  -4.568611
4814.83213025723  0.4415797
4815.00567837653  20.00968
4815.17922649584  -1.949943
4815.35277461514  -6.135566
4815.52632273445  11.60341
4815.69987085375  6.699639
4815.87341897305  3.973306
4816.04696709236  10.81115
4816.22051521166  16.34389
4816.39406333097  22.87333
4816.56761145027  25.19958
4816.74115956957  16.72442
4816.91470768888  -4.653077
4817.08825580818  1.832145
4817.26180392749  25.91758
4817.43535204679  7.202805
4817.60890016609  -2.419083
4817.7824482854  -1.97053
4817.9559964047  2.253804
4818.12954452401  21.82477
4818.30309264331  10.26307
4818.47664076261  10.52951
4818.65018888192  12.598
4818.82373700122  12.24266
4818.99728512052  25.15505
4819.17083323983  25.11116
4819.34438135913  -2.635363
4819.51792947844  0.1292577
4819.69147759774  9.803664
4819.86502571704  -3.402771
4820.03857383635  4.455245
4820.21212195565  -6.922486
4820.38567007495  -5.862853
4820.55921819426  16.73958
4820.73276631356  -2.501599
4820.90631443287  -10.83458
4821.07986255217  3.039382
4821.25341067147  28.45089
4821.42695879078  17.53219
4821.60050691008  -9.178256
4821.77405502939  24.95253
4821.94760314869  11.0995
4822.12115126799  16.94998
4822.2946993873  -1.614453
4822.4682475066  22.20903
4822.6417956259  14.33915
4822.81534374521  7.934899
4822.98889186451  8.309606
4823.16243998382  2.591388
4823.33598810312  -13.40793
4823.50953622242  23.25268
4823.68308434173  18.25573
4823.85663246103  -0.8814161
4824.03018058034  18.17357
4824.20372869964  9.522135
4824.37727681894  3.440633
4824.55082493825  12.77533
4824.72437305755  21.73017
4824.89792117685  13.99813
4825.07146929616  7.841145
4825.24501741546  7.781617
4825.41856553477  15.78933
4825.59211365407  20.70497
4825.76566177337  -1.734753
4825.93920989268  6.182393
4826.11275801198  12.78564
4826.28630613129  -0.1655547
4826.45985425059  4.145866
4826.63340236989  21.18237
4826.8069504892  32.02251
4826.9804986085  12.19413
4827.1540467278  1.032266
4827.32759484711  22.85711
4827.50114296641  11.78428
4827.67469108572  16.64566
4827.84823920502  18.60261
4828.02178732432  9.716556
4828.19533544363  25.73801
4828.36888356293  10.10491
4828.54243168224  31.69341
4828.71597980154  14.00137
4828.88952792084  18.1876
4829.06307604015  3.795125
4829.23662415945  14.941
4829.41017227875  25.68492
4829.58372039806  4.231519
4829.75726851736  7.338179
4829.93081663667  3.491687
4830.10436475597  5.486989
4830.27791287527  9.873899
4830.45146099458  6.065005
4830.62500911388  7.39084
4830.79855723319  13.65716
4830.97210535249  9.469346
4831.14565347179  -10.10977
4831.3192015911  -4.049709
4831.4927497104  13.73416
4831.6662978297  24.74582
4831.83984594901  28.93287
4832.01339406831  29.71084
4832.18694218762  14.37859
4832.36049030692  19.03818
4832.53403842622  18.99637
4832.70758654553  17.96451
4832.88113466483  18.9068
4833.05468278414  15.34303
4833.22823090344  -1.736638
4833.40177902274  2.757299
4833.57532714205  2.696328
4833.74887526135  -16.03672
4833.92242338066  -4.273097
4834.09597149996  24.65583
4834.26951961926  13.77929
4834.44306773857  12.07628
4834.61661585787  -4.89788
4834.79016397717  16.85728
4834.96371209648  12.4968
4835.13726021578  13.93276
4835.31080833509  4.920076
4835.48435645439  20.15691
4835.65790457369  17.33476
4835.831452693  9.180244
4836.0050008123  6.611284
4836.17854893161  -3.781567
4836.35209705091  17.09348
4836.52564517021  15.5274
4836.69919328952  9.800704
4836.87274140882  28.68288
4837.04628952812  23.17867
4837.21983764743  23.5258
4837.39338576673  28.98392
4837.56693388604  18.07603
4837.74048200534  10.25952
4837.91403012464  6.086022
4838.08757824395  23.62809
4838.26112636325  27.17344
4838.43467448255  6.361112
4838.60822260186  9.367958
4838.78177072116  9.573812
4838.95531884047  14.826
4839.12886695977  3.503747
4839.30241507907  -2.008728
4839.47596319838  1.968752
4839.64951131768  9.411337
4839.82305943699  25.79443
4839.99660755629  10.44756
4840.17015567559  -3.479841
4840.3437037949  6.306077
4840.5172519142  17.18448
4840.6908000335  5.412117
4840.86434815281  8.306374
4841.03789627211  -4.743121
4841.21144439142  11.88733
4841.38499251072  17.3818
4841.55854063002  12.8959
4841.73208874933  8.511773
4841.90563686863  10.04992
4842.07918498794  23.58871
4842.25273310724  17.27068
4842.42628122654  16.94935
4842.59982934585  31.3669
4842.77337746515  11.24021
4842.94692558445  12.00155
4843.12047370376  2.532075
4843.29402182306  -0.599029
4843.46756994237  26.16729
4843.64111806167  11.61344
4843.81466618097  10.58153
4843.98821430028  13.2617
4844.16176241958  6.347625
4844.33531053889  18.22584
4844.50885865819  15.34501
4844.68240677749  9.617832
4844.8559548968  18.33547
4845.0295030161  -5.373217
4845.2030511354  6.151263
4845.37659925471  37.73801
4845.55014737401  13.91192
4845.72369549332  1.261393
4845.89724361262  3.986405
4846.07079173192  7.306595
4846.24433985123  27.40422
4846.41788797053  16.0424
4846.59143608984  11.85987
4846.76498420914  24.65305
4846.93853232844  20.16935
4847.11208044775  29.28545
4847.28562856705  13.73212
4847.45917668636  5.220641
4847.63272480566  16.92741
4847.80627292496  15.49132
4847.97982104427  24.48923
4848.15336916357  17.03441
4848.32691728287  8.445156
4848.50046540218  18.46415
4848.67401352148  18.37428
4848.84756164079  -1.171857
4849.02110976009  13.1499
4849.19465787939  12.3627
4849.3682059987  1.2059
4849.541754118  24.67483
4849.71530223731  36.72079
4849.88885035661  46.48086
4850.06239847591  34.56417
4850.23594659522  19.31623
4850.40949471452  15.62844
4850.58304283382  19.27619
4850.75659095313  28.05118
4850.93013907243  29.8672
4851.10368719174  16.73368
4851.27723531104  42.11004
4851.45078343034  28.91687
4851.62433154965  25.10443
4851.79787966895  47.14796
4851.97142778826  50.44742
4852.14497590756  37.79751
4852.31852402686  22.61495
4852.49207214617  24.34477
4852.66562026547  18.78339
4852.83916838477  7.432665
4853.01271650408  5.207173
4853.18626462338  21.47284
4853.35981274269  -1.653029
4853.53336086199  17.53208
4853.70690898129  28.26841
4853.8804571006  32.30816
4854.0540052199  22.26052
4854.22755333921  33.2769
4854.40110145851  29.04258
4854.57464957781  -3.331333
4854.74819769712  25.4769
4854.92174581642  34.11304
4855.09529393573  20.89868
4855.26884205503  20.9719
4855.44239017433  27.87991
4855.61593829364  22.38259
4855.78948641294  3.895875
4855.96303453224  17.27169
4856.13658265155  30.16472
4856.31013077085  13.41008
4856.48367889016  12.77765
4856.65722700946  38.55029
4856.83077512876  30.01591
4857.00432324807  28.99553
4857.17787136737  10.57583
4857.35141948667  20.91507
4857.52496760598  17.24565
4857.69851572528  30.27253
4857.87206384459  24.07098
4858.04561196389  23.1828
4858.21916008319  -3.809116
4858.3927082025  18.2435
4858.5662563218  8.521976
4858.73980444111  22.50252
4858.91335256041  24.45877
4859.08690067971  16.53387
4859.26044879902  27.97337
4859.43399691832  8.550721
4859.60754503762  11.25795
4859.78109315693  22.81862
4859.95464127623  5.723332
4860.12818939554  17.62695
4860.30173751484  22.28506
4860.47528563414  33.73842
4860.64883375345  16.93664
4860.82238187275  23.37828
4860.99592999206  24.20353
4861.16947811136  21.92429
4861.34302623066  20.64494
4861.51657434997  6.889709
4861.69012246927  18.94336
4861.86367058857  31.49842
4862.03721870788  8.121251
4862.21076682718  6.197559
4862.38431494649  30.07679
4862.55786306579  24.67526
4862.73141118509  29.89844
4862.9049593044  12.27602
4863.0785074237  5.218051
4863.25205554301  25.5581
4863.42560366231  22.83473
4863.59915178161  28.66634
4863.77269990092  28.39205
4863.94624802022  30.44323
4864.11979613952  14.00426
4864.29334425883  -3.619652
4864.46689237813  24.63895
4864.64044049744  21.33134
4864.81398861674  14.95532
4864.98753673604  21.97543
4865.16108485535  25.20299
4865.33463297465  3.963314
4865.50818109396  14.07492
4865.68172921326  18.99008
4865.85527733256  5.890071
4866.02882545187  33.38685
4866.20237357117  14.59284
4866.37592169047  14.73124
4866.54946980978  31.02559
4866.72301792908  8.496565
4866.89656604839  0.6271538
4867.07011416769  2.026416
4867.24366228699  14.61464
4867.4172104063  24.15201
4867.5907585256  -1.889623
4867.7643066449  -18.2237
4867.93785476421  -1.638995
4868.11140288351  6.978755
4868.28495100282  31.2849
4868.45849912212  35.80779
4868.63204724142  15.86237
4868.80559536073  10.06154
4868.97914348003  32.75358
4869.15269159934  -1.276223
4869.32623971864  -3.882011
4869.49978783794  24.09342
4869.67333595725  13.0983
4869.84688407655  29.11548
4870.02043219586  21.31935
4870.19398031516  18.35221
4870.36752843446  19.40432
4870.54107655377  33.96838
4870.71462467307  26.57695
4870.88817279237  13.47751
4871.06172091168  21.73593
4871.23526903098  37.54278
4871.40881715029  18.91194
4871.58236526959  1.41582
4871.75591338889  19.20499
4871.9294615082  3.719954
4872.1030096275  15.39972
4872.27655774681  10.37551
4872.45010586611  24.25337
4872.62365398541  18.04367
4872.79720210472  6.685381
4872.97075022402  22.87883
4873.14429834332  9.315414
4873.31784646263  2.761379
4873.49139458193  13.44204
4873.66494270124  26.6433
4873.83849082054  12.53966
4874.01203893984  32.32911
4874.18558705915  25.59704
4874.35913517845  -2.129108
4874.53268329776  14.28258
4874.70623141706  14.86951
4874.87977953636  2.65048
4875.05332765567  19.34833
4875.22687577497  13.26676
4875.40042389427  10.49836
4875.57397201358  10.8343
4875.74752013288  1.270785
4875.92106825219  0.4345326
4876.09461637149  10.41346
4876.26816449079  13.24094
4876.4417126101  16.92463
4876.6152607294  33.68736
4876.78880884871  12.33649
4876.96235696801  15.60215
4877.13590508731  24.36941
4877.30945320662  32.76734
4877.48300132592  23.19314
4877.65654944523  16.47735
4877.83009756453  17.52149
4878.00364568383  23.70919
4878.17719380314  2.536842
4878.35074192244  6.064801
4878.52429004174  15.89133
4878.69783816105  7.901364
4878.87138628035  16.22448
4879.04493439966  8.154455
4879.21848251896  14.04601
4879.39203063826  4.364889
4879.56557875757  0.7520151
4879.73912687687  6.529455
4879.91267499618  14.20549
4880.08622311548  24.56522
4880.25977123478  19.31117
4880.43331935409  22.91831
4880.60686747339  19.071
4880.78041559269  -1.31878
4880.953963712  3.457201
4881.1275118313  2.032234
4881.30105995061  19.34584
4881.47460806991  3.72338
4881.64815618921  7.375448
4881.82170430852  21.96789
4881.99525242782  21.96802
4882.16880054713  11.54633
4882.34234866643  13.3525
4882.51589678573  9.026232
4882.68944490504  12.78134
4882.86299302434  9.601633
4883.03654114364  9.024669
4883.21008926295  0.8436818
4883.38363738225  10.87104
4883.55718550156  18.74151
4883.73073362086  31.47503
4883.90428174016  5.715273
4884.07782985947  22.10861
4884.25137797877  18.52412
4884.42492609808  18.63157
4884.59847421738  7.108276
4884.77202233668  24.90248
4884.94557045599  10.67061
4885.11911857529  -6.058069
4885.29266669459  29.69678
4885.4662148139  6.504326
4885.6397629332  5.458896
4885.81331105251  19.59904
4885.98685917181  24.50024
4886.16040729111  -0.1665094
4886.33395541042  -18.89799
4886.50750352972  -4.590181
4886.68105164902  -2.574843
4886.85459976833  6.224585
4887.02814788763  16.15593
4887.20169600694  31.14705
4887.37524412624  17.10363
4887.54879224554  -5.615628
4887.72234036485  11.88773
4887.89588848415  9.739938
4888.06943660346  24.27533
4888.24298472276  17.90944
4888.41653284206  -0.4959542
4888.59008096137  32.24611
4888.76362908067  23.03948
4888.93717719998  15.3477
4889.11072531928  24.22814
4889.28427343858  13.57936
4889.45782155789  17.08953
4889.63136967719  13.01649
4889.80491779649  9.928103
4889.9784659158  16.30628
4890.1520140351  40.2823
4890.32556215441  12.88673
4890.49911027371  23.00658
4890.67265839301  15.12727
4890.84620651232  3.771795
4891.01975463162  19.35387
4891.19330275093  15.68047
4891.36685087023  10.60788
4891.54039898953  7.60774
4891.71394710884  13.00105
4891.88749522814  14.14351
4892.06104334744  6.306155
4892.23459146675  5.632474
4892.40813958605  21.62238
4892.58168770536  15.14662
4892.75523582466  9.173264
4892.92878394396  7.474603
4893.10233206327  9.709539
4893.27588018257  -7.714287
4893.44942830188  12.99928
4893.62297642118  22.71173
4893.79652454048  4.952737
4893.97007265979  15.16215
4894.14362077909  33.87284
4894.31716889839  9.066401
4894.4907170177  8.068564
4894.664265137  12.04381
4894.83781325631  4.477218
4895.01136137561  24.98882
4895.18490949491  11.2452
4895.35845761422  11.17302
4895.53200573352  19.1115
4895.70555385283  15.82376
4895.87910197213  9.858933
4896.05265009143  11.61877
4896.22619821074  -9.54487
4896.39974633004  -21.37368
4896.57329444935  15.16441
4896.74684256865  17.48214
4896.92039068795  16.63654
4897.09393880726  21.30729
4897.26748692656  14.13436
4897.44103504586  14.24382
4897.61458316517  6.67367
4897.78813128447  14.08161
4897.96167940378  19.96529
4898.13522752308  16.31239
4898.30877564238  1.810197
4898.48232376169  3.446739
4898.65587188099  5.172232
4898.8294200003  13.06539
4899.0029681196  4.308123
4899.1765162389  -5.420314
4899.35006435821  -14.78063
4899.52361247751  5.366315
4899.69716059681  27.35796
4899.87070871612  18.06202
4900.04425683542  -0.8487784
4900.21780495473  6.897438
4900.39135307403  13.27239
4900.56490119333  15.30787
4900.73844931264  5.045275
4900.91199743194  1.969383
4901.08554555124  10.64657
4901.25909367055  4.214973
4901.43264178985  8.219355
4901.60618990916  14.86782
4901.77973802846  12.34402
4901.95328614776  12.71634
4902.12683426707  3.574291
4902.30038238637  23.15785
4902.47393050568  24.0651
4902.64747862498  16.57382
4902.82102674428  9.514529
4902.99457486359  0.2456959
4903.16812298289  -1.310696
4903.3416711022  17.17773
4903.5152192215  8.54041
4903.6887673408  14.4964
4903.86231546011  13.48717
4904.03586357941  -2.68053
4904.20941169871  5.424123
4904.38295981802  5.73776
4904.55650793732  6.216336
4904.73005605663  -2.928728
4904.90360417593  -0.3400045
4905.07715229523  17.25636
4905.25070041454  22.25799
4905.42424853384  30.6936
4905.59779665314  20.36377
4905.77134477245  10.96779
4905.94489289175  13.00465
4906.11844101106  14.75705
4906.29198913036  25.54866
4906.46553724966  28.69249
4906.63908536897  15.53124
4906.81263348827  7.851636
4906.98618160757  5.139615
4907.15972972688  12.41609
4907.33327784618  6.510953
4907.50682596549  10.1092
4907.68037408479  27.51783
4907.8539222041  31.25183
4908.0274703234  24.79965
4908.2010184427  10.80116
4908.37456656201  19.32669
4908.54811468131  19.37242
4908.72166280061  19.2188
4908.89521091992  9.527297
4909.06875903922  18.51989
4909.24230715853  3.719344
4909.41585527783  13.66749
4909.58940339713  9.020457
4909.76295151644  16.45881
4909.93649963574  13.70382
4910.11004775505  8.506378
4910.28359587435  4.996462
4910.45714399365  13.43077
4910.63069211296  17.39721
4910.80424023226  5.813882
4910.97778835156  18.80756
4911.15133647087  14.95902
4911.32488459017  13.59458
4911.49843270948  15.21422
4911.67198082878  -4.117955
4911.84552894808  11.11167
4912.01907706739  30.3385
4912.19262518669  12.58909
4912.366173306  14.78435
4912.5397214253  13.59678
4912.7132695446  -14.77463
4912.88681766391  13.34182
4913.06036578321  4.563107
4913.23391390251  27.2261
4913.40746202182  35.17076
4913.58101014112  10.05369
4913.75455826043  14.58794
4913.92810637973  4.42811
4914.10165449903  -20.723
4914.27520261834  11.58054
4914.44875073764  18.76688
4914.62229885694  24.96514
4914.79584697625  33.93461
4914.96939509555  16.63818
4915.14294321486  1.913039
4915.31649133416  8.522835
4915.49003945346  31.86402
4915.66358757277  8.862802
4915.83713569207  -6.580203
4916.01068381138  9.839736
4916.18423193068  18.9912
4916.35778004998  6.166849
4916.53132816929  19.54397
4916.70487628859  15.12665
4916.8784244079  -5.829459
4917.0519725272  9.687216
4917.2255206465  4.819439
4917.39906876581  6.65707
4917.57261688511  8.19597
4917.74616500441  10.19187
4917.91971312372  -5.030072
4918.09326124302  4.643438
4918.26680936233  22.82383
4918.44035748163  3.397542
4918.61390560093  1.096068
4918.78745372024  0.3483238
4918.96100183954  -1.367412
4919.13454995885  8.985683
4919.30809807815  -4.67017
4919.48164619745  4.701363
4919.65519431676  8.358708
4919.82874243606  17.16614
4920.00229055536  10.10688
4920.17583867467  11.65639
4920.34938679397  6.519309
4920.52293491328  -2.458018
4920.69648303258  10.65416
4920.87003115188  18.42347
4921.04357927119  13.27846
4921.21712739049  9.973975
4921.3906755098  9.100404
4921.5642236291  5.412256
4921.7377717484  2.107848
4921.91131986771  14.83396
4922.08486798701  4.11573
4922.25841610631  11.69399
4922.43196422562  27.20098
4922.60551234492  15.93155
4922.77906046423  8.816968
4922.95260858353  -1.575034
4923.12615670283  -4.467515
4923.29970482214  -4.953155
4923.47325294144  7.86427
4923.64680106075  13.76988
4923.82034918005  7.827518
4923.99389729935  17.68349
4924.16744541866  7.384811
4924.34099353796  3.180108
4924.51454165726  7.558384
4924.68808977657  7.859876
4924.86163789587  -4.093162
4925.03518601518  22.30064
4925.20873413448  31.60733
4925.38228225378  30.41482
4925.55583037309  22.81644
4925.72937849239  -6.188078
4925.9029266117  8.535474
4926.076474731  4.967403
4926.2500228503  9.836145
4926.42357096961  7.344318
4926.59711908891  -3.8293
4926.77066720822  -1.697002
4926.94421532752  19.81332
4927.11776344682  4.50466
4927.29131156613  8.252789
4927.46485968543  -0.861647
4927.63840780473  2.049202
4927.81195592404  5.601182
4927.98550404334  1.20342
4928.15905216265  7.993716
4928.33260028195  0.7374603
4928.50614840125  -1.584336
4928.67969652056  8.328854
4928.85324463986  7.805948
4929.02679275917  32.18657
4929.20034087847  33.74557
4929.37388899777  11.59739
4929.54743711708  -8.217985
4929.72098523638  3.909802
4929.89453335568  -1.826605
4930.06808147499  5.858486
4930.24162959429  8.255451
4930.4151777136  7.921371
4930.5887258329  -6.147137
4930.7622739522  -8.047709
4930.93582207151  3.913684
4931.10937019081  20.79845
4931.28291831012  8.33154
4931.45646642942  2.811399
4931.63001454872  -10.01417
4931.80356266803  1.709828
4931.97711078733  10.47817
4932.15065890663  9.572906
4932.32420702594  -14.29425
4932.49775514524  -2.645123
4932.67130326455  27.15291
4932.84485138385  0.2564504
4933.01839950315  -4.215301
4933.19194762246  29.71182
4933.36549574176  11.26298
4933.53904386106  23.86443
4933.71259198037  29.30007
4933.88614009967  4.675705
4934.05968821898  1.79751
4934.23323633828  4.188766
4934.40678445758  2.251579
4934.58033257689  6.461859
4934.75388069619  19.82807
4934.9274288155  8.576825
4935.1009769348  -7.734483
4935.2745250541  -12.88912
4935.44807317341  5.269272
4935.62162129271  1.759234
4935.79516941202  2.696998
4935.96871753132  12.83788
4936.14226565062  8.664701
4936.31581376993  -2.162706
4936.48936188923  -9.118741
4936.66291000853  7.565555
4936.83645812784  -1.459883
4937.01000624714  0.1821443
4937.18355436645  -0.05413048
4937.35710248575  4.666252
4937.53065060505  -14.4825
4937.70419872436  6.773618
4937.87774684366  -2.184685
4938.05129496297  -13.8045
4938.22484308227  17.8559
4938.39839120157  -3.180878
4938.57193932088  -4.978903
4938.74548744018  -15.89534
4938.91903555948  5.257029
4939.09258367879  12.99279
4939.26613179809  -3.703943
4939.4396799174  2.320002
4939.6132280367  4.174477
4939.786776156  3.585763
4939.96032427531  3.113663
4940.13387239461  -7.111484
4940.30742051392  8.09636
4940.48096863322  9.481059
4940.65451675252  12.57826
4940.82806487183  7.556339
4941.00161299113  14.40145
4941.17516111043  17.28338
4941.34870922974  17.38726
4941.52225734904  -4.081545
4941.69580546835  -7.992821
4941.86935358765  -2.553328
4942.04290170695  1.34018
4942.21644982626  4.14479
4942.38999794556  8.471832
4942.56354606487  4.090797
4942.73709418417  9.09169
4942.91064230347  14.2942
4943.08419042278  11.82644
4943.25773854208  1.63043
4943.43128666138  6.406288
4943.60483478069  13.40091
4943.77838289999  24.74629
4943.95193101929  16.436
4944.1254791386  1.679165
4944.2990272579  -0.1513039
4944.47257537721  8.732293
4944.64612349651  20.58403
4944.81967161582  18.84174
4944.99321973512  18.0849
4945.16676785442  24.28811
4945.34031597373  -6.905337
4945.51386409303  -1.574059
4945.68741221234  9.098081
4945.86096033164  -8.10512
