4768.3212342838  1.503055
4768.4947824031  36.94535
4768.66833052241  22.99437
4768.84187864171  -0.357998
4769.01542676101  -2.091764
4769.18897488032  -2.905627
4769.36252299962  6.562728
4769.53607111893  -1.509589
4769.70961923823  -11.68328
4769.88316735753  11.683
4770.05671547684  -3.826695
4770.23026359614  -25.25216
4770.40381171545  34.15285
4770.57735983475  -4.889319
4770.75090795405  -0.6865394
4770.92445607336  20.7246
4771.09800419266  39.16978
4771.27155231197  30.47617
4771.44510043127  3.33722
4771.61864855057  -6.562086
4771.79219666988  11.71274
4771.96574478918  17.77686
4772.13929290848  -7.900082
4772.31284102779  -13.20538
4772.48638914709  11.46746
4772.6599372664  13.7844
4772.8334853857  -4.408981
4773.007033505  -55.38966
4773.18058162431  0.9656638
4773.35412974361  7.368765
4773.52767786291  10.01153
4773.70122598222  22.49515
4773.87477410152  19.96494
4774.04832222083  15.15211
4774.22187034013  18.53241
4774.39541845943  5.886538
4774.56896657874  12.08643
4774.74251469804  31.79453
4774.91606281735  -5.554076
4775.08961093665  -12.23276
4775.26315905595  -14.10208
4775.43670717526  -8.511991
4775.61025529456  -11.69706
4775.78380341386  -21.34407
4775.95735153317  -28.58854
4776.13089965247  3.886014
4776.30444777178  10.95979
4776.47799589108  -16.18399
4776.65154401038  -7.683261
4776.82509212969  18.31964
4776.99864024899  -3.221178
4777.1721883683  -24.36234
4777.3457364876  3.55811
4777.5192846069  -4.779839
4777.69283272621  -27.38432
4777.86638084551  -8.477386
4778.03992896481  8.41119
4778.21347708412  15.43672
4778.38702520342  -5.01583
4778.56057332273  -12.59515
4778.73412144203  -15.15009
4778.90766956133  3.420974
4779.08121768064  15.39627
4779.25476579994  -4.914124
4779.42831391925  -2.821975
4779.60186203855  2.464298
4779.77541015785  -17.62699
4779.94895827716  11.56217
4780.12250639646  10.37904
4780.29605451577  -29.66861
4780.46960263507  5.979695
4780.64315075437  31.73093
4780.81669887368  -5.637345
4780.99024699298  -11.9723
4781.16379511228  5.230638
4781.33734323159  30.64148
4781.51089135089  28.03305
4781.6844394702  24.49631
4781.8579875895  45.53959
4782.0315357088  43.99943
4782.20508382811  25.47123
4782.37863194741  11.11161
4782.55218006672  7.18555
4782.72572818602  3.481073
4782.89927630532  6.788015
4783.07282442463  29.46734
4783.24637254393  28.82645
4783.41992066323  7.78766
4783.59346878254  -1.467086
4783.76701690184  -3.518457
4783.94056502115  0.267841
4784.11411314045  -0.6687402
4784.28766125975  -10.27765
4784.46120937906  5.887035
4784.63475749836  11.44047
4784.80830561767  -0.1388336
4784.98185373697  26.99992
4785.15540185627  -7.988431
4785.32894997558  5.736166
4785.50249809488  7.582108
4785.67604621419  -20.89899
4785.84959433349  6.18327
4786.02314245279  -0.09959935
4786.1966905721  -12.43375
4786.3702386914  -15.90349
4786.5437868107  15.76731
4786.71733493001  -11.44761
4786.89088304931  -6.518214
4787.06443116862  40.49659
4787.23797928792  25.63186
4787.41152740722  37.32149
4787.58507552653  28.68001
4787.75862364583  19.11681
4787.93217176513  33.32214
4788.10571988444  8.818331
4788.27926800374  13.50544
4788.45281612305  21.44848
4788.62636424235  21.31876
4788.79991236165  -18.97605
4788.97346048096  -58.35973
4789.14700860026  -26.92748
4789.32055671957  -14.23491
4789.49410483887  -0.371999
4789.66765295817  11.27604
4789.84120107748  4.257797
4790.01474919678  1.693732
4790.18829731608  -19.27736
4790.36184543539  8.815368
4790.53539355469  13.33514
4790.708941674  10.99172
4790.8824897933  13.78708
4791.0560379126  -8.48511
4791.22958603191  -16.69254
4791.40313415121  8.948037
4791.57668227051  23.16717
4791.75023038982  -18.86695
4791.92377850912  -14.24067
4792.09732662843  -0.3255878
4792.27087474773  18.52775
4792.44442286703  9.232813
4792.61797098634  -18.55764
4792.79151910564  13.28696
4792.96506722495  20.36279
4793.13861534425  3.19579
4793.31216346355  17.33201
4793.48571158286  11.47632
4793.65925970216  28.29969
4793.83280782146  -24.1225
4794.00635594077  5.710227
4794.17990406007  7.194084
4794.35345217938  -5.338812
4794.52700029868  13.58471
4794.70054841798  22.151
4794.87409653729  15.20355
4795.04764465659  14.02845
4795.2211927759  10.29953
4795.3947408952  -5.974173
4795.5682890145  -6.604445
4795.74183713381  9.748886
4795.91538525311  6.487972
4796.08893337241  -7.412413
4796.26248149172  -11.45439
4796.43602961102  17.52558
4796.60957773033  25.94612
4796.78312584963  -22.91053
4796.95667396894  37.1526
4797.13022208824  23.1548
4797.30377020754  2.475369
4797.47731832685  -3.513848
4797.65086644615  8.64775
4797.82441456545  -9.795183
4797.99796268476  -27.03148
4798.17151080406  -12.08876
4798.34505892337  6.225901
4798.51860704267  24.16893
4798.69215516197  23.33125
4798.86570328128  13.57249
4799.03925140058  26.09996
4799.21279951989  33.24604
4799.38634763919  42.45124
4799.55989575849  6.132912
4799.7334438778  39.37077
4799.9069919971  27.72328
4800.0805401164  13.00258
4800.25408823571  3.065625
4800.42763635501  -2.291486
4800.60118447432  -7.796926
4800.77473259362  14.11451
4800.94828071292  26.37003
4801.12182883223  -2.295537
4801.29537695153  -15.2357
4801.46892507083  -14.02933
4801.64247319014  -13.2326
4801.81602130944  -15.93566
4801.98956942875  -22.61609
4802.16311754805  4.781666
4802.33666566735  27.98524
4802.51021378666  25.68012
4802.68376190596  9.146718
4802.85731002527  19.70641
4803.03085814457  22.55505
4803.20440626387  4.466797
4803.37795438318  29.34697
4803.55150250248  21.81051
4803.72505062178  14.7715
4803.89859874109  23.87819
4804.07214686039  38.38215
4804.2456949797  -4.406027
4804.419243099  2.044726
4804.5927912183  42.53223
4804.76633933761  16.66593
4804.93988745691  -0.1918599
4805.11343557622  18.71829
4805.28698369552  28.90927
4805.46053181482  13.49119
4805.63407993413  -20.60025
4805.80762805343  12.25913
4805.98117617273  10.02794
4806.15472429204  -1.729715
4806.32827241134  8.664155
4806.50182053065  53.64796
4806.67536864995  17.93801
4806.84891676925  24.63468
4807.02246488856  35.27251
4807.19601300786  -12.54206
4807.36956112717  -1.147811
4807.54310924647  30.82876
4807.71665736577  8.58849
4807.89020548508  3.532459
4808.06375360438  -8.870244
4808.23730172369  -4.185576
4808.41084984299  4.487741
4808.58439796229  -8.136552
4808.7579460816  -1.597235
4808.9314942009  -0.4846302
4809.1050423202  12.29306
4809.27859043951  -6.637674
4809.45213855881  -2.825457
4809.62568667812  2.557471
4809.79923479742  15.79244
4809.97278291672  31.24033
4810.14633103603  40.76426
4810.31987915533  38.9904
4810.49342727463  14.53802
4810.66697539394  12.53914
4810.84052351324  -6.767468
4811.01407163255  -31.1281
4811.18761975185  5.78378
4811.36116787115  29.92592
4811.53471599046  34.48764
4811.70826410976  40.71996
4811.88181222907  19.6362
4812.05536034837  4.671209
4812.22890846767  2.42643
4812.40245658698  21.54629
4812.57600470628  35.15677
4812.74955282558  5.072295
4812.92310094489  20.05708
4813.09664906419  2.731331
4813.2701971835  16.10676
4813.4437453028  55.69676
4813.6172934221  -4.818182
4813.79084154141  -21.87391
4813.96438966071  -4.415008
4814.13793778002  34.13869
4814.31148589932  -2.452156
4814.48503401862  -21.74145
4814.65858213793  3.357611
4814.83213025723  24.36772
4815.00567837653  13.71347
4815.17922649584  9.602218
4815.35277461514  10.91454
4815.52632273445  -5.274456
4815.69987085375  -17.01305
4815.87341897305  -14.04131
4816.04696709236  -10.2625
4816.22051521166  23.98891
4816.39406333097  12.3117
4816.56761145027  -12.0236
4816.74115956957  31.26051
4816.91470768888  1.106614
4817.08825580818  18.28963
4817.26180392749  -1.88696
4817.43535204679  -2.731384
4817.60890016609  22.45351
4817.7824482854  20.77148
4817.9559964047  11.7028
4818.12954452401  22.94269
4818.30309264331  20.91452
4818.47664076261  23.00106
4818.65018888192  6.79531
4818.82373700122  16.26826
4818.99728512052  14.84842
4819.17083323983  2.077111
4819.34438135913  0.516519
4819.51792947844  24.64519
4819.69147759774  0.997821
4819.86502571704  5.315915
4820.03857383635  13.87652
4820.21212195565  7.364669
4820.38567007495  25.76891
4820.55921819426  27.14829
4820.73276631356  29.45575
4820.90631443287  31.52644
4821.07986255217  29.10168
4821.25341067147  21.31284
4821.42695879078  -14.69815
4821.60050691008  5.242768
4821.77405502939  23.78443
4821.94760314869  24.65602
4822.12115126799  36.57328
4822.2946993873  25.18572
4822.4682475066  34.38543
4822.6417956259  -24.51581
4822.81534374521  -1.440702
4822.98889186451  11.04779
4823.16243998382  15.07099
4823.33598810312  5.031791
4823.50953622242  27.32587
4823.68308434173  41.70053
4823.85663246103  37.40648
4824.03018058034  29.50211
4824.20372869964  34.94039
4824.37727681894  22.02508
4824.55082493825  8.829314
4824.72437305755  5.080265
4824.89792117685  1.498076
4825.07146929616  8.163532
4825.24501741546  22.9048
4825.41856553477  20.44187
4825.59211365407  18.50091
4825.76566177337  5.216183
4825.93920989268  -27.90518
4826.11275801198  0.9429812
4826.28630613129  27.84256
4826.45985425059  38.57598
4826.63340236989  30.70672
4826.8069504892  16.84806
4826.9804986085  -1.742702
4827.1540467278  -10.14445
4827.32759484711  33.88667
4827.50114296641  -20.63716
4827.67469108572  -24.03315
4827.84823920502  2.114795
4828.02178732432  -2.059804
4828.19533544363  11.03826
4828.36888356293  30.09915
4828.54243168224  29.81857
4828.71597980154  -1.086346
4828.88952792084  -18.70922
4829.06307604015  -13.54049
4829.23662415945  -4.695937
4829.41017227875  34.8483
4829.58372039806  35.59228
4829.75726851736  -0.2914999
4829.93081663667  -30.7509
4830.10436475597  -11.86647
4830.27791287527  41.49773
4830.45146099458  47.53984
4830.62500911388  9.698372
4830.79855723319  -20.14032
4830.97210535249  1.942248
4831.14565347179  20.92757
4831.3192015911  6.701395
4831.4927497104  20.7335
4831.6662978297  30.25201
4831.83984594901  39.7256
4832.01339406831  27.91198
4832.18694218762  33.85509
4832.36049030692  -9.979105
4832.53403842622  19.18981
4832.70758654553  17.72051
4832.88113466483  6.113566
4833.05468278414  -21.23134
4833.22823090344  -4.206023
4833.40177902274  17.23013
4833.57532714205  20.38808
4833.74887526135  4.919821
4833.92242338066  15.438
4834.09597149996  5.99329
4834.26951961926  17.86856
4834.44306773857  19.68032
4834.61661585787  37.30508
4834.79016397717  4.020943
4834.96371209648  1.685851
4835.13726021578  33.1731
4835.31080833509  41.28505
4835.48435645439  30.77251
4835.65790457369  11.49572
4835.831452693  -3.216024
4836.0050008123  -3.456318
4836.17854893161  3.24606
4836.35209705091  17.6671
4836.52564517021  45.71228
4836.69919328952  51.30046
4836.87274140882  23.88724
4837.04628952812  4.59434
4837.21983764743  3.408452
4837.39338576673  -20.95718
4837.56693388604  -16.90967
4837.74048200534  10.60023
4837.91403012464  -21.21045
4838.08757824395  -2.093272
4838.26112636325  42.8808
4838.43467448255  21.44942
4838.60822260186  2.829802
4838.78177072116  -17.14082
4838.95531884047  9.036485
4839.12886695977  47.72569
4839.30241507907  25.54349
4839.47596319838  -14.54532
4839.64951131768  11.62783
4839.82305943699  23.98935
4839.99660755629  27.90058
4840.17015567559  2.909945
4840.3437037949  48.71961
4840.5172519142  48.56743
4840.6908000335  28.0523
4840.86434815281  -30.6632
4841.03789627211  11.71675
4841.21144439142  32.47489
4841.38499251072  26.37142
4841.55854063002  20.32346
4841.73208874933  -31.82088
4841.90563686863  7.816467
4842.07918498794  -6.226634
4842.25273310724  22.4365
4842.42628122654  39.10277
4842.59982934585  19.68148
4842.77337746515  9.921044
4842.94692558445  34.522
4843.12047370376  37.63242
4843.29402182306  29.2136
4843.46756994237  22.58601
4843.64111806167  43.25805
4843.81466618097  16.27238
4843.98821430028  -8.555922
4844.16176241958  -1.267938
4844.33531053889  14.75435
4844.50885865819  8.919435
4844.68240677749  -36.74999
4844.8559548968  -18.20841
4845.0295030161  39.05128
4845.2030511354  64.40417
4845.37659925471  33.77963
4845.55014737401  14.50568
4845.72369549332  23.26513
4845.89724361262  -6.057209
4846.07079173192  8.0954
4846.24433985123  33.65337
4846.41788797053  15.52242
4846.59143608984  15.46281
4846.76498420914  -11.50736
4846.93853232844  0.3835458
4847.11208044775  47.98611
4847.28562856705  24.72085
4847.45917668636  20.59154
4847.63272480566  19.14213
4847.80627292496  -2.184612
4847.97982104427  6.538013
4848.15336916357  7.253183
4848.32691728287  -22.37462
4848.50046540218  -14.9718
4848.67401352148  0.01117464
4848.84756164079  -0.7587215
4849.02110976009  -7.385367
4849.19465787939  0.9165624
4849.3682059987  17.48419
4849.541754118  -23.34181
4849.71530223731  -10.48166
4849.88885035661  31.84634
4850.06239847591  33.07615
4850.23594659522  -4.819526
4850.40949471452  26.2495
4850.58304283382  79.32178
4850.75659095313  33.81713
4850.93013907243  7.886595
4851.10368719174  20.32528
4851.27723531104  86.40305
4851.45078343034  90.13116
4851.62433154965  30.35714
4851.79787966895  20.7393
4851.97142778826  24.60283
4852.14497590756  41.50639
4852.31852402686  18.28554
4852.49207214617  13.19726
4852.66562026547  38.09388
4852.83916838477  14.05425
4853.01271650408  34.31241
4853.18626462338  4.347301
4853.35981274269  -10.61494
4853.53336086199  38.70201
4853.70690898129  27.53166
4853.8804571006  17.58641
4854.0540052199  48.43808
4854.22755333921  -2.325708
4854.40110145851  7.883917
4854.57464957781  29.3341
4854.74819769712  25.99792
4854.92174581642  37.62199
4855.09529393573  21.80246
4855.26884205503  32.75982
4855.44239017433  26.3966
4855.61593829364  50.40176
4855.78948641294  39.02185
4855.96303453224  7.455802
4856.13658265155  5.191887
4856.31013077085  47.04478
4856.48367889016  27.17524
4856.65722700946  33.25737
4856.83077512876  47.11696
4857.00432324807  17.52315
4857.17787136737  1.333816
4857.35141948667  40.55447
4857.52496760598  15.93091
4857.69851572528  31.94593
4857.87206384459  30.56918
4858.04561196389  16.57019
4858.21916008319  5.5784
4858.3927082025  15.04446
4858.5662563218  37.56412
4858.73980444111  59.48265
4858.91335256041  38.9312
4859.08690067971  28.71436
4859.26044879902  54.31317
4859.43399691832  56.05806
4859.60754503762  57.36584
4859.78109315693  34.37196
4859.95464127623  31.231
4860.12818939554  31.0561
4860.30173751484  15.25979
4860.47528563414  54.39344
4860.64883375345  39.42424
4860.82238187275  -3.928931
4860.99592999206  19.50508
4861.16947811136  37.40104
4861.34302623066  16.01052
4861.51657434997  47.33747
4861.69012246927  50.65305
4861.86367058857  2.125993
4862.03721870788  -29.27748
4862.21076682718  13.88223
4862.38431494649  18.58585
4862.55786306579  61.61158
4862.73141118509  57.09853
4862.9049593044  -19.62797
4863.0785074237  11.49004
4863.25205554301  41.79017
4863.42560366231  16.90943
4863.59915178161  12.91644
4863.77269990092  49.05969
4863.94624802022  38.50225
4864.11979613952  49.85434
4864.29334425883  10.10716
4864.46689237813  36.65707
4864.64044049744  22.50217
4864.81398861674  11.16401
4864.98753673604  49.77227
4865.16108485535  51.83404
4865.33463297465  16.91684
4865.50818109396  25.27213
4865.68172921326  37.01245
4865.85527733256  14.88481
4866.02882545187  29.22206
4866.20237357117  37.28917
4866.37592169047  5.157871
4866.54946980978  -11.37182
4866.72301792908  7.868798
4866.89656604839  11.84093
4867.07011416769  71.60767
4867.24366228699  51.80875
4867.4172104063  17.51288
4867.5907585256  36.91302
4867.7643066449  32.43606
4867.93785476421  7.446862
4868.11140288351  37.72441
4868.28495100282  22.29216
4868.45849912212  24.02555
4868.63204724142  28.2495
4868.80559536073  32.09495
4868.97914348003  35.32579
4869.15269159934  9.27271
4869.32623971864  11.66737
4869.49978783794  38.35324
4869.67333595725  36.87311
4869.84688407655  22.79508
4870.02043219586  41.50028
4870.19398031516  17.42155
4870.36752843446  24.68521
4870.54107655377  5.685295
4870.71462467307  48.03494
4870.88817279237  55.35997
4871.06172091168  33.76123
4871.23526903098  13.74692
4871.40881715029  30.16977
4871.58236526959  -4.235754
4871.75591338889  1.295089
4871.9294615082  11.22041
4872.1030096275  29.43057
4872.27655774681  27.83097
4872.45010586611  45.29398
4872.62365398541  32.6006
4872.79720210472  30.59038
4872.97075022402  13.21138
4873.14429834332  9.932652
4873.31784646263  24.59125
4873.49139458193  16.70189
4873.66494270124  0.01531154
4873.83849082054  24.08634
4874.01203893984  2.402251
4874.18558705915  18.05245
4874.35913517845  26.65772
4874.53268329776  -1.700924
4874.70623141706  9.1033
4874.87977953636  -0.3601027
4875.05332765567  5.884493
4875.22687577497  14.07975
4875.40042389427  58.26753
4875.57397201358  42.00938
4875.74752013288  19.51396
4875.92106825219  28.78889
4876.09461637149  14.78496
4876.26816449079  15.56922
4876.4417126101  34.91758
4876.6152607294  35.85029
4876.78880884871  20.6677
4876.96235696801  8.006765
4877.13590508731  44.61819
4877.30945320662  39.38359
4877.48300132592  13.10566
4877.65654944523  19.27118
4877.83009756453  18.80982
4878.00364568383  -8.748594
4878.17719380314  -4.475667
4878.35074192244  32.23454
4878.52429004174  33.70794
4878.69783816105  36.21678
4878.87138628035  18.67846
4879.04493439966  -12.79794
4879.21848251896  14.45061
4879.39203063826  28.92484
4879.56557875757  37.86815
4879.73912687687  34.522
4879.91267499618  22.03493
4880.08622311548  15.01042
4880.25977123478  27.93263
4880.43331935409  39.32104
4880.60686747339  33.96365
4880.78041559269  20.19274
4880.953963712  11.20482
4881.1275118313  28.61901
4881.30105995061  40.56594
4881.47460806991  5.393404
4881.64815618921  -3.043879
4881.82170430852  -4.370632
4881.99525242782  15.18392
4882.16880054713  8.86535
4882.34234866643  33.25231
4882.51589678573  35.67345
4882.68944490504  37.24981
4882.86299302434  -12.59745
4883.03654114364  -5.578414
4883.21008926295  31.12947
4883.38363738225  -18.15489
4883.55718550156  -0.7454629
4883.73073362086  31.35603
4883.90428174016  11.16752
4884.07782985947  29.22091
4884.25137797877  53.42567
4884.42492609808  67.97763
4884.59847421738  0.3006774
4884.77202233668  34.30536
4884.94557045599  40.68085
4885.11911857529  1.668977
4885.29266669459  1.315879
4885.4662148139  27.08187
4885.6397629332  34.60679
4885.81331105251  47.02876
4885.98685917181  23.88949
4886.16040729111  -2.805883
4886.33395541042  6.979802
4886.50750352972  16.08
4886.68105164902  19.42824
4886.85459976833  -3.017923
4887.02814788763  -7.534324
4887.20169600694  -8.388028
4887.37524412624  -22.43033
4887.54879224554  -18.1569
4887.72234036485  29.34506
4887.89588848415  30.38755
4888.06943660346  21.7437
4888.24298472276  18.20941
4888.41653284206  23.8094
4888.59008096137  38.41681
4888.76362908067  8.402477
4888.93717719998  9.599805
4889.11072531928  9.582563
4889.28427343858  9.83634
4889.45782155789  26.69529
4889.63136967719  53.63001
4889.80491779649  -1.289332
4889.9784659158  14.94276
4890.1520140351  -0.01017896
4890.32556215441  -0.6388371
4890.49911027371  34.16681
4890.67265839301  24.42173
4890.84620651232  -27.68449
4891.01975463162  1.784487
4891.19330275093  5.244198
4891.36685087023  33.35639
4891.54039898953  25.622
4891.71394710884  23.00833
4891.88749522814  24.77152
4892.06104334744  18.98936
4892.23459146675  30.83911
4892.40813958605  41.47335
4892.58168770536  15.83316
4892.75523582466  19.05829
4892.92878394396  27.38256
4893.10233206327  21.09106
4893.27588018257  5.406495
4893.44942830188  28.26665
4893.62297642118  18.97053
4893.79652454048  9.164943
4893.97007265979  50.55529
4894.14362077909  28.53633
4894.31716889839  5.906487
4894.4907170177  -15.47537
4894.664265137  -8.525827
4894.83781325631  15.51718
4895.01136137561  17.34682
4895.18490949491  29.06609
4895.35845761422  38.61131
4895.53200573352  16.18024
4895.70555385283  28.20484
4895.87910197213  1.70627
4896.05265009143  -1.207085
4896.22619821074  2.66133
4896.39974633004  0.1263544
4896.57329444935  6.826689
4896.74684256865  38.30755
4896.92039068795  45.49275
4897.09393880726  6.911485
4897.26748692656  1.350578
4897.44103504586  44.74958
4897.61458316517  39.97697
4897.78813128447  14.04015
4897.96167940378  24.39412
4898.13522752308  29.86679
4898.30877564238  2.702152
4898.48232376169  20.47792
4898.65587188099  19.41842
4898.8294200003  11.02842
4899.0029681196  25.82926
4899.1765162389  -10.70168
4899.35006435821  4.661453
4899.52361247751  7.973009
4899.69716059681  3.41064
4899.87070871612  7.865458
4900.04425683542  5.420542
4900.21780495473  -1.62084
4900.39135307403  3.053703
4900.56490119333  37.02798
4900.73844931264  42.00157
4900.91199743194  0.9564478
4901.08554555124  31.35596
4901.25909367055  30.38955
4901.43264178985  28.03702
4901.60618990916  -12.30834
4901.77973802846  -0.5269327
4901.95328614776  -13.62478
4902.12683426707  -15.01158
4902.30038238637  -6.018498
4902.47393050568  -4.083997
4902.64747862498  26.8463
4902.82102674428  11.86915
4902.99457486359  -11.65944
4903.16812298289  9.102493
4903.3416711022  8.250586
4903.5152192215  -3.487049
4903.6887673408  -8.875966
4903.86231546011  25.73304
4904.03586357941  12.32833
4904.20941169871  10.11792
4904.38295981802  21.98756
4904.55650793732  17.5519
4904.73005605663  24.50527
4904.90360417593  -0.827419
4905.07715229523  23.02016
4905.25070041454  6.954685
4905.42424853384  26.52848
4905.59779665314  17.12046
4905.77134477245  44.5683
4905.94489289175  18.80151
4906.11844101106  18.54124
4906.29198913036  18.89895
4906.46553724966  -12.34978
4906.63908536897  0.9349569
4906.81263348827  18.72789
4906.98618160757  21.83831
4907.15972972688  25.46059
4907.33327784618  9.931294
4907.50682596549  33.0769
4907.68037408479  24.48417
4907.8539222041  5.598489
4908.0274703234  -3.745864
4908.2010184427  -12.97577
4908.37456656201  36.75983
4908.54811468131  26.96814
4908.72166280061  10.69076
4908.89521091992  17.14279
4909.06875903922  6.936736
4909.24230715853  7.951962
4909.41585527783  43.67104
4909.58940339713  18.72229
4909.76295151644  -2.750025
4909.93649963574  6.200107
4910.11004775505  -0.3233428
4910.28359587435  -3.734144
4910.45714399365  -6.934377
4910.63069211296  -17.2939
4910.80424023226  12.16731
4910.97778835156  51.49694
4911.15133647087  47.72454
4911.32488459017  -4.813777
4911.49843270948  16.71871
4911.67198082878  32.06655
4911.84552894808  27.07197
4912.01907706739  11.29826
4912.19262518669  5.933609
4912.366173306  11.82299
4912.5397214253  62.12897
4912.7132695446  21.54084
4912.88681766391  20.70136
4913.06036578321  4.466515
4913.23391390251  -0.6557637
4913.40746202182  9.134238
4913.58101014112  20.14714
4913.75455826043  37.1433
4913.92810637973  3.208372
4914.10165449903  9.327282
4914.27520261834  23.8305
4914.44875073764  15.53812
4914.62229885694  -9.088013
4914.79584697625  -6.601468
4914.96939509555  -26.97706
4915.14294321486  -2.292821
4915.31649133416  -6.912955
4915.49003945346  -5.06318
4915.66358757277  1.827038
4915.83713569207  19.11274
4916.01068381138  31.60413
4916.18423193068  29.23432
4916.35778004998  -6.071059
4916.53132816929  -13.91766
4916.70487628859  -13.02235
4916.8784244079  19.51287
4917.0519725272  34.91877
4917.2255206465  14.89178
4917.39906876581  -1.587072
4917.57261688511  25.8094
4917.74616500441  28.25899
4917.91971312372  7.321868
4918.09326124302  -21.83886
4918.26680936233  7.26336
4918.44035748163  6.220026
4918.61390560093  20.97548
4918.78745372024  18.73069
4918.96100183954  19.73033
4919.13454995885  33.11045
4919.30809807815  -9.56861
4919.48164619745  -23.836
4919.65519431676  8.683205
4919.82874243606  15.12359
4920.00229055536  5.561198
4920.17583867467  -1.012861
4920.34938679397  4.350054
4920.52293491328  -13.74671
4920.69648303258  4.283066
4920.87003115188  17.42365
4921.04357927119  3.529161
4921.21712739049  10.78067
4921.3906755098  3.202865
4921.5642236291  12.39311
4921.7377717484  31.45726
4921.91131986771  -7.131042
4922.08486798701  2.484497
4922.25841610631  11.30883
4922.43196422562  25.51064
4922.60551234492  13.90193
4922.77906046423  4.35192
4922.95260858353  30.60227
4923.12615670283  10.0913
4923.29970482214  10.58106
4923.47325294144  8.90568
4923.64680106075  26.83425
4923.82034918005  17.07916
4923.99389729935  -5.789732
4924.16744541866  29.09706
4924.34099353796  0.02311863
4924.51454165726  -24.9876
4924.68808977657  12.11553
4924.86163789587  41.0476
4925.03518601518  18.91639
4925.20873413448  31.88989
4925.38228225378  19.51642
4925.55583037309  27.03749
4925.72937849239  5.505894
4925.9029266117  11.77163
4926.076474731  9.799263
4926.2500228503  12.42768
4926.42357096961  -2.028481
4926.59711908891  -31.08651
4926.77066720822  13.17067
4926.94421532752  20.69976
4927.11776344682  14.94848
4927.29131156613  39.99046
4927.46485968543  37.96858
4927.63840780473  -8.069974
4927.81195592404  5.385007
4927.98550404334  12.90622
4928.15905216265  -19.61388
4928.33260028195  -26.55836
4928.50614840125  -25.2315
4928.67969652056  -7.855574
4928.85324463986  10.31242
4929.02679275917  21.23162
4929.20034087847  -10.23548
4929.37388899777  0.8551642
4929.54743711708  19.38308
4929.72098523638  13.85137
4929.89453335568  -7.425676
4930.06808147499  -5.726716
4930.24162959429  -0.9773123
4930.4151777136  26.59843
4930.5887258329  23.61748
4930.7622739522  3.333436
4930.93582207151  13.35085
4931.10937019081  17.80486
4931.28291831012  8.473106
4931.45646642942  15.41893
4931.63001454872  18.57735
4931.80356266803  21.18078
4931.97711078733  13.2248
4932.15065890663  -17.6571
4932.32420702594  -35.72483
4932.49775514524  7.476023
4932.67130326455  22.66372
4932.84485138385  10.78807
4933.01839950315  -12.52241
4933.19194762246  16.56565
4933.36549574176  -10.41169
4933.53904386106  4.120716
4933.71259198037  27.38988
4933.88614009967  -5.243097
4934.05968821898  18.36853
4934.23323633828  7.183732
4934.40678445758  -11.78961
4934.58033257689  33.32089
4934.75388069619  15.82591
4934.9274288155  7.846045
4935.1009769348  -25.00562
4935.2745250541  -8.498139
4935.44807317341  1.856986
4935.62162129271  -17.20929
4935.79516941202  -10.74007
4935.96871753132  -1.29977
4936.14226565062  18.43482
4936.31581376993  -29.33424
4936.48936188923  2.017557
4936.66291000853  21.51308
4936.83645812784  -9.168266
4937.01000624714  26.79094
4937.18355436645  -15.7501
4937.35710248575  12.70547
4937.53065060505  13.6655
4937.70419872436  5.466922
4937.87774684366  -3.702515
4938.05129496297  3.636301
4938.22484308227  -8.449707
4938.39839120157  25.01388
4938.57193932088  -7.349675
4938.74548744018  -40.14741
4938.91903555948  -32.74191
4939.09258367879  15.81157
4939.26613179809  13.27275
4939.4396799174  2.982253
4939.6132280367  12.93208
4939.786776156  -6.268652
4939.96032427531  4.194918
4940.13387239461  38.33767
4940.30742051392  3.670327
4940.48096863322  28.2761
4940.65451675252  35.25362
4940.82806487183  2.99131
4941.00161299113  22.92557
4941.17516111043  7.926919
4941.34870922974  24.34436
4941.52225734904  -2.015946
4941.69580546835  -7.397965
4941.86935358765  -9.753902
4942.04290170695  8.416527
4942.21644982626  -7.114866
4942.38999794556  50.0343
4942.56354606487  26.12058
4942.73709418417  28.64375
4942.91064230347  5.546924
4943.08419042278  -31.22965
4943.25773854208  7.334354
4943.43128666138  -11.50616
4943.60483478069  16.39036
4943.77838289999  13.36321
4943.95193101929  43.4328
4944.1254791386  10.22973
4944.2990272579  -9.887199
4944.47257537721  -17.84865
4944.64612349651  6.537117
4944.81967161582  -22.85428
4944.99321973512  -23.37148
4945.16676785442  14.92036
4945.34031597373  6.386878
4945.51386409303  13.48444
4945.68741221234  -1.381506
4945.86096033164  26.71266
