4768.3212342838  3.55156
4768.4947824031  40.11825
4768.66833052241  31.78033
4768.84187864171  40.01758
4769.01542676101  23.39918
4769.18897488032  27.82044
4769.36252299962  0.6665308
4769.53607111893  -22.80057
4769.70961923823  1.211999
4769.88316735753  -8.884124
4770.05671547684  -22.0896
4770.23026359614  2.793367
4770.40381171545  5.802606
4770.57735983475  46.71758
4770.75090795405  48.51527
4770.92445607336  44.49704
4771.09800419266  0.9776518
4771.27155231197  24.44558
4771.44510043127  39.00262
4771.61864855057  26.88066
4771.79219666988  -4.27297
4771.96574478918  1.90719
4772.13929290848  32.46167
4772.31284102779  29.74897
4772.48638914709  25.20834
4772.6599372664  7.589693
4772.8334853857  50.40226
4773.007033505  -36.97503
4773.18058162431  -31.0778
4773.35412974361  23.70824
4773.52767786291  23.35851
4773.70122598222  -6.373362
4773.87477410152  -11.54138
4774.04832222083  15.29502
4774.22187034013  12.9105
4774.39541845943  13.7342
4774.56896657874  32.56301
4774.74251469804  35.60967
4774.91606281735  37.11521
4775.08961093665  -29.886
4775.26315905595  -24.61556
4775.43670717526  -18.25643
4775.61025529456  -18.72425
4775.78380341386  6.22977
4775.95735153317  -12.24123
4776.13089965247  -4.225974
4776.30444777178  17.4693
4776.47799589108  28.03245
4776.65154401038  24.47675
4776.82509212969  2.023704
4776.99864024899  12.97011
4777.1721883683  48.94896
4777.3457364876  22.03724
4777.5192846069  -23.64818
4777.69283272621  -31.41834
4777.86638084551  -25.79072
4778.03992896481  -13.13346
4778.21347708412  -39.87317
4778.38702520342  -8.109881
4778.56057332273  43.96027
4778.73412144203  16.06284
4778.90766956133  6.900132
4779.08121768064  11.16136
4779.25476579994  -31.08517
4779.42831391925  -1.349464
4779.60186203855  60.64973
4779.77541015785  24.57551
4779.94895827716  29.59503
4780.12250639646  17.24484
4780.29605451577  -14.95979
4780.46960263507  4.56813
4780.64315075437  4.350223
4780.81669887368  10.88015
4780.99024699298  10.06357
4781.16379511228  14.20086
4781.33734323159  16.68304
4781.51089135089  17.96969
4781.6844394702  48.53845
4781.8579875895  55.36406
4782.0315357088  24.34601
4782.20508382811  -4.919708
4782.37863194741  -30.50634
4782.55218006672  17.86042
4782.72572818602  -6.971844
4782.89927630532  19.13889
4783.07282442463  26.13199
4783.24637254393  10.59866
4783.41992066323  7.258311
4783.59346878254  20.78411
4783.76701690184  27.53168
4783.94056502115  60.43535
4784.11411314045  29.1248
4784.28766125975  -38.02878
4784.46120937906  -6.827047
4784.63475749836  18.46851
4784.80830561767  -12.37302
4784.98185373697  -3.241357
4785.15540185627  -20.85282
4785.32894997558  26.63407
4785.50249809488  -1.286961
4785.67604621419  2.877138
4785.84959433349  61.12741
4786.02314245279  65.42271
4786.1966905721  37.75336
4786.3702386914  21.47269
4786.5437868107  7.181756
4786.71733493001  15.24579
4786.89088304931  58.49559
4787.06443116862  69.14002
4787.23797928792  48.14445
4787.41152740722  34.49484
4787.58507552653  12.13934
4787.75862364583  39.48598
4787.93217176513  15.0496
4788.10571988444  -41.34192
4788.27926800374  9.721647
4788.45281612305  6.610278
4788.62636424235  -18.12737
4788.79991236165  -49.31633
4788.97346048096  -36.17093
4789.14700860026  14.64482
4789.32055671957  21.59631
4789.49410483887  29.75052
4789.66765295817  47.98293
4789.84120107748  3.787324
4790.01474919678  -14.46485
4790.18829731608  24.93627
4790.36184543539  12.38367
4790.53539355469  23.96236
4790.708941674  12.32439
4790.8824897933  -2.451673
4791.0560379126  9.608313
4791.22958603191  -4.171932
4791.40313415121  23.40869
4791.57668227051  73.47836
4791.75023038982  13.29033
4791.92377850912  1.872347
4792.09732662843  20.14038
4792.27087474773  6.987315
4792.44442286703  19.23792
4792.61797098634  22.87933
4792.79151910564  20.48982
4792.96506722495  45.61179
4793.13861534425  31.27404
4793.31216346355  11.96012
4793.48571158286  24.06274
4793.65925970216  15.02385
4793.83280782146  9.140675
4794.00635594077  -8.827576
4794.17990406007  30.3548
4794.35345217938  29.56415
4794.52700029868  56.93166
4794.70054841798  20.32869
4794.87409653729  1.492901
4795.04764465659  38.59883
4795.2211927759  26.72838
4795.3947408952  -3.320422
4795.5682890145  -3.569799
4795.74183713381  -4.44669
4795.91538525311  10.67391
4796.08893337241  7.598521
4796.26248149172  -10.753
4796.43602961102  53.14816
4796.60957773033  7.63496
4796.78312584963  3.686492
4796.95667396894  3.249479
4797.13022208824  5.811784
4797.30377020754  -1.808083
4797.47731832685  18.59927
4797.65086644615  45.19171
4797.82441456545  26.15708
4797.99796268476  60.77266
4798.17151080406  40.65176
4798.34505892337  6.751189
4798.51860704267  44.56191
4798.69215516197  26.70928
4798.86570328128  23.18934
4799.03925140058  55.88747
4799.21279951989  21.19293
4799.38634763919  34.87807
4799.55989575849  46.83091
4799.7334438778  49.52316
4799.9069919971  60.6803
4800.0805401164  27.61066
4800.25408823571  32.06738
4800.42763635501  22.39287
4800.60118447432  -23.58677
4800.77473259362  30.44703
4800.94828071292  17.37124
4801.12182883223  19.38163
4801.29537695153  45.51555
4801.46892507083  32.14754
4801.64247319014  7.982835
4801.81602130944  -12.19087
4801.98956942875  -7.999599
4802.16311754805  7.611833
4802.33666566735  39.6245
4802.51021378666  30.51934
4802.68376190596  31.19842
4802.85731002527  1.939785
4803.03085814457  4.093126
4803.20440626387  14.42139
4803.37795438318  23.90057
4803.55150250248  57.37724
4803.72505062178  55.59663
4803.89859874109  21.19227
4804.07214686039  33.92436
4804.2456949797  8.362132
4804.419243099  -2.483925
4804.5927912183  38.9656
4804.76633933761  34.12506
4804.93988745691  5.574613
4805.11343557622  -0.2975737
4805.28698369552  18.10192
4805.46053181482  30.70888
4805.63407993413  -7.365675
4805.80762805343  8.964869
4805.98117617273  26.42756
4806.15472429204  56.34443
4806.32827241134  40.25522
4806.50182053065  14.44647
4806.67536864995  38.26363
4806.84891676925  7.991111
4807.02246488856  15.92621
4807.19601300786  64.71011
4807.36956112717  27.69484
4807.54310924647  -1.414146
4807.71665736577  52.96091
4807.89020548508  64.52271
4808.06375360438  30.62397
4808.23730172369  30.65892
4808.41084984299  23.94824
4808.58439796229  14.18137
4808.7579460816  32.07298
4808.9314942009  33.47931
4809.1050423202  27.93342
4809.27859043951  33.04356
4809.45213855881  40.85923
4809.62568667812  25.60821
4809.79923479742  33.849
4809.97278291672  38.32756
4810.14633103603  -10.93409
4810.31987915533  6.433802
4810.49342727463  11.8482
4810.66697539394  40.04901
4810.84052351324  41.08871
4811.01407163255  2.484184
4811.18761975185  21.95362
4811.36116787115  17.16723
4811.53471599046  21.85984
4811.70826410976  49.22897
4811.88181222907  30.93838
4812.05536034837  10.05309
4812.22890846767  5.969586
4812.40245658698  7.642494
4812.57600470628  38.0006
4812.74955282558  57.81253
4812.92310094489  41.38471
4813.09664906419  17.24492
4813.2701971835  32.62936
4813.4437453028  68.58199
4813.6172934221  11.80731
4813.79084154141  -3.750013
4813.96438966071  28.93123
4814.13793778002  53.58583
4814.31148589932  41.6406
4814.48503401862  29.11222
4814.65858213793  -2.83421
4814.83213025723  11.51791
4815.00567837653  30.09517
4815.17922649584  14.31577
4815.35277461514  16.39797
4815.52632273445  38.87529
4815.69987085375  48.51117
4815.87341897305  46.11237
4816.04696709236  23.4339
4816.22051521166  12.78307
4816.39406333097  13.34248
4816.56761145027  15.74686
4816.74115956957  20.27482
4816.91470768888  0.8993674
4817.08825580818  35.21228
4817.26180392749  18.38974
4817.43535204679  37.89999
4817.60890016609  8.336954
4817.7824482854  23.38224
4817.9559964047  29.12331
4818.12954452401  19.28039
4818.30309264331  20.23231
4818.47664076261  29.85471
4818.65018888192  20.1469
4818.82373700122  12.81896
4818.99728512052  21.13626
4819.17083323983  13.45296
4819.34438135913  24.59514
4819.51792947844  10.33539
4819.69147759774  17.48746
4819.86502571704  39.02065
4820.03857383635  40.95552
4820.21212195565  12.05011
4820.38567007495  37.20321
4820.55921819426  72.47952
4820.73276631356  32.37001
4820.90631443287  16.93127
4821.07986255217  27.30276
4821.25341067147  42.55762
4821.42695879078  24.93556
4821.60050691008  38.14603
4821.77405502939  46.51046
4821.94760314869  30.53005
4822.12115126799  55.01196
4822.2946993873  18.41665
4822.4682475066  22.42008
4822.6417956259  25.07453
4822.81534374521  37.96294
4822.98889186451  70.30247
4823.16243998382  54.59296
4823.33598810312  16.65903
4823.50953622242  42.09672
4823.68308434173  69.89572
4823.85663246103  54.31266
4824.03018058034  42.67883
4824.20372869964  101.4953
4824.37727681894  70.29296
4824.55082493825  14.83564
4824.72437305755  14.79386
4824.89792117685  15.16098
4825.07146929616  36.087
4825.24501741546  52.35682
4825.41856553477  19.71365
4825.59211365407  -12.00869
4825.76566177337  29.60724
4825.93920989268  82.63305
4826.11275801198  69.47404
4826.28630613129  40.56948
4826.45985425059  18.63195
4826.63340236989  51.0491
4826.8069504892  36.922
4826.9804986085  59.56044
4827.1540467278  33.73689
4827.32759484711  33.07439
4827.50114296641  22.23954
4827.67469108572  16.68797
4827.84823920502  20.42325
4828.02178732432  32.62916
4828.19533544363  57.97403
4828.36888356293  34.12571
4828.54243168224  30.66302
4828.71597980154  56.12603
4828.88952792084  61.63299
4829.06307604015  36.98501
4829.23662415945  37.07673
4829.41017227875  69.08976
4829.58372039806  31.26631
4829.75726851736  10.00221
4829.93081663667  0.9843642
4830.10436475597  62.82269
4830.27791287527  91.2459
4830.45146099458  31.65953
4830.62500911388  38.45714
4830.79855723319  19.75912
4830.97210535249  2.378363
4831.14565347179  41.30583
4831.3192015911  23.12407
4831.4927497104  22.88152
4831.6662978297  26.22813
4831.83984594901  22.02586
4832.01339406831  46.54986
4832.18694218762  47.38472
4832.36049030692  5.906951
4832.53403842622  22.35251
4832.70758654553  22.58618
4832.88113466483  24.04591
4833.05468278414  9.455391
4833.22823090344  41.67133
4833.40177902274  53.63999
4833.57532714205  6.456512
4833.74887526135  29.32578
4833.92242338066  9.195146
4834.09597149996  39.04261
4834.26951961926  58.80694
4834.44306773857  70.68011
4834.61661585787  54.32201
4834.79016397717  37.90418
4834.96371209648  41.72892
4835.13726021578  51.92775
4835.31080833509  34.30215
4835.48435645439  74.66553
4835.65790457369  52.14457
4835.831452693  26.59494
4836.0050008123  24.96123
4836.17854893161  32.85662
4836.35209705091  58.20947
4836.52564517021  53.81531
4836.69919328952  50.437
4836.87274140882  15.77389
4837.04628952812  31.72926
4837.21983764743  76.0402
4837.39338576673  35.75262
4837.56693388604  22.28366
4837.74048200534  49.72445
4837.91403012464  63.34919
4838.08757824395  60.20263
4838.26112636325  58.54626
4838.43467448255  71.21743
4838.60822260186  54.89635
4838.78177072116  32.12134
4838.95531884047  79.75233
4839.12886695977  73.88934
4839.30241507907  41.11838
4839.47596319838  2.607255
4839.64951131768  13.97831
4839.82305943699  14.62885
4839.99660755629  0.9354561
4840.17015567559  21.19829
4840.3437037949  57.70892
4840.5172519142  91.10729
4840.6908000335  48.16391
4840.86434815281  8.089211
4841.03789627211  -7.810642
4841.21144439142  30.80498
4841.38499251072  49.82818
4841.55854063002  60.57155
4841.73208874933  31.82982
4841.90563686863  68.34394
4842.07918498794  49.16968
4842.25273310724  29.19702
4842.42628122654  45.47829
4842.59982934585  54.71284
4842.77337746515  53.81085
4842.94692558445  22.70994
4843.12047370376  25.45824
4843.29402182306  34.56367
4843.46756994237  41.35756
4843.64111806167  23.25347
4843.81466618097  46.40129
4843.98821430028  55.93283
4844.16176241958  -9.456265
4844.33531053889  1.133965
4844.50885865819  34.04612
4844.68240677749  30.81328
4844.8559548968  62.42749
4845.0295030161  62.73226
4845.2030511354  55.50927
4845.37659925471  73.30214
4845.55014737401  67.91075
4845.72369549332  62.23964
4845.89724361262  37.08349
4846.07079173192  63.66875
4846.24433985123  109.7186
4846.41788797053  68.25138
4846.59143608984  91.00962
4846.76498420914  98.67398
4846.93853232844  31.03293
4847.11208044775  36.14944
4847.28562856705  47.1086
4847.45917668636  47.49932
4847.63272480566  39.55628
4847.80627292496  30.64893
4847.97982104427  13.80564
4848.15336916357  17.75621
4848.32691728287  18.72525
4848.50046540218  32.14014
4848.67401352148  84.36311
4848.84756164079  77.18607
4849.02110976009  86.55476
4849.19465787939  66.61
4849.3682059987  61.28431
4849.541754118  7.555382
4849.71530223731  59.5224
4849.88885035661  70.50264
4850.06239847591  41.55698
4850.23594659522  50.5117
4850.40949471452  44.32605
4850.58304283382  14.50958
4850.75659095313  31.7537
4850.93013907243  67.19212
4851.10368719174  41.84523
4851.27723531104  89.76238
4851.45078343034  64.89887
4851.62433154965  42.42414
4851.79787966895  43.07981
4851.97142778826  60.28975
4852.14497590756  64.43331
4852.31852402686  64.65253
4852.49207214617  23.03733
4852.66562026547  38.30729
4852.83916838477  79.07382
4853.01271650408  57.84589
4853.18626462338  35.69825
4853.35981274269  86.52232
4853.53336086199  76.69846
4853.70690898129  40.00836
4853.8804571006  69.50343
4854.0540052199  89.12251
4854.22755333921  125.7952
4854.40110145851  64.07156
4854.57464957781  45.67617
4854.74819769712  34.4071
4854.92174581642  29.60902
4855.09529393573  70.0539
4855.26884205503  70.15024
4855.44239017433  45.71911
4855.61593829364  64.62038
4855.78948641294  88.97082
4855.96303453224  113.1157
4856.13658265155  51.15063
4856.31013077085  85.57432
4856.48367889016  51.0224
4856.65722700946  39.4985
4856.83077512876  79.58911
4857.00432324807  92.69444
4857.17787136737  63.11533
4857.35141948667  58.33438
4857.52496760598  6.091771
4857.69851572528  71.95688
4857.87206384459  99.20676
4858.04561196389  79.8037
4858.21916008319  52.98655
4858.3927082025  31.52673
4858.5662563218  56.54767
4858.73980444111  82.45188
4858.91335256041  34.33361
4859.08690067971  53.71521
4859.26044879902  106.4826
4859.43399691832  83.06903
4859.60754503762  69.07422
4859.78109315693  68.93829
4859.95464127623  32.93682
4860.12818939554  47.48549
4860.30173751484  85.74725
4860.47528563414  92.6792
4860.64883375345  42.27946
4860.82238187275  61.11152
4860.99592999206  44.20531
4861.16947811136  40.38571
4861.34302623066  53.65175
4861.51657434997  79.0441
4861.69012246927  79.68575
4861.86367058857  66.20598
4862.03721870788  27.39053
4862.21076682718  63.44518
4862.38431494649  59.90902
4862.55786306579  115.1928
4862.73141118509  81.00497
4862.9049593044  44.97512
4863.0785074237  37.08527
4863.25205554301  73.69028
4863.42560366231  88.03167
4863.59915178161  68.71297
4863.77269990092  35.334
4863.94624802022  45.07082
4864.11979613952  115.5813
4864.29334425883  128.4469
4864.46689237813  43.9301
4864.64044049744  39.43822
4864.81398861674  37.0915
4864.98753673604  23.78193
4865.16108485535  29.52569
4865.33463297465  22.24407
4865.50818109396  48.30885
4865.68172921326  29.39219
4865.85527733256  61.9235
4866.02882545187  72.69225
4866.20237357117  67.97482
4866.37592169047  54.1207
4866.54946980978  30.12865
4866.72301792908  20.91948
4866.89656604839  27.58897
4867.07011416769  67.14237
4867.24366228699  53.88758
4867.4172104063  58.78585
4867.5907585256  78.92348
4867.7643066449  72.26531
4867.93785476421  52.10386
4868.11140288351  30.32503
4868.28495100282  36.6141
4868.45849912212  68.02904
4868.63204724142  79.41982
4868.80559536073  74.14416
4868.97914348003  50.61123
4869.15269159934  32.8124
4869.32623971864  24.7392
4869.49978783794  60.77044
4869.67333595725  66.1311
4869.84688407655  48.41475
4870.02043219586  66.5984
4870.19398031516  53.01528
4870.36752843446  46.52227
4870.54107655377  64.25549
4870.71462467307  54.77131
4870.88817279237  71.76182
4871.06172091168  93.68594
4871.23526903098  52.14011
4871.40881715029  -0.6069493
4871.58236526959  31.92689
4871.75591338889  82.08652
4871.9294615082  23.82366
4872.1030096275  35.91149
4872.27655774681  32.76349
4872.45010586611  96.26463
4872.62365398541  23.56661
4872.79720210472  51.82651
4872.97075022402  54.77233
4873.14429834332  41.44603
4873.31784646263  20.63781
4873.49139458193  80.08607
4873.66494270124  44.10889
4873.83849082054  6.991889
4874.01203893984  75.8857
4874.18558705915  65.74277
4874.35913517845  50.62489
4874.53268329776  41.43809
4874.70623141706  67.94662
4874.87977953636  58.62198
4875.05332765567  58.58941
4875.22687577497  31.93812
4875.40042389427  12.35374
4875.57397201358  57.88915
4875.74752013288  41.88378
4875.92106825219  42.23122
4876.09461637149  70.18373
4876.26816449079  75.22803
4876.4417126101  57.66336
4876.6152607294  50.60498
4876.78880884871  57.12127
4876.96235696801  73.58186
4877.13590508731  77.87917
4877.30945320662  31.89241
4877.48300132592  16.1698
4877.65654944523  44.55254
4877.83009756453  52.84213
4878.00364568383  61.46303
4878.17719380314  78.15388
4878.35074192244  35.02728
4878.52429004174  25.2732
4878.69783816105  58.16615
4878.87138628035  59.53392
4879.04493439966  34.15048
4879.21848251896  59.22511
4879.39203063826  62.99603
4879.56557875757  44.4141
4879.73912687687  67.26745
4879.91267499618  54.32563
4880.08622311548  49.57224
4880.25977123478  32.14025
4880.43331935409  59.0509
4880.60686747339  56.71576
4880.78041559269  53.20855
4880.953963712  39.69547
4881.1275118313  12.01437
4881.30105995061  9.563686
4881.47460806991  56.91985
4881.64815618921  49.9335
4881.82170430852  37.39742
4881.99525242782  28.47725
4882.16880054713  64.45525
4882.34234866643  43.18295
4882.51589678573  62.93013
4882.68944490504  59.15198
4882.86299302434  55.94771
4883.03654114364  60.58894
4883.21008926295  41.90668
4883.38363738225  35.20674
4883.55718550156  38.34803
4883.73073362086  33.53223
4883.90428174016  56.92258
4884.07782985947  40.90221
4884.25137797877  21.07626
4884.42492609808  24.48532
4884.59847421738  20.32037
4884.77202233668  32.72621
4884.94557045599  76.70851
4885.11911857529  72.56137
4885.29266669459  20.28836
4885.4662148139  0.3440535
4885.6397629332  11.7271
4885.81331105251  4.814002
4885.98685917181  32.48055
4886.16040729111  48.45471
4886.33395541042  70.47285
4886.50750352972  45.63539
4886.68105164902  28.62018
4886.85459976833  69.92086
4887.02814788763  54.44423
4887.20169600694  52.002
4887.37524412624  56.39057
4887.54879224554  35.59993
4887.72234036485  58.11998
4887.89588848415  44.72533
4888.06943660346  51.80736
4888.24298472276  68.1246
4888.41653284206  49.98523
4888.59008096137  45.29419
4888.76362908067  40.53204
4888.93717719998  9.266658
4889.11072531928  -0.5232171
4889.28427343858  47.71423
4889.45782155789  74.6106
4889.63136967719  68.844
4889.80491779649  66.18272
4889.9784659158  62.3095
4890.1520140351  33.87645
4890.32556215441  69.46497
4890.49911027371  61.6657
4890.67265839301  48.0059
4890.84620651232  61.90314
4891.01975463162  64.2457
4891.19330275093  34.5705
4891.36685087023  43.1934
4891.54039898953  76.95989
4891.71394710884  62.79813
4891.88749522814  34.9898
4892.06104334744  19.41759
4892.23459146675  49.45528
4892.40813958605  62.9971
4892.58168770536  35.15218
4892.75523582466  48.40777
4892.92878394396  51.1559
4893.10233206327  23.74755
4893.27588018257  29.13501
4893.44942830188  18.01197
4893.62297642118  52.98203
4893.79652454048  41.61803
4893.97007265979  57.23603
4894.14362077909  86.8337
4894.31716889839  56.70299
4894.4907170177  25.25352
4894.664265137  29.35882
4894.83781325631  44.53528
4895.01136137561  38.7882
4895.18490949491  21.86853
4895.35845761422  55.05933
4895.53200573352  59.57729
4895.70555385283  16.71129
4895.87910197213  -12.05043
4896.05265009143  35.41679
4896.22619821074  36.89074
4896.39974633004  41.67699
4896.57329444935  14.62724
4896.74684256865  35.7063
4896.92039068795  41.63573
4897.09393880726  31.73098
4897.26748692656  51.63103
4897.44103504586  63.92473
4897.61458316517  79.80894
4897.78813128447  46.89441
4897.96167940378  64.49502
4898.13522752308  79.40341
4898.30877564238  24.84253
4898.48232376169  22.32915
4898.65587188099  46.04861
4898.8294200003  1.820338
4899.0029681196  27.6778
4899.1765162389  39.40301
4899.35006435821  33.07877
4899.52361247751  55.50259
4899.69716059681  68.90813
4899.87070871612  48.49826
4900.04425683542  51.13308
4900.21780495473  35.47867
4900.39135307403  -6.525667
4900.56490119333  5.24099
4900.73844931264  64.89562
4900.91199743194  63.36086
4901.08554555124  27.1081
4901.25909367055  25.97337
4901.43264178985  28.55032
4901.60618990916  14.00476
4901.77973802846  52.4014
4901.95328614776  20.81272
4902.12683426707  34.03696
4902.30038238637  15.46888
4902.47393050568  47.98318
4902.64747862498  46.39365
4902.82102674428  33.84596
4902.99457486359  26.48731
4903.16812298289  20.79539
4903.3416711022  25.9018
4903.5152192215  38.05489
4903.6887673408  29.96083
4903.86231546011  50.74146
4904.03586357941  35.91945
4904.20941169871  35.25092
4904.38295981802  58.697
4904.55650793732  19.61508
4904.73005605663  5.525078
4904.90360417593  62.71004
4905.07715229523  80.32716
4905.25070041454  68.61045
4905.42424853384  18.53343
4905.59779665314  10.28916
4905.77134477245  28.03982
4905.94489289175  22.98498
4906.11844101106  40.56955
4906.29198913036  32.20984
4906.46553724966  32.42377
4906.63908536897  43.80752
4906.81263348827  46.23921
4906.98618160757  22.24884
4907.15972972688  22.78121
4907.33327784618  52.51686
4907.50682596549  30.01217
4907.68037408479  21.70773
4907.8539222041  18.48943
4908.0274703234  37.5529
4908.2010184427  36.15516
4908.37456656201  3.572151
4908.54811468131  35.27691
4908.72166280061  23.07634
4908.89521091992  41.45974
4909.06875903922  37.22117
4909.24230715853  40.88258
4909.41585527783  64.11135
4909.58940339713  50.65239
4909.76295151644  18.7988
4909.93649963574  32.38708
4910.11004775505  50.59769
4910.28359587435  25.83201
4910.45714399365  43.52439
4910.63069211296  18.56088
4910.80424023226  7.480665
4910.97778835156  -36.71458
4911.15133647087  -26.73973
4911.32488459017  13.50482
4911.49843270948  59.8482
4911.67198082878  20.1685
4911.84552894808  46.74066
4912.01907706739  57.15228
4912.19262518669  7.832219
4912.366173306  4.99547
4912.5397214253  39.28446
4912.7132695446  14.24326
4912.88681766391  6.204114
4913.06036578321  -7.929103
4913.23391390251  -8.636645
4913.40746202182  30.44733
4913.58101014112  34.77359
4913.75455826043  67.52412
4913.92810637973  29.781
4914.10165449903  11.56048
4914.27520261834  15.19929
4914.44875073764  40.49294
4914.62229885694  48.89421
4914.79584697625  0.4308037
4914.96939509555  25.9147
4915.14294321486  38.31311
4915.31649133416  26.33219
4915.49003945346  1.23083
4915.66358757277  36.64675
4915.83713569207  -13.01848
4916.01068381138  25.5089
4916.18423193068  37.54388
4916.35778004998  40.89587
4916.53132816929  24.96393
4916.70487628859  1.931147
4916.8784244079  19.74251
4917.0519725272  15.0352
4917.2255206465  4.883337
4917.39906876581  37.02609
4917.57261688511  40.65984
4917.74616500441  19.47739
4917.91971312372  20.9758
4918.09326124302  9.236334
4918.26680936233  9.656291
4918.44035748163  37.8287
4918.61390560093  5.2847
4918.78745372024  58.60379
4918.96100183954  23.42655
4919.13454995885  44.15306
4919.30809807815  36.24027
4919.48164619745  -5.966282
4919.65519431676  -2.28775
4919.82874243606  18.93744
4920.00229055536  -5.49749
4920.17583867467  -34.6149
4920.34938679397  11.37623
4920.52293491328  41.32742
4920.69648303258  12.00026
4920.87003115188  44.58989
4921.04357927119  30.35318
4921.21712739049  46.09611
4921.3906755098  45.3121
4921.5642236291  47.73627
4921.7377717484  -19.45165
4921.91131986771  23.24995
4922.08486798701  12.90688
4922.25841610631  -3.895955
4922.43196422562  38.33419
4922.60551234492  5.640763
4922.77906046423  14.49751
4922.95260858353  32.93037
4923.12615670283  0.0655136
4923.29970482214  -7.873511
4923.47325294144  56.09828
4923.64680106075  13.08821
4923.82034918005  10.21074
4923.99389729935  27.94421
4924.16744541866  24.24514
4924.34099353796  20.45012
4924.51454165726  -2.20872
4924.68808977657  18.695
4924.86163789587  23.79123
4925.03518601518  45.64913
4925.20873413448  68.10055
4925.38228225378  60.69757
4925.55583037309  46.90987
4925.72937849239  7.134249
4925.9029266117  -20.04934
4926.076474731  35.61396
4926.2500228503  28.48218
4926.42357096961  12.466
4926.59711908891  41.11042
4926.77066720822  8.860489
4926.94421532752  7.278012
4927.11776344682  54.06063
4927.29131156613  27.52298
4927.46485968543  31.90917
4927.63840780473  12.33373
4927.81195592404  -11.41239
4927.98550404334  4.894239
4928.15905216265  21.63926
4928.33260028195  62.98965
4928.50614840125  29.59784
4928.67969652056  -11.6365
4928.85324463986  22.57056
4929.02679275917  17.47101
4929.20034087847  23.20271
4929.37388899777  43.28035
4929.54743711708  27.16186
4929.72098523638  45.27065
4929.89453335568  29.06364
4930.06808147499  -5.707912
4930.24162959429  -5.33216
4930.4151777136  40.95855
4930.5887258329  40.61213
4930.7622739522  9.389127
4930.93582207151  19.24732
4931.10937019081  4.842078
4931.28291831012  20.17888
4931.45646642942  23.78407
4931.63001454872  -4.251408
4931.80356266803  15.76858
4931.97711078733  7.671822
4932.15065890663  2.923603
4932.32420702594  -26.79019
4932.49775514524  12.77386
4932.67130326455  39.31179
4932.84485138385  1.628751
4933.01839950315  -12.07197
4933.19194762246  0.1961098
4933.36549574176  -0.4837937
4933.53904386106  10.48639
4933.71259198037  3.320081
4933.88614009967  16.15351
4934.05968821898  14.19015
4934.23323633828  56.82208
4934.40678445758  -13.57858
4934.58033257689  -10.87418
4934.75388069619  31.96336
4934.9274288155  12.80311
4935.1009769348  38.82575
4935.2745250541  32.47188
4935.44807317341  10.85642
4935.62162129271  -0.4290832
4935.79516941202  43.61394
4935.96871753132  20.694
4936.14226565062  19.07087
4936.31581376993  20.44823
4936.48936188923  -22.89736
4936.66291000853  -4.766149
4936.83645812784  21.31629
4937.01000624714  31.31229
4937.18355436645  -16.78995
4937.35710248575  16.11386
4937.53065060505  9.632795
4937.70419872436  -3.092566
4937.87774684366  6.031644
4938.05129496297  5.126576
4938.22484308227  37.7999
4938.39839120157  17.47318
4938.57193932088  3.644125
4938.74548744018  25.73949
4938.91903555948  31.61185
4939.09258367879  47.4413
4939.26613179809  31.62065
4939.4396799174  4.714667
4939.6132280367  32.57449
4939.786776156  27.74016
4939.96032427531  33.22913
4940.13387239461  26.13374
4940.30742051392  28.16762
4940.48096863322  32.30024
4940.65451675252  31.81694
4940.82806487183  -21.81229
4941.00161299113  23.28284
4941.17516111043  6.455204
4941.34870922974  -0.9127857
4941.52225734904  -3.653748
4941.69580546835  12.14056
4941.86935358765  -13.11255
4942.04290170695  7.66451
4942.21644982626  17.61183
4942.38999794556  21.783
4942.56354606487  29.17429
4942.73709418417  27.29351
4942.91064230347  -5.813975
4943.08419042278  24.93413
4943.25773854208  17.31459
4943.43128666138  19.36074
4943.60483478069  27.36597
4943.77838289999  3.579553
4943.95193101929  31.17323
4944.1254791386  6.063396
4944.2990272579  -9.932916
4944.47257537721  -40.96786
4944.64612349651  -6.247568
4944.81967161582  -10.18416
4944.99321973512  23.63178
4945.16676785442  3.809449
4945.34031597373  1.643286
4945.51386409303  9.93359
4945.68741221234  -6.257252
4945.86096033164  3.036291
