4768.3212342838  4.352652
4768.4947824031  4.365477
4768.66833052241  -10.05711
4768.84187864171  -8.772625
4769.01542676101  17.64824
4769.18897488032  11.0278
4769.36252299962  -31.15876
4769.53607111893  -12.24288
4769.70961923823  22.35622
4769.88316735753  8.492927
4770.05671547684  4.126132
4770.23026359614  -1.456819
4770.40381171545  5.07683
4770.57735983475  1.848865
4770.75090795405  -4.423738
4770.92445607336  22.72816
4771.09800419266  14.99466
4771.27155231197  -3.589455
4771.44510043127  -9.7995
4771.61864855057  -12.27626
4771.79219666988  -7.806054
4771.96574478918  13.77534
4772.13929290848  26.41472
4772.31284102779  19.67141
4772.48638914709  27.55939
4772.6599372664  33.55378
4772.8334853857  14.59621
4773.007033505  -0.7510676
4773.18058162431  27.60607
4773.35412974361  8.581752
4773.52767786291  24.70931
4773.70122598222  -3.429211
4773.87477410152  -8.849601
4774.04832222083  -0.1027605
4774.22187034013  10.34898
4774.39541845943  3.195196
4774.56896657874  -19.2465
4774.74251469804  -0.008098507
4774.91606281735  0.05758159
4775.08961093665  -1.278245
4775.26315905595  13.88585
4775.43670717526  6.868568
4775.61025529456  24.43414
4775.78380341386  8.620285
4775.95735153317  -10.95513
4776.13089965247  4.377255
4776.30444777178  47.94839
4776.47799589108  32.07408
4776.65154401038  -0.2061412
4776.82509212969  18.41677
4776.99864024899  15.8877
4777.1721883683  8.680479
4777.3457364876  39.99714
4777.5192846069  5.179935
4777.69283272621  -8.581722
4777.86638084551  29.72364
4778.03992896481  11.85899
4778.21347708412  18.98394
4778.38702520342  4.920611
4778.56057332273  1.869616
4778.73412144203  2.955212
4778.90766956133  -8.955601
4779.08121768064  -5.979162
4779.25476579994  -6.141118
4779.42831391925  -13.70204
4779.60186203855  3.421219
4779.77541015785  24.27562
4779.94895827716  35.04226
4780.12250639646  27.47976
4780.29605451577  21.78364
4780.46960263507  39.56553
4780.64315075437  12.34778
4780.81669887368  2.16021
4780.99024699298  0.6909909
4781.16379511228  3.476473
4781.33734323159  22.89649
4781.51089135089  16.47614
4781.6844394702  4.507883
4781.8579875895  -4.063179
4782.0315357088  -2.835778
4782.20508382811  34.30161
4782.37863194741  23.36866
4782.55218006672  5.596817
4782.72572818602  26.31169
4782.89927630532  11.93709
4783.07282442463  11.06599
4783.24637254393  12.67601
4783.41992066323  6.011138
4783.59346878254  19.51149
4783.76701690184  8.198637
4783.94056502115  14.6417
4784.11411314045  17.72728
4784.28766125975  19.11482
4784.46120937906  18.63433
4784.63475749836  -12.65786
4784.80830561767  -8.315769
4784.98185373697  15.20461
4785.15540185627  14.18155
4785.32894997558  -17.02052
4785.50249809488  -10.7049
4785.67604621419  17.13029
4785.84959433349  16.97163
4786.02314245279  37.54164
4786.1966905721  53.09234
4786.3702386914  29.21338
4786.5437868107  0.8423203
4786.71733493001  5.337568
4786.89088304931  11.86149
4787.06443116862  6.507247
4787.23797928792  -0.9884946
4787.41152740722  5.109078
4787.58507552653  28.9106
4787.75862364583  11.00242
4787.93217176513  2.900562
4788.10571988444  -32.57212
4788.27926800374  -6.568851
4788.45281612305  -5.469319
4788.62636424235  28.3263
4788.79991236165  18.91925
4788.97346048096  13.33008
4789.14700860026  20.86507
4789.32055671957  25.00784
4789.49410483887  33.57019
4789.66765295817  -0.331003
4789.84120107748  -18.67369
4790.01474919678  18.00936
4790.18829731608  15.52129
4790.36184543539  10.78624
4790.53539355469  12.96254
4790.708941674  18.4537
4790.8824897933  4.215231
4791.0560379126  3.494294
4791.22958603191  -24.99615
4791.40313415121  9.568592
4791.57668227051  32.91402
4791.75023038982  -0.7388263
4791.92377850912  -8.317127
4792.09732662843  17.79437
4792.27087474773  29.41413
4792.44442286703  18.48733
4792.61797098634  19.39945
4792.79151910564  28.65565
4792.96506722495  10.30623
4793.13861534425  -7.799795
4793.31216346355  4.466391
4793.48571158286  22.80617
4793.65925970216  -10.54051
4793.83280782146  -1.669527
4794.00635594077  24.66248
4794.17990406007  1.367274
4794.35345217938  29.92262
4794.52700029868  35.85853
4794.70054841798  20.67644
4794.87409653729  7.173927
4795.04764465659  19.45101
4795.2211927759  21.22696
4795.3947408952  6.283576
4795.5682890145  15.54713
4795.74183713381  23.45749
4795.91538525311  11.23648
4796.08893337241  -8.622138
4796.26248149172  -11.23391
4796.43602961102  21.99013
4796.60957773033  23.34207
4796.78312584963  14.77678
4796.95667396894  22.27598
4797.13022208824  -9.583543
4797.30377020754  14.95577
4797.47731832685  38.29629
4797.65086644615  31.71219
4797.82441456545  10.50307
4797.99796268476  13.62709
4798.17151080406  6.471913
4798.34505892337  -18.22143
4798.51860704267  -9.508459
4798.69215516197  15.08673
4798.86570328128  43.37411
4799.03925140058  52.59314
4799.21279951989  21.55257
4799.38634763919  37.27379
4799.55989575849  8.893697
4799.7334438778  19.3505
4799.9069919971  38.26092
4800.0805401164  -3.20956
4800.25408823571  -20.0537
4800.42763635501  7.802663
4800.60118447432  -0.8831506
4800.77473259362  27.1617
4800.94828071292  6.492334
4801.12182883223  8.294375
4801.29537695153  28.23978
4801.46892507083  21.87549
4801.64247319014  2.270303
4801.81602130944  -10.6008
4801.98956942875  14.5189
4802.16311754805  13.27626
4802.33666566735  0.6564598
4802.51021378666  3.856908
4802.68376190596  -16.12274
4802.85731002527  -5.356177
4803.03085814457  31.63373
4803.20440626387  14.83599
4803.37795438318  26.14038
4803.55150250248  35.86607
4803.72505062178  44.09837
4803.89859874109  27.8882
4804.07214686039  -1.280147
4804.2456949797  3.601398
4804.419243099  8.010534
4804.5927912183  25.05351
4804.76633933761  33.39133
4804.93988745691  34.70371
4805.11343557622  27.45842
4805.28698369552  19.35582
4805.46053181482  44.83971
4805.63407993413  12.8082
4805.80762805343  0.8978758
4805.98117617273  15.50534
4806.15472429204  15.55889
4806.32827241134  4.226015
4806.50182053065  57.05053
4806.67536864995  12.49302
4806.84891676925  32.24722
4807.02246488856  45.38941
4807.19601300786  40.1008
4807.36956112717  21.10162
4807.54310924647  34.06565
4807.71665736577  39.54765
4807.89020548508  25.53572
4808.06375360438  26.98135
4808.23730172369  26.0828
4808.41084984299  26.79273
4808.58439796229  23.57294
4808.7579460816  19.3065
4808.9314942009  25.79358
4809.1050423202  19.70534
4809.27859043951  42.4694
4809.45213855881  39.82507
4809.62568667812  37.77189
4809.79923479742  25.24275
4809.97278291672  29.92663
4810.14633103603  12.56456
4810.31987915533  52.32778
4810.49342727463  54.94764
4810.66697539394  24.42159
4810.84052351324  47.56884
4811.01407163255  22.32242
4811.18761975185  -1.759949
4811.36116787115  3.454937
4811.53471599046  2.053453
4811.70826410976  13.91717
4811.88181222907  26.81572
4812.05536034837  -6.571426
4812.22890846767  -12.0815
4812.40245658698  35.90888
4812.57600470628  30.01832
4812.74955282558  9.233123
4812.92310094489  27.15706
4813.09664906419  26.86661
4813.2701971835  20.74431
4813.4437453028  16.99922
4813.6172934221  9.58764
4813.79084154141  45.99656
4813.96438966071  38.84227
4814.13793778002  19.75009
4814.31148589932  30.94764
4814.48503401862  25.93932
4814.65858213793  44.03821
4814.83213025723  60.09159
4815.00567837653  32.71163
4815.17922649584  41.97573
4815.35277461514  13.97355
4815.52632273445  -8.849826
4815.69987085375  13.27077
4815.87341897305  10.99158
4816.04696709236  3.098636
4816.22051521166  21.77373
4816.39406333097  31.18337
4816.56761145027  29.8462
4816.74115956957  43.01855
4816.91470768888  42.01757
4817.08825580818  25.95608
4817.26180392749  17.48937
4817.43535204679  23.31611
4817.60890016609  39.38248
4817.7824482854  60.38829
4817.9559964047  60.15094
4818.12954452401  32.39768
4818.30309264331  12.05669
4818.47664076261  16.47562
4818.65018888192  18.40342
4818.82373700122  18.58843
4818.99728512052  24.50947
4819.17083323983  17.42572
4819.34438135913  15.02195
4819.51792947844  15.44267
4819.69147759774  16.92475
4819.86502571704  26.31681
4820.03857383635  22.83712
4820.21212195565  14.16911
4820.38567007495  25.34257
4820.55921819426  25.97353
4820.73276631356  10.01699
4820.90631443287  25.19774
4821.07986255217  42.66173
4821.25341067147  27.76098
4821.42695879078  26.56969
4821.60050691008  37.5023
4821.77405502939  45.01635
4821.94760314869  36.94521
4822.12115126799  45.97154
4822.2946993873  20.1594
4822.4682475066  38.20323
4822.6417956259  41.7447
4822.81534374521  27.273
4822.98889186451  50.73489
4823.16243998382  14.88176
4823.33598810312  8.260117
4823.50953622242  8.859894
4823.68308434173  30.84616
4823.85663246103  33.51725
4824.03018058034  27.80504
4824.20372869964  48.10902
4824.37727681894  40.28607
4824.55082493825  30.31399
4824.72437305755  46.45333
4824.89792117685  31.94703
4825.07146929616  7.714922
4825.24501741546  27.82984
4825.41856553477  38.77891
4825.59211365407  18.48552
4825.76566177337  27.02962
4825.93920989268  43.44049
4826.11275801198  41.73337
4826.28630613129  45.76459
4826.45985425059  30.69902
4826.63340236989  18.38673
4826.8069504892  19.69531
4826.9804986085  11.95668
4827.1540467278  24.01336
4827.32759484711  33.98092
4827.50114296641  31.04654
4827.67469108572  23.46314
4827.84823920502  36.48216
4828.02178732432  -7.075109
4828.19533544363  29.85466
4828.36888356293  31.58528
4828.54243168224  47.04005
4828.71597980154  47.38593
4828.88952792084  22.9761
4829.06307604015  33.00063
4829.23662415945  61.36432
4829.41017227875  32.74942
4829.58372039806  32.56006
4829.75726851736  24.69187
4829.93081663667  12.38652
4830.10436475597  60.75969
4830.27791287527  57.4094
4830.45146099458  27.70251
4830.62500911388  49.80242
4830.79855723319  51.1804
4830.97210535249  40.18465
4831.14565347179  59.78137
4831.3192015911  30.17253
4831.4927497104  -14.27623
4831.6662978297  7.810635
4831.83984594901  3.390302
4832.01339406831  34.993
4832.18694218762  43.9863
4832.36049030692  51.62976
4832.53403842622  36.7686
4832.70758654553  1.166168
4832.88113466483  0.05889967
4833.05468278414  32.1809
4833.22823090344  47.4325
4833.40177902274  21.86135
4833.57532714205  49.36921
4833.74887526135  20.95493
4833.92242338066  8.850229
4834.09597149996  29.07784
4834.26951961926  14.81848
4834.44306773857  34.90578
4834.61661585787  13.06883
4834.79016397717  12.39727
4834.96371209648  28.58127
4835.13726021578  23.07235
4835.31080833509  18.86783
4835.48435645439  40.2564
4835.65790457369  32.30407
4835.831452693  17.06657
4836.0050008123  6.961591
4836.17854893161  19.89576
4836.35209705091  32.7731
4836.52564517021  25.49787
4836.69919328952  25.9656
4836.87274140882  24.76482
4837.04628952812  20.55016
4837.21983764743  39.99784
4837.39338576673  67.04006
4837.56693388604  44.84559
4837.74048200534  30.54787
4837.91403012464  46.74848
4838.08757824395  28.99264
4838.26112636325  19.16735
4838.43467448255  0.7962149
4838.60822260186  11.00535
4838.78177072116  28.83168
4838.95531884047  42.30662
4839.12886695977  72.4574
4839.30241507907  31.28211
4839.47596319838  25.0738
4839.64951131768  37.2145
4839.82305943699  43.57653
4839.99660755629  47.79727
4840.17015567559  24.18887
4840.3437037949  57.77595
4840.5172519142  34.39082
4840.6908000335  -7.14647
4840.86434815281  19.19142
4841.03789627211  41.48022
4841.21144439142  22.50197
4841.38499251072  23.01185
4841.55854063002  32.47109
4841.73208874933  -5.152972
4841.90563686863  39.2599
4842.07918498794  48.57568
4842.25273310724  6.123699
4842.42628122654  41.60541
4842.59982934585  11.91029
4842.77337746515  28.28731
4842.94692558445  61.54657
4843.12047370376  36.6045
4843.29402182306  29.21194
4843.46756994237  26.40316
4843.64111806167  29.42026
4843.81466618097  49.10595
4843.98821430028  17.99036
4844.16176241958  11.14382
4844.33531053889  33.58818
4844.50885865819  29.9825
4844.68240677749  25.52461
4844.8559548968  38.00721
4845.0295030161  24.76821
4845.2030511354  4.543216
4845.37659925471  52.13455
4845.55014737401  76.47658
4845.72369549332  53.63484
4845.89724361262  59.04138
4846.07079173192  62.816
4846.24433985123  59.16068
4846.41788797053  35.46547
4846.59143608984  27.49475
4846.76498420914  45.38681
4846.93853232844  37.97715
4847.11208044775  36.74577
4847.28562856705  9.256179
4847.45917668636  5.964996
4847.63272480566  36.26072
4847.80627292496  16.71026
4847.97982104427  7.289939
4848.15336916357  22.58496
4848.32691728287  53.39225
4848.50046540218  60.20456
4848.67401352148  54.24901
4848.84756164079  35.49173
4849.02110976009  34.60672
4849.19465787939  44.0183
4849.3682059987  27.69426
4849.541754118  33.51799
4849.71530223731  52.515
4849.88885035661  40.91836
4850.06239847591  26.78471
4850.23594659522  29.96762
4850.40949471452  45.53881
4850.58304283382  23.99191
4850.75659095313  41.43034
4850.93013907243  47.88116
4851.10368719174  22.94528
4851.27723531104  66.96067
4851.45078343034  65.20056
4851.62433154965  76.80024
4851.79787966895  18.91591
4851.97142778826  44.76115
4852.14497590756  42.11963
4852.31852402686  47.54493
4852.49207214617  29.1317
4852.66562026547  64.11497
4852.83916838477  53.04614
4853.01271650408  47.79754
4853.18626462338  46.94872
4853.35981274269  34.38545
4853.53336086199  32.526
4853.70690898129  39.83316
4853.8804571006  29.32361
4854.0540052199  28.24141
4854.22755333921  39.81711
4854.40110145851  61.12893
4854.57464957781  43.93362
4854.74819769712  81.82816
4854.92174581642  59.30413
4855.09529393573  62.90761
4855.26884205503  68.31022
4855.44239017433  35.90406
4855.61593829364  62.65623
4855.78948641294  63.27142
4855.96303453224  43.46009
4856.13658265155  41.64997
4856.31013077085  44.72231
4856.48367889016  54.16089
4856.65722700946  74.41299
4856.83077512876  29.77443
4857.00432324807  42.04826
4857.17787136737  52.81409
4857.35141948667  37.14376
4857.52496760598  28.32223
4857.69851572528  56.0684
4857.87206384459  60.20535
4858.04561196389  60.88563
4858.21916008319  32.34669
4858.3927082025  31.1582
4858.5662563218  44.38651
4858.73980444111  44.91876
4858.91335256041  48.73131
4859.08690067971  41.83906
4859.26044879902  36.9807
4859.43399691832  24.46435
4859.60754503762  10.44381
4859.78109315693  48.67156
4859.95464127623  33.10132
4860.12818939554  43.54546
4860.30173751484  78.56837
4860.47528563414  56.05275
4860.64883375345  23.34397
4860.82238187275  22.30395
4860.99592999206  -0.9832528
4861.16947811136  -1.335583
4861.34302623066  22.31795
4861.51657434997  27.15172
4861.69012246927  4.993581
4861.86367058857  29.91446
4862.03721870788  46.83149
4862.21076682718  7.772332
4862.38431494649  33.76174
4862.55786306579  48.66612
4862.73141118509  68.52318
4862.9049593044  42.17506
4863.0785074237  12.85541
4863.25205554301  36.74874
4863.42560366231  53.61469
4863.59915178161  42.83684
4863.77269990092  37.4971
4863.94624802022  61.15312
4864.11979613952  56.88166
4864.29334425883  36.4194
4864.46689237813  53.33717
4864.64044049744  58.86002
4864.81398861674  43.41539
4864.98753673604  46.30598
4865.16108485535  41.63261
4865.33463297465  30.92406
4865.50818109396  48.05824
4865.68172921326  40.61176
4865.85527733256  17.8276
4866.02882545187  27.99974
4866.20237357117  14.94972
4866.37592169047  40.3972
4866.54946980978  52.82683
4866.72301792908  25.00898
4866.89656604839  30.49748
4867.07011416769  23.46383
4867.24366228699  11.66208
4867.4172104063  30.98728
4867.5907585256  64.31655
4867.7643066449  48.92435
4867.93785476421  43.66677
4868.11140288351  28.59785
4868.28495100282  30.0743
4868.45849912212  41.34439
4868.63204724142  54.49585
4868.80559536073  15.62425
4868.97914348003  23.49143
4869.15269159934  38.83632
4869.32623971864  44.07942
4869.49978783794  34.54125
4869.67333595725  41.73394
4869.84688407655  57.22029
4870.02043219586  26.39285
4870.19398031516  32.30885
4870.36752843446  48.62838
4870.54107655377  33.63661
4870.71462467307  61.43835
4870.88817279237  57.99227
4871.06172091168  72.41153
4871.23526903098  18.40423
4871.40881715029  20.71913
4871.58236526959  37.42657
4871.75591338889  28.88804
4871.9294615082  63.4357
4872.1030096275  44.81366
4872.27655774681  12.66423
4872.45010586611  38.97921
4872.62365398541  26.18226
4872.79720210472  49.62677
4872.97075022402  39.52932
4873.14429834332  28.77367
4873.31784646263  43.72508
4873.49139458193  32.30415
4873.66494270124  36.25439
4873.83849082054  12.2648
4874.01203893984  61.65751
4874.18558705915  60.60253
4874.35913517845  52.00827
4874.53268329776  11.72923
4874.70623141706  18.88572
4874.87977953636  6.29419
4875.05332765567  18.44601
4875.22687577497  37.13969
4875.40042389427  11.92188
4875.57397201358  43.27066
4875.74752013288  46.9915
4875.92106825219  28.17526
4876.09461637149  28.70927
4876.26816449079  51.56121
4876.4417126101  44.11739
4876.6152607294  60.30173
4876.78880884871  45.40338
4876.96235696801  34.89635
4877.13590508731  27.18021
4877.30945320662  41.27885
4877.48300132592  51.42413
4877.65654944523  43.48904
4877.83009756453  55.07193
4878.00364568383  42.34294
4878.17719380314  64.67593
4878.35074192244  58.67096
4878.52429004174  49.08928
4878.69783816105  32.30232
4878.87138628035  25.35906
4879.04493439966  44.25694
4879.21848251896  33.23676
4879.39203063826  12.13346
4879.56557875757  25.22087
4879.73912687687  14.3129
4879.91267499618  24.67039
4880.08622311548  21.5998
4880.25977123478  5.166823
4880.43331935409  0.3762702
4880.60686747339  5.844687
4880.78041559269  45.826
4880.953963712  60.86961
4881.1275118313  31.68791
4881.30105995061  32.98963
4881.47460806991  19.39136
4881.64815618921  27.98291
4881.82170430852  0.566444
4881.99525242782  21.71104
4882.16880054713  35.35498
4882.34234866643  34.27699
4882.51589678573  60.66789
4882.68944490504  28.69894
4882.86299302434  13.78493
4883.03654114364  47.3805
4883.21008926295  46.02586
4883.38363738225  29.41249
4883.55718550156  46.7081
4883.73073362086  34.36211
4883.90428174016  25.44618
4884.07782985947  20.61969
4884.25137797877  37.56166
4884.42492609808  44.61734
4884.59847421738  51.73766
4884.77202233668  52.24706
4884.94557045599  37.92646
4885.11911857529  33.59365
4885.29266669459  29.58058
4885.4662148139  31.26063
4885.6397629332  18.63447
4885.81331105251  20.41113
4885.98685917181  13.07458
4886.16040729111  27.55392
4886.33395541042  9.852658
4886.50750352972  27.46347
4886.68105164902  44.26745
4886.85459976833  19.66171
4887.02814788763  46.1977
4887.20169600694  43.62434
4887.37524412624  21.80288
4887.54879224554  34.56299
4887.72234036485  29.95464
4887.89588848415  55.94653
4888.06943660346  64.24873
4888.24298472276  10.2578
4888.41653284206  24.39629
4888.59008096137  23.38682
4888.76362908067  28.33526
4888.93717719998  55.67195
4889.11072531928  36.6486
4889.28427343858  29.8698
4889.45782155789  34.42596
4889.63136967719  46.55579
4889.80491779649  31.18778
4889.9784659158  16.59884
4890.1520140351  36.29644
4890.32556215441  25.97243
4890.49911027371  23.47786
4890.67265839301  47.71625
4890.84620651232  31.51203
4891.01975463162  52.4796
4891.19330275093  65.97354
4891.36685087023  44.75856
4891.54039898953  28.5982
4891.71394710884  31.70143
4891.88749522814  45.37434
4892.06104334744  19.78522
4892.23459146675  29.71659
4892.40813958605  44.59851
4892.58168770536  5.280059
4892.75523582466  -4.699152
4892.92878394396  -16.66429
4893.10233206327  6.81678
4893.27588018257  32.03076
4893.44942830188  40.0038
4893.62297642118  23.45947
4893.79652454048  19.2704
4893.97007265979  44.45565
4894.14362077909  34.67234
4894.31716889839  13.71394
4894.4907170177  9.185039
4894.664265137  -2.528208
4894.83781325631  21.65461
4895.01136137561  25.38864
4895.18490949491  25.47723
4895.35845761422  16.55953
4895.53200573352  20.38976
4895.70555385283  63.29525
4895.87910197213  36.87576
4896.05265009143  25.58081
4896.22619821074  9.905874
4896.39974633004  -2.751289
4896.57329444935  27.11181
4896.74684256865  7.583036
4896.92039068795  59.47668
4897.09393880726  21.82455
4897.26748692656  12.36233
4897.44103504586  38.86277
4897.61458316517  53.11052
4897.78813128447  28.95613
4897.96167940378  17.45255
4898.13522752308  23.83961
4898.30877564238  23.32722
4898.48232376169  35.82647
4898.65587188099  39.45327
4898.8294200003  23.2522
4899.0029681196  15.61037
4899.1765162389  17.81084
4899.35006435821  17.35944
4899.52361247751  34.01571
4899.69716059681  26.88887
4899.87070871612  27.42009
4900.04425683542  36.60238
4900.21780495473  45.39205
4900.39135307403  40.49247
4900.56490119333  15.02838
4900.73844931264  19.00914
4900.91199743194  18.0132
4901.08554555124  32.30383
4901.25909367055  45.08693
4901.43264178985  71.00686
4901.60618990916  39.97688
4901.77973802846  17.78403
4901.95328614776  1.173388
4902.12683426707  15.41304
4902.30038238637  25.62735
4902.47393050568  28.11853
4902.64747862498  9.871435
4902.82102674428  18.44102
4902.99457486359  35.68526
4903.16812298289  43.52866
4903.3416711022  24.60643
4903.5152192215  39.58032
4903.6887673408  30.2319
4903.86231546011  33.51808
4904.03586357941  36.88081
4904.20941169871  18.85022
4904.38295981802  37.68373
4904.55650793732  52.98352
4904.73005605663  28.43251
4904.90360417593  16.04009
4905.07715229523  23.92733
4905.25070041454  27.20289
4905.42424853384  44.44451
4905.59779665314  38.161
4905.77134477245  10.38393
4905.94489289175  14.14409
4906.11844101106  45.11021
4906.29198913036  48.27098
4906.46553724966  30.14866
4906.63908536897  33.17344
4906.81263348827  40.51104
4906.98618160757  26.84254
4907.15972972688  34.84265
4907.33327784618  50.31454
4907.50682596549  34.86584
4907.68037408479  11.9991
4907.8539222041  39.31309
4908.0274703234  52.18074
4908.2010184427  32.17908
4908.37456656201  13.48787
4908.54811468131  20.21429
4908.72166280061  13.16625
4908.89521091992  38.0004
4909.06875903922  40.0289
4909.24230715853  37.66172
4909.41585527783  19.92209
4909.58940339713  18.31456
4909.76295151644  -0.8976684
4909.93649963574  -1.895142
4910.11004775505  14.18577
4910.28359587435  -9.099168
4910.45714399365  18.0745
4910.63069211296  6.746627
4910.80424023226  26.76859
4910.97778835156  15.698
4911.15133647087  21.31095
4911.32488459017  39.1376
4911.49843270948  -4.151594
4911.67198082878  12.3074
4911.84552894808  19.6229
4912.01907706739  31.99576
4912.19262518669  24.58821
4912.366173306  -6.428575
4912.5397214253  33.04559
4912.7132695446  7.870331
4912.88681766391  17.95539
4913.06036578321  27.82417
4913.23391390251  3.056805
4913.40746202182  2.82753
4913.58101014112  53.79068
4913.75455826043  63.30499
4913.92810637973  40.23366
4914.10165449903  25.38678
4914.27520261834  13.32934
4914.44875073764  39.6954
4914.62229885694  39.29305
4914.79584697625  13.4336
4914.96939509555  53.52382
4915.14294321486  28.70229
4915.31649133416  3.925292
4915.49003945346  8.394045
4915.66358757277  25.62257
4915.83713569207  22.40716
4916.01068381138  -9.208488
4916.18423193068  19.11979
4916.35778004998  31.07522
4916.53132816929  19.12897
4916.70487628859  3.81105
4916.8784244079  13.9396
4917.0519725272  36.99004
4917.2255206465  15.47635
4917.39906876581  5.407957
4917.57261688511  30.56604
4917.74616500441  10.28522
4917.91971312372  8.665271
4918.09326124302  -9.800134
4918.26680936233  -0.4694425
4918.44035748163  11.00276
4918.61390560093  28.60402
4918.78745372024  48.19674
4918.96100183954  -11.6118
4919.13454995885  5.779604
4919.30809807815  18.72655
4919.48164619745  16.11034
4919.65519431676  16.13677
4919.82874243606  -0.5505677
4920.00229055536  16.80146
4920.17583867467  24.01974
4920.34938679397  12.52049
4920.52293491328  25.09626
4920.69648303258  25.91286
4920.87003115188  -7.986985
4921.04357927119  5.672728
4921.21712739049  2.788617
4921.3906755098  1.998024
4921.5642236291  -7.326854
4921.7377717484  17.51361
4921.91131986771  31.53436
4922.08486798701  4.688766
4922.25841610631  -3.982439
4922.43196422562  19.9409
4922.60551234492  26.06613
4922.77906046423  28.14527
4922.95260858353  18.32254
4923.12615670283  -4.279162
4923.29970482214  28.99155
4923.47325294144  28.68338
4923.64680106075  16.68829
4923.82034918005  18.48961
4923.99389729935  27.49508
4924.16744541866  43.54859
4924.34099353796  12.39636
4924.51454165726  24.92075
4924.68808977657  37.07133
4924.86163789587  11.08146
4925.03518601518  23.19234
4925.20873413448  44.96561
4925.38228225378  27.3561
4925.55583037309  17.18226
4925.72937849239  20.22655
4925.9029266117  35.9816
4926.076474731  47.3985
4926.2500228503  18.40291
4926.42357096961  -1.006611
4926.59711908891  3.680053
4926.77066720822  -13.64862
4926.94421532752  36.99728
4927.11776344682  13.0078
4927.29131156613  -8.220598
4927.46485968543  14.63012
4927.63840780473  42.86168
4927.81195592404  25.00071
4927.98550404334  -10.42265
4928.15905216265  6.688664
4928.33260028195  -5.889264
4928.50614840125  1.86542
4928.67969652056  10.78213
4928.85324463986  16.70837
4929.02679275917  20.98077
4929.20034087847  5.588652
4929.37388899777  -8.207686
4929.54743711708  -2.249598
4929.72098523638  23.42725
4929.89453335568  18.78415
4930.06808147499  14.94693
4930.24162959429  20.45121
4930.4151777136  12.5604
4930.5887258329  16.1305
4930.7622739522  0.6786925
4930.93582207151  5.484508
4931.10937019081  29.45928
4931.28291831012  16.35908
4931.45646642942  -5.129625
4931.63001454872  30.77083
4931.80356266803  34.02844
4931.97711078733  9.852376
4932.15065890663  -1.587749
4932.32420702594  23.02331
4932.49775514524  36.83067
4932.67130326455  21.09414
4932.84485138385  4.886844
4933.01839950315  -22.7982
4933.19194762246  -7.200939
4933.36549574176  12.50622
4933.53904386106  9.486479
4933.71259198037  -1.175378
4933.88614009967  -13.49853
4934.05968821898  -3.359988
4934.23323633828  5.96892
4934.40678445758  -5.115981
4934.58033257689  37.77065
4934.75388069619  4.375126
4934.9274288155  -2.280566
4935.1009769348  11.06391
4935.2745250541  -6.018221
4935.44807317341  6.563612
4935.62162129271  7.640052
4935.79516941202  13.93952
4935.96871753132  32.10814
4936.14226565062  6.505601
4936.31581376993  -1.044683
4936.48936188923  -3.602085
4936.66291000853  17.35489
4936.83645812784  -12.48895
4937.01000624714  -14.55738
4937.18355436645  12.6827
4937.35710248575  26.78878
4937.53065060505  -6.527599
4937.70419872436  10.14201
4937.87774684366  9.018921
4938.05129496297  15.5909
4938.22484308227  1.820587
4938.39839120157  2.349216
4938.57193932088  14.27308
4938.74548744018  17.7596
4938.91903555948  -6.268724
4939.09258367879  4.613351
4939.26613179809  -1.133144
4939.4396799174  5.040865
4939.6132280367  16.90128
4939.786776156  -8.925525
4939.96032427531  2.580329
4940.13387239461  20.44809
4940.30742051392  -0.9613717
4940.48096863322  4.638635
4940.65451675252  -5.560091
4940.82806487183  14.16206
4941.00161299113  39.52384
4941.17516111043  17.10449
4941.34870922974  3.35709
4941.52225734904  10.04187
4941.69580546835  7.087994
4941.86935358765  0.4715342
4942.04290170695  -17.22655
4942.21644982626  -19.6791
4942.38999794556  8.930423
4942.56354606487  -13.99208
4942.73709418417  5.31032
4942.91064230347  22.14245
4943.08419042278  8.13574
4943.25773854208  27.55287
4943.43128666138  2.687771
4943.60483478069  -6.656823
4943.77838289999  2.913859
4943.95193101929  16.88415
4944.1254791386  -4.813893
4944.2990272579  -39.83387
4944.47257537721  -6.237939
4944.64612349651  3.972252
4944.81967161582  23.11576
4944.99321973512  11.33651
4945.16676785442  18.50564
4945.34031597373  -6.226099
4945.51386409303  14.44752
4945.68741221234  16.12597
4945.86096033164  -7.103737
