4768.3212342838  7.26102
4768.4947824031  19.75216
4768.66833052241  32.7273
4768.84187864171  14.2409
4769.01542676101  45.39394
4769.18897488032  47.77355
4769.36252299962  -17.85478
4769.53607111893  -23.26468
4769.70961923823  -17.41315
4769.88316735753  -33.9219
4770.05671547684  4.296073
4770.23026359614  -3.637091
4770.40381171545  -15.16391
4770.57735983475  1.944513
4770.75090795405  37.50705
4770.92445607336  26.26788
4771.09800419266  13.50919
4771.27155231197  -8.825791
4771.44510043127  6.46935
4771.61864855057  -12.13785
4771.79219666988  -9.313235
4771.96574478918  13.26037
4772.13929290848  14.99797
4772.31284102779  27.9833
4772.48638914709  13.4932
4772.6599372664  38.66584
4772.8334853857  64.23289
4773.007033505  -5.943928
4773.18058162431  -8.781938
4773.35412974361  9.13832
4773.52767786291  -12.35438
4773.70122598222  -1.615985
4773.87477410152  36.86007
4774.04832222083  34.54047
4774.22187034013  23.81747
4774.39541845943  20.7537
4774.56896657874  15.90947
4774.74251469804  -4.399639
4774.91606281735  -47.90845
4775.08961093665  -13.85258
4775.26315905595  1.543557
4775.43670717526  -2.216478
4775.61025529456  -1.152424
4775.78380341386  -10.1899
4775.95735153317  -10.39554
4776.13089965247  -6.392805
4776.30444777178  21.85738
4776.47799589108  22.11744
4776.65154401038  16.25682
4776.82509212969  -1.823125
4776.99864024899  -20.7681
4777.1721883683  8.001023
4777.3457364876  18.47471
4777.5192846069  43.29805
4777.69283272621  2.115271
4777.86638084551  14.58848
4778.03992896481  46.52789
4778.21347708412  7.960236
4778.38702520342  19.44047
4778.56057332273  8.483774
4778.73412144203  14.83581
4778.90766956133  29.75498
4779.08121768064  27.69912
4779.25476579994  -6.514718
4779.42831391925  -21.2828
4779.60186203855  20.52945
4779.77541015785  12.78652
4779.94895827716  5.592138
4780.12250639646  33.42878
4780.29605451577  66.79134
4780.46960263507  -18.58484
4780.64315075437  11.45276
4780.81669887368  35.42124
4780.99024699298  -22.0309
4781.16379511228  -15.88598
4781.33734323159  20.91705
4781.51089135089  -13.57961
4781.6844394702  6.312633
4781.8579875895  42.09265
4782.0315357088  -3.414593
4782.20508382811  21.57579
4782.37863194741  48.03272
4782.55218006672  6.554831
4782.72572818602  34.59848
4782.89927630532  44.42939
4783.07282442463  27.61523
4783.24637254393  0.01607202
4783.41992066323  9.624375
4783.59346878254  44.7156
4783.76701690184  18.46308
4783.94056502115  -15.88198
4784.11411314045  -30.6148
4784.28766125975  -8.963503
4784.46120937906  9.244802
4784.63475749836  -3.960226
4784.80830561767  21.88638
4784.98185373697  23.50263
4785.15540185627  19.82374
4785.32894997558  28.03388
4785.50249809488  -3.019195
4785.67604621419  28.05217
4785.84959433349  31.74396
4786.02314245279  35.54257
4786.1966905721  42.7907
4786.3702386914  18.78962
4786.5437868107  23.14058
4786.71733493001  9.071214
4786.89088304931  2.142256
4787.06443116862  16.6686
4787.23797928792  -3.774046
4787.41152740722  0.2011702
4787.58507552653  14.09423
4787.75862364583  2.696758
4787.93217176513  6.491967
4788.10571988444  30.58002
4788.27926800374  38.95761
4788.45281612305  56.18664
4788.62636424235  38.1684
4788.79991236165  -35.24649
4788.97346048096  -57.89176
4789.14700860026  -11.89474
4789.32055671957  6.406247
4789.49410483887  23.79419
4789.66765295817  20.03955
4789.84120107748  16.29521
4790.01474919678  34.23813
4790.18829731608  13.98033
4790.36184543539  26.40183
4790.53539355469  1.933759
4790.708941674  35.9551
4790.8824897933  30.41891
4791.0560379126  -5.870704
4791.22958603191  13.77341
4791.40313415121  18.45188
4791.57668227051  41.96165
4791.75023038982  11.70891
4791.92377850912  33.06107
4792.09732662843  52.01495
4792.27087474773  25.89216
4792.44442286703  16.74225
4792.61797098634  18.36749
4792.79151910564  34.7434
4792.96506722495  62.20365
4793.13861534425  59.71738
4793.31216346355  32.6415
4793.48571158286  2.694112
4793.65925970216  6.665452
4793.83280782146  22.66892
4794.00635594077  -11.30303
4794.17990406007  0.1107673
4794.35345217938  -6.125768
4794.52700029868  9.145591
4794.70054841798  49.99574
4794.87409653729  53.77164
4795.04764465659  8.37968
4795.2211927759  18.64799
4795.3947408952  31.39437
4795.5682890145  20.08186
4795.74183713381  28.37687
4795.91538525311  8.905355
4796.08893337241  18.04717
4796.26248149172  5.011461
4796.43602961102  32.20361
4796.60957773033  67.4136
4796.78312584963  46.54789
4796.95667396894  10.62949
4797.13022208824  11.94219
4797.30377020754  25.17506
4797.47731832685  51.98771
4797.65086644615  25.42901
4797.82441456545  20.2401
4797.99796268476  11.46823
4798.17151080406  4.419518
4798.34505892337  -15.60087
4798.51860704267  -19.79626
4798.69215516197  13.41505
4798.86570328128  15.23879
4799.03925140058  34.77429
4799.21279951989  40.83451
4799.38634763919  45.20841
4799.55989575849  67.13184
4799.7334438778  33.32645
4799.9069919971  21.73471
4800.0805401164  36.95229
4800.25408823571  16.86596
4800.42763635501  -3.914216
4800.60118447432  -7.4908
4800.77473259362  33.36561
4800.94828071292  16.22871
4801.12182883223  -10.52549
4801.29537695153  -9.61035
4801.46892507083  7.484708
4801.64247319014  29.39917
4801.81602130944  15.32853
4801.98956942875  0.1485624
4802.16311754805  38.00351
4802.33666566735  53.16677
4802.51021378666  -3.069431
4802.68376190596  29.8893
4802.85731002527  37.08802
4803.03085814457  17.74562
4803.20440626387  -53.19256
4803.37795438318  25.19983
4803.55150250248  32.06386
4803.72505062178  11.91155
4803.89859874109  -1.721829
4804.07214686039  24.76646
4804.2456949797  45.54487
4804.419243099  48.67765
4804.5927912183  51.96852
4804.76633933761  45.01694
4804.93988745691  33.60056
4805.11343557622  18.02578
4805.28698369552  30.81908
4805.46053181482  51.42489
4805.63407993413  22.66877
4805.80762805343  22.2873
4805.98117617273  -1.386001
4806.15472429204  15.62146
4806.32827241134  30.05361
4806.50182053065  38.7485
4806.67536864995  57.73986
4806.84891676925  29.5317
4807.02246488856  33.35416
4807.19601300786  36.38741
4807.36956112717  57.94263
4807.54310924647  66.75691
4807.71665736577  41.35781
4807.89020548508  45.81457
4808.06375360438  37.27397
4808.23730172369  29.13627
4808.41084984299  24.44248
4808.58439796229  30.09592
4808.7579460816  32.26857
4808.9314942009  11.8781
4809.1050423202  56.89132
4809.27859043951  32.02114
4809.45213855881  -1.734386
4809.62568667812  -12.53955
4809.79923479742  61.11287
4809.97278291672  33.35017
4810.14633103603  -6.147255
4810.31987915533  56.57633
4810.49342727463  64.61729
4810.66697539394  39.44141
4810.84052351324  39.18084
4811.01407163255  7.651551
4811.18761975185  -23.50971
4811.36116787115  -29.78563
4811.53471599046  20.47117
4811.70826410976  12.98863
4811.88181222907  2.789863
4812.05536034837  15.66506
4812.22890846767  1.786343
4812.40245658698  27.84893
4812.57600470628  49.34317
4812.74955282558  19.39294
4812.92310094489  0.2565157
4813.09664906419  60.41334
4813.2701971835  54.17172
4813.4437453028  17.21417
4813.6172934221  2.805798
4813.79084154141  7.668562
4813.96438966071  43.84508
4814.13793778002  11.57636
4814.31148589932  33.11078
4814.48503401862  19.4768
4814.65858213793  5.123736
4814.83213025723  72.81448
4815.00567837653  77.457
4815.17922649584  27.43099
4815.35277461514  18.35106
4815.52632273445  12.75069
4815.69987085375  23.96753
4815.87341897305  43.11325
4816.04696709236  31.72462
4816.22051521166  34.83582
4816.39406333097  32.06509
4816.56761145027  34.1428
4816.74115956957  46.9034
4816.91470768888  30.48932
4817.08825580818  74.21997
4817.26180392749  30.87909
4817.43535204679  44.88015
4817.60890016609  79.0733
4817.7824482854  16.29791
4817.9559964047  22.66553
4818.12954452401  13.20366
4818.30309264331  30.54677
4818.47664076261  52.83374
4818.65018888192  56.09031
4818.82373700122  53.72569
4818.99728512052  65.29362
4819.17083323983  61.5491
4819.34438135913  14.82497
4819.51792947844  5.935935
4819.69147759774  30.55395
4819.86502571704  51.24254
4820.03857383635  46.71042
4820.21212195565  22.51381
4820.38567007495  43.652
4820.55921819426  63.93231
4820.73276631356  29.29688
4820.90631443287  -1.099491
4821.07986255217  2.921562
4821.25341067147  19.72539
4821.42695879078  -7.151427
4821.60050691008  -8.150864
4821.77405502939  11.21506
4821.94760314869  46.13762
4822.12115126799  80.52373
4822.2946993873  36.55735
4822.4682475066  17.53024
4822.6417956259  22.86294
4822.81534374521  52.85876
4822.98889186451  64.30096
4823.16243998382  38.29716
4823.33598810312  2.646114
4823.50953622242  17.06449
4823.68308434173  60.83772
4823.85663246103  18.59001
4824.03018058034  11.73621
4824.20372869964  45.12871
4824.37727681894  61.14418
4824.55082493825  39.29311
4824.72437305755  21.64337
4824.89792117685  56.52775
4825.07146929616  57.10023
4825.24501741546  68.95579
4825.41856553477  47.90328
4825.59211365407  5.322276
4825.76566177337  54.26556
4825.93920989268  33.75509
4826.11275801198  13.63047
4826.28630613129  0.172511
4826.45985425059  21.86751
4826.63340236989  58.81379
4826.8069504892  67.07677
4826.9804986085  30.92086
4827.1540467278  37.65945
4827.32759484711  55.97783
4827.50114296641  49.661
4827.67469108572  22.08772
4827.84823920502  15.6336
4828.02178732432  31.17032
4828.19533544363  61.04262
4828.36888356293  34.98825
4828.54243168224  20.03789
4828.71597980154  36.97977
4828.88952792084  35.57354
4829.06307604015  61.01078
4829.23662415945  53.71964
4829.41017227875  58.12542
4829.58372039806  41.9013
4829.75726851736  39.67521
4829.93081663667  42.11444
4830.10436475597  69.75759
4830.27791287527  87.25808
4830.45146099458  60.54637
4830.62500911388  37.58557
4830.79855723319  11.89198
4830.97210535249  25.86024
4831.14565347179  45.73333
4831.3192015911  44.00084
4831.4927497104  44.40025
4831.6662978297  24.95156
4831.83984594901  70.50378
4832.01339406831  46.05715
4832.18694218762  22.20646
4832.36049030692  50.75777
4832.53403842622  46.16856
4832.70758654553  12.56391
4832.88113466483  36.67402
4833.05468278414  44.32362
4833.22823090344  21.688
4833.40177902274  28.92472
4833.57532714205  27.47839
4833.74887526135  -2.345398
4833.92242338066  26.94122
4834.09597149996  43.18986
4834.26951961926  42.54234
4834.44306773857  38.37312
4834.61661585787  26.18653
4834.79016397717  5.075011
4834.96371209648  21.31917
4835.13726021578  33.20969
4835.31080833509  28.93727
4835.48435645439  44.9823
4835.65790457369  50.10516
4835.831452693  51.47102
4836.0050008123  18.97571
4836.17854893161  17.21338
4836.35209705091  43.64888
4836.52564517021  48.74155
4836.69919328952  56.61501
4836.87274140882  40.93905
4837.04628952812  39.34201
4837.21983764743  82.25052
4837.39338576673  52.43204
4837.56693388604  6.458654
4837.74048200534  59.43262
4837.91403012464  95.98217
4838.08757824395  91.12434
4838.26112636325  65.99569
4838.43467448255  33.05142
4838.60822260186  42.07504
4838.78177072116  16.95354
4838.95531884047  36.93615
4839.12886695977  27.98712
4839.30241507907  26.25917
4839.47596319838  45.38943
4839.64951131768  47.38617
4839.82305943699  71.98758
4839.99660755629  39.86283
4840.17015567559  23.66102
4840.3437037949  35.10978
4840.5172519142  43.55167
4840.6908000335  14.9266
4840.86434815281  8.222439
4841.03789627211  -7.589842
4841.21144439142  28.04774
4841.38499251072  30.6524
4841.55854063002  -1.083623
4841.73208874933  24.81197
4841.90563686863  51.0406
4842.07918498794  3.282293
4842.25273310724  29.37345
4842.42628122654  55.19679
4842.59982934585  29.51409
4842.77337746515  55.23249
4842.94692558445  61.81108
4843.12047370376  50.45502
4843.29402182306  43.40923
4843.46756994237  23.54977
4843.64111806167  41.54089
4843.81466618097  34.97703
4843.98821430028  66.05994
4844.16176241958  69.06948
4844.33531053889  63.56665
4844.50885865819  64.2505
4844.68240677749  68.67742
4844.8559548968  32.43819
4845.0295030161  2.844795
4845.2030511354  39.06982
4845.37659925471  72.53998
4845.55014737401  76.91403
4845.72369549332  42.6165
4845.89724361262  40.98478
4846.07079173192  74.93605
4846.24433985123  65.59488
4846.41788797053  45.36381
4846.59143608984  56.90936
4846.76498420914  58.80784
4846.93853232844  31.15859
4847.11208044775  58.30865
4847.28562856705  67.72189
4847.45917668636  54.1353
4847.63272480566  76.47388
4847.80627292496  58.43203
4847.97982104427  66.25001
4848.15336916357  35.07329
4848.32691728287  14.57236
4848.50046540218  64.2618
4848.67401352148  78.87363
4848.84756164079  45.1038
4849.02110976009  38.37061
4849.19465787939  41.08072
4849.3682059987  64.69973
4849.541754118  42.05604
4849.71530223731  39.84443
4849.88885035661  65.65234
4850.06239847591  70.15633
4850.23594659522  30.04561
4850.40949471452  39.26769
4850.58304283382  69.22988
4850.75659095313  64.87498
4850.93013907243  88.67478
4851.10368719174  34.83503
4851.27723531104  87.06992
4851.45078343034  80.70506
4851.62433154965  68.59577
4851.79787966895  94.99132
4851.97142778826  110.4125
4852.14497590756  99.80769
4852.31852402686  80.42396
4852.49207214617  51.65704
4852.66562026547  63.77062
4852.83916838477  33.65814
4853.01271650408  66.24639
4853.18626462338  76.0688
4853.35981274269  50.76727
4853.53336086199  86.26618
4853.70690898129  69.61804
4853.8804571006  110.0631
4854.0540052199  85.77956
4854.22755333921  64.14568
4854.40110145851  79.70914
4854.57464957781  46.01707
4854.74819769712  82.00811
4854.92174581642  113.1527
4855.09529393573  74.32304
4855.26884205503  75.69428
4855.44239017433  76.50677
4855.61593829364  84.08061
4855.78948641294  79.39285
4855.96303453224  58.41697
4856.13658265155  30.36015
4856.31013077085  28.48495
4856.48367889016  102.6068
4856.65722700946  108.7192
4856.83077512876  71.36372
4857.00432324807  65.74187
4857.17787136737  54.09566
4857.35141948667  50.43533
4857.52496760598  24.40065
4857.69851572528  88.16838
4857.87206384459  68.49046
4858.04561196389  80.3345
4858.21916008319  65.41335
4858.3927082025  21.49233
4858.5662563218  98.79856
4858.73980444111  106.3019
4858.91335256041  84.76114
4859.08690067971  73.50392
4859.26044879902  38.16819
4859.43399691832  28.56682
4859.60754503762  44.70927
4859.78109315693  5.784825
4859.95464127623  15.5536
4860.12818939554  44.14572
4860.30173751484  88.12582
4860.47528563414  87.33316
4860.64883375345  66.05809
4860.82238187275  32.08721
4860.99592999206  62.425
4861.16947811136  67.14717
4861.34302623066  57.18364
4861.51657434997  58.87607
4861.69012246927  -4.653685
4861.86367058857  17.64866
4862.03721870788  57.87611
4862.21076682718  46.45255
4862.38431494649  70.38152
4862.55786306579  101.7647
4862.73141118509  69.55545
4862.9049593044  82.18665
4863.0785074237  109.4147
4863.25205554301  79.62968
4863.42560366231  61.64269
4863.59915178161  63.55729
4863.77269990092  67.25802
4863.94624802022  53.77134
4864.11979613952  82.59769
4864.29334425883  56.59542
4864.46689237813  57.48704
4864.64044049744  55.72356
4864.81398861674  66.64401
4864.98753673604  56.53726
4865.16108485535  69.66853
4865.33463297465  73.03014
4865.50818109396  50.92342
4865.68172921326  71.73249
4865.85527733256  71.45744
4866.02882545187  76.78853
4866.20237357117  81.18185
4866.37592169047  77.51448
4866.54946980978  60.05142
4866.72301792908  28.36972
4866.89656604839  71.86405
4867.07011416769  58.91424
4867.24366228699  51.28156
4867.4172104063  75.74377
4867.5907585256  40.39669
4867.7643066449  18.14266
4867.93785476421  20.66347
4868.11140288351  4.200641
4868.28495100282  18.11762
4868.45849912212  57.89079
4868.63204724142  71.65363
4868.80559536073  60.66628
4868.97914348003  95.09187
4869.15269159934  109.0422
4869.32623971864  49.83274
4869.49978783794  48.47498
4869.67333595725  75.39609
4869.84688407655  78.27869
4870.02043219586  76.43947
4870.19398031516  74.11068
4870.36752843446  80.2899
4870.54107655377  40.89931
4870.71462467307  75.90136
4870.88817279237  38.49413
4871.06172091168  68.47436
4871.23526903098  69.51148
4871.40881715029  108.9619
4871.58236526959  60.10196
4871.75591338889  92.68872
4871.9294615082  91.32873
4872.1030096275  46.14154
4872.27655774681  22.3347
4872.45010586611  52.84363
4872.62365398541  62.6641
4872.79720210472  68.33244
4872.97075022402  29.85772
4873.14429834332  42.80777
4873.31784646263  34.72623
4873.49139458193  40.93002
4873.66494270124  44.11997
4873.83849082054  28.65149
4874.01203893984  40.92242
4874.18558705915  37.61078
4874.35913517845  19.01696
4874.53268329776  90.18488
4874.70623141706  53.21667
4874.87977953636  76.89415
4875.05332765567  57.4012
4875.22687577497  41.86114
4875.40042389427  75.95836
4875.57397201358  89.34718
4875.74752013288  31.73807
4875.92106825219  26.02969
4876.09461637149  19.50884
4876.26816449079  41.233
4876.4417126101  51.69098
4876.6152607294  35.67022
4876.78880884871  47.11301
4876.96235696801  67.21768
4877.13590508731  48.0893
4877.30945320662  49.41672
4877.48300132592  47.68935
4877.65654944523  56.79275
4877.83009756453  35.34425
4878.00364568383  -1.331814
4878.17719380314  48.85258
4878.35074192244  90.27364
4878.52429004174  54.10523
4878.69783816105  49.08062
4878.87138628035  62.11541
4879.04493439966  28.2122
4879.21848251896  45.95237
4879.39203063826  67.91479
4879.56557875757  47.30254
4879.73912687687  30.70622
4879.91267499618  57.53528
4880.08622311548  72.86249
4880.25977123478  32.67256
4880.43331935409  31.00515
4880.60686747339  60.43042
4880.78041559269  41.72558
4880.953963712  58.82305
4881.1275118313  46.24072
4881.30105995061  -3.901791
4881.47460806991  46.81073
4881.64815618921  39.32642
4881.82170430852  53.38651
4881.99525242782  48.75119
4882.16880054713  44.73984
4882.34234866643  29.12278
4882.51589678573  30.87012
4882.68944490504  26.12997
4882.86299302434  113.7787
4883.03654114364  77.12955
4883.21008926295  56.80842
4883.38363738225  63.84278
4883.55718550156  37.92211
4883.73073362086  38.95716
4883.90428174016  64.58446
4884.07782985947  85.66455
4884.25137797877  52.87889
4884.42492609808  72.69547
4884.59847421738  57.02674
4884.77202233668  58.94397
4884.94557045599  64.22329
4885.11911857529  44.33743
4885.29266669459  52.73268
4885.4662148139  36.81108
4885.6397629332  54.06517
4885.81331105251  83.89611
4885.98685917181  65.79527
4886.16040729111  79.25118
4886.33395541042  51.39169
4886.50750352972  14.41823
4886.68105164902  24.35539
4886.85459976833  75.81593
4887.02814788763  39.81745
4887.20169600694  25.64642
4887.37524412624  59.46979
4887.54879224554  52.20884
4887.72234036485  34.27596
4887.89588848415  35.17455
4888.06943660346  76.59126
4888.24298472276  72.05034
4888.41653284206  48.22466
4888.59008096137  44.95775
4888.76362908067  44.25242
4888.93717719998  50.37865
4889.11072531928  39.84036
4889.28427343858  45.89852
4889.45782155789  36.40909
4889.63136967719  67.49854
4889.80491779649  64.82632
4889.9784659158  73.89124
4890.1520140351  5.324054
4890.32556215441  9.413374
4890.49911027371  37.5504
4890.67265839301  13.23271
4890.84620651232  4.83846
4891.01975463162  41.52831
4891.19330275093  41.07956
4891.36685087023  45.4978
4891.54039898953  26.13831
4891.71394710884  -6.98243
4891.88749522814  41.28519
4892.06104334744  42.19593
4892.23459146675  51.74427
4892.40813958605  84.72997
4892.58168770536  50.68188
4892.75523582466  26.94286
4892.92878394396  48.94951
4893.10233206327  74.19159
4893.27588018257  71.77035
4893.44942830188  50.38008
4893.62297642118  25.58743
4893.79652454048  -6.665691
4893.97007265979  51.79993
4894.14362077909  110.0869
4894.31716889839  59.77008
4894.4907170177  44.19855
4894.664265137  52.81086
4894.83781325631  21.05639
4895.01136137561  18.45623
4895.18490949491  53.89325
4895.35845761422  61.12204
4895.53200573352  44.85139
4895.70555385283  69.97813
4895.87910197213  22.35076
4896.05265009143  45.11346
4896.22619821074  36.32581
4896.39974633004  71.77155
4896.57329444935  85.45889
4896.74684256865  42.72383
4896.92039068795  46.6101
4897.09393880726  46.34256
4897.26748692656  36.66505
4897.44103504586  70.19835
4897.61458316517  62.68974
4897.78813128447  68.39194
4897.96167940378  57.05296
4898.13522752308  32.35987
4898.30877564238  27.93403
4898.48232376169  56.08106
4898.65587188099  35.29823
4898.8294200003  7.534941
4899.0029681196  63.84714
4899.1765162389  60.01883
4899.35006435821  12.27724
4899.52361247751  50.29138
4899.69716059681  66.89866
4899.87070871612  22.7005
4900.04425683542  42.83549
4900.21780495473  26.75739
4900.39135307403  42.57328
4900.56490119333  -8.883327
4900.73844931264  40.99572
4900.91199743194  29.75896
4901.08554555124  47.44285
4901.25909367055  42.35544
4901.43264178985  24.60469
4901.60618990916  10.53315
4901.77973802846  41.76236
4901.95328614776  -1.901169
4902.12683426707  38.80954
4902.30038238637  6.887656
4902.47393050568  19.51468
4902.64747862498  50.19233
4902.82102674428  28.53262
4902.99457486359  67.94395
4903.16812298289  78.76229
4903.3416711022  38.07524
4903.5152192215  -1.910637
4903.6887673408  12.94777
4903.86231546011  42.48481
4904.03586357941  34.09208
4904.20941169871  33.09899
4904.38295981802  30.27702
4904.55650793732  61.41998
4904.73005605663  31.17051
4904.90360417593  37.05989
4905.07715229523  22.60008
4905.25070041454  63.19694
4905.42424853384  27.83841
4905.59779665314  54.29662
4905.77134477245  49.5978
4905.94489289175  42.36627
4906.11844101106  62.98616
4906.29198913036  28.09498
4906.46553724966  13.28757
4906.63908536897  22.83925
4906.81263348827  29.91378
4906.98618160757  38.66421
4907.15972972688  28.8662
4907.33327784618  17.70519
4907.50682596549  20.41197
4907.68037408479  22.04669
4907.8539222041  -8.246416
4908.0274703234  35.95867
4908.2010184427  5.724262
4908.37456656201  68.80112
4908.54811468131  75.82433
4908.72166280061  17.69212
4908.89521091992  5.265558
4909.06875903922  57.82758
4909.24230715853  -0.1474469
4909.41585527783  20.11281
4909.58940339713  24.02904
4909.76295151644  36.49924
4909.93649963574  37.43816
4910.11004775505  36.19525
4910.28359587435  -6.374789
4910.45714399365  -4.630782
4910.63069211296  28.50108
4910.80424023226  38.86657
4910.97778835156  -4.248198
4911.15133647087  -10.07802
4911.32488459017  39.82689
4911.49843270948  19.62904
4911.67198082878  -5.54413
4911.84552894808  33.71218
4912.01907706739  78.06445
4912.19262518669  35.26509
4912.366173306  37.22136
4912.5397214253  50.64571
4912.7132695446  -7.536633
4912.88681766391  33.18883
4913.06036578321  36.69238
4913.23391390251  32.45327
4913.40746202182  -2.240863
4913.58101014112  10.6522
4913.75455826043  44.24812
4913.92810637973  28.16422
4914.10165449903  3.275066
4914.27520261834  45.15335
4914.44875073764  13.61072
4914.62229885694  40.83585
4914.79584697625  28.74919
4914.96939509555  28.15696
4915.14294321486  -2.766622
4915.31649133416  7.505698
4915.49003945346  28.77925
4915.66358757277  38.95263
4915.83713569207  21.42337
4916.01068381138  29.79602
4916.18423193068  41.21562
4916.35778004998  28.05983
4916.53132816929  51.05236
4916.70487628859  74.24657
4916.8784244079  24.52152
4917.0519725272  -6.322564
4917.2255206465  8.627465
4917.39906876581  21.07372
4917.57261688511  43.27659
4917.74616500441  32.91897
4917.91971312372  -0.2577929
4918.09326124302  58.85545
4918.26680936233  22.69737
4918.44035748163  71.3166
4918.61390560093  48.77345
4918.78745372024  86.1427
4918.96100183954  55.52567
4919.13454995885  12.90867
4919.30809807815  16.46019
4919.48164619745  14.67903
4919.65519431676  18.92374
4919.82874243606  39.21104
4920.00229055536  9.52869
4920.17583867467  -7.866474
4920.34938679397  10.52154
4920.52293491328  44.16961
4920.69648303258  46.75275
4920.87003115188  49.76744
4921.04357927119  18.14091
4921.21712739049  -2.397126
4921.3906755098  35.4294
4921.5642236291  -4.261951
4921.7377717484  7.733093
4921.91131986771  36.0769
4922.08486798701  26.6277
4922.25841610631  25.07492
4922.43196422562  15.57437
4922.60551234492  1.811084
4922.77906046423  4.098073
4922.95260858353  -4.71303
4923.12615670283  -0.7822123
4923.29970482214  17.8217
4923.47325294144  21.20147
4923.64680106075  -1.271202
4923.82034918005  2.130736
4923.99389729935  30.96788
4924.16744541866  41.58969
4924.34099353796  40.44059
4924.51454165726  31.39734
4924.68808977657  23.11409
4924.86163789587  -6.391346
4925.03518601518  24.6077
4925.20873413448  47.67292
4925.38228225378  -0.174906
4925.55583037309  0.8897086
4925.72937849239  -17.13023
4925.9029266117  -24.79976
4926.076474731  33.93993
4926.2500228503  17.51176
4926.42357096961  1.616809
4926.59711908891  -11.91632
4926.77066720822  -0.7643531
4926.94421532752  -25.42653
4927.11776344682  -4.926528
4927.29131156613  -4.587333
4927.46485968543  46.31783
4927.63840780473  53.25188
4927.81195592404  44.77585
4927.98550404334  17.61124
4928.15905216265  22.9339
4928.33260028195  9.456771
4928.50614840125  15.75464
4928.67969652056  37.56444
4928.85324463986  33.6679
4929.02679275917  -1.056074
4929.20034087847  17.30745
4929.37388899777  45.18381
4929.54743711708  62.46186
4929.72098523638  45.56887
4929.89453335568  21.44281
4930.06808147499  33.34775
4930.24162959429  55.10381
4930.4151777136  22.0021
4930.5887258329  -2.882894
4930.7622739522  2.229016
4930.93582207151  18.41897
4931.10937019081  -13.45708
4931.28291831012  27.00821
4931.45646642942  56.47314
4931.63001454872  10.93443
4931.80356266803  0.9884545
4931.97711078733  17.99506
4932.15065890663  46.30344
4932.32420702594  19.16632
4932.49775514524  3.965961
4932.67130326455  45.20993
4932.84485138385  20.0754
4933.01839950315  -12.27085
4933.19194762246  27.39523
4933.36549574176  -8.72612
4933.53904386106  21.80103
4933.71259198037  2.750715
4933.88614009967  23.44995
4934.05968821898  11.959
4934.23323633828  -19.5995
4934.40678445758  -21.56279
4934.58033257689  -11.39694
4934.75388069619  45.10263
4934.9274288155  37.85336
4935.1009769348  12.58774
4935.2745250541  -13.11181
4935.44807317341  15.00732
4935.62162129271  13.17555
4935.79516941202  -8.70728
4935.96871753132  26.92725
4936.14226565062  35.21163
4936.31581376993  -11.81748
4936.48936188923  4.124149
4936.66291000853  17.41842
4936.83645812784  -11.28274
4937.01000624714  -7.98269
4937.18355436645  5.206104
4937.35710248575  61.50906
4937.53065060505  6.275472
4937.70419872436  -36.71175
4937.87774684366  4.475974
4938.05129496297  38.26075
4938.22484308227  40.54633
4938.39839120157  17.83447
4938.57193932088  -9.935519
4938.74548744018  -14.86863
4938.91903555948  -15.47048
4939.09258367879  -16.2456
4939.26613179809  -34.60924
4939.4396799174  -10.37557
4939.6132280367  -9.207126
4939.786776156  -36.9435
4939.96032427531  5.285439
4940.13387239461  -5.54522
4940.30742051392  -6.038137
4940.48096863322  -11.31973
4940.65451675252  7.200863
4940.82806487183  -1.635047
4941.00161299113  69.03462
4941.17516111043  20.35713
4941.34870922974  -10.76979
4941.52225734904  53.82196
4941.69580546835  30.16581
4941.86935358765  17.3662
4942.04290170695  17.70776
4942.21644982626  13.84518
4942.38999794556  29.59288
4942.56354606487  -5.16804
4942.73709418417  4.787293
4942.91064230347  17.80801
4943.08419042278  -17.23171
4943.25773854208  2.499048
4943.43128666138  37.90533
4943.60483478069  -10.47533
4943.77838289999  -9.306888
4943.95193101929  12.9851
4944.1254791386  -1.408605
4944.2990272579  -59.56942
4944.47257537721  -14.65792
4944.64612349651  10.81931
4944.81967161582  -3.876935
4944.99321973512  -18.94334
4945.16676785442  -1.166154
4945.34031597373  -14.82194
4945.51386409303  -23.69856
4945.68741221234  -9.531151
4945.86096033164  29.88418
