      6453.41      1262.05
      6453.64      1263.64
      6453.88      1273.55
      6454.11      1274.16
      6454.34      1273.14
      6454.58      1271.99
      6454.81      1270.49
      6455.04      1272.83
      6455.28      1280.40
      6455.51      1284.30
      6455.74      1279.62
      6455.98      1276.50
      6456.21      1277.11
      6456.45      1285.27
      6456.68      1285.54
      6456.91      1278.90
      6457.15      1277.97
      6457.38      1277.92
      6457.61      1282.85
      6457.85      1280.97
      6458.08      1281.92
      6458.32      1285.26
      6458.55      1283.82
      6458.78      1284.89
      6459.02      1283.44
      6459.25      1294.35
      6459.48      1288.58
      6459.72      1283.05
      6459.95      1287.70
      6460.19      1279.88
      6460.42      1284.16
      6460.65      1293.04
      6460.89      1291.23
      6461.12      1281.14
      6461.35      1282.04
      6461.59      1286.67
      6461.82      1286.42
      6462.06      1295.94
      6462.29      1298.49
      6462.52      1294.48
      6462.76      1298.82
      6462.99      1289.55
      6463.22      1289.02
      6463.46      1289.73
      6463.69      1291.88
      6463.93      1295.35
      6464.16      1294.10
      6464.39      1292.28
      6464.63      1297.80
      6464.86      1299.84
      6465.09      1302.92
      6465.33      1301.90
      6465.56      1300.15
      6465.80      1306.46
      6466.03      1299.88
      6466.26      1289.95
      6466.50      1297.62
      6466.73      1306.50
      6466.96      1305.52
      6467.20      1298.76
      6467.43      1301.40
      6467.67      1304.20
      6467.90      1304.27
      6468.13      1301.39
      6468.37      1299.64
      6468.60      1309.85
      6468.83      1308.90
      6469.07      1305.06
      6469.30      1313.79
      6469.54      1312.68
      6469.77      1312.77
      6470.00      1308.39
      6470.24      1309.60
      6470.47      1314.51
      6470.70      1314.98
      6470.94      1323.84
      6471.17      1321.77
      6471.41      1324.63
      6471.64      1320.40
      6471.87      1314.43
      6472.11      1321.97
      6472.34      1322.44
      6472.57      1321.08
      6472.81      1328.55
      6473.04      1329.46
      6473.27      1325.77
      6473.51      1326.02
      6473.74      1319.51
      6473.98      1323.11
      6474.21      1326.96
      6474.44      1323.82
      6474.68      1325.84
      6474.91      1325.21
      6475.15      1329.05
      6475.38      1333.43
      6475.61      1328.49
      6475.85      1335.03
      6476.08      1334.56
      6476.31      1330.61
      6476.55      1338.78
      6476.78      1338.69
      6477.01      1334.01
      6477.25      1333.39
      6477.48      1332.62
      6477.72      1338.80
      6477.95      1343.93
      6478.18      1340.93
      6478.42      1337.90
      6478.65      1341.35
      6478.88      1342.51
      6479.12      1336.84
      6479.35      1336.53
      6479.59      1338.26
      6479.82      1336.90
      6480.05      1340.17
      6480.29      1345.58
      6480.52      1342.43
      6480.75      1347.27
      6480.99      1341.22
      6481.22      1344.06
      6481.46      1341.25
      6481.69      1344.99
      6481.92      1344.91
      6482.16      1339.28
      6482.39      1351.30
      6482.62      1351.81
      6482.86      1347.95
      6483.09      1347.28
      6483.33      1349.88
      6483.56      1359.55
      6483.79      1350.20
      6484.03      1336.44
      6484.26      1340.94
      6484.49      1343.53
      6484.73      1345.43
      6484.96      1346.92
      6485.20      1341.56
      6485.43      1347.63
      6485.66      1354.20
      6485.90      1353.94
      6486.13      1347.08
      6486.36      1347.68
      6486.60      1349.39
      6486.83      1353.29
      6487.07      1346.92
      6487.30      1351.60
      6487.53      1353.42
      6487.77      1352.18
      6488.00      1355.75
      6488.23      1352.21
      6488.47      1347.91
      6488.70      1356.52
      6488.94      1361.14
      6489.17      1357.15
      6489.40      1352.11
      6489.64      1347.05
      6489.87      1355.69
      6490.10      1357.85
      6490.34      1353.38
      6490.57      1359.17
      6490.81      1363.43
      6491.04      1357.14
      6491.27      1354.50
      6491.51      1357.79
      6491.74      1358.58
      6491.97      1355.05
      6492.21      1355.58
      6492.44      1354.69
      6492.67      1355.69
      6492.91      1350.06
      6493.14      1350.28
      6493.38      1358.94
      6493.61      1354.94
      6493.84      1359.92
      6494.08      1358.31
      6494.31      1352.26
      6494.54      1361.21
      6494.78      1365.76
      6495.01      1359.29
      6495.25      1365.26
      6495.48      1365.35
      6495.71      1355.37
      6495.95      1356.97
      6496.18      1352.88
      6496.41      1358.83
      6496.65      1358.36
      6496.88      1364.70
      6497.12      1361.50
      6497.35      1363.40
      6497.58      1371.07
      6497.82      1367.20
      6498.05      1365.88
      6498.28      1370.13
      6498.52      1375.69
      6498.75      1369.47
      6498.99      1371.82
      6499.22      1383.56
      6499.45      1379.47
      6499.69      1367.56
      6499.92      1366.21
      6500.15      1365.91
      6500.39      1370.71
      6500.62      1379.42
      6500.86      1369.57
      6501.09      1365.51
      6501.32      1369.10
      6501.56      1373.57
      6501.79      1379.38
      6502.02      1383.16
      6502.26      1379.40
      6502.49      1373.01
      6502.73      1375.70
      6502.96      1372.60
      6503.19      1367.47
      6503.43      1367.95
      6503.66      1377.71
      6503.89      1375.23
      6504.13      1370.34
      6504.36      1368.48
      6504.60      1376.61
      6504.83      1379.01
      6505.06      1381.55
      6505.30      1380.42
      6505.53      1375.98
      6505.76      1379.52
      6506.00      1376.80
      6506.23      1378.03
      6506.47      1369.53
      6506.70      1375.91
      6506.93      1382.16
      6507.17      1381.85
      6507.40      1384.42
      6507.63      1378.03
      6507.87      1375.31
      6508.10      1376.87
      6508.34      1383.39
      6508.57      1382.51
      6508.80      1378.70
      6509.04      1387.21
      6509.27      1380.22
      6509.50      1376.62
      6509.74      1381.69
      6509.97      1378.30
      6510.21      1385.28
      6510.44      1385.85
      6510.67      1383.14
      6510.91      1388.69
      6511.14      1388.74
      6511.37      1388.12
      6511.61      1391.57
      6511.84      1392.35
      6512.08      1389.75
      6512.31      1392.95
      6512.54      1385.27
      6512.78      1383.82
      6513.01      1389.02
      6513.24      1386.45
      6513.48      1387.20
      6513.71      1390.83
      6513.94      1392.23
      6514.18      1391.29
      6514.41      1391.33
      6514.65      1392.31
      6514.88      1392.07
      6515.11      1386.53
      6515.35      1385.41
      6515.58      1388.98
      6515.81      1388.59
      6516.05      1395.89
      6516.28      1390.38
      6516.52      1384.86
      6516.75      1387.22
      6516.98      1376.82
      6517.22      1376.72
      6517.45      1390.62
      6517.68      1395.93
      6517.92      1404.26
      6518.15      1397.65
      6518.39      1391.01
      6518.62      1387.14
      6518.85      1387.37
      6519.09      1393.08
      6519.32      1391.17
      6519.55      1387.32
      6519.79      1391.11
      6520.02      1391.45
      6520.26      1389.91
      6520.49      1391.14
      6520.72      1395.01
      6520.96      1404.02
      6521.19      1400.46
      6521.42      1405.37
      6521.66      1407.68
      6521.89      1399.25
      6522.13      1395.76
      6522.36      1402.57
      6522.59      1397.96
      6522.83      1402.10
      6523.06      1398.62
      6523.29      1394.21
      6523.53      1399.06
      6523.76      1400.83
      6524.00      1396.12
      6524.23      1400.33
      6524.46      1404.88
      6524.70      1400.98
      6524.93      1400.70
      6525.16      1398.11
      6525.40      1403.32
      6525.63      1407.44
      6525.87      1404.45
      6526.10      1389.17
      6526.33      1405.86
      6526.57      1402.90
      6526.80      1397.86
      6527.03      1399.62
      6527.27      1400.57
      6527.50      1393.98
      6527.74      1401.61
      6527.97      1404.44
      6528.20      1398.33
      6528.44      1406.04
      6528.67      1402.91
      6528.90      1399.76
      6529.14      1399.52
      6529.37      1402.78
      6529.60      1409.16
      6529.84      1408.71
      6530.07      1405.73
      6530.31      1404.59
      6530.54      1410.19
      6530.77      1420.43
      6531.01      1409.24
      6531.24      1407.47
      6531.48      1407.89
      6531.71      1400.98
      6531.94      1401.39
      6532.18      1402.23
      6532.41      1408.86
      6532.64      1418.70
      6532.88      1415.11
      6533.11      1417.17
      6533.34      1406.24
      6533.58      1413.96
      6533.81      1417.99
      6534.05      1408.67
      6534.28      1414.85
      6534.51      1420.14
      6534.75      1415.17
      6534.98      1411.18
      6535.21      1412.53
      6535.45      1409.56
      6535.68      1417.85
      6535.92      1420.32
      6536.15      1418.54
      6536.38      1413.33
      6536.62      1408.71
      6536.85      1418.80
      6537.08      1424.63
      6537.32      1406.83
      6537.55      1405.76
      6537.79      1416.51
      6538.02      1418.30
      6538.25      1423.47
      6538.49      1422.22
      6538.72      1412.63
      6538.95      1420.65
      6539.19      1424.70
      6539.42      1422.70
      6539.66      1425.44
      6539.89      1420.55
      6540.12      1429.89
      6540.36      1429.27
      6540.59      1426.94
      6540.82      1425.46
      6541.06      1429.24
      6541.29      1419.16
      6541.53      1421.26
      6541.76      1424.72
      6541.99      1431.20
      6542.23      1432.62
      6542.46      1421.22
      6542.69      1422.12
      6542.93      1420.38
      6543.16      1424.71
      6543.40      1434.72
      6543.63      1434.63
      6543.86      1436.26
      6544.10      1437.75
      6544.33      1438.36
      6544.56      1429.23
      6544.80      1428.58
      6545.03      1426.97
      6545.27      1429.38
      6545.50      1437.83
      6545.73      1437.63
      6545.97      1435.99
      6546.20      1433.62
      6546.43      1436.63
      6546.67      1431.40
      6546.90      1433.82
      6547.14      1435.67
      6547.37      1437.54
      6547.60      1445.44
      6547.84      1442.20
      6548.07      1442.26
      6548.30      1439.46
      6548.54      1451.79
      6548.77      1455.94
      6549.01      1452.45
      6549.24      1450.86
      6549.47      1449.86
      6549.71      1458.25
      6549.94      1462.17
      6550.17      1467.76
      6550.41      1465.75
      6550.64      1465.07
      6550.88      1466.44
      6551.11      1464.52
      6551.34      1465.93
      6551.58      1470.68
      6551.81      1476.69
      6552.04      1474.70
      6552.28      1476.01
      6552.51      1479.57
      6552.75      1483.19
      6552.98      1481.27
      6553.21      1481.04
      6553.45      1486.12
      6553.68      1497.10
      6553.91      1502.16
      6554.15      1500.18
      6554.38      1497.06
      6554.61      1494.08
      6554.85      1496.92
      6555.08      1496.29
      6555.32      1496.96
      6555.55      1501.25
      6555.78      1502.18
      6556.02      1498.64
      6556.25      1503.84
      6556.48      1505.04
      6556.72      1506.02
      6556.95      1505.06
      6557.19      1515.75
      6557.42      1514.12
      6557.65      1517.97
      6557.89      1517.77
      6558.12      1520.77
      6558.35      1517.77
      6558.59      1516.69
      6558.82      1525.03
      6559.06      1534.93
      6559.29      1526.62
      6559.52      1528.41
      6559.76      1531.37
      6559.99      1538.30
      6560.22      1541.42
      6560.46      1554.39
      6560.69      1549.58
      6560.93      1551.27
      6561.16      1551.82
      6561.39      1552.40
      6561.63      1551.76
      6561.86      1558.45
      6562.09      1565.20
      6562.33      1569.37
      6562.56      1564.28
      6562.80      1567.57
      6563.03      1579.30
      6563.26      1579.83
      6563.50      1585.26
      6563.73      1583.23
      6563.96      1576.94
      6564.20      1578.35
      6564.43      1577.58
      6564.67      1581.52
      6564.90      1586.83
      6565.13      1585.44
      6565.37      1587.44
      6565.60      1587.95
      6565.83      1572.78
      6566.07      1573.47
      6566.30      1577.08
      6566.54      1578.12
      6566.77      1575.71
      6567.00      1567.37
      6567.24      1576.14
      6567.47      1572.24
      6567.70      1576.49
      6567.94      1580.06
      6568.17      1571.87
      6568.41      1580.41
      6568.64      1582.52
      6568.87      1583.66
      6569.11      1580.78
      6569.34      1578.11
      6569.57      1575.81
      6569.81      1574.30
      6570.04      1572.57
      6570.27      1562.99
      6570.51      1559.62
      6570.74      1558.48
      6570.98      1565.54
      6571.21      1561.80
      6571.44      1560.96
      6571.68      1558.53
      6571.91      1554.66
      6572.15      1546.22
      6572.38      1537.49
      6572.61      1545.01
      6572.85      1547.19
      6573.08      1548.87
      6573.31      1546.77
      6573.55      1532.16
      6573.78      1533.50
      6574.02      1539.27
      6574.25      1537.25
      6574.48      1530.91
      6574.72      1535.44
      6574.95      1528.46
      6575.18      1521.41
      6575.42      1520.63
      6575.65      1517.32
      6575.88      1509.38
      6576.12      1513.86
      6576.35      1517.99
      6576.59      1509.66
      6576.82      1506.08
      6577.05      1505.72
      6577.29      1499.45
      6577.52      1500.81
      6577.75      1503.55
      6577.99      1499.06
      6578.22      1493.66
      6578.46      1488.12
      6578.69      1487.50
      6578.92      1482.87
      6579.16      1485.62
      6579.39      1482.98
      6579.62      1490.91
      6579.86      1485.03
      6580.09      1474.30
      6580.33      1474.34
      6580.56      1483.25
      6580.79      1478.38
      6581.03      1475.02
      6581.26      1465.91
      6581.49      1461.17
      6581.73      1465.57
      6581.96      1465.08
      6582.20      1460.63
      6582.43      1464.05
      6582.66      1464.60
      6582.90      1464.19
      6583.13      1462.30
      6583.36      1457.94
      6583.60      1460.30
      6583.83      1460.06
      6584.07      1462.95
      6584.30      1467.42
      6584.53      1458.84
      6584.77      1457.59
      6585.00      1460.60
      6585.23      1451.18
      6585.47      1452.35
      6585.70      1446.16
      6585.94      1445.53
      6586.17      1441.24
      6586.40      1448.36
      6586.64      1448.74
      6586.87      1442.81
      6587.10      1451.04
      6587.34      1455.00
      6587.57      1446.49
      6587.81      1443.68
      6588.04      1443.82
      6588.27      1442.09
      6588.51      1441.12
      6588.74      1440.58
      6588.97      1438.53
      6589.21      1441.30
      6589.44      1440.84
      6589.68      1430.60
      6589.91      1434.54
      6590.14      1440.02
      6590.38      1437.50
      6590.61      1442.56
      6590.84      1450.59
      6591.08      1442.84
      6591.31      1435.77
      6591.54      1432.66
      6591.78      1430.50
      6592.01      1431.55
      6592.25      1441.14
      6592.48      1434.77
      6592.71      1425.65
      6592.95      1432.04
      6593.18      1431.25
      6593.42      1433.74
      6593.65      1427.37
      6593.88      1432.64
      6594.12      1435.46
      6594.35      1430.00
      6594.58      1425.93
      6594.82      1427.00
      6595.05      1418.71
      6595.28      1426.77
      6595.52      1420.76
      6595.75      1424.19
      6595.99      1434.26
      6596.22      1425.90
      6596.45      1418.10
      6596.69      1421.36
      6596.92      1421.94
      6597.15      1420.04
      6597.39      1426.22
      6597.62      1418.83
      6597.86      1431.86
      6598.09      1421.09
      6598.32      1420.06
      6598.56      1415.31
      6598.79      1420.15
      6599.02      1424.20
      6599.26      1418.90
      6599.49      1417.17
      6599.73      1410.10
      6599.96      1411.86
      6600.19      1416.70
      6600.43      1415.24
      6600.66      1417.31
      6600.89      1421.32
      6601.13      1424.35
      6601.36      1416.63
      6601.60      1412.50
      6601.83      1409.80
      6602.06      1413.21
      6602.30      1413.86
      6602.53      1412.02
      6602.76      1412.98
      6603.00      1408.44
      6603.23      1407.91
      6603.47      1409.53
      6603.70      1412.14
      6603.93      1412.47
      6604.17      1409.39
      6604.40      1408.76
      6604.63      1405.43
      6604.87      1408.16
      6605.10      1404.93
      6605.34      1401.50
      6605.57      1408.63
      6605.80      1403.86
      6606.04      1405.02
      6606.27      1408.01
      6606.50      1405.24
      6606.74      1408.93
      6606.97      1410.67
      6607.21      1398.84
      6607.44      1406.31
      6607.67      1404.27
      6607.91      1409.86
      6608.14      1404.55
      6608.37      1401.63
      6608.61      1403.39
      6608.84      1405.49
      6609.08      1400.84
      6609.31      1406.45
      6609.54      1397.31
      6609.78      1396.93
      6610.01      1405.15
      6610.24      1398.98
      6610.48      1404.28
      6610.71      1406.17
      6610.95      1399.13
      6611.18      1401.01
      6611.41      1401.01
      6611.65      1404.40
      6611.88      1399.00
      6612.11      1401.34
      6612.35      1403.16
      6612.58      1404.20
      6612.81      1400.88
      6613.05      1394.40
      6613.28      1395.08
      6613.52      1395.99
      6613.75      1396.76
      6613.98      1401.53
      6614.22      1395.24
      6614.45      1391.22
      6614.69      1400.04
      6614.92      1396.15
      6615.15      1387.51
      6615.39      1392.36
      6615.62      1394.38
      6615.85      1395.98
      6616.09      1395.36
      6616.32      1390.34
      6616.55      1379.59
      6616.79      1389.08
      6617.02      1390.23
      6617.26      1389.52
      6617.49      1387.87
      6617.72      1389.68
      6617.96      1396.42
      6618.19      1383.90
      6618.42      1388.31
      6618.66      1395.72
      6618.89      1387.67
      6619.13      1387.02
      6619.36      1394.46
      6619.59      1387.12
      6619.83      1386.56
      6620.06      1388.29
      6620.29      1387.46
      6620.53      1388.80
      6620.76      1389.64
      6621.00      1387.67
      6621.23      1392.97
      6621.46      1389.78
      6621.70      1393.89
      6621.93      1387.10
      6622.16      1380.32
      6622.40      1381.38
      6622.63      1378.00
      6622.87      1388.89
      6623.10      1380.79
      6623.33      1378.82
      6623.57      1389.59
      6623.80      1381.46
      6624.03      1376.84
      6624.27      1381.91
      6624.50      1376.60
      6624.74      1379.39
      6624.97      1377.83
      6625.20      1374.31
      6625.44      1381.23
      6625.67      1387.48
      6625.90      1386.90
      6626.14      1371.41
      6626.37      1377.74
      6626.61      1373.28
      6626.84      1367.03
      6627.07      1376.25
      6627.31      1381.52
      6627.54      1375.80
      6627.77      1375.99
      6628.01      1378.47
      6628.24      1373.28
      6628.48      1374.53
      6628.71      1367.29
      6628.94      1372.95
      6629.18      1372.17
      6629.41      1378.23
      6629.64      1379.06
      6629.88      1377.16
      6630.11      1380.17
      6630.35      1379.83
      6630.58      1369.67
      6630.81      1368.26
      6631.05      1373.17
      6631.28      1369.44
      6631.51      1378.03
      6631.75      1373.19
      6631.98      1362.87
      6632.21      1360.41
      6632.45      1360.30
      6632.68      1368.85
      6632.92      1372.74
      6633.15      1372.82
      6633.38      1363.95
      6633.62      1369.17
      6633.85      1371.60
      6634.08      1367.49
      6634.32      1372.61
      6634.55      1374.02
      6634.79      1367.51
      6635.02      1366.43
      6635.25      1363.05
      6635.49      1363.68
      6635.72      1364.16
      6635.95      1363.91
      6636.19      1367.83
      6636.42      1361.38
      6636.66      1366.36
      6636.89      1369.74
      6637.12      1365.53
      6637.36      1362.21
      6637.59      1351.47
      6637.82      1353.24
      6638.06      1364.41
      6638.29      1362.68
      6638.53      1360.45
      6638.76      1366.33
      6638.99      1362.55
      6639.23      1360.59
      6639.46      1355.77
      6639.69      1347.31
      6639.93      1345.28
      6640.16      1359.21
      6640.40      1357.38
      6640.63      1348.85
      6640.86      1354.53
      6641.10      1353.50
      6641.33      1352.04
      6641.56      1345.15
      6641.80      1351.57
      6642.03      1353.23
      6642.27      1347.71
      6642.50      1354.19
      6642.73      1352.42
      6642.97      1349.37
      6643.20      1353.26
      6643.43      1355.39
      6643.67      1354.92
      6643.90      1344.23
      6644.14      1345.57
      6644.37      1350.90
      6644.60      1349.79
      6644.84      1346.54
      6645.07      1345.95
      6645.30      1352.53
      6645.54      1347.75
      6645.77      1344.99
      6646.01      1340.75
      6646.24      1342.44
      6646.47      1343.70
      6646.71      1343.24
      6646.94      1346.08
      6647.17      1340.94
      6647.41      1344.43
      6647.64      1343.36
      6647.88      1340.88
      6648.11      1337.63
      6648.34      1343.71
      6648.58      1344.04
      6648.81      1347.38
      6649.04      1340.40
      6649.28      1340.19
      6649.51      1339.08
      6649.75      1339.32
      6649.98      1345.11
      6650.21      1337.40
      6650.45      1336.88
      6650.68      1335.31
      6650.91      1338.41
      6651.15      1338.26
      6651.38      1335.91
      6651.62      1339.76
      6651.85      1327.85
      6652.08      1327.94
      6652.32      1333.58
      6652.55      1338.85
      6652.78      1334.46
      6653.02      1336.01
      6653.25      1333.00
      6653.48      1330.79
      6653.72      1328.17
      6653.95      1328.05
      6654.19      1334.14
      6654.42      1329.19
      6654.65      1324.93
      6654.89      1323.94
      6655.12      1316.72
      6655.35      1327.75
      6655.59      1327.84
      6655.82      1319.31
      6656.06      1326.67
      6656.29      1320.44
      6656.52      1324.33
      6656.76      1324.18
      6656.99      1314.27
      6657.22      1317.71
      6657.46      1324.29
      6657.69      1321.70
      6657.93      1312.12
      6658.16      1321.42
      6658.39      1318.08
      6658.63      1313.33
      6658.86      1319.07
      6659.09      1307.54
      6659.33      1306.91
      6659.56      1313.99
      6659.80      1315.72
      6660.03      1308.54
      6660.26      1313.03
      6660.50      1308.03
      6660.73      1310.21
      6660.96      1300.87
      6661.20      1302.61
      6661.43      1308.91
      6661.67      1302.31
      6661.90      1309.23
      6662.13      1304.28
      6662.37      1302.00
      6662.60      1293.96
      6662.83      1298.25
      6663.07      1300.65
      6663.30      1300.30
      6663.54      1288.71
      6663.77      1291.90
      6664.00      1296.56
      6664.24      1296.10
      6664.47      1292.80
      6664.70      1287.29
      6664.94      1285.46
      6665.17      1293.22
      6665.41      1292.43
      6665.64      1287.18
      6665.87      1291.90
      6666.11      1289.67
      6666.34      1287.65
      6666.57      1280.91
      6666.81      1283.10
      6667.04      1290.43
      6667.28      1279.96
      6667.51      1285.90
      6667.74      1288.77
      6667.98      1286.54
      6668.21      1277.61
      6668.44      1285.86
      6668.68      1285.33
      6668.91      1286.10
      6669.15      1278.28
      6669.38      1279.05
      6669.61      1278.74
      6669.85      1274.65
      6670.08      1280.20
      6670.31      1277.35
      6670.55      1275.22
      6670.78      1276.26
      6671.02      1270.74
      6671.25      1266.32
      6671.48      1275.19
      6671.72      1273.35
      6671.95      1274.90
      6672.18      1269.33
      6672.42      1271.19
      6672.65      1273.61
      6672.88      1268.76
      6673.12      1273.97
      6673.35      1272.76
      6673.59      1267.32
      6673.82      1262.71
      6674.05      1262.93
      6674.29      1268.85
      6674.52      1257.89
      6674.75      1262.09
      6674.99      1258.50
      6675.22      1263.60
      6675.46      1260.80
      6675.69      1256.23
      6675.92      1247.15
      6676.16      1252.55
      6676.39      1258.26
      6676.62      1258.37
      6676.86      1255.45
      6677.09      1253.99
      6677.33      1257.04
      6677.56      1249.23
      6677.79      1245.75
      6678.03      1251.17
      6678.26      1255.03
      6678.49      1252.52
      6678.73      1245.58
      6678.96      1243.90
      6679.20      1248.33
      6679.43      1248.34
      6679.66      1241.44
      6679.90      1240.44
      6680.13      1244.25
      6680.36      1241.25
      6680.60      1241.46
      6680.83      1242.27
      6681.07      1242.96
      6681.30      1248.78
      6681.53      1239.07
      6681.77      1241.70
      6682.00      1240.40
      6682.23      1240.21
      6682.47      1241.08
      6682.70      1238.99
      6682.94      1233.00
      6683.17      1235.18
      6683.40      1229.46
      6683.64      1234.23
      6683.87      1236.71
      6684.10      1237.61
      6684.34      1233.81
      6684.57      1225.50
      6684.81      1230.12
      6685.04      1226.72
      6685.27      1231.48
      6685.51      1231.52
      6685.74      1232.00
      6685.97      1236.41
      6686.21      1229.92
      6686.44      1236.32
      6686.68      1233.98
      6686.91      1232.24
      6687.14      1224.25
      6687.38      1229.76
      6687.61      1228.16
      6687.84      1225.40
      6688.08      1225.82
      6688.31      1224.13
      6688.55      1220.13
      6688.78      1225.20
      6689.01      1224.74
      6689.25      1224.75
      6689.48      1227.81
      6689.71      1222.95
      6689.95      1216.79
      6690.18      1217.71
      6690.42      1221.15
      6690.65      1212.24
      6690.88      1216.38
      6691.12      1216.52
      6691.35      1223.39
      6691.58      1217.28
      6691.82      1213.77
      6692.05      1210.03
      6692.29      1216.35
      6692.52      1212.90
