4386.6171662782  2.226136
4386.77670303909  7.471418
4386.93623979997  -3.805992
4387.09577656086  -1.29185
4387.25531332175  4.669123
4387.41485008263  -3.678478
4387.57438684352  -1.838841
4387.73392360441  14.16661
4387.89346036529  -6.781467
4388.05299712618  -29.81177
4388.21253388707  -19.98734
4388.37207064795  -24.22263
4388.53160740884  -30.89176
4388.69114416973  -24.34584
4388.85068093061  -6.828727
4389.0102176915  15.82463
4389.16975445239  -17.68443
4389.32929121327  -1.519122
4389.48882797416  35.32409
4389.64836473505  33.98994
4389.80790149594  12.05219
4389.96743825682  10.05046
4390.12697501771  9.545182
4390.28651177859  20.06566
4390.44604853948  11.11908
4390.60558530037  -28.47864
4390.76512206126  -15.53216
4390.92465882214  31.42667
4391.08419558303  12.57445
4391.24373234392  -32.37359
4391.4032691048  -13.50537
4391.56280586569  41.34718
4391.72234262658  -12.18858
4391.88187938746  -14.08965
4392.04141614835  11.45807
4392.20095290924  -19.14899
4392.36048967012  2.476929
4392.52002643101  20.82737
4392.6795631919  11.28448
4392.83909995278  14.37121
4392.99863671367  6.809745
4393.15817347456  0.8119729
4393.31771023544  0.07567434
4393.47724699633  -7.18842
4393.63678375722  27.37676
4393.7963205181  30.0918
4393.95585727899  -4.801868
4394.11539403988  11.19239
4394.27493080076  35.78874
4394.43446756165  10.22409
4394.59400432254  21.24687
4394.75354108342  7.939841
4394.91307784431  14.71183
4395.0726146052  5.2264
4395.23215136608  -2.345413
4395.39168812697  20.10349
4395.55122488786  17.04362
4395.71076164874  26.9232
4395.87029840963  53.35098
4396.02983517052  36.29779
4396.1893719314  13.40248
4396.34890869229  9.651286
4396.50844545318  25.68885
4396.66798221406  11.22571
4396.82751897495  6.545896
4396.98705573584  25.94114
4397.14659249672  21.46714
4397.30612925761  25.20064
4397.4656660185  35.83857
4397.62520277938  14.36085
4397.78473954027  0.9188852
4397.94427630116  1.111155
4398.10381306205  1.077079
4398.26334982293  1.67424
4398.42288658382  -26.67406
4398.5824233447  8.420935
4398.74196010559  -0.343345
4398.90149686648  24.75801
4399.06103362736  18.23399
4399.22057038825  10.96702
4399.38010714914  17.6379
4399.53964391002  11.08036
4399.69918067091  -11.55812
4399.8587174318  -7.232245
4400.01825419269  0.4428516
4400.17779095357  -0.02355849
4400.33732771446  29.71764
4400.49686447535  35.56842
4400.65640123623  6.048713
4400.81593799712  31.85078
4400.97547475801  34.2729
4401.13501151889  0.2782058
4401.29454827978  -12.90914
4401.45408504067  -3.59954
4401.61362180155  -22.62941
4401.77315856244  6.075773
4401.93269532333  35.91302
4402.09223208421  31.63165
4402.2517688451  12.72773
4402.41130560599  -2.280579
4402.57084236687  15.17319
4402.73037912776  19.2977
4402.88991588865  6.87228
4403.04945264953  29.2496
4403.20898941042  33.75495
4403.36852617131  26.28503
4403.52806293219  1.711902
4403.68759969308  19.16518
4403.84713645397  13.98715
4404.00667321485  13.29314
4404.16620997574  31.18836
4404.32574673663  31.86325
4404.48528349751  23.84869
4404.6448202584  3.9599
4404.80435701929  33.13529
4404.96389378017  12.888
4405.12343054106  -7.573755
4405.28296730195  33.88134
4405.44250406283  22.79604
4405.60204082372  14.51836
4405.76157758461  19.08473
4405.92111434549  24.92338
4406.08065110638  32.57536
4406.24018786727  6.463507
4406.39972462815  -5.933782
4406.55926138904  16.90295
4406.71879814993  -23.53802
4406.87833491081  -9.565289
4407.0378716717  -21.07503
4407.19740843259  8.986115
4407.35694519347  26.16824
4407.51648195436  4.634026
4407.67601871525  15.61519
4407.83555547614  31.82648
4407.99509223702  27.40418
4408.15462899791  22.22532
4408.31416575879  33.78783
4408.47370251968  19.30434
4408.63323928057  14.49077
4408.79277604146  26.20136
4408.95231280234  21.20074
4409.11184956323  23.11058
4409.27138632412  22.00054
4409.430923085  20.40945
4409.59045984589  42.83484
4409.74999660678  55.34227
4409.90953336766  47.82486
4410.06907012855  38.9917
4410.22860688943  24.54994
4410.38814365032  20.10858
4410.54768041121  30.23014
4410.7072171721  30.08576
4410.86675393298  25.30831
4411.02629069387  37.27721
4411.18582745476  81.76111
4411.34536421564  35.28989
4411.50490097653  -11.87041
4411.66443773742  -10.66316
4411.8239744983  17.49778
4411.98351125919  24.33454
4412.14304802008  32.66421
4412.30258478096  33.88872
4412.46212154185  0.7417086
4412.62165830274  -0.4939814
4412.78119506362  20.05368
4412.94073182451  22.31392
4413.1002685854  23.58221
4413.25980534628  26.75574
4413.41934210717  20.42148
4413.57887886806  -7.945203
4413.73841562894  -8.398582
4413.89795238983  16.28026
4414.05748915072  56.56337
4414.2170259116  64.88783
4414.37656267249  44.87715
4414.53609943338  30.09407
4414.69563619427  -1.055467
4414.85517295515  6.212702
4415.01470971604  35.17931
4415.17424647692  27.40292
4415.33378323781  34.42418
4415.4933199987  54.74026
4415.65285675959  22.5085
4415.81239352047  4.021333
4415.97193028136  25.31189
4416.13146704224  35.51825
4416.29100380313  43.63373
4416.45054056402  10.00889
4416.61007732491  28.9068
4416.76961408579  4.976477
4416.92915084668  22.42959
4417.08868760757  28.96028
4417.24822436845  27.46286
4417.40776112934  20.84309
4417.56729789023  22.35796
4417.72683465111  27.1018
4417.886371412  58.66204
4418.04590817289  46.4007
4418.20544493377  46.61327
4418.36498169466  33.6692
4418.52451845555  13.93354
4418.68405521643  45.95001
4418.84359197732  56.00017
4419.00312873821  45.45533
4419.16266549909  44.93555
4419.32220225998  41.41311
4419.48173902087  17.57052
4419.64127578175  25.76081
4419.80081254264  29.79201
4419.96034930353  14.39283
4420.11988606441  11.52647
4420.2794228253  85.46812
4420.43895958619  55.69316
4420.59849634707  14.51311
4420.75803310796  32.59597
4420.91756986885  60.88996
4421.07710662973  47.1155
4421.23664339062  16.99126
4421.39618015151  12.69111
4421.55571691239  21.93014
4421.71525367328  35.11913
4421.87479043417  36.17281
4422.03432719505  37.18788
4422.19386395594  69.65459
4422.35340071683  61.83108
4422.51293747771  36.83989
4422.6724742386  31.09497
4422.83201099949  43.39417
4422.99154776037  16.45696
4423.15108452126  21.82353
4423.31062128215  44.79859
4423.47015804303  39.07546
4423.62969480392  26.94823
4423.78923156481  24.70094
4423.9487683257  10.98006
4424.10830508658  -11.49133
4424.26784184747  5.863096
4424.42737860835  23.6872
4424.58691536924  21.58779
4424.74645213013  42.4548
4424.90598889102  40.12113
4425.0655256519  13.65457
4425.22506241279  37.60061
4425.38459917368  44.96782
4425.54413593456  26.19074
4425.70367269545  51.30135
4425.86320945634  42.33031
4426.02274621722  69.2373
4426.18228297811  38.47575
4426.341819739  23.70427
4426.50135649988  7.278907
4426.66089326077  25.74703
4426.82043002166  7.633389
4426.97996678254  39.18533
4427.13950354343  49.68237
4427.29904030432  4.516466
4427.4585770652  27.96483
4427.61811382609  41.74196
4427.77765058698  28.36337
4427.93718734786  32.61938
4428.09672410875  43.25969
4428.25626086964  39.89927
4428.41579763052  26.92421
4428.57533439141  26.2553
4428.7348711523  14.83751
4428.89440791318  33.00396
4429.05394467407  36.88009
4429.21348143496  55.56326
4429.37301819584  68.0228
4429.53255495673  39.11868
4429.69209171762  30.50305
4429.8516284785  49.63778
4430.01116523939  64.9549
4430.17070200028  59.98179
4430.33023876116  37.73456
4430.48977552205  53.49191
4430.64931228294  40.29678
4430.80884904382  46.90522
4430.96838580471  61.96303
4431.1279225656  60.86064
4431.28745932648  63.19281
4431.44699608737  40.03196
4431.60653284826  15.73567
4431.76606960914  17.76607
4431.92560637003  14.05707
4432.08514313092  20.40498
4432.2446798918  35.30578
4432.40421665269  42.58062
4432.56375341358  53.77572
4432.72329017446  40.64793
4432.88282693535  50.2346
4433.04236369624  46.82967
4433.20190045713  44.70549
4433.36143721801  53.04528
4433.5209739789  61.7333
4433.68051073979  55.32384
4433.84004750067  48.32789
4433.99958426156  58.69788
4434.15912102244  39.72227
4434.31865778333  28.28906
4434.47819454422  54.3343
4434.6377313051  47.79026
4434.79726806599  58.12331
4434.95680482688  65.39752
4435.11634158776  56.81205
4435.27587834865  30.35244
4435.43541510954  26.59592
4435.59495187043  56.34124
4435.75448863131  56.14011
4435.9140253922  49.44
4436.07356215309  71.15803
4436.23309891397  85.26299
4436.39263567486  61.71622
4436.55217243575  26.283
4436.71170919663  33.9195
4436.87124595752  49.94601
4437.03078271841  46.22557
4437.19031947929  21.21809
4437.34985624018  63.56589
4437.50939300107  45.36376
4437.66892976195  33.06947
4437.82846652284  15.47294
4437.98800328373  30.81021
4438.14754004461  27.16358
4438.3070768055  50.95487
4438.46661356639  40.58658
4438.62615032727  37.36976
4438.78568708816  70.68334
4438.94522384905  67.15223
4439.10476060993  36.42442
4439.26429737082  64.54541
4439.42383413171  55.36034
4439.58337089259  47.87353
4439.74290765348  35.30529
4439.90244441437  16.12507
4440.06198117525  30.61242
4440.22151793614  42.17453
4440.38105469703  45.7016
4440.54059145791  46.20727
4440.7001282188  38.78226
4440.85966497969  37.35841
4441.01920174058  58.00694
4441.17873850146  57.81721
4441.33827526235  59.92488
4441.49781202324  54.06468
4441.65734878412  37.71075
4441.81688554501  56.77184
4441.9764223059  58.32312
4442.13595906678  57.11517
4442.29549582767  30.15005
4442.45503258856  48.32921
4442.61456934944  55.40953
4442.77410611033  46.58589
4442.93364287122  58.29338
4443.0931796321  72.37818
4443.25271639299  49.50338
4443.41225315388  53.04642
4443.57178991476  34.79961
4443.73132667565  51.51145
4443.89086343654  53.32675
4444.05040019742  35.21445
4444.20993695831  26.40454
4444.3694737192  56.55599
4444.52901048008  80.11491
4444.68854724097  68.75327
4444.84808400186  64.10276
4445.00762076274  54.96777
4445.16715752363  53.99961
4445.32669428452  56.27751
4445.4862310454  52.42966
4445.64576780629  48.76328
4445.80530456718  61.00724
4445.96484132806  69.17182
4446.12437808895  38.57339
4446.28391484984  44.43607
4446.44345161072  60.64038
4446.60298837161  55.55388
4446.7625251325  -3.568339
4446.92206189338  5.326913
4447.08159865427  12.94127
4447.24113541516  42.3591
4447.40067217604  61.97987
4447.56020893693  40.32225
4447.71974569782  48.16422
4447.8792824587  72.74519
4448.03881921959  56.85502
4448.19835598048  70.10428
4448.35789274136  65.52921
4448.51742950225  73.30946
4448.67696626314  95.71612
4448.83650302402  54.19898
4448.99603978491  43.98999
4449.1555765458  60.09408
4449.31511330669  40.05931
4449.47465006757  45.32101
4449.63418682846  28.45522
4449.79372358934  81.73887
4449.95326035023  55.52537
4450.11279711112  29.88116
4450.27233387201  37.97458
4450.43187063289  59.10236
4450.59140739378  41.50605
4450.75094415466  39.38662
4450.91048091555  46.76577
4451.07001767644  28.58702
4451.22955443733  52.96026
4451.38909119821  73.07826
4451.5486279591  74.43247
4451.70816471999  51.15226
4451.86770148087  53.03451
4452.02723824176  56.60544
4452.18677500265  26.81949
4452.34631176353  51.87954
4452.50584852442  55.35143
4452.66538528531  43.63432
4452.82492204619  33.28486
4452.98445880708  32.35149
4453.14399556797  56.88519
4453.30353232885  41.50983
4453.46306908974  39.43072
4453.62260585063  55.39375
4453.78214261151  50.69664
4453.9416793724  50.97174
4454.10121613329  43.85297
4454.26075289417  76.95124
4454.42028965506  21.75844
4454.57982641595  17.17018
4454.73936317683  61.14272
4454.89889993772  62.71809
4455.05843669861  41.96447
4455.21797345949  70.06038
4455.37751022038  67.92814
4455.53704698127  58.56499
4455.69658374215  88.77942
4455.85612050304  57.77625
4456.01565726393  33.58242
4456.17519402481  28.32348
4456.3347307857  75.35531
4456.49426754659  53.85305
4456.65380430747  72.08099
4456.81334106836  101.7845
4456.97287782925  60.08669
4457.13241459013  30.57601
4457.29195135102  69.30801
4457.45148811191  78.20102
4457.61102487279  75.0444
4457.77056163368  35.35495
4457.93009839457  36.52433
4458.08963515545  22.07765
4458.24917191634  62.21001
4458.40870867723  51.41351
4458.56824543811  43.6501
4458.727782199  50.85443
4458.88731895989  66.22294
4459.04685572078  63.27957
4459.20639248166  55.72073
4459.36592924255  65.9019
4459.52546600344  50.26092
4459.68500276432  38.43267
4459.84453952521  21.35769
4460.0040762861  39.58401
4460.16361304698  56.03342
4460.32314980787  64.17418
4460.48268656876  76.17976
4460.64222332964  52.90674
4460.80176009053  45.48581
4460.96129685142  50.6383
4461.1208336123  52.19156
4461.28037037319  52.64427
4461.43990713408  52.22688
4461.59944389496  78.81024
4461.75898065585  93.7318
4461.91851741674  49.51333
4462.07805417762  31.40044
4462.23759093851  74.93639
4462.3971276994  74.58595
4462.55666446028  65.44578
4462.71620122117  59.51373
4462.87573798206  51.28382
4463.03527474294  101.6763
4463.19481150383  94.38433
4463.35434826472  41.96686
4463.5138850256  48.18239
4463.67342178649  68.13555
4463.83295854738  70.66425
4463.99249530826  61.61328
4464.15203206915  49.33884
4464.31156883004  74.91742
4464.47110559092  78.69092
4464.63064235181  63.31124
4464.7901791127  51.72978
4464.94971587358  54.38948
4465.10925263447  75.77057
4465.26878939536  58.05796
4465.42832615624  60.5701
4465.58786291713  78.87536
4465.74739967802  75.78205
4465.9069364389  50.59774
4466.06647319979  73.51046
4466.22600996068  77.14143
4466.38554672156  56.50083
4466.54508348245  73.51528
4466.70462024334  46.06429
4466.86415700423  43.8302
4467.02369376511  42.60909
4467.183230526  49.16242
4467.34276728688  79.11507
4467.50230404777  55.46603
4467.66184080866  33.9163
4467.82137756955  62.96517
4467.98091433043  60.46108
4468.14045109132  51.50546
4468.29998785221  27.96939
4468.45952461309  28.89389
4468.61906137398  79.00455
4468.77859813487  46.88676
4468.93813489575  32.65053
4469.09767165664  71.74941
4469.25720841753  48.5262
4469.41674517841  46.31816
4469.5762819393  58.03515
4469.73581870019  52.99343
4469.89535546107  80.11913
4470.05489222196  44.94772
4470.21442898285  47.87577
4470.37396574373  61.11417
4470.53350250462  60.8198
4470.69303926551  -3.005185
4470.85257602639  12.98205
4471.01211278728  54.39975
4471.17164954817  64.73457
4471.33118630905  53.56598
4471.49072306994  59.56326
4471.65025983083  66.31203
4471.80979659171  63.02895
4471.9693333526  80.27561
4472.12887011349  84.21796
4472.28840687437  38.94842
4472.44794363526  67.30006
4472.60748039615  46.81099
4472.76701715703  36.71502
4472.92655391792  57.77003
4473.08609067881  42.21175
4473.24562743969  12.41023
4473.40516420058  36.49214
4473.56470096147  62.8293
4473.72423772236  57.38139
4473.88377448324  92.83145
4474.04331124413  89.30621
4474.20284800501  43.35302
4474.3623847659  84.20682
4474.52192152679  17.85219
4474.68145828767  27.71491
4474.84099504856  60.35407
4475.00053180945  78.85185
4475.16006857034  29.8884
4475.31960533122  45.06869
4475.47914209211  59.90818
4475.638678853  65.2673
4475.79821561388  68.83028
4475.95775237477  49.77821
4476.11728913566  58.05336
4476.27682589654  62.15329
4476.43636265743  62.41985
4476.59589941832  75.27113
4476.7554361792  66.36364
4476.91497294009  73.96638
4477.07450970098  63.75898
4477.23404646186  64.57877
4477.39358322275  32.01217
4477.55311998364  45.04776
4477.71265674452  70.86182
4477.87219350541  61.69343
4478.0317302663  57.90392
4478.19126702718  52.07864
4478.35080378807  76.76361
4478.51034054896  53.08021
4478.66987730984  43.02231
4478.82941407073  46.18535
4478.98895083162  32.46487
4479.1484875925  15.50854
4479.30802435339  79.73366
4479.46756111428  61.58728
4479.62709787516  18.98248
4479.78663463605  51.96844
4479.94617139694  75.09387
4480.10570815782  74.07996
4480.26524491871  72.45396
4480.4247816796  70.06516
4480.58431844048  49.82998
4480.74385520137  47.06605
4480.90339196226  46.22035
4481.06292872314  33.9057
4481.22246548403  45.19196
4481.38200224492  64.7481
4481.5415390058  52.03688
4481.70107576669  61.03774
4481.86061252758  55.21787
4482.02014928846  44.36539
4482.17968604935  35.45456
4482.33922281024  33.7892
4482.49875957112  74.00275
4482.65829633201  64.19849
4482.8178330929  45.75368
4482.97736985379  76.95152
4483.13690661467  62.85929
4483.29644337556  26.14468
4483.45598013644  27.69508
4483.61551689733  18.61696
4483.77505365822  41.67041
4483.93459041911  53.33611
4484.09412717999  81.66863
4484.25366394088  78.94033
4484.41320070176  45.88401
4484.57273746265  57.31977
4484.73227422354  50.11114
4484.89181098443  45.44225
4485.05134774531  84.25224
4485.2108845062  69.71632
4485.37042126709  35.881
4485.52995802797  40.32603
4485.68949478886  45.84287
4485.84903154975  19.58444
4486.00856831063  26.56673
4486.16810507152  68.09712
4486.3276418324  78.8538
4486.48717859329  50.61018
4486.64671535418  63.92261
4486.80625211507  66.50045
4486.96578887595  11.21508
4487.12532563684  -1.926934
4487.28486239773  27.69324
4487.44439915861  55.3917
4487.6039359195  59.23226
4487.76347268039  54.39159
4487.92300944127  80.33826
4488.08254620216  97.71032
4488.24208296305  71.13483
4488.40161972393  68.36492
4488.56115648482  50.39771
4488.72069324571  61.5134
4488.88023000659  32.95897
4489.03976676748  68.43819
4489.19930352837  92.62899
4489.35884028925  69.25834
4489.51837705014  65.67223
4489.67791381103  51.65553
4489.83745057191  49.00336
4489.9969873328  39.38205
4490.15652409369  54.1356
4490.31606085457  6.084525
4490.47559761546  16.62622
4490.63513437635  64.39341
4490.79467113723  72.52726
4490.95420789812  76.76263
4491.11374465901  45.24879
4491.2732814199  39.08862
4491.43281818078  23.23947
4491.59235494167  23.72954
4491.75189170255  45.28876
4491.91142846344  37.45642
4492.07096522433  14.68349
4492.23050198521  26.65776
4492.3900387461  35.55826
4492.54957550699  32.93314
4492.70911226788  56.4691
4492.86864902876  57.34911
4493.02818578965  45.71923
4493.18772255054  48.27209
4493.34725931142  53.62666
4493.50679607231  35.35123
4493.6663328332  48.65844
4493.82586959408  37.38041
4493.98540635497  63.8685
4494.14494311586  78.20061
4494.30447987674  28.28521
4494.46401663763  49.86932
4494.62355339852  53.19273
4494.7830901594  65.99088
4494.94262692029  77.16674
4495.10216368118  49.83585
4495.26170044206  21.61501
4495.42123720295  32.64043
4495.58077396384  39.54564
4495.74031072472  32.00693
4495.89984748561  43.8464
4496.0593842465  49.32356
4496.21892100738  59.60367
4496.37845776827  27.60639
4496.53799452916  25.83771
4496.69753129004  58.99586
4496.85706805093  57.9271
4497.01660481182  34.19725
4497.1761415727  49.55457
4497.33567833359  38.37879
4497.49521509448  54.14901
4497.65475185536  77.80258
4497.81428861625  34.74023
4497.97382537714  37.8602
4498.13336213802  49.61883
4498.29289889891  47.49781
4498.4524356598  42.4525
4498.61197242068  68.72868
4498.77150918157  38.61512
4498.93104594246  42.06433
4499.09058270334  22.31163
4499.25011946423  42.51423
4499.40965622512  32.07822
4499.569192986  60.21388
4499.72872974689  47.07944
4499.88826650778  51.3483
4500.04780326867  30.3195
4500.20734002955  25.68343
4500.36687679044  26.21983
4500.52641355133  33.04847
4500.68595031221  40.88685
4500.8454870731  30.27229
4501.00502383398  50.51067
4501.16456059487  35.64721
4501.32409735576  26.92269
4501.48363411665  42.20409
4501.64317087753  30.78498
4501.80270763842  30.9013
4501.96224439931  36.55252
4502.12178116019  44.10669
4502.28131792108  46.61425
4502.44085468197  49.10455
4502.60039144285  58.12118
4502.75992820374  53.04983
4502.91946496463  17.19038
4503.07900172551  21.57805
4503.2385384864  24.99882
4503.39807524729  36.32343
4503.55761200817  30.59018
4503.71714876906  53.28693
4503.87668552995  32.31331
4504.03622229083  46.67922
4504.19575905172  21.02645
4504.35529581261  51.78835
4504.51483257349  56.89807
4504.67436933438  57.29043
4504.83390609527  38.43388
4504.99344285615  45.24038
4505.15297961704  39.34116
4505.31251637793  23.69014
4505.47205313881  28.63291
4505.6315898997  63.64609
4505.79112666059  50.57671
4505.95066342147  22.21814
4506.11020018236  31.80009
4506.26973694325  15.51433
4506.42927370413  40.83152
4506.58881046502  36.43691
4506.74834722591  64.29283
4506.90788398679  32.39244
4507.06742074768  26.55754
4507.22695750857  59.4582
4507.38649426946  53.93975
4507.54603103034  47.75708
4507.70556779123  40.04784
4507.86510455211  22.12868
4508.024641313  9.232801
4508.18417807389  35.38728
4508.34371483477  18.10921
4508.50325159566  23.74063
4508.66278835655  61.24637
4508.82232511743  60.74903
4508.98186187832  42.57893
4509.14139863921  17.65877
4509.3009354001  10.1663
4509.46047216098  41.70471
4509.62000892187  37.71604
4509.77954568276  30.37015
4509.93908244364  37.48814
4510.09861920453  5.463427
4510.25815596542  16.50248
4510.4176927263  39.82508
4510.57722948719  46.98196
4510.73676624808  61.16192
4510.89630300896  31.30021
4511.05583976985  20.67836
4511.21537653074  51.67136
4511.37491329162  19.42489
4511.53445005251  34.51896
4511.6939868134  52.86196
4511.85352357428  55.40907
4512.01306033517  29.84339
4512.17259709606  10.26766
4512.33213385694  -1.684941
4512.49167061783  52.45455
4512.65120737872  51.17239
4512.8107441396  15.38787
4512.97028090049  22.67681
4513.12981766138  33.60715
4513.28935442226  35.73022
4513.44889118315  52.41561
4513.60842794404  40.51889
4513.76796470492  50.28887
4513.92750146581  26.6713
4514.0870382267  43.00979
4514.24657498758  48.7507
4514.40611174847  22.09943
4514.56564850936  12.17419
4514.72518527024  17.54909
4514.88472203113  12.63544
4515.04425879202  37.43884
4515.2037955529  24.47788
4515.36333231379  67.83231
4515.52286907468  48.34336
4515.68240583556  0.8948072
4515.84194259645  30.21481
4516.00147935734  54.97573
4516.16101611822  50.43694
4516.32055287911  34.32023
4516.48008964  4.627926
4516.63962640088  8.439109
4516.79916316177  -6.713733
4516.95869992266  -5.312295
4517.11823668354  29.17921
4517.27777344443  46.11998
4517.43731020532  38.57364
4517.5968469662  46.94274
4517.75638372709  68.00401
4517.91592048798  44.08506
4518.07545724887  31.72981
4518.23499400975  16.68099
4518.39453077064  36.33105
4518.55406753153  11.70356
4518.71360429241  37.19715
4518.8731410533  37.25145
4519.03267781419  38.46802
4519.19221457507  0.2663605
4519.35175133596  21.36403
4519.51128809685  59.88751
4519.67082485773  19.64907
4519.83036161862  -1.741714
4519.98989837951  35.71962
4520.14943514039  44.15744
4520.30897190128  27.75676
4520.46850866217  35.3095
4520.62804542305  9.621217
4520.78758218394  4.191552
4520.94711894483  35.12933
4521.10665570571  63.36791
4521.2661924666  31.55601
4521.42572922749  5.44064
4521.58526598837  15.8159
4521.74480274926  10.96832
4521.90433951015  53.52264
4522.06387627103  51.88205
4522.22341303192  27.43235
4522.38294979281  19.33629
4522.54248655369  13.81753
4522.70202331458  22.73825
4522.86156007547  18.62741
4523.02109683635  28.61707
4523.18063359724  10.78511
4523.34017035813  11.72497
4523.49970711901  34.9595
4523.6592438799  42.11428
4523.81878064079  12.55091
4523.97831740168  26.24111
4524.13785416256  26.91848
4524.29739092345  54.24199
4524.45692768434  62.72036
4524.61646444522  53.94969
4524.77600120611  30.37926
4524.93553796699  5.652904
4525.09507472788  27.31674
4525.25461148877  29.17085
4525.41414824965  36.96495
4525.57368501054  29.75954
4525.73322177143  4.511104
4525.89275853231  21.33504
4526.0522952932  31.22211
4526.21183205409  35.51265
4526.37136881498  15.05019
4526.53090557586  -8.71845
4526.69044233675  13.4268
4526.84997909764  21.88552
4527.00951585852  44.4111
4527.16905261941  15.20771
4527.3285893803  2.800766
4527.48812614118  37.88099
4527.64766290207  28.44721
4527.80719966296  20.03557
4527.96673642384  9.657173
4528.12627318473  22.08134
4528.28580994562  54.98491
4528.4453467065  33.26666
4528.60488346739  16.77023
4528.76442022828  -0.4154156
4528.92395698916  7.298962
4529.08349375005  23.54601
4529.24303051094  12.42481
4529.40256727182  18.76425
4529.56210403271  33.97856
4529.7216407936  29.22067
4529.88117755448  30.21933
4530.04071431537  24.86613
4530.20025107626  11.2296
4530.35978783714  5.777755
4530.51932459803  -7.071731
4530.67886135892  -12.0007
4530.8383981198  2.870452
4530.99793488069  10.56758
4531.15747164158  -4.544146
4531.31700840246  0.2500763
4531.47654516335  9.322257
4531.63608192424  35.96143
4531.79561868512  40.1469
4531.95515544601  4.068946
4532.1146922069  11.62875
4532.27422896778  24.34152
4532.43376572867  12.88178
4532.59330248956  -23.30684
4532.75283925044  5.309134
4532.91237601133  -5.960686
4533.07191277222  -10.63375
4533.2314495331  2.761593
4533.39098629399  1.305851
4533.55052305488  -7.051755
4533.71005981576  -44.41532
4533.86959657665  -5.458708
4534.02913333754  14.48381
4534.18867009843  16.20239
4534.34820685931  7.754879
4534.5077436202  24.77739
4534.66728038108  29.40417
4534.82681714197  38.16474
4534.98635390286  10.23787
4535.14589066375  -14.66331
4535.30542742463  30.01076
4535.46496418552  39.0072
4535.62450094641  21.1726
4535.78403770729  7.53605
4535.94357446818  -3.968827
4536.10311122907  34.8965
4536.26264798995  -1.754163
4536.42218475084  -21.37593
4536.58172151173  -6.553202
4536.74125827261  -1.040161
4536.9007950335  -2.917839
4537.06033179439  22.40907
4537.21986855527  -7.476982
4537.37940531616  3.248455
4537.53894207705  42.66751
4537.69847883793  15.03486
4537.85801559882  19.50265
4538.01755235971  32.32161
4538.17708912059  -12.15026
4538.33662588148  20.72847
4538.49616264237  -4.448933
4538.65569940325  -5.209565
4538.81523616414  -0.04663935
4538.97477292503  -24.34367
4539.13430968591  -1.18299
4539.2938464468  -19.30891
4539.45338320769  -19.9677
4539.61291996857  0.6550719
4539.77245672946  13.83077
4539.93199349035  -14.83331
4540.09153025123  -18.78853
4540.25106701212  24.71275
4540.41060377301  5.666703
4540.57014053389  -14.28007
4540.72967729478  -5.520432
4540.88921405567  7.261577
4541.04875081655  4.242798
4541.20828757744  32.0836
4541.36782433833  3.38737
4541.52736109921  -19.09741
4541.6868978601  5.761029
4541.84643462099  21.16539
4542.00597138187  -14.3927
4542.16550814276  -22.36773
4542.32504490365  6.516152
4542.48458166453  9.321569
4542.64411842542  -13.3056
4542.80365518631  2.146255
4542.9631919472  -2.404833
4543.12272870808  22.50873
4543.28226546897  27.06875
4543.44180222986  25.51457
4543.60133899074  2.622038
4543.76087575163  16.72119
4543.92041251251  0.2291271
4544.0799492734  -0.614566
4544.23948603429  0.1691061
4544.39902279518  16.36317
4544.55855955606  30.04245
4544.71809631695  30.95465
4544.87763307784  -1.933215
4545.03716983872  20.81627
4545.19670659961  27.91795
4545.3562433605  13.18413
4545.51578012138  14.18644
4545.67531688227  18.85815
4545.83485364316  1.337704
4545.99439040404  13.38155
4546.15392716493  23.8057
4546.31346392582  -9.02113
4546.4730006867  -8.981709
4546.63253744759  10.51376
4546.79207420848  -14.13831
4546.95161096936  -9.691096
4547.11114773025  9.133381
4547.27068449114  7.962045
4547.43022125202  2.927791
4547.58975801291  -18.65268
4547.7492947738  -6.728022
4547.90883153468  34.44538
4548.06836829557  31.26371
4548.22790505646  -4.314244
4548.38744181734  1.388146
4548.54697857823  0.04173879
4548.70651533912  0.6453137
4548.8660521  19.41079
4549.02558886089  7.183927
4549.18512562178  -19.21821
4549.34466238266  -0.7713951
4549.50419914355  31.84608
4549.66373590444  -7.615627
4549.82327266532  -5.805411
