4386.0572956437  -4.634352
4386.21708591463  4.850918
4386.37687618555  16.22705
4386.53666645648  -5.98063
4386.69645672741  -28.78791
4386.85624699834  -16.87629
4387.01603726926  3.610766
4387.17582754019  16.7976
4387.33561781112  35.46824
4387.49540808205  35.26465
4387.65519835297  17.90421
4387.8149886239  35.32342
4387.97477889483  2.356103
4388.13456916576  -12.8885
4388.29435943668  21.64827
4388.45414970761  13.22082
4388.61393997854  7.062337
4388.77373024947  41.22324
4388.93352052039  53.61946
4389.09331079132  46.68407
4389.25310106225  -4.188312
4389.41289133318  10.90618
4389.5726816041  -29.49818
4389.73247187503  -25.74933
4389.89226214596  -26.38006
4390.05205241689  -9.922923
4390.21184268781  28.88774
4390.37163295874  35.95095
4390.53142322967  18.89465
4390.6912135006  4.294447
4390.85100377152  1.815925
4391.01079404245  27.54772
4391.17058431338  35.97393
4391.3303745843  14.83153
4391.49016485523  -4.76346
4391.64995512616  23.32563
4391.80974539709  33.29802
4391.96953566801  13.69335
4392.12932593894  -2.919522
4392.28911620987  38.87751
4392.4489064808  79.51032
4392.60869675172  5.290473
4392.76848702265  19.62326
4392.92827729358  -16.93817
4393.08806756451  -9.484426
4393.24785783543  29.28298
4393.40764810636  69.97184
4393.56743837729  8.117077
4393.72722864822  27.15698
4393.88701891914  23.15268
4394.04680919007  -46.15693
4394.206599461  20.3607
4394.36638973193  59.6842
4394.52618000285  8.417237
4394.68597027378  -21.10933
4394.84576054471  12.64194
4395.00555081563  37.70898
4395.16534108656  10.77444
4395.32513135749  -20.35742
4395.48492162842  -28.1039
4395.64471189935  20.45106
4395.80450217027  42.22689
4395.9642924412  -0.3563458
4396.12408271213  -3.209751
4396.28387298306  14.61339
4396.44366325398  -1.359084
4396.60345352491  32.23579
4396.76324379584  22.55974
4396.92303406676  -8.248591
4397.08282433769  17.53864
4397.24261460862  23.81963
4397.40240487955  41.59827
4397.56219515048  33.12718
4397.7219854214  21.40885
4397.88177569233  7.932106
4398.04156596326  5.616402
4398.20135623418  17.88344
4398.36114650511  7.145048
4398.52093677604  37.74918
4398.68072704697  10.36462
4398.84051731789  40.89423
4399.00030758882  73.32251
4399.16009785975  3.109957
4399.31988813068  -58.42045
4399.4796784016  -30.64931
4399.63946867253  17.89125
4399.79925894346  13.75705
4399.95904921439  2.109333
4400.11883948531  19.92544
4400.27862975624  19.77645
4400.43842002717  13.88365
4400.5982102981  48.56533
4400.75800056902  61.82817
4400.91779083995  44.14546
4401.07758111088  35.33049
4401.23737138181  -10.84919
4401.39716165273  45.3845
4401.55695192366  38.64925
4401.71674219459  -4.099082
4401.87653246551  16.78613
4402.03632273644  16.00664
4402.19611300737  31.08913
4402.3559032783  66.41903
4402.51569354922  38.18207
4402.67548382015  -0.7679106
4402.83527409108  -1.81321
4402.99506436201  13.77179
4403.15485463293  -4.251441
4403.31464490386  6.686882
4403.47443517479  30.35642
4403.63422544572  46.95362
4403.79401571664  45.41549
4403.95380598757  29.40605
4404.1135962585  26.81212
4404.27338652943  63.07949
4404.43317680035  36.03553
4404.59296707128  6.129212
4404.75275734221  3.025374
4404.91254761314  0.03086119
4405.07233788406  23.29313
4405.23212815499  23.24488
4405.39191842592  60.68233
4405.55170869685  62.5478
4405.71149896777  31.66021
4405.8712892387  36.66378
4406.03107950963  58.81207
4406.19086978055  18.75396
4406.35066005148  31.08052
4406.51045032241  71.70039
4406.67024059334  55.39937
4406.83003086426  36.17095
4406.98982113519  40.48088
4407.14961140612  49.00958
4407.30940167705  38.27942
4407.46919194797  32.3882
4407.6289822189  27.67243
4407.78877248983  -2.639765
4407.94856276076  33.8198
4408.10835303168  61.23381
4408.26814330261  54.5155
4408.42793357354  57.29963
4408.58772384447  79.19203
4408.74751411539  88.21616
4408.90730438632  71.06828
4409.06709465725  17.01726
4409.22688492818  22.99526
4409.3866751991  92.97442
4409.54646547003  100.7119
4409.70625574096  51.65821
4409.86604601189  23.08908
4410.02583628281  49.5968
4410.18562655374  74.97185
4410.34541682467  67.33536
4410.50520709559  82.9278
4410.66499736652  55.41787
4410.82478763745  26.65495
4410.98457790838  63.89842
4411.14436817931  35.03954
4411.30415845023  14.01601
4411.46394872116  31.44863
4411.62373899209  9.639085
4411.78352926301  60.28602
4411.94331953394  30.20891
4412.10310980487  32.60347
4412.2629000758  45.94201
4412.42269034672  39.19709
4412.58248061765  15.0636
4412.74227088858  45.37305
4412.90206115951  104.3773
4413.06185143043  67.69505
4413.22164170136  24.7629
4413.38143197229  59.41346
4413.54122224322  87.46931
4413.70101251414  57.63513
4413.86080278507  57.50177
4414.020593056  124.2262
4414.18038332693  136.6207
4414.34017359785  45.37585
4414.49996386878  26.14089
4414.65975413971  84.88838
4414.81954441064  69.08546
4414.97933468156  43.1882
4415.13912495249  33.77171
4415.29891522342  52.65116
4415.45870549435  25.26378
4415.61849576527  60.19857
4415.7782860362  125.8086
4415.93807630713  106.4179
4416.09786657805  51.07438
4416.25765684898  22.42756
4416.41744711991  54.41759
4416.57723739084  63.83559
4416.73702766176  50.26571
4416.89681793269  30.23519
4417.05660820362  1.031882
4417.21639847455  74.34142
4417.37618874547  119.9141
4417.5359790164  127.4034
4417.69576928733  72.69968
4417.85555955826  56.66982
4418.01534982918  37.91311
4418.17514010011  41.6505
4418.33493037104  62.96348
4418.49472064197  57.97192
4418.65451091289  78.3224
4418.81430118382  66.92251
4418.97409145475  28.67422
4419.13388172568  24.0252
4419.2936719966  -0.4977387
4419.45346226753  35.10517
4419.61325253846  87.68832
4419.77304280939  33.45473
4419.93283308031  54.92067
4420.09262335124  70.3975
4420.25241362217  74.81062
4420.41220389309  78.61758
4420.57199416402  30.26597
4420.73178443495  23.56075
4420.89157470588  69.69749
4421.0513649768  77.50625
4421.21115524773  38.22547
4421.37094551866  68.36671
4421.53073578959  51.37814
4421.69052606051  47.81502
4421.85031633144  33.89242
4422.01010660237  6.157172
4422.1698968733  68.89001
4422.32968714422  54.89829
4422.48947741515  56.90195
4422.64926768608  101.6565
4422.80905795701  85.55405
4422.96884822793  82.93062
4423.12863849886  61.78062
4423.28842876979  52.55061
4423.44821904072  81.11155
4423.60800931164  61.33562
4423.76779958257  55.5271
4423.9275898535  71.58638
4424.08738012443  77.62238
4424.24717039535  92.08919
4424.40696066628  73.37408
4424.56675093721  87.74739
4424.72654120814  84.20152
4424.88633147906  99.00381
4425.04612174999  85.34183
4425.20591202092  132.3866
4425.36570229185  79.09772
4425.52549256277  67.84701
4425.6852828337  86.41261
4425.84507310463  40.89508
4426.00486337555  86.38526
4426.16465364648  85.38775
4426.32444391741  46.11827
4426.48423418834  84.33633
4426.64402445927  66.50515
4426.80381473019  19.37629
4426.96360500112  69.1618
4427.12339527205  112.0911
4427.28318554297  93.18327
4427.4429758139  78.01891
4427.60276608483  54.24657
4427.76255635576  73.69437
4427.92234662668  33.82309
4428.08213689761  72.46528
4428.24192716854  81.43096
4428.40171743947  72.32249
4428.56150771039  47.91427
4428.72129798132  31.157
4428.88108825225  84.50211
4429.04087852318  84.01322
4429.2006687941  107.8267
4429.36045906503  86.27945
4429.52024933596  51.75819
4429.68003960689  64.56547
4429.83982987781  94.3009
4429.99962014874  58.5301
4430.15941041967  51.54127
4430.3192006906  58.90501
4430.47899096152  72.72068
4430.63878123245  99.52665
4430.79857150338  84.73682
4430.9583617743  63.02057
4431.11815204523  63.75001
4431.27794231616  59.24525
4431.43773258709  61.75294
4431.59752285801  62.95277
4431.75731312894  41.06592
4431.91710339987  60.93904
4432.0768936708  120.316
4432.23668394172  137.8734
4432.39647421265  57.30779
4432.55626448358  51.17077
4432.71605475451  101.5196
4432.87584502543  87.92395
4433.03563529636  79.60116
4433.19542556729  62.07748
4433.35521583822  79.9448
4433.51500610914  70.98449
4433.67479638007  61.515
4433.834586651  40.2156
4433.99437692193  81.14156
4434.15416719285  54.27929
4434.31395746378  38.32814
4434.47374773471  61.09142
4434.63353800564  43.04955
4434.79332827656  71.3325
4434.95311854749  92.51538
4435.11290881842  65.71803
4435.27269908934  50.39576
4435.43248936027  50.99147
4435.5922796312  54.57647
4435.75206990213  79.76791
4435.91186017306  92.81003
4436.07165044398  75.70448
4436.23144071491  75.16096
4436.39123098584  63.06081
4436.55102125676  64.39075
4436.71081152769  68.54359
4436.87060179862  64.09147
4437.03039206955  56.43443
4437.19018234047  67.8952
4437.3499726114  90.50053
4437.50976288233  75.2755
4437.66955315326  100.4656
4437.82934342418  95.17236
4437.98913369511  116.8015
4438.14892396604  70.29432
4438.30871423697  64.34811
4438.46850450789  47.55853
4438.62829477882  83.828
4438.78808504975  64.54819
4438.94787532068  49.8743
4439.1076655916  71.72748
4439.26745586253  63.18737
4439.42724613346  75.33122
4439.58703640439  78.02249
4439.74682667531  57.86512
4439.90661694624  35.97087
4440.06640721717  78.00095
4440.2261974881  98.80331
4440.38598775902  66.86172
4440.54577802995  63.10655
4440.70556830088  88.59043
4440.8653585718  67.80153
4441.02514884273  67.30708
4441.18493911366  107.4499
4441.34472938459  86.65839
4441.50451965552  57.85749
4441.66430992644  66.64517
4441.82410019737  91.43016
4441.9838904683  63.21162
4442.14368073922  56.16711
4442.30347101015  52.08146
4442.46326128108  83.59846
4442.62305155201  106.4751
4442.78284182293  39.61323
4442.94263209386  78.06181
4443.10242236479  73.09543
4443.26221263572  80.75347
4443.42200290664  105.6525
4443.58179317757  90.44389
4443.7415834485  78.1549
4443.90137371943  102.943
4444.06116399035  54.72893
4444.22095426128  80.01068
4444.38074453221  89.11661
4444.54053480314  49.63487
4444.70032507406  64.35976
4444.86011534499  58.93194
4445.01990561592  58.57986
4445.17969588685  82.84466
4445.33948615777  74.84328
4445.4992764287  105.9965
4445.65906669963  122.8642
4445.81885697056  88.55269
4445.97864724148  73.03841
4446.13843751241  45.59586
4446.29822778334  46.66391
4446.45801805426  91.85468
4446.61780832519  86.68713
4446.77759859612  104.0415
4446.93738886705  125.7434
4447.09717913797  108.9272
4447.2569694089  108.7555
4447.41675967983  77.29026
4447.57654995076  48.84373
4447.73634022168  68.09898
4447.89613049261  61.7262
4448.05592076354  26.43474
4448.21571103447  75.15761
4448.37550130539  132.7035
4448.53529157632  81.5894
4448.69508184725  48.16299
4448.85487211818  54.26243
4449.0146623891  89.85271
4449.17445266003  129.2825
4449.33424293096  143.2896
4449.49403320189  99.36178
4449.65382347281  101.3549
4449.81361374374  57.6235
4449.97340401467  44.49903
4450.13319428559  54.0522
4450.29298455652  68.37069
4450.45277482745  82.70332
4450.61256509838  123.3566
4450.77235536931  92.80819
4450.93214564023  70.05441
4451.09193591116  89.51806
4451.25172618209  114.2868
4451.41151645301  93.52431
4451.57130672394  28.27918
4451.73109699487  117.3229
4451.8908872658  113.5488
4452.05067753673  94.78573
4452.21046780765  75.46786
4452.37025807858  56.6353
4452.53004834951  84.34284
4452.68983862043  94.82175
4452.84962889136  96.3624
4453.00941916229  53.4281
4453.16920943322  100.6541
4453.32899970414  112.6385
4453.48878997507  79.61771
4453.648580246  60.25541
4453.80837051693  73.65237
4453.96816078785  88.39285
4454.12795105878  100.4893
4454.28774132971  121.2149
4454.44753160064  127.7439
4454.60732187156  70.82449
4454.76711214249  59.94883
4454.92690241342  112.4066
4455.08669268435  101.9139
4455.24648295527  108.4642
4455.4062732262  89.20413
4455.56606349713  42.32794
4455.72585376806  86.68092
4455.88564403898  105.4497
4456.04543430991  80.10555
4456.20522458084  66.87202
4456.36501485176  68.67599
4456.52480512269  106.4473
4456.68459539362  95.02047
4456.84438566455  82.87413
4457.00417593547  94.29008
4457.1639662064  65.8343
4457.32375647733  100.5031
4457.48354674826  120.6804
4457.64333701918  101.093
4457.80312729011  137.1026
4457.96291756104  153.59
4458.12270783197  135.7204
4458.28249810289  150.3394
4458.44228837382  112.9147
4458.60207864475  84.15591
4458.76186891568  72.55891
4458.9216591866  82.03788
4459.08144945753  107.7625
4459.24123972846  86.87118
4459.40102999939  79.23585
4459.56082027031  89.83094
4459.72061054124  108.7764
4459.88040081217  118.5601
4460.0401910831  108.1828
4460.19998135402  97.779
4460.35977162495  105.3615
4460.51956189588  117.0812
4460.6793521668  104.752
4460.83914243773  124.1101
4460.99893270866  115.8357
4461.15872297959  103.9777
4461.31851325052  131.5083
4461.47830352144  68.20855
4461.63809379237  99.49834
4461.7978840633  101.0502
4461.95767433422  98.71931
4462.11746460515  69.78481
4462.27725487608  110.4781
4462.43704514701  129.246
4462.59683541793  108.9847
4462.75662568886  100.1758
4462.91641595979  114.0386
4463.07620623072  102.5833
4463.23599650164  108.3065
4463.39578677257  108.635
4463.5555770435  106.3817
4463.71536731443  116.4988
4463.87515758535  109.258
4464.03494785628  88.07951
4464.19473812721  111.5925
4464.35452839814  87.70235
4464.51431866906  70.75581
4464.67410893999  150.9899
4464.83389921092  135.1629
4464.99368948185  103.2295
4465.15347975277  133.2308
4465.3132700237  96.05119
4465.47306029463  38.01125
4465.63285056555  60.86802
4465.79264083648  99.09912
4465.95243110741  98.38972
4466.11222137834  99.35962
4466.27201164926  92.02742
4466.43180192019  81.59792
4466.59159219112  126.5803
4466.75138246205  105.5165
4466.91117273297  99.65891
4467.0709630039  86.43131
4467.23075327483  71.77195
4467.39054354576  68.77124
4467.55033381668  89.2929
4467.71012408761  110.2815
4467.86991435854  61.86956
4468.02970462947  101.6181
4468.18949490039  93.1176
4468.34928517132  68.08746
4468.50907544225  54.65358
4468.66886571318  80.94418
4468.8286559841  85.53326
4468.98844625503  74.91865
4469.14823652596  117.4906
4469.30802679689  82.76163
4469.46781706781  82.54192
4469.62760733874  128.9177
4469.78739760967  123.5676
4469.9471878806  108.2703
4470.10697815152  100.1711
4470.26676842245  105.5132
4470.42655869338  104.4743
4470.58634896431  103.5359
4470.74613923523  121.1152
4470.90592950616  119.2165
4471.06571977709  134.3334
4471.22551004801  123.9087
4471.38530031894  110.1993
4471.54509058987  107.229
4471.7048808608  75.40942
4471.86467113172  63.37565
4472.02446140265  89.27232
4472.18425167358  129.9675
4472.34404194451  143.1269
4472.50383221543  124.2834
4472.66362248636  118.0191
4472.82341275729  95.95866
4472.98320302822  124.2897
4473.14299329914  164.2401
4473.30278357007  120.8479
4473.462573841  110.4423
4473.62236411193  112.2537
4473.78215438285  68.67813
4473.94194465378  106.2548
4474.10173492471  137.9409
4474.26152519564  99.14649
4474.42131546656  59.99341
4474.58110573749  112.8863
4474.74089600842  113.9778
4474.90068627935  108.4145
4475.06047655027  107.5582
4475.2202668212  84.69057
4475.38005709213  82.15457
4475.53984736305  96.00472
4475.69963763398  92.39041
4475.85942790491  77.86149
4476.01921817584  117.0129
4476.17900844677  92.25463
4476.33879871769  99.01959
4476.49858898862  107.4347
4476.65837925955  111.17
4476.81816953047  118.9806
4476.9779598014  63.52166
4477.13775007233  61.90207
4477.29754034326  82.86872
4477.45733061418  105.3912
4477.61712088511  109.3578
4477.77691115604  98.15568
4477.93670142697  101.1925
4478.09649169789  102.0896
4478.25628196882  87.09274
4478.41607223975  117.2514
4478.57586251068  112.4001
4478.7356527816  89.62838
4478.89544305253  102.3569
4479.05523332346  101.0556
4479.21502359439  83.78448
4479.37481386531  63.72148
4479.53460413624  57.09264
4479.69439440717  102.5425
4479.8541846781  147.9062
4480.01397494902  156.6591
4480.17376521995  151.118
4480.33355549088  155.5434
4480.49334576181  114.4137
4480.65313603273  85.73417
4480.81292630366  113.0462
4480.97271657459  91.5783
4481.13250684551  102.1001
4481.29229711644  123.8773
4481.45208738737  99.44418
4481.6118776583  95.74976
4481.77166792923  94.26882
4481.93145820015  83.91498
4482.09124847108  113.8699
4482.25103874201  95.00883
4482.41082901293  125.584
4482.57061928386  82.50174
4482.73040955479  117.5684
4482.89019982572  113.6973
4483.04999009664  87.08238
4483.20978036757  37.1419
4483.3695706385  94.32691
4483.52936090943  103.5605
4483.68915118035  120.3406
4483.84894145128  129.7189
4484.00873172221  81.98337
4484.16852199314  103.4482
4484.32831226406  113.4926
4484.48810253499  88.44666
4484.64789280592  100.7423
4484.80768307685  133.4481
4484.96747334777  75.78695
4485.1272636187  71.89687
4485.28705388963  90.96025
4485.44684416055  105.4072
4485.60663443148  171.902
4485.76642470241  141.4813
4485.92621497334  57.27514
4486.08600524426  100.4995
4486.24579551519  107.2381
4486.40558578612  91.59359
4486.56537605705  29.94476
4486.72516632798  43.17361
4486.8849565989  87.34254
4487.04474686983  102.6497
4487.20453714076  113.158
4487.36432741168  133.9665
4487.52411768261  129.0632
4487.68390795354  66.19444
4487.84369822447  92.90189
4488.00348849539  80.30602
4488.16327876632  110.337
4488.32306903725  88.33426
4488.48285930818  107.7022
4488.6426495791  111.5841
4488.80243985003  110.0656
4488.96223012096  71.29809
4489.12202039189  41.41657
4489.28181066281  120.0448
4489.44160093374  114.379
4489.60139120467  108.825
4489.76118147559  82.33806
4489.92097174652  137.2675
4490.08076201745  126.9531
4490.24055228838  109.4014
4490.40034255931  79.50117
4490.56013283023  92.23293
4490.71992310116  98.19056
4490.87971337209  92.23597
4491.03950364301  89.0167
4491.19929391394  100.9875
4491.35908418487  109.2814
4491.5188744558  95.43897
4491.67866472672  99.7923
4491.83845499765  115.7917
4491.99824526858  131.9657
4492.15803553951  126.1754
4492.31782581043  102.5646
4492.47761608136  91.48222
4492.63740635229  51.75714
4492.79719662322  94.54904
4492.95698689414  113.0344
4493.11677716507  55.67851
4493.276567436  71.37563
4493.43635770693  99.04191
4493.59614797785  126.4302
4493.75593824878  94.60223
4493.91572851971  78.45972
4494.07551879064  89.92767
4494.23530906156  77.3152
4494.39509933249  100.8636
4494.55488960342  114.2286
4494.71467987434  103.4317
4494.87447014527  114.4258
4495.0342604162  62.22337
4495.19405068713  65.88934
4495.35384095806  81.43469
4495.51363122898  43.62547
4495.67342149991  24.79363
4495.83321177084  71.27361
4495.99300204177  87.29601
4496.15279231269  62.1039
4496.31258258362  78.57088
4496.47237285455  77.72578
4496.63216312547  53.19598
4496.7919533964  48.32383
4496.95174366733  87.38438
4497.11153393826  98.98178
4497.27132420918  77.14363
4497.43111448011  71.27854
4497.59090475104  79.88609
4497.75069502197  107.7974
4497.91048529289  144.5985
4498.07027556382  80.02264
4498.23006583475  71.86318
4498.38985610568  83.84081
4498.5496463766  116.78
4498.70943664753  125.4219
4498.86922691846  108.2071
4499.02901718939  100.3605
4499.18880746031  82.01051
4499.34859773124  85.44249
4499.50838800217  104.192
4499.6681782731  94.24598
4499.82796854402  77.45883
4499.98775881495  51.85734
4500.14754908588  33.41897
4500.30733935681  92.10208
4500.46712962773  84.34097
4500.62691989866  31.22576
4500.78671016959  67.35973
4500.94650044051  114.8748
4501.10629071144  56.88798
4501.26608098237  104.2528
4501.4258712533  88.23711
4501.58566152422  61.17187
4501.74545179515  58.82904
4501.90524206608  80.0235
4502.06503233701  49.76814
4502.22482260793  107.2002
4502.38461287886  123.0747
4502.54440314979  85.17597
4502.70419342072  80.69288
4502.86398369164  117.1611
4503.02377396257  135.559
4503.1835642335  95.73285
4503.34335450443  63.68178
4503.50314477535  31.81541
4503.66293504628  78.72571
4503.82272531721  75.55487
4503.98251558814  54.95709
4504.14230585906  62.81464
4504.30209612999  61.05152
4504.46188640092  71.72696
4504.62167667184  97.52111
4504.78146694277  84.78558
4504.9412572137  85.32093
4505.10104748463  76.00106
4505.26083775556  118.0626
4505.42062802648  93.60954
4505.58041829741  73.39915
4505.74020856834  45.90017
4505.89999883927  110.2115
4506.05978911019  112.9849
4506.21957938112  114.1398
4506.37936965205  61.5673
4506.53915992297  61.59663
4506.6989501939  67.48111
4506.85874046483  53.15278
4507.01853073576  78.04955
4507.17832100668  79.55083
4507.33811127761  39.01152
4507.49790154854  87.38377
4507.65769181947  62.93456
4507.81748209039  32.78306
4507.97727236132  62.15996
4508.13706263225  57.91842
4508.29685290318  90.00134
4508.4566431741  72.72129
4508.61643344503  66.62836
4508.77622371596  93.09234
4508.93601398689  100.5295
4509.09580425781  83.65393
4509.25559452874  64.28256
4509.41538479967  97.64036
4509.5751750706  91.30348
4509.73496534152  78.45518
4509.89475561245  75.28352
4510.05454588338  72.89565
4510.2143361543  71.45598
4510.37412642523  71.28167
4510.53391669616  40.70335
4510.69370696709  36.11499
4510.85349723802  37.1036
4511.01328750894  94.31337
4511.17307777987  80.57262
4511.3328680508  80.79031
4511.49265832172  73.53236
4511.65244859265  73.59265
4511.81223886358  56.69976
4511.97202913451  60.54039
4512.13181940543  50.01151
4512.29160967636  39.00227
4512.45139994729  105.5556
4512.61119021822  107.2501
4512.77098048914  62.12887
4512.93077076007  10.73129
4513.090561031  35.10868
4513.25035130193  62.77649
4513.41014157285  129.6176
4513.56993184378  88.78136
4513.72972211471  36.4382
4513.88951238564  52.90928
4514.04930265656  61.24729
4514.20909292749  46.00048
4514.36888319842  75.70602
4514.52867346935  43.31467
4514.68846374027  60.10491
4514.8482540112  83.59715
4515.00804428213  45.74599
4515.16783455306  76.28712
4515.32762482398  78.01251
4515.48741509491  16.69143
4515.64720536584  49.55481
4515.80699563677  94.36938
4515.96678590769  58.37681
4516.12657617862  37.79256
4516.28636644955  24.87486
4516.44615672047  88.91016
4516.6059469914  48.67725
4516.76573726233  42.87851
4516.92552753326  101.8115
4517.08531780418  77.93243
4517.24510807511  75.65215
4517.40489834604  66.82494
4517.56468861697  63.14718
4517.72447888789  64.04492
4517.88426915882  34.88094
4518.04405942975  66.97949
4518.20384970068  18.0879
4518.3636399716  8.214777
4518.52343024253  51.14082
4518.68322051346  72.40149
4518.84301078439  51.17292
4519.00280105531  52.84511
4519.16259132624  42.71043
4519.32238159717  41.22529
4519.4821718681  82.89396
4519.64196213902  20.41319
4519.80175240995  61.09071
4519.96154268088  67.03667
4520.1213329518  45.81838
4520.28112322273  66.59738
4520.44091349366  63.2244
4520.60070376459  74.69311
4520.76049403552  36.6788
4520.92028430644  43.82696
4521.08007457737  48.35305
4521.2398648483  41.52938
4521.39965511922  58.56171
4521.55944539015  71.35989
4521.71923566108  65.6478
4521.87902593201  51.15434
4522.03881620293  57.78704
4522.19860647386  69.5376
4522.35839674479  46.32353
4522.51818701572  46.75042
4522.67797728664  66.675
4522.83776755757  65.52262
4522.9975578285  53.95339
4523.15734809943  37.44936
4523.31713837035  -6.075959
4523.47692864128  39.91321
4523.63671891221  77.1632
4523.79650918314  76.40561
4523.95629945406  32.34623
4524.11608972499  15.92921
4524.27587999592  18.25243
4524.43567026685  -7.719422
4524.59546053777  46.79687
4524.7552508087  65.7737
4524.91504107963  32.89684
4525.07483135056  43.5607
4525.23462162148  72.46671
4525.39441189241  56.19403
4525.55420216334  24.66215
4525.71399243426  60.25515
4525.87378270519  43.10504
4526.03357297612  58.51722
4526.19336324705  54.9493
4526.35315351797  21.12039
4526.5129437889  20.0353
4526.67273405983  46.54046
4526.83252433076  32.75241
4526.99231460168  61.83243
4527.15210487261  62.25563
4527.31189514354  33.75434
4527.47168541447  16.14916
4527.63147568539  7.835107
4527.79126595632  -16.65705
4527.95105622725  68.81264
4528.11084649818  53.03154
4528.2706367691  27.03012
4528.43042704003  55.46201
4528.59021731096  56.77597
4528.75000758189  69.84215
4528.90979785281  26.24062
4529.06958812374  4.00697
4529.22937839467  53.26667
4529.3891686656  76.48444
4529.54895893652  45.39986
4529.70874920745  45.18533
4529.86853947838  16.27407
4530.0283297493  8.830007
4530.18812002023  28.89037
4530.34791029116  -2.359562
4530.50770056209  12.15692
4530.66749083302  31.50674
4530.82728110394  19.92122
4530.98707137487  3.622302
4531.1468616458  29.45471
4531.30665191672  64.63583
4531.46644218765  56.94901
4531.62623245858  17.01719
4531.78602272951  46.44747
4531.94581300043  -13.07089
4532.10560327136  -37.39296
4532.26539354229  29.64041
4532.42518381322  14.40592
4532.58497408414  19.70204
4532.74476435507  45.52468
4532.904554626  52.408
4533.06434489693  54.12341
4533.22413516785  49.94024
4533.38392543878  -8.744452
4533.54371570971  12.21653
4533.70350598064  0.2794566
4533.86329625156  2.617595
4534.02308652249  26.80285
4534.18287679342  27.32977
4534.34266706435  -5.185739
4534.50245733527  -0.520241
4534.6622476062  24.07314
4534.82203787713  31.56757
4534.98182814806  25.82786
4535.14161841898  31.21414
4535.30140868991  30.72008
4535.46119896084  17.63342
4535.62098923176  13.39427
4535.78077950269  0.4040155
4535.94056977362  -19.02309
4536.10036004455  -2.263182
4536.26015031548  9.104439
4536.4199405864  24.56941
4536.57973085733  -15.82825
4536.73952112826  -8.15234
4536.89931139918  49.05062
4537.05910167011  46.40286
4537.21889194104  17.2615
4537.37868221197  40.19576
4537.53847248289  73.71742
4537.69826275382  18.70861
4537.85805302475  5.928777
4538.01784329568  -5.765655
4538.1776335666  26.08964
4538.33742383753  3.314599
4538.49721410846  -15.79664
4538.65700437939  14.50813
4538.81679465031  26.88029
4538.97658492124  -2.897827
4539.13637519217  -12.14617
4539.29616546309  23.42417
4539.45595573402  27.94343
4539.61574600495  -15.22676
4539.77553627588  -18.08033
4539.93532654681  1.431454
4540.09511681773  13.95419
4540.25490708866  12.09591
4540.41469735959  -28.46165
4540.57448763051  2.594805
4540.73427790144  25.93674
4540.89406817237  13.39961
4541.0538584433  19.65312
4541.21364871423  70.35692
4541.37343898515  -0.9844252
4541.53322925608  -0.7914973
4541.69301952701  -15.23591
4541.85280979793  15.96236
4542.01260006886  32.8478
4542.17239033979  55.17303
4542.33218061072  34.3448
4542.49197088164  -0.7224757
4542.65176115257  4.59257
4542.8115514235  4.237802
4542.97134169443  29.49346
4543.13113196536  37.564
4543.29092223628  -20.41556
4543.45071250721  7.263462
4543.61050277814  2.990761
4543.77029304906  12.6213
4543.93008331999  -8.902001
4544.08987359092  45.77254
4544.24966386185  35.62411
4544.40945413277  -25.61868
4544.5692444037  9.185679
4544.72903467463  21.60739
4544.88882494556  11.91211
4545.04861521648  -1.179947
4545.20840548741  8.819535
4545.36819575834  17.89137
4545.52798602927  11.58534
4545.68777630019  26.37336
4545.84756657112  25.55375
4546.00735684205  19.70819
4546.16714711297  -30.37034
4546.3269373839  -9.206458
4546.48672765483  12.76849
4546.64651792576  13.83204
4546.80630819668  -6.041742
4546.96609846761  -4.087643
4547.12588873854  20.58666
4547.28567900947  5.166512
4547.44546928039  -53.06556
4547.60525955132  -42.36269
4547.76504982225  -18.84266
4547.92484009318  -44.43603
4548.0846303641  14.29079
4548.24442063503  8.780142
4548.40421090596  19.15423
4548.56400117689  20.43374
4548.72379144781  -15.23348
4548.88358171874  -2.712968
4549.04337198967  5.656816
4549.20316226059  10.03326
4549.36295253152  22.48026
4549.52274280245  -32.00442
