4386.3722352907  -8.546951
4386.53194739422  -6.986475
4386.69165949773  -18.52207
4386.85137160125  -27.30092
4387.01108370476  -30.40643
4387.17079580828  -11.15596
4387.3305079118  7.535095
4387.49022001531  -1.043042
4387.64993211883  -2.320896
4387.80964422235  -10.04097
4387.96935632586  -8.289465
4388.12906842938  10.72933
4388.2887805329  -17.74547
4388.44849263641  -2.853065
4388.60820473993  -5.753083
4388.76791684344  -15.
4388.92762894696  -10.82799
4389.08734105048  13.09356
4389.24705315399  30.85525
4389.40676525751  -16.96761
4389.56647736103  -28.26112
4389.72618946454  -11.20003
4389.88590156806  11.75861
4390.04561367157  29.40425
4390.20532577509  -2.875534
4390.36503787861  -24.69418
4390.52474998212  -14.49417
4390.68446208564  -23.43287
4390.84417418916  31.3958
4391.00388629267  40.67141
4391.16359839619  -3.280517
4391.32331049971  5.081245
4391.48302260322  13.92041
4391.64273470674  12.79122
4391.80244681025  14.8485
4391.96215891377  24.12748
4392.12187101729  -5.018736
4392.2815831208  -6.268103
4392.44129522432  30.3981
4392.60100732784  46.62201
4392.76071943135  23.75601
4392.92043153487  -16.39307
4393.08014363838  -10.54136
4393.2398557419  -22.288
4393.39956784542  11.08852
4393.55927994893  4.343063
4393.71899205245  12.13941
4393.87870415597  31.29997
4394.03841625948  27.76468
4394.198128363  17.24922
4394.35784046652  3.413286
4394.51755257003  30.94597
4394.67726467355  20.40007
4394.83697677706  -19.98944
4394.99668888058  -12.97896
4395.1564009841  8.415576
4395.31611308761  32.2042
4395.47582519113  26.18648
4395.63553729465  6.20248
4395.79524939816  -5.848768
4395.95496150168  -4.081462
4396.1146736052  13.82596
4396.27438570871  18.95459
4396.43409781223  13.89015
4396.59380991574  5.00436
4396.75352201926  -12.20008
4396.91323412278  -22.4949
4397.07294622629  -1.633411
4397.23265832981  15.03913
4397.39237043333  -3.013404
4397.55208253684  -1.358676
4397.71179464036  30.05363
4397.87150674388  41.49701
4398.03121884739  43.23914
4398.19093095091  -0.2088809
4398.35064305442  -0.1343484
4398.51035515794  4.984655
4398.67006726146  -23.95517
4398.82977936497  -15.80126
4398.98949146849  -0.5331637
4399.14920357201  6.539392
4399.30891567552  31.20185
4399.46862777904  52.86422
4399.62833988255  35.23745
4399.78805198607  -4.54566
4399.94776408959  -17.09075
4400.1074761931  13.4145
4400.26718829662  26.25773
4400.42690040014  -13.0679
4400.58661250365  0.1419235
4400.74632460717  12.1733
4400.90603671069  42.50477
4401.0657488142  15.15398
4401.22546091772  1.399256
4401.38517302123  -3.785908
4401.54488512475  8.327878
4401.70459722827  12.5738
4401.86430933178  -0.4580773
4402.0240214353  -1.228189
4402.18373353882  0.8390772
4402.34344564233  -0.02798515
4402.50315774585  23.30376
4402.66286984936  43.83933
4402.82258195288  6.114031
4402.9822940564  -21.04731
4403.14200615991  47.90898
4403.30171826343  12.6634
4403.46143036695  21.08528
4403.62114247046  24.80995
4403.78085457398  21.67352
4403.94056667749  -8.324841
4404.10027878101  22.83113
4404.25999088453  6.011627
4404.41970298804  -15.31514
4404.57941509156  2.370978
4404.73912719508  -14.29969
4404.89883929859  -8.178702
4405.05855140211  17.17986
4405.21826350562  21.60416
4405.37797560914  -2.477203
4405.53768771266  -18.21186
4405.69739981617  29.14694
4405.85711191969  53.47205
4406.01682402321  51.29112
4406.17653612672  31.89967
4406.33624823024  27.29694
4406.49596033376  37.86993
4406.65567243727  33.38671
4406.81538454079  13.3568
4406.9750966443  11.83086
4407.13480874782  8.47407
4407.29452085134  10.49157
4407.45423295485  36.97222
4407.61394505837  43.7096
4407.77365716189  48.80562
4407.9333692654  54.34046
4408.09308136892  59.39955
4408.25279347244  18.87626
4408.41250557595  22.77799
4408.57221767947  -2.992872
4408.73192978298  20.85248
4408.8916418865  27.74116
4409.05135399002  39.49828
4409.21106609353  13.15507
4409.37077819705  5.947589
4409.53049030057  0.9983768
4409.69020240408  25.75307
4409.8499145076  64.19383
4410.00962661112  42.92519
4410.16933871463  35.25956
4410.32905081815  12.02214
4410.48876292166  2.089028
4410.64847502518  30.52017
4410.8081871287  49.27242
4410.96789923221  34.35297
4411.12761133573  18.74597
4411.28732343924  20.6749
4411.44703554276  45.54543
4411.60674764628  30.67717
4411.76645974979  12.77647
4411.92617185331  22.01435
4412.08588395683  47.24125
4412.24559606034  55.11753
4412.40530816386  42.24255
4412.56502026738  27.50119
4412.72473237089  35.78618
4412.88444447441  31.99363
4413.04415657793  -14.30002
4413.20386868144  15.04138
4413.36358078496  27.86147
4413.52329288847  46.68675
4413.68300499199  3.891879
4413.84271709551  24.64185
4414.00242919902  3.357128
4414.16214130254  4.106596
4414.32185340606  55.38793
4414.48156550957  54.84212
4414.64127761309  67.40314
4414.80098971661  49.64449
4414.96070182012  28.70834
4415.12041392364  59.74791
4415.28012602715  46.62086
4415.43983813067  -2.594609
4415.59955023419  -6.822309
4415.7592623377  27.83925
4415.91897444122  62.1792
4416.07868654473  34.01698
4416.23839864825  25.89953
4416.39811075177  13.38835
4416.55782285528  29.52361
4416.7175349588  -2.517613
4416.87724706232  27.82419
4417.03695916583  57.99587
4417.19667126935  16.58521
4417.35638337287  23.71843
4417.51609547638  67.3792
4417.6758075799  50.29657
4417.83551968341  22.17596
4417.99523178693  34.92004
4418.15494389045  25.95123
4418.31465599396  9.12792
4418.47436809748  41.96876
4418.634080201  46.73709
4418.79379230451  21.40866
4418.95350440803  44.61737
4419.11321651154  54.50292
4419.27292861506  48.74281
4419.43264071858  15.68236
4419.59235282209  53.4571
4419.75206492561  28.825
4419.91177702913  -3.744216
4420.07148913264  19.53948
4420.23120123616  48.03256
4420.39091333968  18.92952
4420.55062544319  6.160169
4420.71033754671  27.10421
4420.87004965023  19.14496
4421.02976175374  42.80254
4421.18947385726  39.32004
4421.34918596077  -18.35962
4421.50889806429  22.46861
4421.66861016781  57.27951
4421.82832227132  43.48798
4421.98803437484  29.37841
4422.14774647836  28.25427
4422.30745858187  23.88264
4422.46717068539  47.85637
4422.6268827889  65.84885
4422.78659489242  63.20111
4422.94630699594  39.25955
4423.10601909945  -1.351994
4423.26573120297  59.78337
4423.42544330649  55.43225
4423.58515541  46.22294
4423.74486751352  10.16547
4423.90457961703  12.6381
4424.06429172055  38.02153
4424.22400382407  19.02619
4424.38371592758  17.84277
4424.5434280311  33.54323
4424.70314013462  66.17393
4424.86285223813  43.8695
4425.02256434165  38.45347
4425.18227644516  47.53487
4425.34198854868  53.96143
4425.5017006522  48.98891
4425.66141275571  40.94334
4425.82112485923  42.46577
4425.98083696275  24.89394
4426.14054906626  8.597634
4426.30026116978  18.39701
4426.4599732733  42.6222
4426.61968537681  34.45671
4426.77939748033  73.0835
4426.93910958385  68.98869
4427.09882168736  14.61458
4427.25853379088  -0.5827295
4427.41824589439  34.538
4427.57795799791  40.53128
4427.73767010143  25.2939
4427.89738220494  61.0499
4428.05709430846  64.13017
4428.21680641198  40.85207
4428.37651851549  38.90801
4428.53623061901  43.13039
4428.69594272253  40.56726
4428.85565482604  83.40723
4429.01536692956  77.05849
4429.17507903307  19.87099
4429.33479113659  40.75569
4429.49450324011  45.13611
4429.65421534362  22.85572
4429.81392744714  23.97498
4429.97363955065  7.417974
4430.13335165417  51.70555
4430.29306375769  39.46804
4430.4527758612  51.68966
4430.61248796472  54.76699
4430.77220006824  33.31485
4430.93191217175  59.14955
4431.09162427527  55.38598
4431.25133637879  30.51084
4431.4110484823  33.75293
4431.57076058582  32.97884
4431.73047268933  34.37259
4431.89018479285  53.36072
4432.04989689637  57.82866
4432.20960899988  27.03408
4432.3693211034  45.919
4432.52903320692  47.49459
4432.68874531043  36.53518
4432.84845741395  49.6277
4433.00816951747  47.31609
4433.16788162098  37.7499
4433.3275937245  63.89207
4433.48730582801  63.45608
4433.64701793153  54.91766
4433.80673003505  51.58435
4433.96644213856  59.58765
4434.12615424208  35.66958
4434.2858663456  53.26921
4434.44557844911  63.37212
4434.60529055263  44.55113
4434.76500265615  43.31641
4434.92471475966  32.73266
4435.08442686318  29.3699
4435.24413896669  48.08401
4435.40385107021  79.73228
4435.56356317373  72.60822
4435.72327527724  26.10153
4435.88298738076  38.05073
4436.04269948428  19.70014
4436.20241158779  31.24213
4436.36212369131  54.3769
4436.52183579482  63.03522
4436.68154789834  68.07534
4436.84126000186  -24.05316
4437.00097210537  12.7829
4437.16068420889  43.43086
4437.32039631241  46.07273
4437.48010841592  52.17303
4437.63982051944  12.98156
4437.79953262295  38.24712
4437.95924472647  52.09263
4438.11895682999  36.28188
4438.2786689335  37.90955
4438.43838103702  46.33792
4438.59809314054  35.73194
4438.75780524405  29.95069
4438.91751734757  41.00642
4439.07722945108  58.21669
4439.2369415546  56.92327
4439.39665365812  34.17358
4439.55636576163  33.24136
4439.71607786515  57.49213
4439.87578996867  58.88109
4440.03550207218  42.36195
4440.1952141757  63.35846
4440.35492627922  50.74479
4440.51463838273  77.51995
4440.67435048625  69.22709
4440.83406258976  44.93601
4440.99377469328  15.95527
4441.1534867968  31.24375
4441.31319890031  47.74331
4441.47291100383  80.00483
4441.63262310735  84.99725
4441.79233521086  88.85875
4441.95204731438  77.02866
4442.1117594179  55.1716
4442.27147152141  49.91642
4442.43118362493  65.27749
4442.59089572845  58.46996
4442.75060783196  43.94053
4442.91031993548  47.20282
4443.07003203899  65.61081
4443.22974414251  38.29067
4443.38945624603  32.7473
4443.54916834954  71.73172
4443.70888045306  63.70676
4443.86859255657  55.95293
4444.02830466009  58.83117
4444.18801676361  52.59845
4444.34772886712  71.88705
4444.50744097064  66.44671
4444.66715307416  55.10953
4444.82686517767  59.21555
4444.98657728119  48.8686
4445.1462893847  34.85777
4445.30600148822  43.54187
4445.46571359174  53.83036
4445.62542569525  34.36494
4445.78513779877  77.94064
4445.94484990229  56.35542
4446.1045620058  53.62705
4446.26427410932  28.00015
4446.42398621284  44.25711
4446.58369831635  55.81037
4446.74341041987  25.49293
4446.90312252339  39.76468
4447.0628346269  53.20623
4447.22254673042  57.31962
4447.38225883394  51.75051
4447.54197093745  59.93895
4447.70168304097  56.20964
4447.86139514448  39.1105
4448.021107248  40.87382
4448.18081935152  57.80369
4448.34053145503  78.2975
4448.50024355855  67.22374
4448.65995566206  54.17052
4448.81966776558  38.68764
4448.9793798691  29.65119
4449.13909197261  42.86091
4449.29880407613  24.89925
4449.45851617965  37.72225
4449.61822828316  54.46853
4449.77794038668  45.42479
4449.9376524902  58.77794
4450.09736459371  39.4496
4450.25707669723  55.64692
4450.41678880074  74.54755
4450.57650090426  40.51791
4450.73621300778  38.2082
4450.89592511129  42.11666
4451.05563721481  68.7559
4451.21534931833  76.50991
4451.37506142184  51.97105
4451.53477352536  56.21445
4451.69448562887  61.30884
4451.85419773239  62.09195
4452.01390983591  77.64069
4452.17362193942  40.53735
4452.33333404294  51.12268
4452.49304614646  42.59457
4452.65275824997  31.61604
4452.81247035349  54.13514
4452.97218245701  57.6945
4453.13189456052  51.10941
4453.29160666404  32.85693
4453.45131876755  61.48147
4453.61103087107  33.49657
4453.77074297459  34.63117
4453.9304550781  51.68052
4454.09016718162  48.65763
4454.24987928514  78.83257
4454.40959138865  64.48941
4454.56930349217  83.74352
4454.72901559568  49.26708
4454.8887276992  65.45669
4455.04843980272  57.93443
4455.20815190623  50.97079
4455.36786400975  64.42216
4455.52757611327  52.0362
4455.68728821678  39.22947
4455.8470003203  72.53886
4456.00671242382  83.89162
4456.16642452733  56.10614
4456.32613663085  48.99006
4456.48584873436  75.97054
4456.64556083788  55.49446
4456.8052729414  53.82971
4456.96498504491  65.17319
4457.12469714843  45.79562
4457.28440925195  60.31451
4457.44412135546  69.20451
4457.60383345898  58.37979
4457.76354556249  52.52386
4457.92325766601  60.01944
4458.08296976953  51.99551
4458.24268187304  48.86597
4458.40239397656  45.84758
4458.56210608008  46.25661
4458.72181818359  67.35735
4458.88153028711  88.56023
4459.04124239063  50.68649
4459.20095449414  54.16671
4459.36066659766  64.46775
4459.52037870117  53.69126
4459.68009080469  89.91321
4459.83980290821  66.09619
4459.99951501172  63.04923
4460.15922711524  70.36625
4460.31893921876  73.80212
4460.47865132227  80.308
4460.63836342579  37.11049
4460.7980755293  50.80986
4460.95778763282  83.294
4461.11749973634  27.91637
4461.27721183985  71.01273
4461.43692394337  80.92002
4461.59663604689  53.48334
4461.7563481504  59.71697
4461.91606025392  74.0605
4462.07577235744  62.66809
4462.23548446095  56.56692
4462.39519656447  76.2968
4462.55490866798  63.025
4462.7146207715  52.81707
4462.87433287502  46.172
4463.03404497853  59.36155
4463.19375708205  45.93594
4463.35346918557  62.09531
4463.51318128908  48.04283
4463.6728933926  67.02015
4463.83260549612  59.43392
4463.99231759963  80.87631
4464.15202970315  63.50528
4464.31174180666  65.5795
4464.47145391018  71.22051
4464.6311660137  69.90102
4464.79087811721  88.93688
4464.95059022073  62.82636
4465.11030232425  55.29241
4465.27001442776  77.24026
4465.42972653128  72.97152
4465.58943863479  80.52553
4465.74915073831  79.60815
4465.90886284183  112.6258
4466.06857494534  104.1775
4466.22828704886  92.28265
4466.38799915238  76.75552
4466.54771125589  84.87837
4466.70742335941  61.08667
4466.86713546293  71.92294
4467.02684756644  75.56229
4467.18655966996  72.90591
4467.34627177347  66.0393
4467.50598387699  72.94356
4467.66569598051  80.87366
4467.82540808402  68.5908
4467.98512018754  28.63742
4468.14483229106  36.58187
4468.30454439457  33.86459
4468.46425649809  58.88778
4468.6239686016  74.5302
4468.78368070512  45.9735
4468.94339280864  64.2167
4469.10310491215  59.067
4469.26281701567  77.83996
4469.42252911919  61.80894
4469.5822412227  25.74535
4469.74195332622  60.7103
4469.90166542974  64.42173
4470.06137753325  47.70951
4470.22108963677  32.1147
4470.38080174028  35.64103
4470.5405138438  59.67712
4470.70022594732  36.15709
4470.85993805083  14.07741
4471.01965015435  44.31771
4471.17936225787  44.38353
4471.33907436138  25.88819
4471.4987864649  42.36649
4471.65849856841  52.96934
4471.81821067193  77.84233
4471.97792277545  49.44394
4472.13763487896  54.67692
4472.29734698248  83.8961
4472.457059086  63.40734
4472.61677118951  58.17385
4472.77648329303  64.34654
4472.93619539655  81.37129
4473.09590750006  56.00718
4473.25561960358  25.84231
4473.41533170709  55.1958
4473.57504381061  74.65144
4473.73475591413  61.82401
4473.89446801764  48.53131
4474.05418012116  66.31124
4474.21389222468  92.3901
4474.37360432819  45.59245
4474.53331643171  37.31219
4474.69302853522  61.14436
4474.85274063874  62.74566
4475.01245274226  86.46086
4475.17216484577  85.06454
4475.33187694929  71.38711
4475.49158905281  56.65739
4475.65130115632  55.80219
4475.81101325984  59.54797
4475.97072536336  53.3588
4476.13043746687  50.05986
4476.29014957039  67.41776
4476.4498616739  85.46909
4476.60957377742  63.47544
4476.76928588094  58.08587
4476.92899798445  48.27594
4477.08871008797  41.87382
4477.24842219149  32.37792
4477.408134295  67.28868
4477.56784639852  86.87302
4477.72755850203  52.3149
4477.88727060555  41.75183
4478.04698270907  56.35328
4478.20669481258  82.81918
4478.3664069161  85.91564
4478.52611901962  77.99842
4478.68583112313  92.36589
4478.84554322665  59.14363
4479.00525533017  68.80033
4479.16496743368  70.83348
4479.3246795372  77.2895
4479.48439164071  76.36218
4479.64410374423  62.89523
4479.80381584775  69.7155
4479.96352795126  38.68601
4480.12324005478  27.41601
4480.2829521583  61.26876
4480.44266426181  54.03337
4480.60237636533  72.1337
4480.76208846884  69.89755
4480.92180057236  58.75218
4481.08151267588  92.20647
4481.24122477939  52.89406
4481.40093688291  56.63
4481.56064898643  50.985
4481.72036108994  72.39661
4481.88007319346  102.9875
4482.03978529698  66.33281
4482.19949740049  58.3596
4482.35920950401  52.77741
4482.51892160752  55.29167
4482.67863371104  68.10351
4482.83834581456  43.68842
4482.99805791807  17.07429
4483.15777002159  24.44632
4483.31748212511  68.78532
4483.47719422862  33.8156
4483.63690633214  69.33703
4483.79661843565  90.3119
4483.95633053917  60.24503
4484.11604264269  60.93736
4484.2757547462  80.00513
4484.43546684972  38.17456
4484.59517895324  62.22907
4484.75489105675  66.85052
4484.91460316027  82.78559
4485.07431526379  36.65243
4485.2340273673  20.20897
4485.39373947082  95.48864
4485.55345157433  76.25443
4485.71316367785  42.5825
4485.87287578137  64.72758
4486.03258788488  91.42078
4486.1922999884  107.2862
4486.35201209192  49.41123
4486.51172419543  41.84288
4486.67143629895  69.23427
4486.83114840246  68.29649
4486.99086050598  4.804642
4487.1505726095  43.1744
4487.31028471301  48.22536
4487.46999681653  46.72144
4487.62970892005  59.75811
4487.78942102356  77.37868
4487.94913312708  47.35456
4488.1088452306  40.04709
4488.26855733411  54.90503
4488.42826943763  91.34641
4488.58798154114  82.91492
4488.74769364466  75.22288
4488.90740574818  68.83157
4489.06711785169  67.32132
4489.22682995521  59.04846
4489.38654205873  55.56159
4489.54625416224  62.88408
4489.70596626576  53.76043
4489.86567836928  87.18217
4490.02539047279  78.53796
4490.18510257631  42.66827
4490.34481467982  59.83519
4490.50452678334  39.06577
4490.66423888686  39.75196
4490.82395099037  92.37292
4490.98366309389  85.84962
4491.14337519741  71.99672
4491.30308730092  53.78498
4491.46279940444  79.77527
4491.62251150795  70.57462
4491.78222361147  44.89275
4491.94193571499  59.33602
4492.1016478185  48.34567
4492.26135992202  35.58721
4492.42107202554  42.20702
4492.58078412905  46.7168
4492.74049623257  76.2392
4492.90020833609  86.81504
4493.0599204396  64.71346
4493.21963254312  55.73223
4493.37934464663  29.84136
4493.53905675015  59.67538
4493.69876885367  56.84299
4493.85848095718  48.07466
4494.0181930607  15.06573
4494.17790516422  40.58493
4494.33761726773  41.97633
4494.49732937125  77.02672
4494.65704147476  62.18148
4494.81675357828  42.2881
4494.9764656818  75.51253
4495.13617778531  63.24229
4495.29588988883  60.05776
4495.45560199235  59.5341
4495.61531409586  27.53179
4495.77502619938  33.75163
4495.9347383029  62.9427
4496.09445040641  68.24743
4496.25416250993  78.28971
4496.41387461344  33.11756
4496.57358671696  47.58772
4496.73329882048  73.92612
4496.89301092399  47.92369
4497.05272302751  22.08841
4497.21243513103  55.45523
4497.37214723454  62.25039
4497.53185933806  52.40805
4497.69157144157  32.3237
4497.85128354509  45.92347
4498.01099564861  48.5621
4498.17070775212  56.1872
4498.33041985564  61.66786
4498.49013195916  32.0912
4498.64984406267  44.94737
4498.80955616619  78.95744
4498.96926826971  50.54554
4499.12898037322  58.81196
4499.28869247674  40.49792
4499.44840458025  47.98558
4499.60811668377  34.96848
4499.76782878729  47.55721
4499.9275408908  73.93694
4500.08725299432  60.48093
4500.24696509783  55.86947
4500.40667720135  59.71614
4500.56638930487  66.53432
4500.72610140838  59.7145
4500.8858135119  37.78677
4501.04552561542  48.26062
4501.20523771893  59.0248
4501.36494982245  56.31691
4501.52466192597  43.13746
4501.68437402948  60.63905
4501.844086133  57.94599
4502.00379823652  63.19991
4502.16351034003  53.68637
4502.32322244355  35.15709
4502.48293454706  34.96683
4502.64264665058  59.97925
4502.8023587541  75.62594
4502.96207085761  42.09718
4503.12178296113  40.22346
4503.28149506465  52.32042
4503.44120716816  47.48429
4503.60091927168  44.51208
4503.7606313752  27.40138
4503.92034347871  46.46381
4504.08005558223  46.67038
4504.23976768574  73.00165
4504.39947978926  96.20302
4504.55919189278  76.70234
4504.71890399629  48.34579
4504.87861609981  72.19571
4505.03832820332  33.77018
4505.19804030684  83.44042
4505.35775241036  57.90352
4505.51746451387  55.69379
4505.67717661739  58.75413
4505.83688872091  23.96494
4505.99660082442  12.65177
4506.15631292794  76.92419
4506.31602503146  33.65268
4506.47573713497  41.2027
4506.63544923849  92.4019
4506.795161342  56.13456
4506.95487344552  75.45319
4507.11458554904  69.91016
4507.27429765255  39.81253
4507.43400975607  21.76733
4507.59372185959  54.67002
4507.7534339631  37.79358
4507.91314606662  19.70497
4508.07285817014  47.91669
4508.23257027365  29.11763
4508.39228237717  42.16774
4508.55199448069  66.73727
4508.7117065842  28.92352
4508.87141868772  59.88511
4509.03113079123  31.20144
4509.19084289475  27.5071
4509.35055499827  66.12251
4509.51026710178  35.64412
4509.6699792053  14.25899
4509.82969130882  42.92584
4509.98940341233  46.79964
4510.14911551585  57.76362
4510.30882761936  71.59887
4510.46853972288  24.01868
4510.6282518264  34.55839
4510.78796392991  39.5283
4510.94767603343  30.91891
4511.10738813695  33.0421
4511.26710024046  82.26205
4511.42681234398  77.38151
4511.58652444749  40.93815
4511.74623655101  37.20039
4511.90594865453  1.460433
4512.06566075804  45.01027
4512.22537286156  28.1415
4512.38508496508  25.56757
4512.54479706859  71.85909
4512.70450917211  30.67097
4512.86422127562  25.93077
4513.02393337914  44.61928
4513.18364548266  44.51173
4513.34335758617  64.69838
4513.50306968969  23.97466
4513.66278179321  42.19123
4513.82249389672  43.82004
4513.98220600024  9.855663
4514.14191810376  36.48804
4514.30163020727  52.87803
4514.46134231079  56.60356
4514.6210544143  38.31598
4514.78076651782  21.85342
4514.94047862134  40.62787
4515.10019072485  42.93788
4515.25990282837  54.97829
4515.41961493189  49.66122
4515.5793270354  37.00315
4515.73903913892  37.75054
4515.89875124244  29.5128
4516.05846334595  44.81866
4516.21817544947  38.92031
4516.37788755298  38.14355
4516.5375996565  43.44642
4516.69731176002  35.25229
4516.85702386353  53.08233
4517.01673596705  56.57188
4517.17644807057  49.88174
4517.33616017408  38.69043
4517.4958722776  6.411957
4517.65558438112  27.11551
4517.81529648463  48.17014
4517.97500858815  59.34914
4518.13472069166  25.72666
4518.29443279518  26.04565
4518.4541448987  49.85515
4518.61385700221  37.81675
4518.77356910573  35.79354
4518.93328120924  30.78653
4519.09299331276  24.55492
4519.25270541628  15.09647
4519.41241751979  6.512175
4519.57212962331  3.146688
4519.73184172683  20.85267
4519.89155383034  39.46384
4520.05126593386  12.12456
4520.21097803738  24.29975
4520.37069014089  53.39748
4520.53040224441  46.13844
4520.69011434792  24.34577
4520.84982645144  6.83345
4521.00953855496  46.69126
4521.16925065847  56.81714
4521.32896276199  38.3771
4521.48867486551  7.865758
4521.64838696902  53.66935
4521.80809907254  36.73969
4521.96781117606  34.11967
4522.12752327957  23.52547
4522.28723538309  34.79462
4522.4469474866  57.29499
4522.60665959012  30.19498
4522.76637169364  18.01899
4522.92608379715  37.43973
4523.08579590067  30.42909
4523.24550800419  15.161
4523.4052201077  21.73446
4523.56493221122  31.38551
4523.72464431474  32.39912
4523.88435641825  18.83947
4524.04406852177  14.72176
4524.20378062528  13.69356
4524.3634927288  27.52526
4524.52320483232  2.833795
4524.68291693583  30.19099
4524.84262903935  37.96745
4525.00234114287  45.93526
4525.16205324638  51.04188
4525.3217653499  54.86701
4525.48147745341  58.00142
4525.64118955693  34.3512
4525.80090166045  17.54169
4525.96061376396  46.9893
4526.12032586748  20.0473
4526.280037971  29.32127
4526.43975007451  34.43551
4526.59946217803  13.27155
4526.75917428154  28.35273
4526.91888638506  54.50768
4527.07859848858  31.9379
4527.23831059209  -6.886207
4527.39802269561  26.73499
4527.55773479913  47.34007
4527.71744690264  27.07912
4527.87715900616  28.90008
4528.03687110968  19.87167
4528.19658321319  8.629573
4528.35629531671  28.92078
4528.51600742022  52.70459
4528.67571952374  52.34226
4528.83543162726  29.91369
4528.99514373077  13.64834
4529.15485583429  7.551718
4529.31456793781  11.42328
4529.47428004132  -0.1797953
4529.63399214484  42.32694
4529.79370424836  41.63946
4529.95341635187  15.49641
4530.11312845539  65.78051
4530.2728405589  20.48798
4530.43255266242  -29.71828
4530.59226476594  7.962391
4530.75197686945  48.01014
4530.91168897297  24.31259
4531.07140107649  1.764451
4531.23111318  19.91309
4531.39082528352  24.76669
4531.55053738704  19.13956
4531.71024949055  35.15804
4531.86996159407  17.20168
4532.02967369758  6.054015
4532.1893858011  8.085019
4532.34909790462  2.130947
4532.50881000813  27.08456
4532.66852211165  15.31401
4532.82823421516  33.45273
4532.98794631868  30.85153
4533.1476584222  14.41215
4533.30737052571  -12.76233
4533.46708262923  9.345009
4533.62679473275  12.41493
4533.78650683626  11.3075
4533.94621893978  0.8380849
4534.1059310433  53.80901
4534.26564314681  30.82324
4534.42535525033  28.7782
4534.58506735384  13.14446
4534.74477945736  7.523972
4534.90449156088  -0.5084073
4535.06420366439  -2.934572
4535.22391576791  -24.1395
4535.38362787143  -16.83319
4535.54333997494  7.586725
4535.70305207846  16.94938
4535.86276418198  10.26557
4536.02247628549  21.47823
4536.18218838901  16.94951
4536.34190049252  -3.364794
4536.50161259604  -6.3109
4536.66132469956  11.46308
4536.82103680307  -13.5991
4536.98074890659  22.07538
4537.14046101011  19.49669
4537.30017311362  33.41238
4537.45988521714  17.59825
4537.61959732065  0.9329259
4537.77930942417  -3.20922
4537.93902152769  26.24214
4538.0987336312  20.06614
4538.25844573472  -7.203057
4538.41815783824  18.63137
4538.57786994175  6.745228
4538.73758204527  -4.766946
4538.89729414879  21.4806
4539.0570062523  23.30952
4539.21671835582  12.97959
4539.37643045933  -3.433381
4539.53614256285  -32.13292
4539.69585466637  -9.305666
4539.85556676988  19.09792
4540.0152788734  0.5915931
4540.17499097692  8.861359
4540.33470308043  -3.800207
4540.49441518395  -7.697407
4540.65412728747  3.718835
4540.81383939098  40.32849
4540.9735514945  5.868638
4541.13326359802  -2.158851
4541.29297570153  -16.93811
4541.45268780505  -11.28447
4541.61239990856  32.92868
4541.77211201208  19.38604
4541.9318241156  -4.544976
4542.09153621911  -11.71762
4542.25124832263  -2.217501
4542.41096042614  -16.88021
4542.57067252966  25.57273
4542.73038463318  17.39969
4542.89009673669  16.08093
4543.04980884021  -2.094338
4543.20952094373  -0.1588697
4543.36923304724  13.45825
4543.52894515076  -41.83159
4543.68865725428  3.075054
4543.84836935779  12.78671
4544.00808146131  4.080563
4544.16779356482  17.9024
4544.32750566834  17.74418
4544.48721777186  -1.05292
4544.64692987537  8.961306
4544.80664197889  19.72399
4544.96635408241  16.44315
4545.12606618592  31.61273
4545.28577828944  32.09137
4545.44549039295  19.783
4545.60520249647  8.457429
4545.76491459999  -6.756413
4545.9246267035  5.582758
4546.08433880702  -0.09187862
4546.24405091054  -28.63469
4546.40376301405  0.8456497
4546.56347511757  19.93246
4546.72318722109  16.87321
4546.8828993246  2.204809
4547.04261142812  -12.97362
4547.20232353163  -11.14556
4547.36203563515  30.20681
4547.52174773867  0.9717048
4547.68145984218  -10.54782
4547.8411719457  -1.940261
4548.00088404922  13.14932
4548.16059615273  -8.425658
4548.32030825625  5.45965
4548.48002035976  21.24103
4548.63973246328  -6.796026
4548.7994445668  -6.841551
4548.95915667031  19.45729
4549.11886877383  16.683
4549.27858087735  3.305687
4549.43829298086  11.16092
4549.59800508438  -8.76977
4549.75771718789  -10.90981
