4386.2376139236  2.513378
4386.39734956145  -5.621368
4386.5570851993  -1.824181
4386.71682083715  3.943908
4386.876556475  -9.43759
4387.03629211285  -15.98922
4387.1960277507  18.95958
4387.35576338855  7.130351
4387.5154990264  -29.32811
4387.67523466425  -14.15858
4387.8349703021  20.59397
4387.99470593995  21.41556
4388.1544415778  -12.42561
4388.31417721565  -1.434857
4388.47391285351  -11.08987
4388.63364849136  4.731519
4388.79338412921  12.79769
4388.95311976706  4.605727
4389.11285540491  -2.560555
4389.27259104276  28.07412
4389.43232668061  22.87283
4389.59206231846  7.068955
4389.75179795631  -15.35377
4389.91153359416  3.790599
4390.07126923201  31.16704
4390.23100486986  -6.168201
4390.39074050771  -3.860655
4390.55047614556  5.20762
4390.71021178341  0.7332658
4390.86994742126  8.94406
4391.02968305911  -0.5251254
4391.18941869696  33.76007
4391.34915433481  12.95603
4391.50888997266  -2.885189
4391.66862561051  -39.53745
4391.82836124836  -25.5674
4391.98809688621  1.921273
4392.14783252406  -0.3292412
4392.30756816192  2.766935
4392.46730379976  19.71628
4392.62703943761  23.1524
4392.78677507547  -1.446544
4392.94651071332  4.253511
4393.10624635117  8.66949
4393.26598198902  4.837306
4393.42571762687  16.75298
4393.58545326472  24.89938
4393.74518890257  37.98945
4393.90492454042  -4.525126
4394.06466017827  11.58786
4394.22439581612  12.88947
4394.38413145397  -6.555277
4394.54386709182  -4.617765
4394.70360272967  6.419507
4394.86333836752  29.40348
4395.02307400537  35.52035
4395.18280964322  4.873609
4395.34254528107  -29.39847
4395.50228091892  -2.679481
4395.66201655677  -8.827111
4395.82175219462  25.60616
4395.98148783247  -1.329573
4396.14122347032  2.965238
4396.30095910817  20.82997
4396.46069474602  0.5669848
4396.62043038387  21.18672
4396.78016602172  19.11901
4396.93990165958  -0.6629255
4397.09963729743  23.65861
4397.25937293528  34.35061
4397.41910857313  20.16611
4397.57884421098  15.0833
4397.73857984883  20.16236
4397.89831548668  4.649729
4398.05805112453  -3.792261
4398.21778676238  -11.62475
4398.37752240023  -15.58615
4398.53725803808  11.13048
4398.69699367593  12.58153
4398.85672931378  10.48526
4399.01646495163  26.23748
4399.17620058948  23.87274
4399.33593622733  30.66499
4399.49567186518  37.7439
4399.65540750303  31.11885
4399.81514314088  30.80939
4399.97487877873  8.289385
4400.13461441658  2.815995
4400.29435005443  7.235739
4400.45408569228  46.76923
4400.61382133013  12.74706
4400.77355696798  -10.88313
4400.93329260583  27.89196
4401.09302824368  25.74331
4401.25276388154  33.90733
4401.41249951939  22.26746
4401.57223515724  15.19338
4401.73197079509  16.97637
4401.89170643294  1.576349
4402.05144207079  5.971531
4402.21117770864  14.75623
4402.37091334649  10.11533
4402.53064898434  15.64563
4402.69038462219  12.73228
4402.85012026004  53.85085
4403.00985589789  43.52717
4403.16959153574  41.51399
4403.32932717359  24.73699
4403.48906281144  15.48836
4403.64879844929  22.94265
4403.80853408714  24.10928
4403.96826972499  26.61235
4404.12800536284  46.0908
4404.28774100069  18.50689
4404.44747663854  3.839951
4404.60721227639  40.32487
4404.76694791424  32.61547
4404.92668355209  24.80795
4405.08641918994  29.0136
4405.24615482779  30.84326
4405.40589046565  25.59539
4405.56562610349  36.87428
4405.72536174134  40.84425
4405.8850973792  31.4486
4406.04483301705  13.14845
4406.2045686549  32.0513
4406.36430429275  29.64771
4406.5240399306  29.13816
4406.68377556845  39.94579
4406.8435112063  38.01036
4407.00324684415  25.89713
4407.162982482  22.99657
4407.32271811985  23.4443
4407.4824537577  5.402068
4407.64218939555  16.32019
4407.8019250334  28.22479
4407.96166067125  12.56864
4408.1213963091  13.91536
4408.28113194695  47.77628
4408.4408675848  28.51582
4408.60060322265  21.59884
4408.7603388605  43.13806
4408.92007449835  23.48807
4409.0798101362  7.668861
4409.23954577405  30.86806
4409.3992814119  41.89387
4409.55901704975  24.86079
4409.71875268761  18.71914
4409.87848832545  38.41437
4410.03822396331  52.26218
4410.19795960116  44.98365
4410.35769523901  48.04215
4410.51743087686  43.12282
4410.67716651471  6.273418
4410.83690215256  6.440915
4410.99663779041  22.58159
4411.15637342826  36.77531
4411.31610906611  74.67242
4411.47584470396  2.873891
4411.63558034181  3.2767
4411.79531597966  34.09225
4411.95505161751  53.98331
4412.11478725536  49.53841
4412.27452289321  35.81029
4412.43425853106  52.08071
4412.59399416891  52.61635
4412.75372980676  35.46689
4412.91346544461  7.955674
4413.07320108246  35.39954
4413.23293672031  30.51214
4413.39267235816  32.64505
4413.55240799601  62.45366
4413.71214363386  52.34893
4413.87187927171  24.15001
4414.03161490956  30.76988
4414.19135054742  22.15303
4414.35108618527  29.74342
4414.51082182312  59.49493
4414.67055746097  58.73118
4414.83029309882  34.66609
4414.99002873667  29.45894
4415.14976437452  29.63303
4415.30950001237  32.41686
4415.46923565022  46.2612
4415.62897128807  41.05603
4415.78870692592  32.9701
4415.94844256377  16.62201
4416.10817820162  26.37438
4416.26791383947  42.79515
4416.42764947732  49.42854
4416.58738511517  41.67257
4416.74712075302  50.35146
4416.90685639087  36.67294
4417.06659202872  18.32303
4417.22632766657  39.04318
4417.38606330442  37.33963
4417.54579894227  51.72226
4417.70553458012  97.34915
4417.86527021797  91.75678
4418.02500585582  61.82721
4418.18474149367  46.349
4418.34447713153  42.7787
4418.50421276938  57.55843
4418.66394840723  45.33965
4418.82368404508  55.74573
4418.98341968293  22.7564
4419.14315532078  32.47047
4419.30289095863  10.22741
4419.46262659648  44.74133
4419.62236223433  61.8223
4419.78209787218  62.81569
4419.94183351003  53.24327
4420.10156914788  23.83973
4420.26130478573  33.64746
4420.42104042358  43.18761
4420.58077606143  27.56692
4420.74051169928  34.77876
4420.90024733713  44.479
4421.05998297498  43.04113
4421.21971861283  47.86507
4421.37945425068  46.54258
4421.53918988853  40.92208
4421.69892552638  26.26341
4421.85866116423  33.65663
4422.01839680208  37.88327
4422.17813243993  33.35672
4422.33786807778  23.13015
4422.49760371563  52.58542
4422.65733935349  60.33764
4422.81707499134  32.60593
4422.97681062919  38.39559
4423.13654626704  25.45312
4423.29628190489  23.81769
4423.45601754274  47.93921
4423.61575318059  45.23828
4423.77548881844  51.95614
4423.93522445629  73.07151
4424.09496009414  84.11155
4424.25469573199  71.69498
4424.41443136984  38.44004
4424.57416700769  35.81209
4424.73390264554  47.58995
4424.89363828339  56.12302
4425.05337392124  54.97774
4425.21310955909  32.37567
4425.37284519694  16.92262
4425.53258083479  60.15467
4425.69231647264  76.47762
4425.85205211049  53.92713
4426.01178774834  64.27042
4426.17152338619  34.17365
4426.33125902404  41.0921
4426.49099466189  48.83458
4426.65073029974  62.16131
4426.81046593759  38.89803
4426.97020157545  28.10143
4427.1299372133  44.27547
4427.28967285114  26.6695
4427.44940848899  33.67715
4427.60914412685  65.97284
4427.7688797647  54.85859
4427.92861540255  47.90509
4428.0883510404  45.18916
4428.24808667825  29.72958
4428.4078223161  59.48382
4428.56755795395  75.61935
4428.7272935918  56.35957
4428.88702922965  49.0248
4429.0467648675  79.92927
4429.20650050535  56.11591
4429.3662361432  25.59014
4429.52597178105  45.59987
4429.6857074189  50.74277
4429.84544305675  40.25285
4430.0051786946  73.52209
4430.16491433245  86.71204
4430.3246499703  49.46311
4430.48438560815  63.69187
4430.644121246  60.82571
4430.80385688385  26.4919
4430.9635925217  49.32671
4431.12332815955  56.1585
4431.2830637974  47.95892
4431.44279943526  76.38512
4431.60253507311  57.46202
4431.76227071096  44.89898
4431.92200634881  60.63598
4432.08174198666  25.27232
4432.24147762451  60.94229
4432.40121326236  75.48518
4432.56094890021  68.32991
4432.72068453806  81.17804
4432.88042017591  67.30438
4433.04015581376  50.56573
4433.19989145161  45.06283
4433.35962708946  38.19187
4433.51936272731  37.54668
4433.67909836516  58.07293
4433.83883400301  76.15619
4433.99856964086  79.55731
4434.15830527871  71.38027
4434.31804091656  62.51045
4434.47777655441  55.1662
4434.63751219226  51.93769
4434.79724783011  49.38169
4434.95698346796  42.0429
4435.11671910581  45.37084
4435.27645474366  53.7202
4435.43619038151  53.72763
4435.59592601937  67.68375
4435.75566165721  69.14975
4435.91539729506  35.57366
4436.07513293292  37.2888
4436.23486857077  40.121
4436.39460420862  28.87306
4436.55433984647  42.57731
4436.71407548432  87.28912
4436.87381112217  40.83346
4437.03354676002  58.91264
4437.19328239787  77.53866
4437.35301803572  66.65218
4437.51275367357  77.58102
4437.67248931142  67.52512
4437.83222494927  42.06017
4437.99196058712  49.4879
4438.15169622497  58.23153
4438.31143186282  62.7703
4438.47116750067  82.19021
4438.63090313852  69.9507
4438.79063877637  53.18058
4438.95037441422  69.50054
4439.11011005207  62.70137
4439.26984568992  44.00669
4439.42958132777  59.39806
4439.58931696562  65.71109
4439.74905260347  59.25439
4439.90878824132  57.29615
4440.06852387917  52.07873
4440.22825951703  82.88379
4440.38799515488  60.16093
4440.54773079273  44.56393
4440.70746643058  58.23664
4440.86720206843  40.90145
4441.02693770628  53.61856
4441.18667334413  54.3769
4441.34640898198  87.50271
4441.50614461983  70.61429
4441.66588025768  81.45576
4441.82561589553  54.5657
4441.98535153338  51.53752
4442.14508717123  52.26357
4442.30482280908  39.75093
4442.46455844693  101.9126
4442.62429408478  74.21065
4442.78402972263  45.34388
4442.94376536048  32.09455
4443.10350099833  51.09787
4443.26323663618  60.92649
4443.42297227403  61.42284
4443.58270791188  68.1736
4443.74244354973  55.05157
4443.90217918758  57.80712
4444.06191482543  56.05478
4444.22165046328  63.22612
4444.38138610113  91.52872
4444.54112173899  69.2374
4444.70085737684  52.94661
4444.86059301469  67.23009
4445.02032865254  39.79643
4445.18006429039  38.49356
4445.33979992824  56.76102
4445.49953556609  40.23528
4445.65927120394  42.51592
4445.81900684179  58.64201
4445.97874247964  78.82978
4446.13847811749  81.69337
4446.29821375534  93.71214
4446.45794939319  74.23203
4446.61768503104  36.48129
4446.77742066889  67.78643
4446.93715630674  57.35192
4447.09689194459  52.36936
4447.25662758244  45.39899
4447.41636322029  46.47454
4447.57609885814  48.56168
4447.73583449599  63.82814
4447.89557013384  75.36984
4448.05530577169  42.9347
4448.21504140954  39.547
4448.37477704739  41.6448
4448.53451268524  65.15963
4448.6942483231  60.92896
4448.85398396095  55.7989
4449.0137195988  56.28741
4449.17345523665  53.65408
4449.3331908745  57.6633
4449.49292651235  56.81783
4449.6526621502  77.8022
4449.81239778805  65.79745
4449.9721334259  38.14926
4450.13186906375  55.0549
4450.2916047016  51.58678
4450.45134033945  47.02024
4450.6110759773  76.68859
4450.77081161515  81.16858
4450.930547253  59.80055
4451.09028289085  73.91737
4451.2500185287  57.9561
4451.40975416655  87.02079
4451.5694898044  58.87011
4451.72922544225  62.13691
4451.8889610801  75.76627
4452.04869671795  81.67095
4452.2084323558  54.10957
4452.36816799365  73.22987
4452.5279036315  65.13379
4452.68763926935  70.1346
4452.8473749072  64.61945
4453.00711054506  53.3991
4453.1668461829  67.58282
4453.32658182076  100.886
4453.48631745861  95.48594
4453.64605309646  86.9048
4453.80578873431  67.77299
4453.96552437216  42.32606
4454.12526001001  60.86773
4454.28499564786  85.45895
4454.44473128571  67.18481
4454.60446692356  53.99607
4454.76420256141  83.45197
4454.92393819926  70.68652
4455.08367383711  60.23547
4455.24340947496  67.56016
4455.40314511281  69.62617
4455.56288075066  57.56252
4455.72261638851  41.17876
4455.88235202636  63.5882
4456.04208766421  56.99373
4456.20182330206  57.86245
4456.36155893991  63.9727
4456.52129457776  78.20612
4456.68103021561  93.969
4456.84076585346  80.63379
4457.00050149131  86.24619
4457.16023712916  80.74685
4457.31997276702  63.57412
4457.47970840487  51.51432
4457.63944404272  48.14621
4457.79917968057  60.91111
4457.95891531842  66.1881
4458.11865095627  73.12672
4458.27838659412  71.28024
4458.43812223197  47.14432
4458.59785786982  52.48351
4458.75759350767  76.24072
4458.91732914552  90.34464
4459.07706478337  78.17305
4459.23680042122  91.83704
4459.39653605907  73.20865
4459.55627169692  92.72684
4459.71600733477  58.59645
4459.87574297262  47.39238
4460.03547861047  55.82182
4460.19521424832  60.73607
4460.35494988617  27.24857
4460.51468552402  62.90415
4460.67442116187  74.56468
4460.83415679972  39.23365
4460.99389243757  70.04415
4461.15362807542  65.84715
4461.31336371327  92.62259
4461.47309935113  86.19833
4461.63283498897  97.77487
4461.79257062682  67.2063
4461.95230626468  71.8718
4462.11204190253  80.85516
4462.27177754038  68.16856
4462.43151317823  84.31528
4462.59124881608  76.87328
4462.75098445393  67.11214
4462.91072009178  59.80485
4463.07045572963  78.84042
4463.23019136748  81.35899
4463.38992700533  50.98208
4463.54966264318  41.13605
4463.70939828103  49.71521
4463.86913391888  80.60332
4464.02886955673  70.51893
4464.18860519458  50.62226
4464.34834083243  42.07754
4464.50807647028  97.35534
4464.66781210813  80.20512
4464.82754774598  69.2795
4464.98728338383  68.89388
4465.14701902168  83.48933
4465.30675465953  103.9441
4465.46649029738  57.32288
4465.62622593523  62.1706
4465.78596157308  101.273
4465.94569721093  84.45158
4466.10543284878  72.37637
4466.26516848664  62.69792
4466.42490412449  59.30704
4466.58463976234  85.21205
4466.74437540019  88.83093
4466.90411103804  67.2964
4467.06384667589  92.84872
4467.22358231374  63.37383
4467.38331795159  55.56781
4467.54305358944  68.03479
4467.70278922729  84.63947
4467.86252486514  71.78137
4468.02226050299  94.31286
4468.18199614084  68.41381
4468.34173177869  56.80697
4468.50146741654  96.47028
4468.66120305439  67.79508
4468.82093869224  66.44737
4468.98067433009  74.39774
4469.14040996794  47.22793
4469.30014560579  83.38833
4469.45988124364  105.7093
4469.61961688149  56.90282
4469.77935251934  65.46275
4469.93908815719  85.67683
4470.09882379504  55.21347
4470.25855943289  63.1766
4470.41829507074  62.36467
4470.5780307086  78.74636
4470.73776634645  101.7457
4470.8975019843  94.4222
4471.05723762215  90.57467
4471.21697326  80.70845
4471.37670889785  77.67348
4471.5364445357  60.86716
4471.69618017355  59.90391
4471.8559158114  40.43711
4472.01565144925  21.46849
4472.1753870871  68.79288
4472.33512272495  87.26084
4472.4948583628  65.59923
4472.65459400065  47.67039
4472.8143296385  67.62205
4472.97406527635  69.40809
4473.1338009142  57.48906
4473.29353655205  80.34933
4473.4532721899  69.87328
4473.61300782775  65.18966
4473.7727434656  59.32564
4473.93247910345  51.46597
4474.0922147413  74.27199
4474.25195037915  108.3242
4474.411686017  96.82098
4474.57142165485  80.20332
4474.73115729271  83.95922
4474.89089293056  82.59754
4475.05062856841  70.65575
4475.21036420626  49.95797
4475.37009984411  67.81129
4475.52983548196  85.37171
4475.68957111981  81.94402
4475.84930675766  97.19758
4476.00904239551  87.54887
4476.16877803336  40.0965
4476.32851367121  76.53613
4476.48824930906  81.3336
4476.64798494691  71.76077
4476.80772058476  104.1418
4476.96745622261  100.4977
4477.12719186046  76.00489
4477.28692749831  75.77728
4477.44666313616  96.49708
4477.60639877401  76.11575
4477.76613441186  68.64977
4477.92587004971  81.2842
4478.08560568756  101.0412
4478.24534132541  98.83228
4478.40507696326  75.98179
4478.56481260111  70.32391
4478.72454823896  90.11605
4478.88428387682  79.31673
4479.04401951467  55.99157
4479.20375515252  66.99929
4479.36349079037  60.69811
4479.52322642822  61.38222
4479.68296206607  68.21647
4479.84269770392  60.39155
4480.00243334177  75.85016
4480.16216897962  73.82697
4480.32190461747  73.6509
4480.48164025532  68.59743
4480.64137589317  44.66208
4480.80111153102  65.43903
4480.96084716887  89.95112
4481.12058280672  64.8709
4481.28031844457  56.92659
4481.44005408242  75.2202
4481.59978972027  70.49886
4481.75952535812  78.84167
4481.91926099597  55.84442
4482.07899663382  64.40952
4482.23873227167  60.8047
4482.39846790952  60.04444
4482.55820354737  74.72343
4482.71793918522  51.87149
4482.87767482307  47.33276
4483.03741046092  44.7791
4483.19714609878  89.08225
4483.35688173662  48.59954
4483.51661737448  43.77371
4483.67635301233  51.9269
4483.83608865018  87.17561
4483.99582428803  42.65678
4484.15555992588  68.4031
4484.31529556373  82.12727
4484.47503120158  59.73489
4484.63476683943  51.16329
4484.79450247728  81.2813
4484.95423811513  93.97724
4485.11397375298  64.71167
4485.27370939083  53.16268
4485.43344502868  47.09162
4485.59318066653  60.39109
4485.75291630438  58.87939
4485.91265194223  63.11713
4486.07238758008  91.53502
4486.23212321793  59.00593
4486.39185885578  71.83009
4486.55159449363  73.28082
4486.71133013148  61.70988
4486.87106576933  16.11932
4487.03080140718  45.58971
4487.19053704503  39.95244
4487.35027268288  56.59814
4487.51000832074  52.67823
4487.66974395858  86.83096
4487.82947959644  65.5201
4487.98921523429  80.21342
4488.14895087214  88.36012
4488.30868650999  76.50887
4488.46842214784  70.38837
4488.62815778569  50.32393
4488.78789342354  59.19707
4488.94762906139  82.12037
4489.10736469924  72.5251
4489.26710033709  77.62525
4489.42683597494  62.16405
4489.58657161279  74.36877
4489.74630725064  89.08277
4489.90604288849  77.10837
4490.06577852634  64.44123
4490.22551416419  67.18876
4490.38524980204  48.82473
4490.54498543989  84.79071
4490.70472107774  124.9968
4490.86445671559  68.27369
4491.02419235344  57.52999
4491.18392799129  52.30916
4491.34366362914  34.83901
4491.50339926699  50.17097
4491.66313490484  47.32022
4491.82287054269  54.08607
4491.98260618055  59.24041
4492.1423418184  53.32961
4492.30207745625  71.09697
4492.4618130941  92.86353
4492.62154873195  77.57382
4492.7812843698  43.80404
4492.94102000765  57.18262
4493.1007556455  61.65362
4493.26049128335  56.05675
4493.4202269212  35.06627
4493.57996255905  65.34979
4493.7396981969  56.71946
4493.89943383475  33.34452
4494.0591694726  57.91277
4494.21890511045  52.83651
4494.3786407483  65.52409
4494.53837638615  49.13954
4494.698112024  51.55584
4494.85784766185  49.31464
4495.0175832997  36.68861
4495.17731893755  56.0263
4495.3370545754  55.60957
4495.49679021325  53.0054
4495.6565258511  43.17473
4495.81626148895  69.40889
4495.9759971268  61.98987
4496.13573276466  72.36691
4496.29546840251  60.23291
4496.45520404036  81.26467
4496.61493967821  65.5353
4496.77467531606  43.9354
4496.93441095391  68.60931
4497.09414659176  45.09128
4497.25388222961  71.48125
4497.41361786746  66.491
4497.57335350531  68.57112
4497.73308914316  69.96616
4497.89282478101  62.53581
4498.05256041886  74.36387
4498.21229605671  74.95832
4498.37203169456  69.06586
4498.53176733241  59.44636
4498.69150297026  74.89618
4498.85123860811  63.92089
4499.01097424596  75.74587
4499.17070988381  79.30214
4499.33044552166  43.61601
4499.49018115951  64.06873
4499.64991679736  83.34927
4499.80965243521  51.7038
4499.96938807306  69.37311
4500.12912371091  59.13368
4500.28885934876  58.34702
4500.44859498662  56.3275
4500.60833062447  31.2526
4500.76806626232  68.6599
4500.92780190017  68.43518
4501.08753753802  51.49192
4501.24727317587  64.08033
4501.40700881372  70.34872
4501.56674445157  88.46376
4501.72648008942  39.14829
4501.88621572727  57.07635
4502.04595136512  36.72811
4502.20568700297  40.20614
4502.36542264082  43.97287
4502.52515827867  62.78017
4502.68489391652  44.33949
4502.84462955437  64.69673
4503.00436519222  43.38109
4503.16410083007  35.95916
4503.32383646792  52.34406
4503.48357210577  73.16946
4503.64330774362  83.10706
4503.80304338147  72.41776
4503.96277901932  51.89124
4504.12251465717  56.56613
4504.28225029502  43.89555
4504.44198593287  36.06627
4504.60172157072  50.47424
4504.76145720858  46.53624
4504.92119284643  54.93299
4505.08092848427  70.42245
4505.24066412213  39.31613
4505.40039975998  41.26796
4505.56013539783  73.35693
4505.71987103568  43.9842
4505.87960667353  74.39953
4506.03934231138  48.62683
4506.19907794923  40.00913
4506.35881358708  41.45712
4506.51854922493  54.02764
4506.67828486278  21.90201
4506.83802050063  52.4988
4506.99775613848  26.30018
4507.15749177633  41.29707
4507.31722741418  46.24789
4507.47696305203  20.15009
4507.63669868988  25.88644
4507.79643432773  42.50034
4507.95616996558  39.48175
4508.11590560343  27.14689
4508.27564124128  29.81311
4508.43537687913  16.24759
4508.59511251698  26.00963
4508.75484815483  56.78135
4508.91458379268  62.48341
4509.07431943053  70.07525
4509.23405506838  56.18576
4509.39379070624  53.5184
4509.55352634409  65.95833
4509.71326198194  49.30007
4509.87299761979  43.23797
4510.03273325764  26.78872
4510.19246889549  34.45272
4510.35220453334  39.82354
4510.51194017119  51.57615
4510.67167580904  20.52801
4510.83141144689  43.18063
4510.99114708474  35.36284
4511.15088272259  37.66434
4511.31061836044  52.20935
4511.47035399829  43.9295
4511.63008963614  55.14996
4511.78982527399  50.46946
4511.94956091184  64.5115
4512.10929654969  24.99745
4512.26903218754  39.08034
4512.42876782539  55.90059
4512.58850346324  45.55579
4512.74823910109  34.39794
4512.90797473894  41.55282
4513.06771037679  49.95279
4513.22744601464  56.27312
4513.3871816525  54.33519
4513.54691729034  56.75163
4513.7066529282  41.08621
4513.86638856605  50.87807
4514.0261242039  33.23454
4514.18585984175  54.55551
4514.3455954796  19.87063
4514.50533111745  57.95769
4514.6650667553  57.05444
4514.82480239315  36.38527
4514.984538031  41.66133
4515.14427366885  34.64617
4515.3040093067  32.71741
4515.46374494455  54.76478
4515.6234805824  58.52325
4515.78321622025  56.59226
4515.9429518581  31.49905
4516.10268749595  34.09041
4516.2624231338  51.16164
4516.42215877165  25.00715
4516.5818944095  59.34442
4516.74163004735  60.99192
4516.9013656852  41.79095
4517.06110132305  18.83136
4517.2208369609  34.9365
4517.38057259875  29.52801
4517.5403082366  32.19232
4517.70004387445  27.55704
4517.8597795123  17.16773
4518.01951515016  22.78969
4518.17925078801  38.21993
4518.33898642586  29.28465
4518.49872206371  31.50993
4518.65845770156  33.03876
4518.81819333941  53.01311
4518.97792897726  55.01145
4519.13766461511  38.38652
4519.29740025296  61.30199
4519.45713589081  67.34779
4519.61687152866  49.28742
4519.77660716651  39.27678
4519.93634280436  72.47012
4520.09607844221  43.47937
4520.25581408006  65.38491
4520.41554971791  19.85123
4520.57528535576  47.99091
4520.73502099361  47.34959
4520.89475663146  47.78041
4521.05449226931  44.71473
4521.21422790716  54.73727
4521.37396354501  27.74871
4521.53369918286  26.18497
4521.69343482071  52.00432
4521.85317045856  45.24383
4522.01290609641  37.91121
4522.17264173427  16.87772
4522.33237737212  25.67131
4522.49211300997  44.85858
4522.65184864782  48.03843
4522.81158428567  52.83308
4522.97131992352  52.88123
4523.13105556137  44.92009
4523.29079119922  40.95327
4523.45052683707  30.89429
4523.61026247492  43.24297
4523.76999811277  41.23326
4523.92973375062  65.69084
4524.08946938847  50.13322
4524.24920502632  34.61934
4524.40894066417  12.34064
4524.56867630202  24.6373
4524.72841193987  33.37294
4524.88814757772  18.65605
4525.04788321557  27.03786
4525.20761885342  25.73723
4525.36735449127  41.60364
4525.52709012912  31.11357
4525.68682576697  20.44361
4525.84656140482  17.19464
4526.00629704267  39.83779
4526.16603268052  21.98741
4526.32576831837  18.98002
4526.48550395623  46.94064
4526.64523959408  48.57276
4526.80497523193  5.503058
4526.96471086978  -0.3641226
4527.12444650763  7.024644
4527.28418214548  36.99772
4527.44391778333  -4.256335
4527.60365342118  17.85613
4527.76338905903  20.34786
4527.92312469688  -3.366194
4528.08286033473  12.99372
4528.24259597258  50.52546
4528.40233161043  56.47227
4528.56206724828  24.81115
4528.72180288613  12.30224
4528.88153852398  26.1953
4529.04127416183  19.96753
4529.20100979968  9.369124
4529.36074543753  20.10345
4529.52048107538  28.40404
4529.68021671323  13.07873
4529.83995235108  10.96603
4529.99968798893  26.85642
4530.15942362678  48.04005
4530.31915926463  21.54976
4530.47889490248  -1.20175
4530.63863054034  1.664399
4530.79836617819  41.32462
4530.95810181603  33.41477
4531.11783745389  22.37318
4531.27757309174  22.68442
4531.43730872959  47.16662
4531.59704436744  32.43152
4531.75678000529  34.26107
4531.91651564314  7.034002
4532.07625128099  28.63461
4532.23598691884  34.18701
4532.39572255669  33.94156
4532.55545819454  57.94787
4532.71519383239  16.9852
4532.87492947024  23.86104
4533.03466510809  -4.481239
4533.19440074594  9.340479
4533.35413638379  35.55293
4533.51387202164  29.632
4533.67360765949  13.44934
4533.83334329734  10.95624
4533.99307893519  23.31559
4534.15281457304  43.01303
4534.31255021089  42.50093
4534.47228584874  8.660897
4534.63202148659  3.946959
4534.79175712444  15.86038
4534.95149276229  -0.7933912
4535.11122840015  11.58253
4535.270964038  25.43291
4535.43069967585  5.913784
4535.5904353137  10.23181
4535.75017095155  43.37009
4535.9099065894  29.11713
4536.06964222725  14.79157
4536.2293778651  -0.171494
4536.38911350295  -7.837192
4536.5488491408  7.229745
4536.70858477865  -14.78518
4536.8683204165  -5.591648
4537.02805605435  28.42258
4537.1877916922  22.10214
4537.34752733005  12.75122
4537.5072629679  19.0663
4537.66699860575  -15.02648
4537.8267342436  11.05337
4537.98646988145  12.233
4538.1462055193  25.71566
4538.30594115715  -3.855475
4538.465676795  9.226624
4538.62541243285  29.46853
4538.7851480707  -14.39356
4538.94488370855  25.34372
4539.10461934641  44.77419
4539.26435498426  23.3791
4539.4240906221  7.257256
4539.58382625996  5.08146
4539.74356189781  21.32071
4539.90329753566  45.20533
4540.06303317351  -19.29883
4540.22276881136  15.12525
4540.38250444921  20.6228
4540.54224008706  -6.210888
4540.70197572491  24.88863
4540.86171136276  18.71178
4541.02144700061  9.426458
4541.18118263846  -9.31744
4541.34091827631  -5.684574
4541.50065391416  1.461047
4541.66038955201  2.275362
4541.82012518986  22.83891
4541.97986082771  11.50873
4542.13959646556  8.642825
4542.29933210341  26.58424
4542.45906774126  7.653868
4542.61880337911  11.65618
4542.77853901696  -22.22089
4542.93827465481  -22.31685
4543.09801029266  -12.03914
4543.25774593051  -4.501616
4543.41748156836  3.260412
4543.57721720621  1.422024
4543.73695284407  12.46069
4543.89668848192  5.164852
4544.05642411977  0.1187088
4544.21615975762  -0.7374764
4544.37589539547  5.45166
4544.53563103332  3.50748
4544.69536667117  18.47273
4544.85510230902  8.105417
4545.01483794687  4.874532
4545.17457358472  -14.04803
4545.33430922257  -6.235785
4545.49404486042  7.464489
4545.65378049827  -20.27513
4545.81351613612  5.351229
4545.97325177397  9.188546
4546.13298741182  1.856738
4546.29272304967  21.05935
4546.45245868752  0.7819599
4546.61219432537  5.585796
4546.77192996322  0.456692
4546.93166560107  0.2315701
4547.09140123892  16.37991
4547.25113687677  -11.66379
4547.41087251462  3.973765
4547.57060815247  1.413884
4547.73034379032  2.794083
4547.89007942817  -14.34311
4548.04981506603  1.463141
4548.20955070388  -14.56933
4548.36928634173  -4.909786
4548.52902197958  -1.118696
4548.68875761743  10.20452
4548.84849325528  8.617105
4549.00822889313  27.59627
4549.16796453098  -0.2643041
4549.32770016883  28.06945
4549.48743580668  8.249347
4549.64717144453  1.036673
