4386.1300561269  -2.686512
4386.28982972359  20.9372
4386.44960332028  -4.69592
4386.60937691697  36.42678
4386.76915051366  -7.066722
4386.92892411034  -44.9296
4387.08869770703  -23.92881
4387.24847130372  -5.451642
4387.40824490041  15.30779
4387.5680184971  48.85207
4387.72779209379  47.63774
4387.88756569048  5.645136
4388.04733928717  1.642308
4388.20711288386  37.04555
4388.36688648055  35.70176
4388.52666007723  6.448527
4388.68643367392  19.75513
4388.84620727061  47.40409
4389.0059808673  -5.521872
4389.16575446399  -3.433314
4389.32552806068  9.681481
4389.48530165737  21.39724
4389.64507525406  16.72301
4389.80484885075  -21.42774
4389.96462244743  -6.608384
4390.12439604412  19.37695
4390.28416964081  -3.435633
4390.4439432375  27.43778
4390.60371683419  11.57208
4390.76349043088  -25.81731
4390.92326402757  47.41831
4391.08303762426  36.32679
4391.24281122095  36.05088
4391.40258481764  0.06364952
4391.56235841432  20.42869
4391.72213201101  32.73812
4391.8819056077  21.51145
4392.04167920439  20.63295
4392.20145280108  11.19974
4392.36122639777  13.01195
4392.52099999446  47.11488
4392.68077359115  54.69047
4392.84054718784  7.064316
4393.00032078452  25.89431
4393.16009438121  -22.96999
4393.3198679779  59.22574
4393.47964157459  31.78149
4393.63941517128  3.033574
4393.79918876797  4.93023
4393.95896236466  7.56848
4394.11873596135  27.69326
4394.27850955804  29.24805
4394.43828315473  10.59913
4394.59805675142  17.53629
4394.7578303481  25.34399
4394.91760394479  18.63143
4395.07737754148  11.68772
4395.23715113817  -12.3677
4395.39692473486  24.09474
4395.55669833155  15.34774
4395.71647192824  8.570457
4395.87624552493  -9.908392
4396.03601912162  30.09621
4396.1957927183  -15.43135
4396.35556631499  3.440216
4396.51533991168  28.79567
4396.67511350837  39.56535
4396.83488710506  13.35669
4396.99466070175  -13.45397
4397.15443429844  42.51958
4397.31420789513  41.11398
4397.47398149182  29.76745
4397.63375508851  52.1239
4397.79352868519  -1.175886
4397.95330228188  -10.22937
4398.11307587857  -19.59254
4398.27284947526  19.21948
4398.43262307195  40.95671
4398.59239666864  45.37675
4398.75217026533  24.81993
4398.91194386202  32.56912
4399.07171745871  22.96417
4399.23149105539  -19.1501
4399.39126465208  -14.10228
4399.55103824877  5.234428
4399.71081184546  -0.7583188
4399.87058544215  27.00011
4400.03035903884  45.7925
4400.19013263553  5.503037
4400.34990623222  8.648667
4400.50967982891  12.16178
4400.6694534256  58.29271
4400.82922702228  29.98611
4400.98900061897  -33.10648
4401.14877421566  -39.0169
4401.30854781235  11.29382
4401.46832140904  20.19343
4401.62809500573  13.26069
4401.78786860242  16.04762
4401.94764219911  42.5335
4402.1074157958  44.16521
4402.26718939248  -26.86962
4402.42696298917  22.06005
4402.58673658586  34.99774
4402.74651018255  23.67663
4402.90628377924  7.306097
4403.06605737593  14.57143
4403.22583097262  30.62511
4403.38560456931  39.54972
4403.545378166  33.39457
4403.70515176268  42.40593
4403.86492535937  34.37539
4404.02469895606  25.42849
4404.18447255275  39.09071
4404.34424614944  17.78934
4404.50401974613  2.922347
4404.66379334282  24.95428
4404.82356693951  12.98907
4404.9833405362  33.83661
4405.14311413289  15.4892
4405.30288772958  2.227691
4405.46266132626  45.43161
4405.62243492295  38.40605
4405.78220851964  60.36594
4405.94198211633  38.92477
4406.10175571302  0.2839135
4406.26152930971  17.52572
4406.4213029064  13.6683
4406.58107650309  11.65221
4406.74085009978  28.65529
4406.90062369647  42.20198
4407.06039729315  49.02324
4407.22017088984  52.95592
4407.37994448653  64.51515
4407.53971808322  6.373327
4407.69949167991  7.202482
4407.8592652766  35.73734
4408.01903887329  43.61287
4408.17881246998  57.23793
4408.33858606667  72.75632
4408.49835966335  56.77635
4408.65813326004  35.08858
4408.81790685673  43.17476
4408.97768045342  40.67686
4409.13745405011  27.98942
4409.2972276468  49.38939
4409.45700124349  68.1335
4409.61677484018  59.02601
4409.77654843686  32.91664
4409.93632203356  30.07066
4410.09609563024  83.57021
4410.25586922693  54.26611
4410.41564282362  44.32162
4410.57541642031  31.06798
4410.735190017  25.86071
4410.89496361369  16.87263
4411.05473721038  37.20412
4411.21451080707  71.81409
4411.37428440376  54.71075
4411.53405800044  67.94649
4411.69383159713  68.51887
4411.85360519382  49.1037
4412.01337879051  62.7429
4412.1731523872  40.53082
4412.33292598389  4.158401
4412.49269958058  29.42565
4412.65247317727  53.37466
4412.81224677396  66.54916
4412.97202037065  64.49462
4413.13179396733  64.81092
4413.29156756402  52.75941
4413.45134116071  8.895836
4413.6111147574  25.77163
4413.77088835409  56.4528
4413.93066195078  66.36267
4414.09043554747  38.16722
4414.25020914416  70.22498
4414.40998274085  76.02787
4414.56975633754  25.11445
4414.72952993422  47.62384
4414.88930353091  66.4324
4415.0490771276  47.98603
4415.20885072429  53.70311
4415.36862432098  35.6273
4415.52839791767  74.70045
4415.68817151436  102.7148
4415.84794511105  34.82895
4416.00771870774  28.36698
4416.16749230442  65.51755
4416.32726590111  22.711
4416.4870394978  16.69905
4416.64681309449  44.16622
4416.80658669118  74.53966
4416.96636028787  66.74706
4417.12613388456  75.29188
4417.28590748125  71.79934
4417.44568107794  34.51545
4417.60545467463  9.994833
4417.76522827131  50.34842
4417.925001868  65.85887
4418.08477546469  41.42672
4418.24454906138  59.16936
4418.40432265807  61.88147
4418.56409625476  60.63434
4418.72386985145  -12.35125
4418.88364344814  49.65232
4419.04341704483  50.16389
4419.20319064152  -2.311514
4419.3629642382  70.48138
4419.52273783489  58.38144
4419.68251143158  40.4431
4419.84228502827  27.48513
4420.00205862496  28.26197
4420.16183222165  40.42053
4420.32160581834  75.41336
4420.48137941503  99.65662
4420.64115301172  96.15645
4420.8009266084  55.46783
4420.96070020509  34.78361
4421.12047380178  55.55533
4421.28024739847  53.4123
4421.44002099516  54.66919
4421.59979459185  32.70749
4421.75956818854  59.39533
4421.91934178523  71.20788
4422.07911538192  44.44149
4422.23888897861  23.7291
4422.39866257529  27.32299
4422.55843617198  31.18084
4422.71820976867  93.51785
4422.87798336536  68.0051
4423.03775696205  24.74875
4423.19753055874  60.21577
4423.35730415543  64.34924
4423.51707775212  62.17001
4423.67685134881  45.42294
4423.8366249455  18.915
4423.99639854218  43.99375
4424.15617213887  52.78141
4424.31594573556  69.29604
4424.47571933225  115.9503
4424.63549292894  66.58414
4424.79526652563  16.8031
4424.95504012232  23.22508
4425.11481371901  49.82664
4425.2745873157  60.61303
4425.43436091238  54.78725
4425.59413450907  65.20626
4425.75390810576  28.78288
4425.91368170245  71.81524
4426.07345529914  84.25463
4426.23322889583  65.49104
4426.39300249252  81.86137
4426.55277608921  86.84607
4426.7125496859  54.32588
4426.87232328259  25.72441
4427.03209687927  51.04512
4427.19187047596  82.08435
4427.35164407265  57.19601
4427.51141766934  38.0637
4427.67119126603  54.09469
4427.83096486272  75.65984
4427.99073845941  84.33446
4428.1505120561  41.61357
4428.31028565279  50.01173
4428.47005924947  67.12006
4428.62983284616  39.05957
4428.78960644285  90.63795
4428.94938003954  41.76006
4429.10915363623  49.94173
4429.26892723292  11.50081
4429.42870082961  -7.326393
4429.5884744263  29.3542
4429.74824802299  64.01537
4429.90802161968  53.22271
4430.06779521636  51.60728
4430.22756881305  75.42496
4430.38734240974  85.16195
4430.54711600643  58.31189
4430.70688960312  40.6636
4430.86666319981  72.18595
4431.0264367965  80.62419
4431.18621039319  72.38444
4431.34598398988  89.31305
4431.50575758657  69.05866
4431.66553118325  62.25427
4431.82530477994  66.02632
4431.98507837663  64.491
4432.14485197332  47.78656
4432.30462557001  25.95072
4432.4643991667  53.49688
4432.62417276339  66.45263
4432.78394636008  63.26505
4432.94371995677  67.17856
4433.10349355346  66.13914
4433.26326715014  95.17171
4433.42304074683  71.58398
4433.58281434352  72.3886
4433.74258794021  90.92287
4433.9023615369  79.93972
4434.06213513359  60.0113
4434.22190873028  61.41145
4434.38168232697  38.27452
4434.54145592366  64.10525
4434.70122952034  95.15387
4434.86100311703  72.63493
4435.02077671372  70.63482
4435.18055031041  54.0567
4435.3403239071  75.4862
4435.50009750379  104.2688
4435.65987110048  106.0102
4435.81964469717  146.9035
4435.97941829386  66.92495
4436.13919189055  23.99924
4436.29896548723  73.25146
4436.45873908392  55.38189
4436.61851268061  85.72788
4436.7782862773  87.46492
4436.93805987399  83.62521
4437.09783347068  71.37502
4437.25760706737  77.96064
4437.41738066406  44.41608
4437.57715426075  21.80765
4437.73692785743  73.80177
4437.89670145412  58.67997
4438.05647505081  54.94926
4438.2162486475  44.51143
4438.37602224419  59.97748
4438.53579584088  88.30805
4438.69556943757  78.44104
4438.85534303426  72.63816
4439.01511663095  62.14339
4439.17489022764  46.18171
4439.33466382432  62.63838
4439.49443742101  88.14523
4439.6542110177  63.98352
4439.81398461439  35.0843
4439.97375821108  61.33866
4440.13353180777  86.48292
4440.29330540446  93.73861
4440.45307900115  88.64352
4440.61285259784  77.91488
4440.77262619452  68.16073
4440.93239979121  82.50932
4441.0921733879  82.30003
4441.25194698459  89.60767
4441.41172058128  76.88151
4441.57149417797  84.17658
4441.73126777466  85.87064
4441.89104137135  71.31584
4442.05081496804  100.899
4442.21058856473  87.39193
4442.37036216141  104.1032
4442.5301357581  93.32707
4442.68990935479  78.61258
4442.84968295148  88.24075
4443.00945654817  76.44698
4443.16923014486  67.32327
4443.32900374155  65.40627
4443.48877733824  68.13749
4443.64855093493  49.30767
4443.80832453161  49.94346
4443.9680981283  83.11208
4444.12787172499  78.98384
4444.28764532168  84.88987
4444.44741891837  73.66502
4444.60719251506  63.43098
4444.76696611175  86.5817
4444.92673970844  56.5728
4445.08651330513  72.44778
4445.24628690181  57.25632
4445.4060604985  88.30894
4445.56583409519  80.66505
4445.72560769188  62.47913
4445.88538128857  49.87551
4446.04515488526  97.66623
4446.20492848195  64.17939
4446.36470207864  58.44737
4446.52447567533  105.49
4446.68424927202  84.72017
4446.8440228687  98.36423
4447.00379646539  107.7359
4447.16357006208  58.03805
4447.32334365877  83.87334
4447.48311725546  80.21984
4447.64289085215  83.00491
4447.80266444884  122.7931
4447.96243804553  80.08732
4448.12221164222  81.03034
4448.28198523891  123.8163
4448.44175883559  69.921
4448.60153243228  27.5457
4448.76130602897  50.6305
4448.92107962566  96.13796
4449.08085322235  118.5928
4449.24062681904  113.4279
4449.40040041573  99.3961
4449.56017401242  104.7349
4449.71994760911  118.5834
4449.87972120579  106.6738
4450.03949480248  82.28308
4450.19926839917  59.48939
4450.35904199586  86.85867
4450.51881559255  62.05996
4450.67858918924  43.04958
4450.83836278593  63.328
4450.99813638262  67.87938
4451.15790997931  58.08781
4451.317683576  78.3569
4451.47745717268  84.3971
4451.63723076937  29.94737
4451.79700436606  102.1542
4451.95677796275  78.46479
4452.11655155944  74.54627
4452.27632515613  97.2934
4452.43609875282  60.16939
4452.59587234951  79.85754
4452.7556459462  67.56772
4452.91541954289  91.76292
4453.07519313957  70.29586
4453.23496673626  66.54841
4453.39474033295  67.7598
4453.55451392964  66.18609
4453.71428752633  49.65735
4453.87406112302  96.27399
4454.03383471971  129.042
4454.1936083164  95.64774
4454.35338191309  70.46633
4454.51315550977  52.43249
4454.67292910646  63.83523
4454.83270270315  99.22904
4454.99247629984  132.3202
4455.15224989653  119.4155
4455.31202349322  103.1206
4455.47179708991  76.23822
4455.6315706866  59.479
4455.79134428329  63.65863
4455.95111787997  79.59415
4456.11089147666  71.68904
4456.27066507335  50.01289
4456.43043867004  79.97629
4456.59021226673  107.147
4456.74998586342  95.07961
4456.90975946011  106.8501
4457.0695330568  119.6211
4457.22930665349  83.23328
4457.38908025018  91.23337
4457.54885384687  119.9249
4457.70862744355  78.69598
4457.86840104024  63.24618
4458.02817463693  64.68082
4458.18794823362  77.10024
4458.34772183031  101.0207
4458.507495427  107.3254
4458.66726902369  98.81145
4458.82704262038  80.9599
4458.98681621707  87.86537
4459.14658981375  87.42262
4459.30636341044  113.3905
4459.46613700713  86.96188
4459.62591060382  76.08875
4459.78568420051  82.24369
4459.9454577972  92.16899
4460.10523139389  51.80383
4460.26500499058  109.4653
4460.42477858727  103.385
4460.58455218396  91.69434
4460.74432578064  83.44118
4460.90409937733  84.27223
4461.06387297402  75.18066
4461.22364657071  59.21474
4461.3834201674  63.37902
4461.54319376409  96.74856
4461.70296736078  90.20874
4461.86274095747  97.90341
4462.02251455416  133.8927
4462.18228815084  106.2553
4462.34206174753  87.22717
4462.50183534422  97.18145
4462.66160894091  71.12815
4462.8213825376  102.9587
4462.98115613429  118.2755
4463.14092973098  130.6364
4463.30070332767  94.06597
4463.46047692436  55.04745
4463.62025052105  77.03364
4463.78002411773  65.32378
4463.93979771442  81.46857
4464.09957131111  74.40521
4464.2593449078  62.2552
4464.41911850449  110.6023
4464.57889210118  111.2629
4464.73866569787  115.7945
4464.89843929456  100.1203
4465.05821289125  103.1303
4465.21798648794  58.14545
4465.37776008462  28.98993
4465.53753368131  69.11185
4465.697307278  85.63496
4465.85708087469  83.43787
4466.01685447138  96.82555
4466.17662806807  104.4124
4466.33640166476  129.9685
4466.49617526145  95.2744
4466.65594885814  96.7076
4466.81572245482  76.21275
4466.97549605151  74.73388
4467.1352696482  75.71989
4467.29504324489  69.68165
4467.45481684158  52.19458
4467.61459043827  76.43546
4467.77436403496  105.2967
4467.93413763165  97.22398
4468.09391122834  76.56285
4468.25368482502  68.58276
4468.41345842171  79.1622
4468.5732320184  82.13873
4468.73300561509  98.17025
4468.89277921178  96.36239
4469.05255280847  84.19025
4469.21232640516  78.14127
4469.37210000185  56.15674
4469.53187359854  68.52721
4469.69164719523  65.95004
4469.85142079192  71.25861
4470.0111943886  75.75745
4470.17096798529  54.18995
4470.33074158198  33.60833
4470.49051517867  58.57937
4470.65028877536  47.60672
4470.81006237205  70.96792
4470.96983596874  102.0975
4471.12960956543  68.06443
4471.28938316212  92.85479
4471.4491567588  106.8253
4471.60893035549  73.11748
4471.76870395218  62.82728
4471.92847754887  79.11115
4472.08825114556  81.24306
4472.24802474225  97.04465
4472.40779833894  94.70697
4472.56757193563  81.09344
4472.72734553232  65.41608
4472.88711912901  72.51479
4473.04689272569  106.9139
4473.20666632238  148.58
4473.36643991907  133.244
4473.52621351576  99.72912
4473.68598711245  106.1633
4473.84576070914  98.9827
4474.00553430583  126.6469
4474.16530790252  134.9289
4474.32508149921  105.2347
4474.48485509589  85.06774
4474.64462869258  89.22708
4474.80440228927  99.5982
4474.96417588596  100.2477
4475.12394948265  102.6953
4475.28372307934  75.33144
4475.44349667603  72.77177
4475.60327027272  81.84193
4475.76304386941  60.26761
4475.9228174661  95.07415
4476.08259106278  113.0371
4476.24236465947  81.88819
4476.40213825616  93.9968
4476.56191185285  112.3409
4476.72168544954  121.9627
4476.88145904623  100.5162
4477.04123264292  79.32075
4477.20100623961  75.40208
4477.3607798363  91.48362
4477.52055343299  124.4509
4477.68032702967  91.10892
4477.84010062636  63.44659
4477.99987422305  80.05206
4478.15964781974  114.4461
4478.31942141643  138.8609
4478.47919501312  128.7579
4478.63896860981  110.7668
4478.7987422065  83.53402
4478.95851580319  40.9039
4479.11828939987  90.09469
4479.27806299656  123.6987
4479.43783659325  89.68417
4479.59761018994  74.31544
4479.75738378663  53.0458
4479.91715738332  86.81427
4480.07693098001  71.70454
4480.2367045767  46.83077
4480.39647817339  72.55318
4480.55625177007  75.2951
4480.71602536676  108.6516
4480.87579896345  86.82039
4481.03557256014  71.57327
4481.19534615683  49.71787
4481.35511975352  98.38583
4481.51489335021  107.9386
4481.6746669469  69.06041
4481.83444054359  87.36972
4481.99421414028  83.05541
4482.15398773697  83.83371
4482.31376133365  103.8781
4482.47353493034  76.43629
4482.63330852703  50.38883
4482.79308212372  114.7944
4482.95285572041  102.5409
4483.1126293171  100.69
4483.27240291379  26.85165
4483.43217651048  67.40064
4483.59195010717  72.01586
4483.75172370385  68.40679
4483.91149730054  122.5943
4484.07127089723  88.99458
4484.23104449392  64.62688
4484.39081809061  84.94447
4484.5505916873  78.83717
4484.71036528399  83.99529
4484.87013888068  111.2739
4485.02991247737  103.555
4485.18968607406  88.20951
4485.34945967074  88.71485
4485.50923326743  84.97491
4485.66900686412  93.94534
4485.82878046081  83.81779
4485.9885540575  87.11944
4486.14832765419  40.97429
4486.30810125088  73.79684
4486.46787484757  105.2583
4486.62764844426  47.017
4486.78742204094  -17.37033
4486.94719563763  72.90856
4487.10696923432  81.68357
4487.26674283101  93.86406
4487.4265164277  54.30129
4487.58629002439  79.71552
4487.74606362108  70.62023
4487.90583721777  67.92342
4488.06561081446  100.8133
4488.22538441115  89.98124
4488.38515800783  63.34614
4488.54493160452  59.44871
4488.70470520121  61.45098
4488.8644787979  71.39706
4489.02425239459  99.15229
4489.18402599128  53.09523
4489.34379958797  69.09191
4489.50357318466  104.3545
4489.66334678135  73.455
4489.82312037804  68.13946
4489.98289397472  108.9269
4490.14266757141  95.65816
4490.3024411681  67.15022
4490.46221476479  96.77123
4490.62198836148  109.4438
4490.78176195817  74.011
4490.94153555486  74.45833
4491.10130915155  82.79806
4491.26108274824  27.09023
4491.42085634492  83.70509
4491.58062994161  85.79798
4491.7404035383  57.87535
4491.90017713499  65.09996
4492.05995073168  40.48927
4492.21972432837  56.25138
4492.37949792506  65.34349
4492.53927152175  86.00727
4492.69904511844  98.07375
4492.85881871513  82.09643
4493.01859231181  75.28468
4493.1783659085  75.79456
4493.33813950519  114.4459
4493.49791310188  61.4418
4493.65768669857  58.89492
4493.81746029526  86.26072
4493.97723389195  113.2751
4494.13700748864  91.05927
4494.29678108533  38.10514
4494.45655468202  61.96638
4494.6163282787  31.94852
4494.77610187539  33.69733
4494.93587547208  61.42213
4495.09564906877  17.28719
4495.25542266546  64.7704
4495.41519626215  69.09634
4495.57496985884  81.61091
4495.73474345553  33.73193
4495.89451705222  102.2105
4496.0542906489  82.63753
4496.21406424559  72.85287
4496.37383784228  35.03027
4496.53361143897  65.39494
4496.69338503566  61.97688
4496.85315863235  65.54687
4497.01293222904  36.82385
4497.17270582573  67.07101
4497.33247942242  104.1912
4497.49225301911  103.3987
4497.65202661579  91.68815
4497.81180021248  45.00385
4497.97157380917  74.71209
4498.13134740586  34.3796
4498.29112100255  33.15406
4498.45089459924  107.9016
4498.61066819593  52.61347
4498.77044179262  77.46836
4498.93021538931  123.826
4499.08998898599  80.84222
4499.24976258268  48.82476
4499.40953617937  32.97609
4499.56930977606  54.69883
4499.72908337275  77.15377
4499.88885696944  42.43819
4500.04863056613  51.44362
4500.20840416282  75.35496
4500.36817775951  91.33028
4500.5279513562  71.28728
4500.68772495288  46.03089
4500.84749854957  73.98911
4501.00727214626  75.35374
4501.16704574295  79.94945
4501.32681933964  121.6239
4501.48659293633  68.26785
4501.64636653302  1.298931
4501.80614012971  58.49352
4501.9659137264  55.89614
4502.12568732309  55.19433
4502.28546091977  92.56076
4502.44523451646  103.2892
4502.60500811315  64.68516
4502.76478170984  63.64072
4502.92455530653  67.55788
4503.08432890322  58.48198
4503.24410249991  73.88269
4503.4038760966  96.27901
4503.56364969329  73.10811
4503.72342328997  88.78246
4503.88319688666  84.59673
4504.04297048335  55.4857
4504.20274408004  67.47437
4504.36251767673  50.33559
4504.52229127342  45.78022
4504.68206487011  36.35596
4504.8418384668  64.98265
4505.00161206349  61.13309
4505.16138566018  71.23632
4505.32115925686  95.46722
4505.48093285355  61.06287
4505.64070645024  90.6465
4505.80048004693  85.08627
4505.96025364362  42.55063
4506.12002724031  29.18557
4506.279800837  62.13124
4506.43957443369  41.37177
4506.59934803038  77.94354
4506.75912162706  48.06741
4506.91889522375  41.59288
4507.07866882044  53.07526
4507.23844241713  96.21222
4507.39821601382  52.70233
4507.55798961051  38.18006
4507.7177632072  54.32998
4507.87753680389  36.08594
4508.03731040058  44.65654
4508.19708399727  48.56514
4508.35685759395  74.93861
4508.51663119064  56.75801
4508.67640478733  45.22667
4508.83617838402  38.15469
4508.99595198071  45.62458
4509.1557255774  79.54147
4509.31549917409  92.02367
4509.47527277078  102.0989
4509.63504636747  54.50976
4509.79481996415  72.24498
4509.95459356084  55.83303
4510.11436715753  45.43656
4510.27414075422  36.11008
4510.43391435091  68.76693
4510.5936879476  71.4894
4510.75346154429  50.94522
4510.91323514098  49.21263
4511.07300873767  82.85245
4511.23278233436  57.44557
4511.39255593104  104.4784
4511.55232952773  75.68726
4511.71210312442  87.13101
4511.87187672111  47.14714
4512.0316503178  75.23102
4512.19142391449  93.15596
4512.35119751118  26.55573
4512.51097110787  48.50966
4512.67074470456  81.119
4512.83051830124  40.93694
4512.99029189793  52.82951
4513.15006549462  61.62342
4513.30983909131  62.00524
4513.469612688  41.7894
4513.62938628469  62.76849
4513.78915988138  66.77312
4513.94893347807  68.88168
4514.10870707476  62.42859
4514.26848067145  18.98625
4514.42825426814  14.3586
4514.58802786482  31.70635
4514.74780146151  57.35887
4514.9075750582  74.36914
4515.06734865489  53.13783
4515.22712225158  32.33147
4515.38689584827  48.24939
4515.54666944496  72.06911
4515.70644304165  89.78275
4515.86621663834  67.36017
4516.02599023502  61.74181
4516.18576383171  42.68596
4516.3455374284  26.71187
4516.50531102509  65.23946
4516.66508462178  38.57291
4516.82485821847  16.69188
4516.98463181516  55.20269
4517.14440541185  82.36454
4517.30417900854  88.08228
4517.46395260522  60.75676
4517.62372620191  78.52595
4517.7834997986  73.41653
4517.94327339529  28.94466
4518.10304699198  30.49435
4518.26282058867  3.388893
4518.42259418536  64.26312
4518.58236778205  92.24202
4518.74214137874  66.39385
4518.90191497543  46.79384
4519.06168857211  68.11048
4519.2214621688  65.20522
4519.38123576549  56.17841
4519.54100936218  18.23562
4519.70078295887  54.50129
4519.86055655556  42.62791
4520.02033015225  29.48296
4520.18010374894  35.32942
4520.33987734563  23.87158
4520.49965094232  16.96116
4520.659424539  43.59963
4520.81919813569  43.60596
4520.97897173238  35.79125
4521.13874532907  57.28025
4521.29851892576  40.10853
4521.45829252245  58.72803
4521.61806611914  56.93031
4521.77783971583  63.09859
4521.93761331252  61.34263
4522.0973869092  55.51642
4522.25716050589  41.20598
4522.41693410258  46.4512
4522.57670769927  42.45502
4522.73648129596  42.48112
4522.89625489265  58.39365
4523.05602848934  17.93505
4523.21580208603  32.32109
4523.37557568272  71.20047
4523.53534927941  64.07929
4523.69512287609  88.3474
4523.85489647278  52.09587
4524.01467006947  79.01552
4524.17444366616  50.7601
4524.33421726285  33.09104
4524.49399085954  18.51311
4524.65376445623  32.53501
4524.81353805292  54.58323
4524.97331164961  44.25497
4525.13308524629  16.79473
4525.29285884298  59.91011
4525.45263243967  100.8506
4525.61240603636  50.4327
4525.77217963305  16.37819
4525.93195322974  27.12563
4526.09172682643  49.05104
4526.25150042312  48.94889
4526.41127401981  35.37623
4526.5710476165  29.35664
4526.73082121319  49.48111
4526.89059480987  52.60653
4527.05036840656  43.654
4527.21014200325  49.63739
4527.36991559994  30.40365
4527.52968919663  17.87835
4527.68946279332  -12.929
4527.84923639001  18.92164
4528.0090099867  27.4531
4528.16878358339  38.38756
4528.32855718007  43.55416
4528.48833077676  6.279548
4528.64810437345  12.58568
4528.80787797014  33.85667
4528.96765156683  26.64656
4529.12742516352  20.97929
4529.28719876021  25.97373
4529.4469723569  42.18225
4529.60674595359  67.166
4529.76651955027  40.03763
4529.92629314696  37.58174
4530.08606674365  86.64139
4530.24584034034  11.55253
4530.40561393703  6.105852
4530.56538753372  -9.804923
4530.72516113041  23.05524
4530.8849347271  20.78163
4531.04470832379  28.46866
4531.20448192048  24.01252
4531.36425551716  10.80213
4531.52402911385  61.45382
4531.68380271054  31.81502
4531.84357630723  -5.589955
4532.00334990392  26.99434
4532.16312350061  24.4369
4532.3228970973  8.880566
4532.48267069399  38.90521
4532.64244429068  34.8114
4532.80221788737  20.95079
4532.96199148405  59.00747
4533.12176508074  52.54581
4533.28153867743  22.24068
4533.44131227412  16.54355
4533.60108587081  25.31011
4533.7608594675  -2.977803
4533.92063306419  -12.55043
4534.08040666088  -35.8726
4534.24018025757  40.86312
4534.39995385425  -0.4360647
4534.55972745094  23.63299
4534.71950104763  22.39883
4534.87927464432  36.81937
4535.03904824101  -9.129589
4535.1988218377  10.9182
4535.35859543439  -0.5288508
4535.51836903108  17.28629
4535.67814262777  42.7983
4535.83791622446  17.05195
4535.99768982114  -2.150457
4536.15746341783  32.89697
4536.31723701452  36.40445
4536.47701061121  -11.89857
4536.6367842079  -1.663908
4536.79655780459  4.372855
4536.95633140128  37.74114
4537.11610499797  17.17456
4537.27587859466  1.644904
4537.43565219135  -1.787579
4537.59542578803  32.24999
4537.75519938472  49.67217
4537.91497298141  14.7371
4538.0747465781  -27.26527
4538.23452017479  42.52559
4538.39429377148  31.37866
4538.55406736817  20.85166
4538.71384096486  15.77447
4538.87361456155  -8.866
4539.03338815824  -13.00637
4539.19316175492  11.32245
4539.35293535161  14.60503
4539.5127089483  16.67147
4539.67248254499  -1.75559
4539.83225614168  2.531681
4539.99202973837  -17.91403
4540.15180333506  17.08162
4540.31157693175  11.44284
4540.47135052844  8.452278
4540.63112412512  -2.867385
4540.79089772181  12.68661
4540.9506713185  -1.773153
4541.11044491519  15.16192
4541.27021851188  48.96586
4541.42999210857  18.66234
4541.58976570526  -0.9202735
4541.74953930195  -10.98381
4541.90931289864  -13.32011
4542.06908649532  3.96696
4542.22886009201  32.4445
4542.3886336887  11.88448
4542.54840728539  23.47374
4542.70818088208  -9.112808
4542.86795447877  -5.228984
4543.02772807546  40.54963
4543.18750167215  -8.568491
4543.34727526884  7.347519
4543.50704886553  5.585278
4543.66682246221  9.082233
4543.8265960589  36.38266
4543.98636965559  -12.13807
4544.14614325228  7.632841
4544.30591684897  12.16537
4544.46569044566  40.64954
4544.62546404235  22.65643
4544.78523763904  21.69593
4544.94501123573  22.02768
4545.10478483242  1.19113
4545.2645584291  10.81314
4545.42433202579  73.54425
4545.58410562248  -16.63289
4545.74387921917  -12.41183
4545.90365281586  8.162092
4546.06342641255  -8.935379
4546.22320000924  -2.725925
4546.38297360593  31.7819
4546.54274720262  34.44909
4546.70252079931  1.11884
4546.86229439599  -33.92073
4547.02206799268  -12.4646
4547.18184158937  8.101983
4547.34161518606  -4.312359
4547.50138878275  1.984366
4547.66116237944  -6.792851
4547.82093597613  -5.025464
4547.98070957282  -17.62008
4548.14048316951  -33.88291
4548.30025676619  2.967205
4548.46003036288  -0.03134302
4548.61980395957  32.20188
4548.77957755626  0.7652203
4548.93935115295  -16.85777
4549.09912474964  -29.45372
4549.25889834633  -17.427
4549.41867194302  11.82799
4549.57844553971  33.51231
