4386.2095015123  49.85169
4386.36932817404  -30.57422
4386.52915483578  -15.2231
4386.68898149752  17.09649
4386.84880815927  36.42946
4387.00863482101  10.01728
4387.16846148275  -18.27269
4387.32828814449  -16.06462
4387.48811480623  13.84473
4387.64794146797  16.89585
4387.80776812972  6.106266
4387.96759479146  10.24566
4388.1274214532  -15.00722
4388.28724811494  29.85206
4388.44707477668  -12.55285
4388.60690143842  0.6817214
4388.76672810016  56.74952
4388.9265547619  -1.709845
4389.08638142365  25.5889
4389.24620808539  48.08021
4389.40603474713  20.8137
4389.56586140887  0.9452941
4389.72568807061  10.08735
4389.88551473235  22.01853
4390.0453413941  4.421132
4390.20516805584  -17.49399
4390.36499471758  -7.649146
4390.52482137932  16.6613
4390.68464804106  14.97324
4390.8444747028  3.848558
4391.00430136454  -1.90195
4391.16412802629  5.243392
4391.32395468803  23.88592
4391.48378134977  11.88516
4391.64360801151  2.676952
4391.80343467325  2.457555
4391.96326133499  39.89851
4392.12308799673  45.60919
4392.28291465848  16.1286
4392.44274132022  17.55969
4392.60256798196  9.942883
4392.7623946437  14.08569
4392.92222130544  6.986768
4393.08204796718  -14.49373
4393.24187462893  3.501975
4393.40170129067  19.52675
4393.56152795241  -6.184919
4393.72135461415  -19.63837
4393.88118127589  -9.417825
4394.04100793763  -2.230387
4394.20083459937  15.72145
4394.36066126112  37.14573
4394.52048792286  22.0047
4394.6803145846  23.00305
4394.84014124634  60.58287
4394.99996790808  46.73489
4395.15979456982  10.52887
4395.31962123157  -6.814404
4395.47944789331  -24.13986
4395.63927455505  -22.98483
4395.79910121679  25.2026
4395.95892787853  27.11099
4396.11875454027  8.340465
4396.27858120201  12.13902
4396.43840786376  30.89558
4396.5982345255  44.50612
4396.75806118724  7.062567
4396.91788784898  2.622408
4397.07771451072  31.51075
4397.23754117246  5.410906
4397.3973678342  -0.7183011
4397.55719449595  5.000744
4397.71702115769  11.13164
4397.87684781943  15.99765
4398.03667448117  42.38546
4398.19650114291  3.838617
4398.35632780465  9.771417
4398.51615446639  15.98601
4398.67598112814  13.0698
4398.83580778988  32.78294
4398.99563445162  39.63868
4399.15546111336  20.53601
4399.3152877751  -3.88496
4399.47511443684  1.599219
4399.63494109858  17.78263
4399.79476776033  -1.259253
4399.95459442207  11.34531
4400.11442108381  31.99236
4400.27424774555  -10.03878
4400.43407440729  -5.727276
4400.59390106903  16.99351
4400.75372773078  36.87705
4400.91355439252  33.75567
4401.07338105426  24.67308
4401.233207716  -10.16282
4401.39303437774  14.00941
4401.55286103948  30.21413
4401.71268770122  6.468371
4401.87251436297  -3.32719
4402.03234102471  -7.195063
4402.19216768645  12.466
4402.35199434819  53.54314
4402.51182100993  85.00587
4402.67164767167  37.16415
4402.83147433341  4.278343
4402.99130099516  45.69353
4403.1511276569  21.19879
4403.31095431864  -6.714389
4403.47078098038  27.59542
4403.63060764212  43.6695
4403.79043430386  28.45166
4403.9502609656  36.46189
4404.11008762735  14.67064
4404.26991428909  -4.22855
4404.42974095083  20.13438
4404.58956761257  27.81017
4404.74939427431  31.15618
4404.90922093605  17.47927
4405.0690475978  1.618316
4405.22887425954  17.87948
4405.38870092128  36.5659
4405.54852758302  60.21016
4405.70835424476  32.10021
4405.8681809065  55.22988
4406.02800756824  40.43539
4406.18783422998  20.98491
4406.34766089173  29.41269
4406.50748755347  28.59619
4406.66731421521  34.46878
4406.82714087695  33.53933
4406.98696753869  26.07381
4407.14679420043  36.74744
4407.30662086218  38.01002
4407.46644752392  28.50495
4407.62627418566  1.091702
4407.7861008474  13.70743
4407.94592750914  20.31054
4408.10575417088  41.34382
4408.26558083262  34.73244
4408.42540749437  6.857916
4408.58523415611  10.38373
4408.74506081785  26.05033
4408.90488747959  56.29733
4409.06471414133  51.21559
4409.22454080307  -0.3124299
4409.38436746482  -7.544715
4409.54419412656  22.74875
4409.7040207883  53.16842
4409.86384745004  65.81409
4410.02367411178  31.67447
4410.18350077352  48.03941
4410.34332743526  45.96771
4410.50315409701  47.76143
4410.66298075875  25.98263
4410.82280742049  31.84742
4410.98263408223  16.82453
4411.14246074397  35.29421
4411.30228740571  13.90431
4411.46211406745  16.90759
4411.6219407292  39.58376
4411.78176739094  27.80352
4411.94159405268  18.42311
4412.10142071442  43.47521
4412.26124737616  55.1333
4412.4210740379  4.259761
4412.58090069964  -5.60257
4412.74072736139  48.21806
4412.90055402313  -0.6616666
4413.06038068487  12.93513
4413.22020734661  30.22477
4413.38003400835  18.12555
4413.53986067009  43.16595
4413.69968733184  51.17994
4413.85951399358  46.96057
4414.01934065532  29.99526
4414.17916731706  50.20045
4414.3389939788  38.80935
4414.49882064054  20.39118
4414.65864730228  51.5609
4414.81847396403  53.58931
4414.97830062577  45.44555
4415.13812728751  64.51527
4415.29795394925  49.10957
4415.45778061099  51.19429
4415.61760727273  71.53998
4415.77743393447  38.02992
4415.93726059622  5.075213
4416.09708725796  30.13463
4416.2569139197  16.85329
4416.41674058144  42.12826
4416.57656724318  40.70259
4416.73639390492  40.35191
4416.89622056667  22.05639
4417.05604722841  1.423564
4417.21587389015  19.99258
4417.37570055189  53.69328
4417.53552721363  78.37141
4417.69535387537  73.68286
4417.85518053711  34.57988
4418.01500719885  10.66678
4418.1748338606  22.7713
4418.33466052234  43.02615
4418.49448718408  56.32199
4418.65431384582  52.40172
4418.81414050756  54.33957
4418.9739671693  59.36336
4419.13379383105  72.7627
4419.29362049279  33.81139
4419.45344715453  85.019
4419.61327381627  62.83819
4419.77310047801  37.95187
4419.93292713975  22.82042
4420.09275380149  45.83924
4420.25258046324  44.65787
4420.41240712498  32.27774
4420.57223378672  58.09855
4420.73206044846  40.62416
4420.8918871102  15.87434
4421.05171377194  24.09903
4421.21154043368  34.67684
4421.37136709543  70.28022
4421.53119375717  24.2796
4421.69102041891  24.26152
4421.85084708065  71.41883
4422.01067374239  69.86191
4422.17050040413  50.23301
4422.33032706588  63.24061
4422.49015372762  58.81951
4422.64998038936  71.65923
4422.8098070511  37.13321
4422.96963371284  28.56415
4423.12946037458  44.77893
4423.28928703632  58.18044
4423.44911369806  54.83641
4423.60894035981  53.51298
4423.76876702155  46.09442
4423.92859368329  33.9645
4424.08842034503  38.46933
4424.24824700677  24.07157
4424.40807366851  13.27225
4424.56790033026  27.51109
4424.727726992  32.6371
4424.88755365374  69.69024
4425.04738031548  41.43126
4425.20720697722  43.38877
4425.36703363896  18.0657
4425.5268603007  19.48343
4425.68668696245  62.98004
4425.84651362419  56.76446
4426.00634028593  72.15973
4426.16616694767  41.80153
4426.32599360941  7.466072
4426.48582027115  34.52435
4426.6456469329  59.72089
4426.80547359464  44.51684
4426.96530025638  50.90025
4427.12512691812  48.02085
4427.28495357986  57.34983
4427.4447802416  73.45277
4427.60460690334  41.94805
4427.76443356509  47.65271
4427.92426022683  47.45012
4428.08408688857  57.87231
4428.24391355031  54.75374
4428.40374021205  42.83728
4428.56356687379  48.64449
4428.72339353553  45.5753
4428.88322019728  45.95847
4429.04304685902  48.59526
4429.20287352076  61.72945
4429.3627001825  49.31606
4429.52252684424  50.35727
4429.68235350598  24.2902
4429.84218016772  70.46513
4430.00200682947  67.79641
4430.16183349121  49.73535
4430.32166015295  68.5423
4430.48148681469  74.75211
4430.64131347643  68.45781
4430.80114013817  74.10747
4430.96096679991  72.78354
4431.12079346166  45.67685
4431.2806201234  51.60035
4431.44044678514  64.24375
4431.60027344688  48.71357
4431.76010010862  59.93509
4431.91992677036  62.19465
4432.0797534321  68.12693
4432.23958009385  81.98434
4432.39940675559  68.07497
4432.55923341733  61.23317
4432.71906007907  55.82594
4432.87888674081  87.62574
4433.03871340255  57.78139
4433.19854006429  61.0152
4433.35836672604  75.34963
4433.51819338778  55.15331
4433.67802004952  69.38323
4433.83784671126  75.73218
4433.997673373  63.34437
4434.15750003474  38.7506
4434.31732669649  28.45558
4434.47715335823  42.50131
4434.63698001997  58.32282
4434.79680668171  60.88123
4434.95663334345  39.78053
4435.11646000519  46.42965
4435.27628666693  41.11407
4435.43611332868  15.91905
4435.59593999042  71.41756
4435.75576665216  74.02226
4435.9155933139  53.72724
4436.07541997564  58.87783
4436.23524663738  78.55138
4436.39507329913  89.61679
4436.55489996087  94.09731
4436.71472662261  34.66728
4436.87455328435  91.64977
4437.03437994609  39.75565
4437.19420660783  29.40403
4437.35403326957  52.34389
4437.51385993132  65.64196
4437.67368659306  76.1712
4437.8335132548  57.15988
4437.99333991654  46.94865
4438.15316657828  76.07201
4438.31299324002  68.67746
4438.47281990176  45.42606
4438.63264656351  65.07458
4438.79247322525  66.13178
4438.95229988699  52.99805
4439.11212654873  67.67508
4439.27195321047  84.24655
4439.43177987221  69.31116
4439.59160653396  29.98085
4439.7514331957  57.22152
4439.91125985744  61.05897
4440.07108651918  57.75107
4440.23091318092  63.2674
4440.39073984266  43.74269
4440.5505665044  86.7159
4440.71039316614  73.78207
4440.87021982789  31.78114
4441.03004648963  40.51686
4441.18987315137  65.49405
4441.34969981311  82.76231
4441.50952647485  86.77982
4441.66935313659  46.73957
4441.82917979834  54.24702
4441.98900646008  34.55255
4442.14883312182  60.78143
4442.30865978356  94.68641
4442.4684864453  91.49166
4442.62831310704  47.33955
4442.78813976878  31.44506
4442.94796643052  68.54419
4443.10779309227  50.31977
4443.26761975401  37.03077
4443.42744641575  98.4795
4443.58727307749  94.10845
4443.74709973923  63.68672
4443.90692640097  94.88579
4444.06675306272  70.13129
4444.22657972446  35.64117
4444.3864063862  52.06862
4444.54623304794  53.48182
4444.70605970968  49.09587
4444.86588637142  71.05663
4445.02571303316  66.9702
4445.18553969491  66.34089
4445.34536635665  90.03204
4445.50519301839  76.97516
4445.66501968013  46.05603
4445.82484634187  74.07363
4445.98467300361  59.01797
4446.14449966536  28.56006
4446.3043263271  47.34152
4446.46415298884  50.74142
4446.62397965058  51.13836
4446.78380631232  98.78127
4446.94363297406  77.3343
4447.1034596358  72.73721
4447.26328629755  68.55115
4447.42311295929  40.0701
4447.58293962103  77.24136
4447.74276628277  87.30032
4447.90259294451  74.41457
4448.06241960625  74.96064
4448.22224626799  57.25406
4448.38207292974  20.61666
4448.54189959148  60.74804
4448.70172625322  85.2869
4448.86155291496  39.27139
4449.0213795767  48.86794
4449.18120623844  68.34732
4449.34103290019  62.72589
4449.50085956193  56.94568
4449.66068622367  26.04278
4449.82051288541  17.88757
4449.98033954715  66.13091
4450.14016620889  62.54769
4450.29999287063  72.76292
4450.45981953237  77.28645
4450.61964619412  89.80315
4450.77947285586  52.48181
4450.9392995176  50.61035
4451.09912617934  43.64058
4451.25895284108  57.07688
4451.41877950283  53.49026
4451.57860616457  46.85835
4451.73843282631  78.16057
4451.89825948805  72.39413
4452.05808614979  57.65079
4452.21791281153  43.01429
4452.37773947327  39.55295
4452.53756613501  54.4755
4452.69739279676  60.05305
4452.8572194585  78.83896
4453.01704612024  60.32731
4453.17687278198  20.38232
4453.33669944372  62.84325
4453.49652610546  32.80632
4453.65635276721  54.81224
4453.81617942895  102.9065
4453.97600609069  93.11745
4454.13583275243  95.20935
4454.29565941417  71.13636
4454.45548607591  63.82665
4454.61531273765  41.30846
4454.7751393994  62.47642
4454.93496606114  77.84962
4455.09479272288  56.11361
4455.25461938462  50.26022
4455.41444604636  83.56178
4455.5742727081  106.8596
4455.73409936984  74.58639
4455.89392603159  89.26655
4456.05375269333  103.5574
4456.21357935507  76.94999
4456.37340601681  50.60268
4456.53323267855  42.39119
4456.69305934029  79.3026
4456.85288600203  87.56149
4457.01271266378  104.6613
4457.17253932552  89.53319
4457.33236598726  83.74498
4457.492192649  84.45029
4457.65201931074  55.17193
4457.81184597248  40.37406
4457.97167263422  74.01869
4458.13149929597  71.37418
4458.29132595771  68.28893
4458.45115261945  89.19807
4458.61097928119  96.58704
4458.77080594293  80.27966
4458.93063260467  55.09892
4459.09045926642  106.9479
4459.25028592816  105.6102
4459.4101125899  62.6364
4459.56993925164  103.5809
4459.72976591338  69.05597
4459.88959257512  89.62032
4460.04941923686  75.0192
4460.20924589861  52.76448
4460.36907256035  93.79108
4460.52889922209  64.14912
4460.68872588383  37.87195
4460.84855254557  61.62946
4461.00837920731  41.43461
4461.16820586905  56.10558
4461.3280325308  75.87079
4461.48785919254  58.87425
4461.64768585428  88.38071
4461.80751251602  55.60644
4461.96733917776  69.90914
4462.1271658395  78.24979
4462.28699250124  70.9297
4462.44681916299  87.8176
4462.60664582473  100.9588
4462.76647248647  75.03313
4462.92629914821  73.673
4463.08612580995  86.19244
4463.24595247169  91.87274
4463.40577913343  99.51408
4463.56560579518  123.8343
4463.72543245692  78.47446
4463.88525911866  58.7734
4464.0450857804  63.8626
4464.20491244214  71.83271
4464.36473910388  73.35212
4464.52456576563  58.84605
4464.68439242737  75.65408
4464.84421908911  62.89705
4465.00404575085  85.04443
4465.16387241259  77.4621
4465.32369907433  104.7337
4465.48352573607  92.87493
4465.64335239782  72.34035
4465.80317905956  47.41274
4465.9630057213  66.52177
4466.12283238304  79.35839
4466.28265904478  62.19475
4466.44248570652  97.88194
4466.60231236826  85.87786
4466.76213903001  72.73227
4466.92196569175  63.75922
4467.08179235349  33.71215
4467.24161901523  42.75028
4467.40144567697  53.63124
4467.56127233871  88.60277
4467.72109900046  104.4958
4467.8809256622  72.47348
4468.04075232394  78.09654
4468.20057898568  87.97107
4468.36040564742  94.25879
4468.52023230916  102.7433
4468.6800589709  65.89866
4468.83988563265  57.19429
4468.99971229439  81.35629
4469.15953895613  63.04403
4469.31936561787  50.61159
4469.47919227961  61.85386
4469.63901894135  58.6055
4469.79884560309  55.75734
4469.95867226484  66.50458
4470.11849892658  44.93014
4470.27832558832  53.52666
4470.43815225006  59.39098
4470.5979789118  71.13433
4470.75780557354  99.39606
4470.91763223529  69.08483
4471.07745889703  57.00045
4471.23728555877  58.77803
4471.39711222051  69.97363
4471.55693888225  49.60323
4471.71676554399  68.71214
4471.87659220573  55.7756
4472.03641886747  52.54494
4472.19624552922  80.24355
4472.35607219096  72.53929
4472.5158988527  56.08634
4472.67572551444  41.64326
4472.83555217618  37.72303
4472.99537883792  89.98402
4473.15520549967  89.59956
4473.31503216141  35.50265
4473.47485882315  61.30333
4473.63468548489  85.69288
4473.79451214663  89.09068
4473.95433880837  62.85272
4474.11416547011  68.50978
4474.27399213186  81.94163
4474.4338187936  67.33513
4474.59364545534  57.66207
4474.75347211708  96.99969
4474.91329877882  68.95524
4475.07312544056  67.73188
4475.2329521023  57.9127
4475.39277876405  59.37212
4475.55260542579  35.65843
4475.71243208753  39.21638
4475.87225874927  105.539
4476.03208541101  116.9396
4476.19191207275  84.42896
4476.3517387345  87.51481
4476.51156539624  95.02456
4476.67139205798  65.86366
4476.83121871972  18.97704
4476.99104538146  49.53616
4477.1508720432  91.5118
4477.31069870494  84.75951
4477.47052536669  90.07486
4477.63035202843  73.00427
4477.79017869017  30.1746
4477.95000535191  41.25695
4478.10983201365  60.88379
4478.26965867539  71.27055
4478.42948533714  82.00513
4478.58931199888  67.64509
4478.74913866062  38.85773
4478.90896532236  72.09426
4479.0687919841  93.54812
4479.22861864584  60.74516
4479.38844530758  50.15516
4479.54827196932  58.45733
4479.70809863107  64.77573
4479.86792529281  79.43478
4480.02775195455  60.82691
4480.18757861629  46.78995
4480.34740527803  69.3938
4480.50723193977  79.33111
4480.66705860152  72.06927
4480.82688526326  51.89117
4480.986711925  93.0302
4481.14653858674  101.096
4481.30636524848  85.66453
4481.46619191022  56.46475
4481.62601857196  38.9006
4481.78584523371  53.70647
4481.94567189545  90.99431
4482.10549855719  113.7552
4482.26532521893  54.25448
4482.42515188067  48.08175
4482.58497854241  58.43477
4482.74480520415  49.69891
4482.9046318659  61.92993
4483.06445852764  59.0503
4483.22428518938  82.16435
4483.38411185112  37.22659
4483.54393851286  56.12408
4483.7037651746  96.94312
4483.86359183634  69.36806
4484.02341849809  60.84213
4484.18324515983  72.00483
4484.34307182157  46.49949
4484.50289848331  42.32663
4484.66272514505  58.40065
4484.82255180679  87.10356
4484.98237846853  84.49285
4485.14220513028  56.57115
4485.30203179202  62.30315
4485.46185845376  71.30876
4485.6216851155  47.42461
4485.78151177724  53.669
4485.94133843898  37.19574
4486.10116510073  75.61493
4486.26099176247  82.78393
4486.42081842421  64.19968
4486.58064508595  73.26546
4486.74047174769  86.13985
4486.90029840943  13.91557
4487.06012507117  75.5592
4487.21995173292  81.32287
4487.37977839466  54.41532
4487.5396050564  75.92046
4487.69943171814  112.4431
4487.85925837988  66.97031
4488.01908504162  80.26448
4488.17891170336  90.36704
4488.33873836511  52.42699
4488.49856502685  21.56319
4488.65839168859  63.91014
4488.81821835033  59.73203
4488.97804501207  31.6636
4489.13787167381  69.16156
4489.29769833556  66.29128
4489.4575249973  61.3678
4489.61735165904  56.64628
4489.77717832078  39.43139
4489.93700498252  65.17755
4490.09683164426  37.85901
4490.256658306  39.52864
4490.41648496775  62.29616
4490.57631162949  71.41582
4490.73613829123  101.0201
4490.89596495297  66.27174
4491.05579161471  47.9937
4491.21561827645  77.08677
4491.37544493819  43.6772
4491.53527159994  44.713
4491.69509826168  63.8618
4491.85492492342  77.69957
4492.01475158516  72.36606
4492.1745782469  91.51611
4492.33440490864  105.6349
4492.49423157038  90.52879
4492.65405823213  38.63176
4492.81388489387  72.12905
4492.97371155561  76.10386
4493.13353821735  32.57652
4493.29336487909  30.69791
4493.45319154083  54.5672
4493.61301820258  66.10178
4493.77284486432  44.41058
4493.93267152606  107.9442
4494.0924981878  78.52921
4494.25232484954  57.4219
4494.41215151128  81.25911
4494.57197817302  84.33602
4494.73180483477  96.48199
4494.89163149651  104.5962
4495.05145815825  79.10788
4495.21128481999  59.37133
4495.37111148173  47.05358
4495.53093814347  67.01257
4495.69076480521  76.87538
4495.85059146696  69.20882
4496.0104181287  40.99187
4496.17024479044  63.84359
4496.33007145218  49.27543
4496.48989811392  47.64562
4496.64972477566  62.38297
4496.8095514374  61.01783
4496.96937809915  77.92068
4497.12920476089  81.91623
4497.28903142263  96.51879
4497.44885808437  61.55627
4497.60868474611  22.25532
4497.76851140785  58.75257
4497.92833806959  18.26656
4498.08816473134  41.74411
4498.24799139308  50.89635
4498.40781805482  80.82352
4498.56764471656  80.20444
4498.7274713783  73.8259
4498.88729804004  90.74558
4499.04712470178  50.33265
4499.20695136353  61.03057
4499.36677802527  89.94514
4499.52660468701  63.57639
4499.68643134875  39.33298
4499.84625801049  65.8555
4500.00608467223  79.7772
4500.16591133398  67.72177
4500.32573799572  92.37656
4500.48556465746  70.81274
4500.6453913192  59.26104
4500.80521798094  32.66604
4500.96504464268  37.63427
4501.12487130442  60.09026
4501.28469796617  80.76315
4501.44452462791  65.50401
4501.60435128965  86.08563
4501.76417795139  74.18414
4501.92400461313  46.70602
4502.08383127487  39.27254
4502.24365793662  35.38159
4502.40348459836  72.25506
4502.5633112601  79.12365
4502.72313792184  69.64722
4502.88296458358  50.17871
4503.04279124532  41.20889
4503.20261790706  68.43922
4503.36244456881  70.23396
4503.52227123055  36.93098
4503.68209789229  39.11919
4503.84192455403  33.06611
4504.00175121577  31.4918
4504.16157787751  76.5145
4504.32140453925  97.16205
4504.481231201  51.55315
4504.64105786274  53.30083
4504.80088452448  76.49394
4504.96071118622  69.20175
4505.12053784796  43.81828
4505.2803645097  37.25463
4505.44019117144  57.97026
4505.60001783319  62.90738
4505.75984449493  15.55615
4505.91967115667  4.172166
4506.07949781841  13.55989
4506.23932448015  9.327923
4506.39915114189  43.01051
4506.55897780363  49.27348
4506.71880446538  92.42707
4506.87863112712  37.55935
4507.03845778886  58.27536
4507.1982844506  58.42645
4507.35811111234  80.11385
4507.51793777408  91.84121
4507.67776443583  68.53175
4507.83759109757  41.03079
4507.99741775931  38.65751
4508.15724442105  55.80732
4508.31707108279  36.08475
4508.47689774453  17.11741
4508.63672440627  40.18018
4508.79655106802  44.90638
4508.95637772976  20.86498
4509.1162043915  62.38699
4509.27603105324  71.96214
4509.43585771498  38.00171
4509.59568437672  35.36588
4509.75551103847  41.90942
4509.9153377002  17.35416
4510.07516436195  45.42033
4510.23499102369  78.01029
4510.39481768543  39.8589
4510.55464434717  45.72299
4510.71447100891  47.83871
4510.87429767065  56.31631
4511.0341243324  41.47262
4511.19395099414  14.69433
4511.35377765588  50.82414
4511.51360431762  68.85831
4511.67343097936  35.79618
4511.8332576411  10.51371
4511.99308430285  32.90641
4512.15291096459  16.57308
4512.31273762633  17.81824
4512.47256428807  40.0852
4512.63239094981  36.00819
4512.79221761155  55.6005
4512.95204427329  44.29674
4513.11187093504  40.55252
4513.27169759678  59.9342
4513.43152425852  68.01065
4513.59135092026  36.65579
4513.751177582  45.85823
4513.91100424374  36.2882
4514.07083090548  40.7391
4514.23065756723  51.02347
4514.39048422897  10.49733
4514.55031089071  -3.193671
4514.71013755245  41.8011
4514.86996421419  60.55289
4515.02979087593  35.20006
4515.18961753767  36.29716
4515.34944419942  4.43646
4515.50927086116  22.20882
4515.6690975229  46.98522
4515.82892418464  61.70778
4515.98875084638  40.22005
4516.14857750812  37.45281
4516.30840416986  54.57117
4516.46823083161  51.07273
4516.62805749335  23.48129
4516.78788415509  36.31558
4516.94771081683  30.75535
4517.10753747857  43.21469
4517.26736414031  68.53978
4517.42719080206  47.33093
4517.5870174638  37.66345
4517.74684412554  42.26101
4517.90667078728  24.98597
4518.06649744902  26.37498
4518.22632411076  29.98496
4518.3861507725  8.722599
4518.54597743425  20.02321
4518.70580409599  63.22286
4518.86563075773  28.87882
4519.02545741947  42.79513
4519.18528408121  55.89027
4519.34511074295  48.3592
4519.50493740469  36.72563
4519.66476406644  39.71619
4519.82459072818  50.91883
4519.98441738992  34.93867
4520.14424405166  34.32488
4520.3040707134  32.40646
4520.46389737514  42.48931
4520.62372403689  40.827
4520.78355069863  24.97068
4520.94337736037  29.71943
4521.10320402211  14.32643
4521.26303068385  28.92793
4521.42285734559  20.18278
4521.58268400733  40.00313
4521.74251066908  25.23951
4521.90233733082  15.31164
4522.06216399256  40.38126
4522.2219906543  35.45354
4522.38181731604  35.56314
4522.54164397778  59.97302
4522.70147063953  66.96244
4522.86129730127  39.70367
4523.02112396301  29.85801
4523.18095062475  47.0717
4523.34077728649  1.487263
4523.50060394823  0.6632012
4523.66043060997  21.54963
4523.82025727171  6.182087
4523.98008393346  -0.2724335
4524.1399105952  45.28767
4524.29973725694  40.49279
4524.45956391868  25.29603
4524.61939058042  18.8862
4524.77921724216  71.47514
4524.9390439039  51.42085
4525.09887056565  19.47481
4525.25869722739  8.420512
4525.41852388913  25.19014
4525.57835055087  54.84426
4525.73817721261  55.55901
4525.89800387435  17.7295
4526.05783053609  7.66712
4526.21765719784  -14.51531
4526.37748385958  -7.620268
4526.53731052132  26.63149
4526.69713718306  66.31344
4526.8569638448  52.90424
4527.01679050654  28.17212
4527.17661716829  -4.673916
4527.33644383003  15.60035
4527.49627049177  47.4321
4527.65609715351  10.53233
4527.81592381525  23.41249
4527.97575047699  16.40168
4528.13557713873  21.37225
4528.29540380048  30.27894
4528.45523046222  41.61811
4528.61505712396  48.06564
4528.7748837857  42.34815
4528.93471044744  65.04375
4529.09453710918  30.81912
4529.25436377093  20.69703
4529.41419043267  20.97051
4529.57401709441  19.52363
4529.73384375615  20.59035
4529.89367041789  30.75342
4530.05349707963  12.72433
4530.21332374137  35.29918
4530.37315040312  32.88747
4530.53297706486  39.07281
4530.6928037266  24.32768
4530.85263038834  11.0701
4531.01245705008  26.34604
4531.17228371182  12.2151
4531.33211037356  40.84057
4531.49193703531  47.8727
4531.65176369705  32.38657
4531.81159035879  18.56209
4531.97141702053  1.91102
4532.13124368227  -16.36469
4532.29107034401  -3.175737
4532.45089700575  55.05189
4532.6107236675  40.45957
4532.77055032924  34.31435
4532.93037699098  9.19201
4533.09020365272  13.01958
4533.25003031446  2.904579
4533.4098569762  21.294
4533.56968363794  33.12831
4533.72951029969  24.66629
4533.88933696143  -1.174653
4534.04916362317  19.93835
4534.20899028491  31.01849
4534.36881694665  12.41543
4534.52864360839  25.26414
4534.68847027014  17.58381
4534.84829693188  -3.870151
4535.00812359362  22.48122
4535.16795025536  33.97718
4535.3277769171  40.61672
4535.48760357884  12.71706
4535.64743024058  33.49949
4535.80725690233  51.37117
4535.96708356407  38.94652
4536.12691022581  21.60857
4536.28673688755  -2.627477
4536.44656354929  -3.041507
4536.60639021103  19.12136
4536.76621687278  -18.44612
4536.92604353452  -8.161126
4537.08587019626  4.026569
4537.245696858  0.9097427
4537.40552351974  13.59069
4537.56535018148  34.10231
4537.72517684322  33.95393
4537.88500350496  33.05851
4538.04483016671  28.14585
4538.20465682845  40.3418
4538.36448349019  25.83688
4538.52431015193  31.62769
4538.68413681367  7.170321
4538.84396347541  -5.454338
4539.00379013715  -4.719355
4539.1636167989  -8.526245
4539.32344346064  15.47345
4539.48327012238  -1.902506
4539.64309678412  21.75667
4539.80292344586  30.59131
4539.9627501076  9.979784
4540.12257676935  -2.076212
4540.28240343109  -8.754848
4540.44223009283  8.779049
4540.60205675457  14.67769
4540.76188341631  4.792506
4540.92171007805  8.086743
4541.08153673979  10.19277
4541.24136340153  -3.107091
4541.40119006328  -12.44704
4541.56101672502  4.437888
4541.72084338676  20.33264
4541.8806700485  36.52175
4542.04049671024  9.151927
4542.20032337198  25.00603
4542.36015003373  25.1487
4542.51997669547  4.567618
4542.67980335721  -14.69957
4542.83963001895  -4.869106
4542.99945668069  -7.027708
4543.15928334243  23.05545
4543.31911000417  4.036047
4543.47893666592  0.7344981
4543.63876332766  -3.985228
4543.7985899894  -13.62192
4543.95841665114  -23.29265
4544.11824331288  -21.81693
4544.27806997462  -10.05883
4544.43789663637  22.00143
4544.59772329811  13.09395
4544.75754995985  6.852563
4544.91737662159  -13.66129
4545.07720328333  23.16626
4545.23702994507  23.70172
4545.39685660681  -9.62759
4545.55668326856  -2.581614
4545.7165099303  -9.330713
4545.87633659204  -7.41873
4546.03616325378  -29.68016
4546.19598991552  -25.84564
4546.35581657726  0.6386355
4546.51564323901  9.690464
4546.67546990075  14.57049
4546.83529656249  8.088988
4546.99512322423  2.745767
4547.15494988597  12.55356
4547.31477654771  3.183407
4547.47460320945  2.096585
4547.6344298712  13.61976
4547.79425653294  2.248495
4547.95408319468  10.95027
4548.11390985642  36.0147
4548.27373651816  19.19683
4548.4335631799  1.03675
4548.59338984164  -27.94865
4548.75321650339  3.303
4548.91304316513  2.625399
4549.07286982687  11.3826
4549.23269648861  -22.9037
4549.39252315035  -10.10571
4549.55234981209  50.82975
4549.71217647383  -13.59295
