4386.3415215693  39.28
4386.5012251586  40.91059
4386.66092874789  5.729527
4386.82063233719  -6.167757
4386.98033592648  5.792918
4387.14003951578  -14.17791
4387.29974310507  2.758918
4387.45944669437  -9.20953
4387.61915028366  -40.68137
4387.77885387296  17.26052
4387.93855746226  47.51995
4388.09826105155  3.699759
4388.25796464085  26.24175
4388.41766823014  24.00121
4388.57737181944  -14.92455
4388.73707540873  -38.99132
4388.89677899803  6.113049
4389.05648258732  34.71821
4389.21618617662  -1.757739
4389.37588976592  -29.20348
4389.53559335521  24.12787
4389.69529694451  26.46309
4389.8550005338  11.0472
4390.0147041231  -1.341911
4390.17440771239  -33.16165
4390.33411130169  12.46116
4390.49381489098  3.467147
4390.65351848028  -20.59612
4390.81322206958  10.81795
4390.97292565887  36.23468
4391.13262924817  36.90632
4391.29233283746  25.50789
4391.45203642676  26.56208
4391.61174001605  8.209429
4391.77144360535  -7.025115
4391.93114719464  -11.24467
4392.09085078394  -9.659422
4392.25055437323  11.23498
4392.41025796253  16.93208
4392.56996155182  30.15394
4392.72966514112  48.38133
4392.88936873042  -31.35429
4393.04907231971  7.102445
4393.20877590901  48.84938
4393.3684794983  46.56703
4393.5281830876  49.98901
4393.68788667689  -7.566897
4393.84759026619  4.669922
4394.00729385549  36.11176
4394.16699744478  32.83446
4394.32670103408  25.08883
4394.48640462337  -14.71435
4394.64610821267  -20.23328
4394.80581180196  23.42501
4394.96551539126  9.355098
4395.12521898055  15.18058
4395.28492256985  13.50484
4395.44462615915  2.922958
4395.60432974844  11.40041
4395.76403333774  21.55417
4395.92373692703  33.5836
4396.08344051633  56.52562
4396.24314410562  15.90672
4396.40284769492  19.4538
4396.56255128421  19.76745
4396.72225487351  32.52066
4396.8819584628  48.14066
4397.0416620521  22.91491
4397.2013656414  20.8314
4397.36106923069  12.92768
4397.52077281999  44.3935
4397.68047640928  25.74501
4397.84017999858  18.48311
4397.99988358787  68.82356
4398.15958717717  37.8924
4398.31929076646  5.332714
4398.47899435576  -40.02491
4398.63869794506  0.3283969
4398.79840153435  59.28881
4398.95810512365  21.06073
4399.11780871294  0.1574584
4399.27751230224  24.00568
4399.43721589153  11.71585
4399.59691948083  15.43521
4399.75662307012  34.51732
4399.91632665942  22.95723
4400.07603024872  30.04983
4400.23573383801  56.85235
4400.39543742731  -23.79414
4400.5551410166  34.58216
4400.7148446059  44.54539
4400.87454819519  60.04819
4401.03425178449  16.92633
4401.19395537378  20.38357
4401.35365896308  72.78494
4401.51336255237  94.24629
4401.67306614167  66.36737
4401.83276973097  46.46408
4401.99247332026  59.81245
4402.15217690956  30.30867
4402.31188049885  14.62801
4402.47158408815  7.475199
4402.63128767744  72.11778
4402.79099126674  69.58126
4402.95069485603  61.18042
4403.11039844533  58.0719
4403.27010203463  55.35268
4403.42980562392  61.71854
4403.58950921322  56.77467
4403.74921280251  59.25933
4403.90891639181  40.74785
4404.0686199811  37.84882
4404.2283235704  49.24936
4404.38802715969  39.04973
4404.54773074899  55.50962
4404.70743433829  54.50439
4404.86713792758  44.49481
4405.02684151688  23.06634
4405.18654510617  -16.58832
4405.34624869547  -5.43843
4405.50595228476  27.41824
4405.66565587406  47.7179
4405.82535946335  17.70682
4405.98506305265  33.97161
4406.14476664195  54.59803
4406.30447023124  60.82848
4406.46417382054  50.19351
4406.62387740983  54.16779
4406.78358099913  72.20419
4406.94328458842  40.8885
4407.10298817772  26.69785
4407.26269176701  43.89666
4407.42239535631  9.981664
4407.5820989456  12.99268
4407.7418025349  19.1479
4407.9015061242  45.57447
4408.06120971349  84.29048
4408.22091330279  86.72397
4408.38061689208  27.66694
4408.54032048138  57.60985
4408.70002407067  61.62305
4408.85972765997  40.23644
4409.01943124926  56.96286
4409.17913483856  72.30839
4409.33883842786  43.53385
4409.49854201715  35.34505
4409.65824560645  39.87016
4409.81794919574  13.47558
4409.97765278504  69.39692
4410.13735637433  32.14537
4410.29705996363  62.94965
4410.45676355292  10.37944
4410.61646714222  37.10513
4410.77617073151  77.70022
4410.93587432081  21.84991
4411.09557791011  58.55463
4411.2552814994  64.48289
4411.4149850887  80.78545
4411.57468867799  119.3961
4411.73439226729  86.1366
4411.89409585658  68.57458
4412.05379944588  82.33775
4412.21350303517  65.67717
4412.37320662447  73.94659
4412.53291021377  62.04693
4412.69261380306  11.93878
4412.85231739236  13.53729
4413.01202098165  30.21251
4413.17172457095  63.03079
4413.33142816024  63.67019
4413.49113174954  68.28718
4413.65083533883  118.7193
4413.81053892813  68.96586
4413.97024251743  59.02903
4414.12994610672  90.10114
4414.28964969602  89.33345
4414.44935328531  69.68221
4414.60905687461  104.8033
4414.7687604639  123.7605
4414.9284640532  74.19449
4415.08816764249  50.65384
4415.24787123179  43.21534
4415.40757482109  41.9057
4415.56727841038  44.04895
4415.72698199968  86.62814
4415.88668558897  85.0885
4416.04638917827  67.80315
4416.20609276756  45.64027
4416.36579635686  80.85043
4416.52549994615  74.43315
4416.68520353545  53.55635
4416.84490712475  33.17271
4417.00461071404  36.91594
4417.16431430334  34.25568
4417.32401789263  51.68117
4417.48372148193  125.1763
4417.64342507122  145.166
4417.80312866052  113.2231
4417.96283224981  116.641
4418.12253583911  81.97704
4418.2822394284  28.02039
4418.4419430177  28.03215
4418.601646607  42.00121
4418.76135019629  61.4113
4418.92105378559  75.33447
4419.08075737488  54.43333
4419.24046096418  64.04274
4419.40016455347  106.4557
4419.55986814277  52.26619
4419.71957173206  40.43253
4419.87927532136  53.65749
4420.03897891066  84.29458
4420.19868249995  105.2416
4420.35838608925  104.9294
4420.51808967854  89.68743
4420.67779326784  62.8733
4420.83749685713  76.39769
4420.99720044643  60.32288
4421.15690403572  45.23721
4421.31660762502  124.6577
4421.47631121432  71.46956
4421.63601480361  69.82165
4421.79571839291  83.45423
4421.9554219822  91.43058
4422.1151255715  165.7409
4422.27482916079  135.9442
4422.43453275009  38.98008
4422.59423633938  84.18578
4422.75393992868  93.717
4422.91364351797  58.6835
4423.07334710727  98.18443
4423.23305069657  48.49467
4423.39275428586  70.09332
4423.55245787516  113.3298
4423.71216146445  57.31658
4423.87186505375  51.69241
4424.03156864304  83.02549
4424.19127223234  94.34552
4424.35097582163  64.43824
4424.51067941093  7.109804
4424.67038300023  40.41044
4424.83008658952  79.22485
4424.98979017882  63.5933
4425.14949376811  71.02823
4425.30919735741  26.98372
4425.4689009467  48.70548
4425.628604536  102.6584
4425.78830812529  88.77354
4425.94801171459  62.36474
4426.10771530388  67.51202
4426.26741889318  82.38049
4426.42712248248  60.42226
4426.58682607177  81.5044
4426.74652966107  64.73852
4426.90623325036  79.56593
4427.06593683966  66.77288
4427.22564042895  20.86937
4427.38534401825  76.46286
4427.54504760755  66.02129
4427.70475119684  32.36044
4427.86445478614  68.17113
4428.02415837543  63.82352
4428.18386196473  94.66122
4428.34356555402  118.8657
4428.50326914332  74.18867
4428.66297273261  61.47089
4428.82267632191  71.46393
4428.9823799112  52.96777
4429.1420835005  67.96447
4429.30178708979  70.95266
4429.46149067909  60.52898
4429.62119426839  70.22638
4429.78089785768  86.5563
4429.94060144698  57.43148
4430.10030503627  44.36666
4430.26000862557  36.06749
4430.41971221486  35.03431
4430.57941580416  112.3199
4430.73911939346  144.6192
4430.89882298275  40.7322
4431.05852657205  19.6099
4431.21823016134  94.79837
4431.37793375064  95.80435
4431.53763733993  73.09638
4431.69734092923  18.7241
4431.85704451852  76.12271
4432.01674810782  81.45551
4432.17645169711  113.2381
4432.33615528641  91.31581
4432.49585887571  51.59968
4432.655562465  96.96724
4432.8152660543  108.7013
4432.97496964359  147.3934
4433.13467323289  109.5733
4433.29437682218  93.95571
4433.45408041148  55.98525
4433.61378400077  63.01519
4433.77348759007  128.2956
4433.93319117937  97.7429
4434.09289476866  47.15535
4434.25259835796  99.80884
4434.41230194725  115.639
4434.57200553655  54.08709
4434.73170912584  62.1766
4434.89141271514  75.56077
4435.05111630443  77.55391
4435.21081989373  107.6612
4435.37052348302  58.98677
4435.53022707232  65.57942
4435.68993066162  81.2534
4435.84963425091  81.20977
4436.00933784021  47.60744
4436.1690414295  149.2011
4436.3287450188  121.4223
4436.48844860809  143.4189
4436.64815219739  76.02015
4436.80785578668  108.0818
4436.96755937598  72.8344
4437.12726296528  82.4268
4437.28696655457  88.48276
4437.44667014387  58.67952
4437.60637373316  53.04989
4437.76607732246  90.38254
4437.92578091175  102.8522
4438.08548450105  73.19337
4438.24518809034  49.79497
4438.40489167964  62.42775
4438.56459526894  88.69438
4438.72429885823  80.51925
4438.88400244753  57.10771
4439.04370603682  63.87956
4439.20340962612  123.2912
4439.36311321541  137.1489
4439.52281680471  88.71784
4439.682520394  110.6065
4439.8422239833  91.66678
4440.0019275726  73.42523
4440.16163116189  95.99622
4440.32133475119  146.1827
4440.48103834048  116.6968
4440.64074192978  68.04246
4440.80044551907  98.19711
4440.96014910837  125.711
4441.11985269766  71.25875
4441.27955628696  138.6051
4441.43925987625  112.1028
4441.59896346555  119.5307
4441.75866705485  92.00414
4441.91837064414  74.11557
4442.07807423344  93.92136
4442.23777782273  75.95351
4442.39748141203  71.68642
4442.55718500132  59.67623
4442.71688859062  67.47015
4442.87659217991  49.63027
4443.03629576921  51.05372
4443.19599935851  86.52742
4443.3557029478  63.16109
4443.5154065371  39.18275
4443.67511012639  41.37123
4443.83481371569  60.67833
4443.99451730498  85.86918
4444.15422089428  61.25019
4444.31392448357  56.11774
4444.47362807287  70.66347
4444.63333166217  75.20779
4444.79303525146  98.88052
4444.95273884076  92.35438
4445.11244243005  93.41932
4445.27214601935  68.40222
4445.43184960864  40.10593
4445.59155319794  88.13966
4445.75125678723  112.8239
4445.91096037653  65.6203
4446.07066396583  76.57358
4446.23036755512  74.50484
4446.39007114442  96.6827
4446.54977473371  80.85128
4446.70947832301  70.9769
4446.8691819123  60.01328
4447.0288855016  67.19907
4447.18858909089  85.47626
4447.34829268019  112.8969
4447.50799626948  139.5475
4447.66769985878  38.58731
4447.82740344808  46.01408
4447.98710703737  141.6527
4448.14681062667  94.11177
4448.30651421596  140.488
4448.46621780526  87.51112
4448.62592139455  41.42316
4448.78562498385  103.4205
4448.94532857314  92.42912
4449.10503216244  83.42014
4449.26473575174  108.8233
4449.42443934103  100.1873
4449.58414293033  77.98166
4449.74384651962  84.44352
4449.90355010892  102.6805
4450.06325369821  109.6939
4450.22295728751  102.998
4450.3826608768  57.02189
4450.5423644661  59.27494
4450.70206805539  90.95467
4450.86177164469  31.91233
4451.02147523399  57.41262
4451.18117882328  62.67961
4451.34088241258  75.90278
4451.50058600187  129.9127
4451.66028959117  117.1586
4451.81999318046  130.9314
4451.97969676976  99.71949
4452.13940035905  84.22419
4452.29910394835  125.0097
4452.45880753765  51.68901
4452.61851112694  61.47599
4452.77821471624  67.89399
4452.93791830553  117.7191
4453.09762189483  89.70805
4453.25732548412  108.0812
4453.41702907342  96.6267
4453.57673266272  88.92929
4453.73643625201  97.48208
4453.89613984131  78.40256
4454.0558434306  111.7636
4454.2155470199  111.8265
4454.37525060919  101.4457
4454.53495419849  83.47636
4454.69465778778  97.64746
4454.85436137708  140.364
4455.01406496637  116.493
4455.17376855567  86.68684
4455.33347214496  124.0005
4455.49317573426  104.2292
4455.65287932356  55.99663
4455.81258291285  69.26077
4455.97228650215  109.7272
4456.13199009144  121.5078
4456.29169368074  69.21725
4456.45139727003  75.14536
4456.61110085933  126.7513
4456.77080444862  115.7331
4456.93050803792  89.45459
4457.09021162722  114.7156
4457.24991521651  113.1762
4457.40961880581  80.79188
4457.5693223951  53.35387
4457.7290259844  26.29511
4457.88872957369  52.15935
4458.04843316299  52.80096
4458.20813675228  87.75946
4458.36784034158  109.5692
4458.52754393088  81.93008
4458.68724752017  62.44973
4458.84695110947  110.5808
4459.00665469876  133.3223
4459.16635828806  101.7324
4459.32606187735  70.12997
4459.48576546665  103.1898
4459.64546905594  103.1881
4459.80517264524  107.1859
4459.96487623454  99.04086
4460.12457982383  92.88978
4460.28428341313  107.1439
4460.44398700242  116.9285
4460.60369059172  68.22775
4460.76339418101  101.0442
4460.92309777031  105.2933
4461.0828013596  76.65185
4461.2425049489  76.62457
4461.40220853819  81.42068
4461.56191212749  100.4028
4461.72161571679  105.1828
4461.88131930608  140.7448
4462.04102289538  139.7398
4462.20072648467  96.97224
4462.36043007397  124.2784
4462.52013366326  128.7456
4462.67983725256  114.6972
4462.83954084185  95.4765
4462.99924443115  125.9597
4463.15894802045  130.2581
4463.31865160974  101.1737
4463.47835519904  118.5107
4463.63805878833  97.19942
4463.79776237763  91.58166
4463.95746596692  107.5825
4464.11716955622  104.1696
4464.27687314552  103.4826
4464.43657673481  120.6925
4464.59628032411  129.304
4464.7559839134  152.9611
4464.9156875027  127.2142
4465.07539109199  126.8181
4465.23509468129  91.47636
4465.39479827058  82.437
4465.55450185988  108.9056
4465.71420544917  159.2331
4465.87390903847  152.3938
4466.03361262776  130.5018
4466.19331621706  113.1621
4466.35301980636  96.87988
4466.51272339565  122.4518
4466.67242698495  79.39969
4466.83213057424  71.57681
4466.99183416354  120.7874
4467.15153775283  122.2393
4467.31124134213  79.73237
4467.47094493142  81.59188
4467.63064852072  122.0879
4467.79035211002  126.3688
4467.95005569931  71.85307
4468.10975928861  73.73042
4468.2694628779  93.74343
4468.4291664672  90.97324
4468.58887005649  73.94176
4468.74857364579  78.53036
4468.90827723508  79.86253
4469.06798082438  95.79788
4469.22768441368  68.93729
4469.38738800297  49.31199
4469.54709159227  89.99384
4469.70679518156  74.19567
4469.86649877086  38.39325
4470.02620236015  31.0424
4470.18590594945  82.99928
4470.34560953874  80.91934
4470.50531312804  101.6819
4470.66501671734  128.7026
4470.82472030663  120.984
4470.98442389593  104.0799
4471.14412748522  77.85841
4471.30383107452  122.649
4471.46353466381  135.927
4471.62323825311  97.79314
4471.7829418424  87.23248
4471.9426454317  107.0862
4472.10234902099  120.6372
4472.26205261029  101.0469
4472.42175619959  93.53396
4472.58145978888  131.9599
4472.74116337818  126.2531
4472.90086696747  81.77258
4473.06057055677  102.2605
4473.22027414606  96.39355
4473.37997773536  67.21919
4473.53968132465  80.16535
4473.69938491395  113.295
4473.85908850324  119.8082
4474.01879209254  107.6022
4474.17849568184  95.48499
4474.33819927113  137.3716
4474.49790286043  122.8825
4474.65760644972  105.249
4474.81731003902  113.6649
4474.97701362831  105.4972
4475.13671721761  101.2927
4475.29642080691  127.276
4475.4561243962  100.925
4475.6158279855  115.9565
4475.77553157479  163.5465
4475.93523516409  91.50352
4476.09493875338  87.46303
4476.25464234268  69.8644
4476.41434593197  22.95332
4476.57404952127  61.04731
4476.73375311056  110.6064
4476.89345669986  110.3744
4477.05316028916  120.1166
4477.21286387845  111.7741
4477.37256746775  96.68494
4477.53227105704  131.2059
4477.69197464634  95.76452
4477.85167823563  82.34387
4478.01138182493  121.3694
4478.17108541422  106.2043
4478.33078900352  85.0451
4478.49049259282  66.6004
4478.65019618211  71.61024
4478.80989977141  101.4665
4478.9696033607  83.12401
4479.12930695  56.65807
4479.28901053929  87.68443
4479.44871412859  100.1001
4479.60841771788  89.01285
4479.76812130718  110.5626
4479.92782489647  140.2976
4480.08752848577  106.208
4480.24723207507  51.51696
4480.40693566436  71.89286
4480.56663925366  86.83757
4480.72634284295  114.3874
4480.88604643225  118.5219
4481.04575002154  74.26826
4481.20545361084  82.76785
4481.36515720014  77.60414
4481.52486078943  70.61681
4481.68456437873  95.87868
4481.84426796802  97.6491
4482.00397155732  102.8005
4482.16367514661  83.10263
4482.32337873591  97.59146
4482.4830823252  85.38828
4482.6427859145  0.264766
4482.80248950379  72.52104
4482.96219309309  82.62315
4483.12189668239  74.2003
4483.28160027168  80.38338
4483.44130386098  39.36771
4483.60100745027  81.32538
4483.76071103957  107.008
4483.92041462886  139.1391
4484.08011821816  130.8281
4484.23982180745  90.59855
4484.39952539675  90.14628
4484.55922898605  120.5906
4484.71893257534  126.9887
4484.87863616464  97.3864
4485.03833975393  76.80532
4485.19804334323  93.24842
4485.35774693252  73.98625
4485.51745052182  118.1307
4485.67715411111  69.57303
4485.83685770041  92.27951
4485.9965612897  82.55685
4486.156264879  132.9302
4486.3159684683  116.3677
4486.47567205759  77.77683
4486.63537564689  63.05283
4486.79507923618  78.54418
4486.95478282548  69.67282
4487.11448641477  117.6987
4487.27419000407  60.11752
4487.43389359336  19.10473
4487.59359718266  50.09368
4487.75330077196  80.06181
4487.91300436125  150.7371
4488.07270795055  112.4752
4488.23241153984  89.48136
4488.39211512914  119.3806
4488.55181871843  106.3594
4488.71152230773  100.0473
4488.87122589702  106.1786
4489.03092948632  79.35873
4489.19063307562  104.2709
4489.35033666491  94.39578
4489.51004025421  79.84221
4489.6697438435  140.7126
4489.8294474328  122.4
4489.98915102209  88.57332
4490.14885461139  104.1732
4490.30855820068  78.87989
4490.46826178998  91.26644
4490.62796537927  132.4144
4490.78766896857  106.8024
4490.94737255786  107.378
4491.10707614716  119.0052
4491.26677973646  99.00835
4491.42648332575  67.31776
4491.58618691505  54.11779
4491.74589050434  102.4003
4491.90559409364  108.2144
4492.06529768293  87.40141
4492.22500127223  106.5447
4492.38470486153  80.77171
4492.54440845082  61.71287
4492.70411204012  58.3471
4492.86381562941  66.0887
4493.02351921871  117.8707
4493.183222808  115.2442
4493.3429263973  83.29449
4493.50262998659  56.03194
4493.66233357589  68.96478
4493.82203716519  77.96629
4493.98174075448  55.75286
4494.14144434378  79.9989
4494.30114793307  87.77434
4494.46085152237  106.8435
4494.62055511166  122.7677
4494.78025870096  99.34609
4494.93996229025  76.78835
4495.09966587955  122.0342
4495.25936946884  59.57461
4495.41907305814  62.15892
4495.57877664744  86.44936
4495.73848023673  98.33372
4495.89818382603  100.0956
4496.05788741532  98.06838
4496.21759100462  103.5329
4496.37729459391  66.26855
4496.53699818321  58.95752
4496.69670177251  68.88764
4496.8564053618  58.76923
4497.0161089511  40.34291
4497.17581254039  101.2196
4497.33551612969  114.556
4497.49521971898  61.66232
4497.65492330828  48.50427
4497.81462689757  86.12671
4497.97433048687  43.65818
4498.13403407616  49.90431
4498.29373766546  98.35047
4498.45344125475  52.69595
4498.61314484405  73.33657
4498.77284843335  78.25415
4498.93255202264  93.42363
4499.09225561194  113.0004
4499.25195920123  84.48901
4499.41166279053  63.20602
4499.57136637982  83.51299
4499.73106996912  71.43668
4499.89077355842  52.46862
4500.05047714771  81.72701
4500.21018073701  88.7985
4500.3698843263  91.24298
4500.5295879156  46.94542
4500.68929150489  52.06733
4500.84899509419  41.00998
4501.00869868348  85.13625
4501.16840227278  69.0639
4501.32810586207  49.72593
4501.48780945137  109.3638
4501.64751304067  126.5905
4501.80721662996  78.66535
4501.96692021926  28.44554
4502.12662380855  60.14279
4502.28632739785  73.68944
4502.44603098714  83.45313
4502.60573457644  124.7129
4502.76543816574  86.6447
4502.92514175503  48.13483
4503.08484534433  54.53122
4503.24454893362  65.30677
4503.40425252292  49.77107
4503.56395611221  52.67213
4503.72365970151  54.09591
4503.8833632908  52.80132
4504.0430668801  62.06946
4504.20277046939  110.4406
4504.36247405869  95.74403
4504.52217764798  75.50619
4504.68188123728  116.5688
4504.84158482658  88.34417
4505.00128841587  92.24863
4505.16099200517  79.80975
4505.32069559446  82.47546
4505.48039918376  91.99116
4505.64010277305  66.66994
4505.79980636235  99.61252
4505.95950995164  83.21608
4506.11921354094  82.2811
4506.27891713024  23.23708
4506.43862071953  67.09138
4506.59832430883  76.87858
4506.75802789812  46.98063
4506.91773148742  65.58453
4507.07743507671  83.97106
4507.23713866601  71.08589
4507.3968422553  63.7548
4507.5565458446  71.55168
4507.7162494339  71.02509
4507.87595302319  83.23429
4508.03565661249  84.8996
4508.19536020178  27.83476
4508.35506379108  30.87243
4508.51476738037  79.74597
4508.67447096967  59.28637
4508.83417455896  90.30179
4508.99387814826  64.76387
4509.15358173756  44.5579
4509.31328532685  80.61414
4509.47298891615  59.1502
4509.63269250544  64.29405
4509.79239609474  26.18192
4509.95209968403  29.67176
4510.11180327333  98.73529
4510.27150686262  121.3668
4510.43121045192  64.74395
4510.59091404121  81.39566
4510.75061763051  61.62534
4510.91032121981  82.01502
4511.0700248091  88.9556
4511.2297283984  60.14987
4511.38943198769  61.85927
4511.54913557699  66.94559
4511.70883916628  44.01793
4511.86854275558  64.32704
4512.02824634487  67.80582
4512.18794993417  81.29681
4512.34765352347  66.30726
4512.50735711276  72.75993
4512.66706070206  55.7228
4512.82676429135  87.72055
4512.98646788065  61.42786
4513.14617146994  45.86352
4513.30587505924  84.10436
4513.46557864853  61.05685
4513.62528223783  32.49572
4513.78498582713  24.64568
4513.94468941642  63.02909
4514.10439300572  59.67345
4514.26409659501  65.57623
4514.42380018431  66.18954
4514.5835037736  63.23197
4514.7432073629  47.42548
4514.90291095219  61.0036
4515.06261454149  55.07359
4515.22231813078  39.85493
4515.38202172008  69.77187
4515.54172530937  103.505
4515.70142889867  90.67057
4515.86113248797  74.72791
4516.02083607726  73.19372
4516.18053966656  73.90487
4516.34024325585  79.68272
4516.49994684515  17.53755
4516.65965043444  43.76366
4516.81935402374  55.33266
4516.97905761304  29.70969
4517.13876120233  93.45216
4517.29846479163  54.78986
4517.45816838092  35.157
4517.61787197022  61.8247
4517.77757555951  107.3258
4517.93727914881  79.10551
4518.0969827381  72.22948
4518.2566863274  114.2424
4518.4163899167  96.84458
4518.57609350599  33.80957
4518.73579709529  32.30635
4518.89550068458  83.85412
4519.05520427388  73.57141
4519.21490786317  55.20041
4519.37461145247  86.13205
4519.53431504176  31.20568
4519.69401863106  0.7729261
4519.85372222035  10.74011
4520.01342580965  60.96062
4520.17312939895  58.06945
4520.33283298824  41.82182
4520.49253657754  41.91697
4520.65224016683  13.66548
4520.81194375613  28.23861
4520.97164734542  46.71666
4521.13135093472  65.80482
4521.29105452402  51.10508
4521.45075811331  4.515742
4521.61046170261  56.01112
4521.7701652919  102.5892
4521.9298688812  65.98103
4522.08957247049  64.68984
4522.24927605979  44.60364
4522.40897964908  59.85181
4522.56868323838  84.65482
4522.72838682767  43.58535
4522.88809041697  58.53156
4523.04779400627  79.04763
4523.20749759556  32.93835
4523.36720118486  83.98364
4523.52690477415  60.70549
4523.68660836345  14.75094
4523.84631195274  26.3704
4524.00601554204  47.72913
4524.16571913133  -4.72084
4524.32542272063  14.64583
4524.48512630992  115.9072
4524.64482989922  131.78
4524.80453348852  81.33226
4524.96423707781  56.88596
4525.12394066711  24.70571
4525.2836442564  18.80938
4525.4433478457  18.55565
4525.60305143499  54.53314
4525.76275502429  46.09127
4525.92245861358  84.71638
4526.08216220288  80.33116
4526.24186579218  70.90127
4526.40156938147  51.80498
4526.56127297077  24.75761
4526.72097656006  7.593698
4526.88068014936  86.32171
4527.04038373865  65.44239
4527.20008732795  41.10163
4527.35979091724  64.89604
4527.51949450654  40.99115
4527.67919809583  21.3333
4527.83890168513  48.64608
4527.99860527443  9.301129
4528.15830886372  36.17297
4528.31801245302  13.76724
4528.47771604231  -38.52303
4528.63741963161  25.01293
4528.7971232209  75.73586
4528.9568268102  74.70053
4529.1165303995  18.12188
4529.27623398879  62.51892
4529.43593757809  77.71406
4529.59564116738  57.47505
4529.75534475668  66.11191
4529.91504834597  98.76015
4530.07475193527  45.67877
4530.23445552456  15.5133
4530.39415911386  22.93509
4530.55386270315  38.49274
4530.71356629245  75.14114
4530.87326988175  30.175
4531.03297347104  -12.4846
4531.19267706034  21.63015
4531.35238064963  26.96891
4531.51208423893  46.23923
4531.67178782822  16.38091
4531.83149141752  9.050311
4531.99119500681  33.19558
4532.15089859611  42.552
4532.31060218541  41.52354
4532.4703057747  13.51926
4532.630009364  21.4369
4532.78971295329  -9.394047
4532.94941654259  15.64311
4533.10912013188  12.69861
4533.26882372118  17.69706
4533.42852731047  17.45523
4533.58823089977  2.963547
4533.74793448907  0.688871
4533.90763807836  39.17907
4534.06734166766  40.1501
4534.22704525695  49.27919
4534.38674884625  -9.931297
4534.54645243554  10.63122
4534.70615602484  22.18781
4534.86585961413  15.05764
4535.02556320343  5.166687
4535.18526679273  -0.6339756
4535.34497038202  13.26852
4535.50467397132  47.16607
4535.66437756061  16.39559
4535.82408114991  45.21437
4535.9837847392  52.8223
4536.1434883285  26.49798
4536.30319191779  -6.499817
4536.46289550709  -8.8112
4536.62259909638  24.72327
4536.78230268568  30.4908
4536.94200627498  18.36122
4537.10170986427  -1.170278
4537.26141345357  11.40531
4537.42111704286  -6.196247
4537.58082063216  0.4554364
4537.74052422145  -16.85844
4537.90022781075  31.38829
4538.05993140004  -10.1679
4538.21963498934  27.16837
4538.37933857864  12.59485
4538.53904216793  0.8561295
4538.69874575723  2.604173
4538.85844934652  13.14119
4539.01815293582  3.974634
4539.17785652511  43.98757
4539.33756011441  32.0622
4539.4972637037  40.28449
4539.656967293  -9.714046
4539.81667088229  17.231
4539.97637447159  10.9339
4540.13607806089  -21.32433
4540.29578165018  -15.33449
4540.45548523948  55.99871
4540.61518882877  58.17722
4540.77489241807  12.03056
4540.93459600736  3.71876
4541.09429959666  11.5436
4541.25400318595  -2.627267
4541.41370677525  0.4452213
4541.57341036455  -3.754861
4541.73311395384  -11.63799
4541.89281754314  18.92134
4542.05252113243  4.322251
4542.21222472173  1.468512
4542.37192831102  18.38098
4542.53163190032  -2.607979
4542.69133548961  3.9936
4542.85103907891  36.14922
4543.01074266821  -26.28884
4543.1704462575  -11.45604
4543.3301498468  21.90756
4543.48985343609  42.82222
4543.64955702539  38.53119
4543.80926061468  24.45465
4543.96896420398  52.31922
4544.12866779327  22.33276
4544.28837138257  29.50458
4544.44807497187  37.19032
4544.60777856116  16.52421
4544.76748215046  26.90396
4544.92718573975  -22.10263
4545.08688932905  -16.7901
4545.24659291834  16.88872
4545.40629650764  -25.86064
4545.56600009693  -10.31306
4545.72570368623  -18.35346
4545.88540727552  -18.5523
4546.04511086482  29.72024
4546.20481445412  17.03366
4546.36451804341  32.95748
4546.52422163271  14.79345
4546.683925222  55.16146
4546.8436288113  24.77991
4547.00333240059  -8.470451
4547.16303598989  -31.27223
4547.32273957918  12.159
4547.48244316848  38.33263
4547.64214675778  14.75671
4547.80185034707  -14.63141
4547.96155393637  -9.944211
4548.12125752566  24.0466
4548.28096111496  39.71558
4548.44066470425  23.70086
4548.60036829355  45.05609
4548.76007188284  11.07303
4548.91977547214  26.68834
4549.07947906143  -5.075026
4549.23918265073  -23.63807
4549.39888624003  24.58355
4549.55858982932  -0.647807
4549.71829341862  -3.168301
