4386.3410466329  -15.49141
4386.50074446454  1.676808
4386.66044229617  12.27879
4386.82014012781  19.28625
4386.97983795945  2.239055
4387.13953579109  27.66924
4387.29923362273  34.23071
4387.45893145436  -7.888377
4387.618629286  21.82026
4387.77832711764  42.60151
4387.93802494927  -10.50679
4388.09772278091  -25.01235
4388.25742061255  -24.93111
4388.41711844419  19.03063
4388.57681627583  18.66238
4388.73651410746  24.23003
4388.8962119391  49.69821
4389.05590977074  31.34783
4389.21560760238  4.68442
4389.37530543401  -17.41942
4389.53500326565  -14.39157
4389.69470109729  3.182624
4389.85439892893  -19.64964
4390.01409676056  -29.06615
4390.1737945922  22.18818
4390.33349242384  42.23771
4390.49319025548  12.2416
4390.65288808711  0.5831008
4390.81258591875  -12.05136
4390.97228375039  0.5353687
4391.13198158203  32.22626
4391.29167941366  45.68924
4391.4513772453  15.38133
4391.61107507694  13.12406
4391.77077290858  18.77953
4391.93047074022  31.29026
4392.09016857185  21.87366
4392.24986640349  7.880888
4392.40956423513  7.663004
4392.56926206677  28.45731
4392.7289598984  39.52214
4392.88865773004  12.93414
4393.04835556168  31.98169
4393.20805339332  27.58269
4393.36775122495  14.02824
4393.52744905659  27.7331
4393.68714688823  -4.842029
4393.84684471987  50.19333
4394.0065425515  17.75758
4394.16624038314  -2.903287
4394.32593821478  -30.80755
4394.48563604642  20.55829
4394.64533387805  50.37408
4394.80503170969  1.464302
4394.96472954133  -2.336432
4395.12442737297  26.35226
4395.2841252046  40.17604
4395.44382303624  -1.503568
4395.60352086788  19.85565
4395.76321869952  42.22753
4395.92291653116  -1.488864
4396.08261436279  10.61719
4396.24231219443  6.514134
4396.40201002607  13.33828
4396.56170785771  33.73756
4396.72140568934  51.86094
4396.88110352098  57.27752
4397.04080135262  42.43211
4397.20049918426  22.44242
4397.36019701589  18.65431
4397.51989484753  29.44955
4397.67959267917  39.45444
4397.83929051081  28.05594
4397.99898834244  14.34435
4398.15868617408  59.0797
4398.31838400572  23.15437
4398.47808183736  11.45663
4398.63777966899  3.376257
4398.79747750063  18.27228
4398.95717533227  -12.41677
4399.11687316391  1.581574
4399.27657099554  23.10699
4399.43626882718  32.93566
4399.59596665882  36.53629
4399.75566449046  29.64769
4399.91536232209  40.0676
4400.07506015373  34.25192
4400.23475798537  12.58759
4400.39445581701  -14.56486
4400.55415364865  23.61254
4400.71385148028  32.50326
4400.87354931192  17.62621
4401.03324714356  7.959318
4401.1929449752  33.28186
4401.35264280683  38.09529
4401.51234063847  -5.119022
4401.67203847011  4.561759
4401.83173630175  36.03675
4401.99143413338  38.7554
4402.15113196502  21.76472
4402.31082979666  25.74448
4402.4705276283  61.55715
4402.63022545993  49.67624
4402.78992329157  54.40005
4402.94962112321  60.28814
4403.10931895485  18.71408
4403.26901678648  35.51878
4403.42871461812  18.90203
4403.58841244976  31.67259
4403.7481102814  13.99267
4403.90780811303  13.89442
4404.06750594467  43.52913
4404.22720377631  25.21912
4404.38690160795  1.571336
4404.54659943958  25.62622
4404.70629727122  38.53604
4404.86599510286  23.65658
4405.0256929345  29.03664
4405.18539076614  50.59565
4405.34508859777  58.12514
4405.50478642941  39.4508
4405.66448426105  37.48362
4405.82418209269  61.71892
4405.98387992432  45.25392
4406.14357775596  49.76814
4406.3032755876  33.2644
4406.46297341924  43.46563
4406.62267125087  23.77695
4406.78236908251  49.65425
4406.94206691415  106.7779
4407.10176474579  106.9629
4407.26146257742  61.54209
4407.42116040906  44.32195
4407.5808582407  58.88153
4407.74055607234  14.96304
4407.90025390397  19.91078
4408.05995173561  6.753954
4408.21964956725  37.70758
4408.37934739889  71.01078
4408.53904523052  66.31529
4408.69874306216  28.41053
4408.8584408938  31.32334
4409.01813872544  92.54184
4409.17783655708  103.9903
4409.33753438871  58.10473
4409.49723222035  42.64602
4409.65693005199  69.97569
4409.81662788363  92.5761
4409.97632571526  68.85063
4410.1360235469  39.3865
4410.29572137854  63.55114
4410.45541921018  62.52549
4410.61511704181  40.35083
4410.77481487345  41.3413
4410.93451270509  39.32483
4411.09421053673  39.69977
4411.25390836836  11.38208
4411.4136062  62.50941
4411.57330403164  73.57729
4411.73300186328  63.96201
4411.89269969491  74.57857
4412.05239752655  77.84774
4412.21209535819  73.11153
4412.37179318983  65.96497
4412.53149102146  78.57182
4412.6911888531  80.60534
4412.85088668474  54.39825
4413.01058451638  71.26022
4413.17028234801  65.67602
4413.32998017965  35.19188
4413.48967801129  46.46486
4413.64937584293  83.48051
4413.80907367457  85.20572
4413.9687715062  80.63302
4414.12846933784  49.32335
4414.28816716948  37.0679
4414.44786500112  66.01237
4414.60756283275  75.54182
4414.76726066439  100.784
4414.92695849603  88.62206
4415.08665632767  59.45544
4415.2463541593  85.62264
4415.40605199094  97.2723
4415.56574982258  78.0006
4415.72544765422  68.43784
4415.88514548585  71.3559
4416.04484331749  92.37592
4416.20454114913  83.52066
4416.36423898077  90.14116
4416.5239368124  76.7416
4416.68363464404  93.64387
4416.84333247568  69.11092
4417.00303030732  65.44189
4417.16272813895  46.91958
4417.32242597059  28.12996
4417.48212380223  62.01522
4417.64182163387  58.71428
4417.8015194655  47.59366
4417.96121729714  64.08431
4418.12091512878  79.45127
4418.28061296042  91.84876
4418.44031079206  95.19334
4418.60000862369  92.58127
4418.75970645533  69.02962
4418.91940428697  82.54993
4419.07910211861  115.16
4419.23879995024  110.6428
4419.39849778188  69.64424
4419.55819561352  26.88236
4419.71789344516  48.55705
4419.87759127679  57.97393
4420.03728910843  58.12693
4420.19698694007  78.70055
4420.35668477171  90.74517
4420.51638260334  98.94294
4420.67608043498  104.6542
4420.83577826662  96.71254
4420.99547609826  86.41671
4421.15517392989  74.46821
4421.31487176153  98.22884
4421.47456959317  96.64199
4421.63426742481  42.64511
4421.79396525644  78.63519
4421.95366308808  40.01394
4422.11336091972  10.13741
4422.27305875136  64.36405
4422.432756583  98.84566
4422.59245441463  106.5429
4422.75215224627  93.02135
4422.91185007791  111.7098
4423.07154790955  100.633
4423.23124574118  74.38017
4423.39094357282  80.80919
4423.55064140446  105.9092
4423.7103392361  92.0379
4423.87003706773  36.76419
4424.02973489937  30.48094
4424.18943273101  59.82383
4424.34913056265  111.0464
4424.50882839428  142.9854
4424.66852622592  74.67053
4424.82822405756  42.51775
4424.9879218892  73.00758
4425.14761972083  71.35008
4425.30731755247  56.25188
4425.46701538411  84.87264
4425.62671321575  70.20193
4425.78641104738  78.07278
4425.94610887902  102.2762
4426.10580671066  53.06252
4426.2655045423  50.02252
4426.42520237393  68.66885
4426.58490020557  68.55884
4426.74459803721  68.95388
4426.90429586885  77.53905
4427.06399370049  90.63438
4427.22369153212  109.7493
4427.38338936376  122.585
4427.5430871954  106.8629
4427.70278502704  78.73722
4427.86248285867  51.00026
4428.02218069031  58.28311
4428.18187852195  95.16019
4428.34157635359  89.9407
4428.50127418522  95.30559
4428.66097201686  53.30367
4428.8206698485  91.21982
4428.98036768014  71.35703
4429.14006551177  63.62228
4429.29976334341  125.6753
4429.45946117505  129.1849
4429.61915900669  122.1706
4429.77885683832  97.64267
4429.93855466996  78.83204
4430.0982525016  108.3421
4430.25795033324  119.6755
4430.41764816487  122.6706
4430.57734599651  107.8007
4430.73704382815  106.0685
4430.89674165979  77.88308
4431.05643949142  74.09402
4431.21613732306  98.90135
4431.3758351547  61.56636
4431.53553298634  55.70842
4431.69523081797  111.876
4431.85492864961  124.8942
4432.01462648125  60.46275
4432.17432431289  67.99049
4432.33402214453  107.6143
4432.49371997616  133.8674
4432.6534178078  101.0388
4432.81311563944  134.7534
4432.97281347108  94.40885
4433.13251130271  94.55906
4433.29220913435  112.6462
4433.45190696599  112.1696
4433.61160479763  124.5175
4433.77130262926  86.40029
4433.9310004609  117.1548
4434.09069829254  144.2052
4434.25039612418  95.81169
4434.41009395581  93.44214
4434.56979178745  96.20996
4434.72948961909  79.14478
4434.88918745073  94.13403
4435.04888528236  94.52953
4435.208583114  58.25645
4435.36828094564  28.35109
4435.52797877728  67.03642
4435.68767660892  140.9335
4435.84737444055  145.2608
4436.00707227219  116.4157
4436.16677010383  77.61423
4436.32646793547  80.9768
4436.4861657671  73.5267
4436.64586359874  104.0805
4436.80556143038  91.17408
4436.96525926202  122.519
4437.12495709365  100.8054
4437.28465492529  99.41096
4437.44435275693  108.6538
4437.60405058857  119.7945
4437.7637484202  89.56912
4437.92344625184  92.63713
4438.08314408348  106.0684
4438.24284191512  95.70654
4438.40253974675  114.4427
4438.56223757839  128.2473
4438.72193541003  128.7463
4438.88163324167  94.61388
4439.04133107331  74.33973
4439.20102890494  83.52931
4439.36072673658  66.06291
4439.52042456822  66.04922
4439.68012239985  82.8047
4439.83982023149  103.4027
4439.99951806313  108.6695
4440.15921589477  96.39662
4440.31891372641  149.4575
4440.47861155804  146.5609
4440.63830938968  136.3484
4440.79800722132  86.72011
4440.95770505295  107.4643
4441.11740288459  106.8339
4441.27710071623  74.47157
4441.43679854787  114.9862
4441.59649637951  118.0109
4441.75619421114  101.5377
4441.91589204278  103.0959
4442.07558987442  96.76842
4442.23528770606  115.7503
4442.39498553769  129.9685
4442.55468336933  149.9166
4442.71438120097  130.4317
4442.87407903261  112.2589
4443.03377686424  93.90304
4443.19347469588  101.3487
4443.35317252752  90.48093
4443.51287035916  113.7474
4443.67256819079  146.4885
4443.83226602243  129.9322
4443.99196385407  120.4442
4444.15166168571  123.0605
4444.31135951734  113.3856
4444.47105734898  124.1394
4444.63075518062  151.5101
4444.79045301226  136.6457
4444.9501508439  122.4254
4445.10984867553  124.4798
4445.26954650717  113.5011
4445.42924433881  88.63897
4445.58894217044  90.29839
4445.74864000208  135.7873
4445.90833783372  100.2537
4446.06803566536  111.0979
4446.227733497  98.20664
4446.38743132863  91.49371
4446.54712916027  123.6617
4446.70682699191  138.5548
4446.86652482355  129.8492
4447.02622265518  137.1081
4447.18592048682  102.5649
4447.34561831846  122.9777
4447.5053161501  99.40396
4447.66501398173  86.86796
4447.82471181337  88.6868
4447.98440964501  145.046
4448.14410747665  141.3726
4448.30380530828  96.07354
4448.46350313992  121.1746
4448.62320097156  102.1135
4448.7828988032  106.4363
4448.94259663483  98.60855
4449.10229446647  98.51874
4449.26199229811  121.7445
4449.42169012975  105.2565
4449.58138796139  126.9459
4449.74108579302  128.9614
4449.90078362466  115.094
4450.0604814563  132.942
4450.22017928794  136.3489
4450.37987711957  147.215
4450.53957495121  138.6306
4450.69927278285  161.4948
4450.85897061449  162.7484
4451.01866844612  136.6271
4451.17836627776  144.9967
4451.3380641094  131.538
4451.49776194104  142.3091
4451.65745977267  120.0619
4451.81715760431  110.9362
4451.97685543595  77.06838
4452.13655326759  122.4917
4452.29625109923  150.0078
4452.45594893086  120.9455
4452.6156467625  136.1167
4452.77534459414  92.34003
4452.93504242577  76.85439
4453.09474025741  104.6165
4453.25443808905  125.0837
4453.41413592069  137.097
4453.57383375233  176.2502
4453.73353158396  128.0978
4453.8932294156  77.54648
4454.05292724724  126.4445
4454.21262507887  120.0511
4454.37232291051  148.0941
4454.53202074215  165.5555
4454.69171857379  104.3645
4454.85141640543  127.6666
4455.01111423706  156.1899
4455.1708120687  146.843
4455.33050990034  133.1824
4455.49020773198  119.9465
4455.64990556361  120.9422
4455.80960339525  137.3203
4455.96930122689  119.3575
4456.12899905853  94.69627
4456.28869689016  91.17424
4456.4483947218  68.94849
4456.60809255344  125.7008
4456.76779038508  137.2334
4456.92748821671  88.59226
4457.08718604835  117.6659
4457.24688387999  137.6869
4457.40658171163  94.43822
4457.56627954326  127.4129
4457.7259773749  165.0876
4457.88567520654  141.2163
4458.04537303818  134.401
4458.20507086982  104.2788
4458.36476870145  139.0228
4458.52446653309  126.0888
4458.68416436473  125.1537
4458.84386219636  115.0348
4459.003560028  109.2832
4459.16325785964  134.6913
4459.32295569128  107.0999
4459.48265352292  142.3356
4459.64235135455  191.8116
4459.80204918619  134.9559
4459.96174701783  131.6847
4460.12144484947  126.3833
4460.2811426811  144.2838
4460.44084051274  123.5687
4460.60053834438  153.8359
4460.76023617602  143.4837
4460.91993400765  149.1897
4461.07963183929  129.1788
4461.23932967093  181.5307
4461.39902750257  125.8234
4461.5587253342  88.11854
4461.71842316584  129.6586
4461.87812099748  122.3104
4462.03781882912  111.561
4462.19751666075  120.308
4462.35721449239  147.4778
4462.51691232403  115.6925
4462.67661015567  132.1308
4462.83630798731  165.8211
4462.99600581894  145.5389
4463.15570365058  144.5343
4463.31540148222  110.8266
4463.47509931386  100.1944
4463.63479714549  108.0853
4463.79449497713  122.6913
4463.95419280877  160.4533
4464.11389064041  154.0597
4464.27358847204  124.8678
4464.43328630368  134.9136
4464.59298413532  126.8432
4464.75268196696  131.3286
4464.91237979859  138.9444
4465.07207763023  155.803
4465.23177546187  193.0562
4465.39147329351  157.9253
4465.55117112514  158.6595
4465.71086895678  157.7079
4465.87056678842  154.7622
4466.03026462006  166.4499
4466.1899624517  148.4591
4466.34966028333  132.7887
4466.50935811497  102.8022
4466.66905594661  175.7773
4466.82875377825  162.0076
4466.98845160988  144.4761
4467.14814944152  128.0318
4467.30784727316  128.7232
4467.46754510479  136.1969
4467.62724293643  204.7738
4467.78694076807  140.8328
4467.94663859971  122.8241
4468.10633643135  113.8127
4468.26603426298  116.7924
4468.42573209462  155.3411
4468.58542992626  141.1101
4468.7451277579  132.4215
4468.90482558953  110.499
4469.06452342117  117.8453
4469.22422125281  154.0862
4469.38391908445  152.0758
4469.54361691608  128.7564
4469.70331474772  154.3669
4469.86301257936  171.1205
4470.022710411  143.7272
4470.18240824263  124.2529
4470.34210607427  81.99152
4470.50180390591  98.6252
4470.66150173755  109.4286
4470.82119956918  151.151
4470.98089740082  165.4981
4471.14059523246  153.6901
4471.3002930641  130.5885
4471.45999089574  94.00166
4471.61968872737  119.6444
4471.77938655901  122.1552
4471.93908439065  127.1517
4472.09878222229  149.5409
4472.25848005392  139.3448
4472.41817788556  154.9377
4472.5778757172  149.2852
4472.73757354884  168.8325
4472.89727138047  90.96236
4473.05696921211  111.8289
4473.21666704375  174.5496
4473.37636487539  141.4023
4473.53606270702  155.9702
4473.69576053866  115.2657
4473.8554583703  104.9348
4474.01515620194  168.007
4474.17485403357  161.3992
4474.33455186521  142.3096
4474.49424969685  113.36
4474.65394752849  91.39323
4474.81364536012  101.7331
4474.97334319176  93.40627
4475.1330410234  107.7759
4475.29273885504  135.6819
4475.45243668667  112.0427
4475.61213451831  130.9151
4475.77183234995  147.8292
4475.93153018159  112.3897
4476.09122801323  142.1197
4476.25092584486  134.0605
4476.4106236765  97.49183
4476.57032150814  143.4818
4476.73001933978  188.0406
4476.88971717141  134.8439
4477.04941500305  127.1056
4477.20911283469  188.7913
4477.36881066633  146.5686
4477.52850849796  99.17657
4477.6882063296  140.7313
4477.84790416124  152.9183
4478.00760199288  150.8047
4478.16729982451  144.4954
4478.32699765615  167.387
4478.48669548779  148.8051
4478.64639331943  115.3198
4478.80609115106  89.40847
4478.9657889827  92.05318
4479.12548681434  92.98383
4479.28518464598  104.0442
4479.44488247761  142.6376
4479.60458030925  184.6151
4479.76427814089  136.3647
4479.92397597253  116.4556
4480.08367380416  107.7058
4480.2433716358  105.7772
4480.40306946744  132.3617
4480.56276729908  87.63689
4480.72246513072  103.2497
4480.88216296235  143.4661
4481.04186079399  134.1934
4481.20155862563  111.0502
4481.36125645727  115.6497
4481.5209542889  154.9727
4481.68065212054  146.0939
4481.84034995218  116.6633
4482.00004778382  110.7353
4482.15974561545  115.3738
4482.31944344709  121.2845
4482.47914127873  124.7282
4482.63883911037  124.5109
4482.798536942  137.5894
4482.95823477364  88.85195
4483.11793260528  97.71155
4483.27763043692  86.11501
4483.43732826855  43.00658
4483.59702610019  103.1392
4483.75672393183  131.613
4483.91642176347  118.6594
4484.0761195951  148.3589
4484.23581742674  132.4913
4484.39551525838  101.3838
4484.55521309002  130.7687
4484.71491092165  82.01775
4484.87460875329  120.1614
4485.03430658493  152.9055
4485.19400441657  122.2757
4485.35370224821  84.64165
4485.51340007984  74.29832
4485.67309791148  73.30575
4485.83279574312  122.3863
4485.99249357476  150.5565
4486.15219140639  100.1366
4486.31188923803  115.9391
4486.47158706967  131.989
4486.63128490131  163.5346
4486.79098273294  102.143
4486.95068056458  -0.281405
4487.11037839622  95.57715
4487.27007622786  138.8726
4487.42977405949  131.2883
4487.58947189113  148.2047
4487.74916972277  122.3159
4487.90886755441  113.3581
4488.06856538604  140.3317
4488.22826321768  119.0149
4488.38796104932  111.143
4488.54765888096  98.45753
4488.70735671259  122.4519
4488.86705454423  127.6247
4489.02675237587  114.1972
4489.18645020751  149.8119
4489.34614803914  116.3364
4489.50584587078  129.0652
4489.66554370242  127.6811
4489.82524153406  91.41696
4489.9849393657  119.8821
4490.14463719733  105.9236
4490.30433502897  82.69801
4490.46403286061  105.5777
4490.62373069225  107.5296
4490.78342852388  124.7021
4490.94312635552  126.3946
4491.10282418716  93.07534
4491.2625220188  80.95255
4491.42221985043  64.90885
4491.58191768207  109.703
4491.74161551371  158.3589
4491.90131334535  121.4146
4492.06101117698  96.79128
4492.22070900862  84.05136
4492.38040684026  105.1322
4492.5401046719  154.523
4492.69980250353  151.2738
4492.85950033517  67.6122
4493.01919816681  98.82203
4493.17889599845  140.0847
4493.33859383009  156.7646
4493.49829166172  115.7551
4493.65798949336  117.0025
4493.817687325  117.2381
4493.97738515663  123.431
4494.13708298827  125.559
4494.29678081991  101.8432
4494.45647865155  98.73257
4494.61617648319  111.2293
4494.77587431482  149.5374
4494.93557214646  88.51421
4495.0952699781  119.5782
4495.25496780974  93.39838
4495.41466564137  134.6914
4495.57436347301  131.4786
4495.73406130465  106.0903
4495.89375913629  146.5193
4496.05345696792  122.6021
4496.21315479956  99.15226
4496.3728526312  76.84603
4496.53255046284  66.52002
4496.69224829447  83.43942
4496.85194612611  127.6565
4497.01164395775  111.7218
4497.17134178939  122.5587
4497.33103962102  115.5389
4497.49073745266  119.822
4497.6504352843  127.6613
4497.81013311594  126.7911
4497.96983094758  97.57002
4498.12952877921  129.4425
4498.28922661085  167.3867
4498.44892444249  127.7772
4498.60862227412  82.47419
4498.76832010576  96.23443
4498.9280179374  133.5619
4499.08771576904  144.0786
4499.24741360068  120.0954
4499.40711143231  118.3871
4499.56680926395  114.1002
4499.72650709559  114.1525
4499.88620492723  108.0562
4500.04590275886  116.2781
4500.2056005905  117.6485
4500.36529842214  92.35419
4500.52499625378  91.82986
4500.68469408541  104.156
4500.84439191705  121.0826
4501.00408974869  124.458
4501.16378758033  107.6656
4501.32348541196  101.2527
4501.4831832436  80.05706
4501.64288107524  89.5685
4501.80257890688  124.5637
4501.96227673851  88.15569
4502.12197457015  97.27715
4502.28167240179  143.6666
4502.44137023343  94.92363
4502.60106806507  76.5726
4502.7607658967  61.68877
4502.92046372834  87.06803
4503.08016155998  77.91129
4503.23985939162  121.6592
4503.39955722325  109.2629
4503.55925505489  104.9234
4503.71895288653  63.70661
4503.87865071817  85.30191
4504.0383485498  121.5168
4504.19804638144  92.94353
4504.35774421308  104.5941
4504.51744204472  92.06488
4504.67713987635  101.8298
4504.83683770799  109.2577
4504.99653553963  97.92443
4505.15623337127  100.6488
4505.3159312029  124.9759
4505.47562903454  102.1823
4505.63532686618  91.72165
4505.79502469782  138.2937
4505.95472252945  120.4617
4506.11442036109  76.09905
4506.27411819273  120.1184
4506.43381602437  125.5275
4506.59351385601  70.81342
4506.75321168764  71.2159
4506.91290951928  92.31426
4507.07260735092  103.1572
4507.23230518255  124.6645
4507.39200301419  86.97939
4507.55170084583  73.34114
4507.71139867747  105.071
4507.87109650911  104.1927
4508.03079434074  76.13134
4508.19049217238  91.32378
4508.35019000402  90.93303
4508.50988783566  96.80884
4508.66958566729  138.8669
4508.82928349893  62.84158
4508.98898133057  78.29131
4509.14867916221  110.6051
4509.30837699384  101.0865
4509.46807482548  96.0005
4509.62777265712  87.45402
4509.78747048876  106.4697
4509.94716832039  111.3827
4510.10686615203  88.64616
4510.26656398367  63.06796
4510.42626181531  74.69804
4510.58595964694  103.082
4510.74565747858  78.34818
4510.90535531022  32.06132
4511.06505314186  91.75412
4511.2247509735  100.8733
4511.38444880513  101.8595
4511.54414663677  71.46507
4511.70384446841  59.58385
4511.86354230004  98.87706
4512.02324013168  53.32018
4512.18293796332  42.44865
4512.34263579496  117.7867
4512.5023336266  117.1783
4512.66203145823  91.90743
4512.82172928987  95.23907
4512.98142712151  92.37108
4513.14112495315  72.70919
4513.30082278478  79.54935
4513.46052061642  64.27975
4513.62021844806  69.76394
4513.7799162797  52.85098
4513.93961411133  67.72727
4514.09931194297  43.37818
4514.25900977461  44.90753
4514.41870760625  75.22654
4514.57840543788  117.8856
4514.73810326952  85.41845
4514.89780110116  56.46869
4515.0574989328  42.9566
4515.21719676443  50.07
4515.37689459607  77.01462
4515.53659242771  67.9743
4515.69629025935  61.70421
4515.85598809099  87.51823
4516.01568592262  62.28037
4516.17538375426  97.7797
4516.3350815859  80.35712
4516.49477941753  81.583
4516.65447724917  83.05509
4516.81417508081  77.36571
4516.97387291245  67.01156
4517.13357074409  66.61438
4517.29326857572  70.31529
4517.45296640736  22.85355
4517.612664239  71.57675
4517.77236207064  73.45936
4517.93205990227  89.11786
4518.09175773391  59.60882
4518.25145556555  76.88582
4518.41115339719  78.53793
4518.57085122882  38.23298
4518.73054906046  53.39789
4518.8902468921  38.91433
4519.04994472374  62.97998
4519.20964255537  70.47365
4519.36934038701  68.36452
4519.52903821865  91.36565
4519.68873605029  74.3662
4519.84843388193  46.446
4520.00813171356  80.71281
4520.1678295452  51.50714
4520.32752737684  56.00423
4520.48722520847  87.76419
4520.64692304011  65.79712
4520.80662087175  45.1321
4520.96631870339  73.88451
4521.12601653503  63.02853
4521.28571436666  41.23447
4521.4454121983  39.32677
4521.60511002994  84.53764
4521.76480786158  69.98046
4521.92450569321  94.81077
4522.08420352485  41.66797
4522.24390135649  50.23915
4522.40359918813  68.5127
4522.56329701976  12.81839
4522.7229948514  43.8526
4522.88269268304  43.66033
4523.04239051468  21.84805
4523.20208834631  27.14601
4523.36178617795  43.08392
4523.52148400959  73.30101
4523.68118184123  83.11903
4523.84087967287  58.75117
4524.0005775045  40.60853
4524.16027533614  70.19008
4524.31997316778  48.3662
4524.47967099942  43.11668
4524.63936883105  56.92298
4524.79906666269  17.12885
4524.95876449433  73.41519
4525.11846232596  43.18459
4525.2781601576  36.43325
4525.43785798924  39.7964
4525.59755582088  65.29865
4525.75725365252  82.22829
4525.91695148415  50.80193
4526.07664931579  33.58154
4526.23634714743  87.71854
4526.39604497907  59.81414
4526.5557428107  76.31678
4526.71544064234  68.09952
4526.87513847398  55.50858
4527.03483630562  39.10214
4527.19453413725  47.12413
4527.35423196889  52.82497
4527.51392980053  74.1953
4527.67362763217  44.77989
4527.8333254638  76.07687
4527.99302329544  41.42068
4528.15272112708  71.8158
4528.31241895872  39.84262
4528.47211679036  16.06506
4528.63181462199  48.72842
4528.79151245363  48.44769
4528.95121028527  65.65958
4529.11090811691  12.21793
4529.27060594854  52.90961
4529.43030378018  43.35469
4529.59000161182  39.8803
4529.74969944345  66.89316
4529.90939727509  37.43692
4530.06909510673  49.75103
4530.22879293837  34.0225
4530.38849077001  49.71979
4530.54818860164  44.52105
4530.70788643328  63.04658
4530.86758426492  40.13852
4531.02728209656  11.75942
4531.18697992819  17.79337
4531.34667775983  25.25638
4531.50637559147  39.19823
4531.66607342311  21.24601
4531.82577125474  28.37596
4531.98546908638  3.030188
4532.14516691802  23.28219
4532.30486474966  43.78145
4532.46456258129  41.58724
4532.62426041293  30.50591
4532.78395824457  40.76384
4532.94365607621  56.16903
4533.10335390784  5.2698
4533.26305173948  29.79453
4533.42274957112  29.88493
4533.58244740276  73.16942
4533.74214523439  40.12388
4533.90184306603  47.33141
4534.06154089767  34.41637
4534.22123872931  87.1829
4534.38093656095  54.35606
4534.54063439258  30.41449
4534.70033222422  -17.31175
4534.86003005586  37.28927
4535.0197278875  22.60316
4535.17942571913  18.46755
4535.33912355077  48.41844
4535.49882138241  42.82714
4535.65851921405  21.67821
4535.81821704568  -5.099605
4535.97791487732  53.20647
4536.13761270896  62.51727
4536.2973105406  40.79541
4536.45700837223  50.26392
4536.61670620387  28.77043
4536.77640403551  19.26033
4536.93610186715  34.82044
4537.09579969878  18.93161
4537.25549753042  19.24184
4537.41519536206  16.32313
4537.5748931937  18.1505
4537.73459102534  20.42404
4537.89428885697  31.34052
4538.05398668861  21.63001
4538.21368452025  4.853075
4538.37338235189  -4.321296
4538.53308018352  0.7454837
4538.69277801516  13.27387
4538.8524758468  -18.48722
4539.01217367844  42.87998
4539.17187151007  16.9298
4539.33156934171  -28.7018
4539.49126717335  28.45129
4539.65096500499  49.05398
4539.81066283662  22.75998
4539.97036066826  35.30424
4540.1300584999  -26.74399
4540.28975633154  -7.195718
4540.44945416317  8.834472
4540.60915199481  31.21045
4540.76884982645  25.2046
4540.92854765809  29.21934
4541.08824548973  38.70767
4541.24794332136  17.04431
4541.407641153  -1.567799
4541.56733898464  24.38027
4541.72703681627  28.3604
4541.88673464791  18.63623
4542.04643247955  36.92751
4542.20613031119  45.69744
4542.36582814283  54.15546
4542.52552597446  10.62014
4542.6852238061  19.27922
4542.84492163774  5.005396
4543.00461946938  12.37196
4543.16431730101  37.79118
4543.32401513265  13.04972
4543.48371296429  20.63516
4543.64341079593  50.85122
4543.80310862756  20.24614
4543.9628064592  -13.78569
4544.12250429084  -28.76383
4544.28220212248  34.94325
4544.44189995411  24.69924
4544.60159778575  37.09305
4544.76129561739  20.19643
4544.92099344903  9.893073
4545.08069128066  16.63656
4545.2403891123  -27.01
4545.40008694394  2.496068
4545.55978477558  -0.3564519
4545.71948260721  4.979566
4545.87918043885  11.89129
4546.03887827049  -13.61827
4546.19857610213  23.38648
4546.35827393376  26.41721
4546.5179717654  13.32687
4546.67766959704  19.9712
4546.83736742868  -28.4007
4546.99706526032  18.99647
4547.15676309195  14.40885
4547.31646092359  10.3967
4547.47615875523  21.16352
4547.63585658687  37.59008
4547.7955544185  4.853416
4547.95525225014  -13.87267
4548.11495008178  -14.85298
4548.27464791342  -17.61815
4548.43434574505  -3.572308
4548.59404357669  5.951293
4548.75374140833  7.494056
4548.91343923997  3.59202
4549.0731370716  -0.2859464
4549.23283490324  -15.56735
4549.39253273488  -13.97078
4549.55223056652  -11.74068
4549.71192839815  20.01441
