4386.1085298399  0.4074169
4386.2683176223  -25.82468
4386.42810540469  6.369761
4386.58789318709  33.79031
4386.74768096949  10.94949
4386.90746875189  5.779502
4387.06725653428  31.6628
4387.22704431668  28.82251
4387.38683209908  18.20868
4387.54661988147  33.10665
4387.70640766387  13.64372
4387.86619544627  -12.22248
4388.02598322867  18.19839
4388.18577101106  6.000833
4388.34555879346  13.60281
4388.50534657586  10.74508
4388.66513435826  -23.70866
4388.82492214065  -14.85604
4388.98470992305  -7.607709
4389.14449770545  -27.82085
4389.30428548784  3.623786
4389.46407327024  22.92843
4389.62386105264  1.785529
4389.78364883504  6.08272
4389.94343661743  13.63254
4390.10322439983  5.814699
4390.26301218223  15.06607
4390.42279996462  18.77858
4390.58258774702  21.2162
4390.74237552942  15.71571
4390.90216331182  49.40225
4391.06195109421  27.59453
4391.22173887661  20.51044
4391.38152665901  -15.56966
4391.5413144414  16.09876
4391.7011022238  31.31759
4391.8608900062  -3.90792
4392.0206777886  12.73923
4392.18046557099  30.91069
4392.34025335339  1.633327
4392.50004113579  8.265885
4392.65982891818  41.0433
4392.81961670058  38.43572
4392.97940448298  9.077158
4393.13919226538  13.08062
4393.29898004777  10.81773
4393.45876783017  20.44547
4393.61855561257  -9.572233
4393.77834339496  -14.85413
4393.93813117736  -23.07021
4394.09791895976  -8.014248
4394.25770674216  3.784198
4394.41749452455  -1.113542
4394.57728230695  5.334898
4394.73707008935  6.189693
4394.89685787174  -7.364737
4395.05664565414  -5.47523
4395.21643343654  36.8699
4395.37622121894  -6.946151
4395.53600900133  -33.39396
4395.69579678373  -18.52787
4395.85558456613  -3.802267
4396.01537234852  36.41034
4396.17516013092  15.43289
4396.33494791332  -1.267197
4396.49473569572  -1.700688
4396.65452347811  9.217296
4396.81431126051  39.92452
4396.97409904291  30.5444
4397.13388682531  -6.140854
4397.2936746077  -14.34337
4397.4534623901  0.3491092
4397.6132501725  40.76154
4397.77303795489  18.95945
4397.93282573729  35.90176
4398.09261351969  -17.86934
4398.25240130209  24.78111
4398.41218908448  30.10034
4398.57197686688  3.808895
4398.73176464928  26.82718
4398.89155243167  21.47366
4399.05134021407  -0.5116052
4399.21112799647  10.70518
4399.37091577887  12.96462
4399.53070356126  21.96906
4399.69049134366  33.53281
4399.85027912606  -5.485212
4400.01006690845  -9.782797
4400.16985469085  -5.67674
4400.32964247325  8.99104
4400.48943025565  4.30281
4400.64921803804  38.59762
4400.80900582044  33.67431
4400.96879360284  24.71885
4401.12858138524  -2.759775
4401.28836916763  5.642443
4401.44815695003  -2.974889
4401.60794473243  1.252364
4401.76773251482  34.88823
4401.92752029722  26.54239
4402.08730807962  14.27898
4402.24709586201  2.807923
4402.40688364441  -0.226046
4402.56667142681  12.90762
4402.72645920921  -2.216157
4402.8862469916  10.31843
4403.046034774  15.36322
4403.2058225564  25.59497
4403.36561033879  40.95021
4403.52539812119  10.35974
4403.68518590359  -13.28399
4403.84497368599  -4.360217
4404.00476146838  18.90296
4404.16454925078  13.71772
4404.32433703318  2.882973
4404.48412481557  20.30179
4404.64391259797  16.81297
4404.80370038037  4.181191
4404.96348816277  3.739548
4405.12327594516  18.22326
4405.28306372756  22.18701
4405.44285150996  2.139452
4405.60263929236  29.40973
4405.76242707475  39.49032
4405.92221485715  33.54482
4406.08200263955  49.90761
4406.24179042194  13.67051
4406.40157820434  25.2094
4406.56136598674  16.65772
4406.72115376914  -6.093073
4406.88094155153  10.34031
4407.04072933393  5.445454
4407.20051711633  21.64266
4407.36030489872  23.38277
4407.52009268112  28.1233
4407.67988046352  19.77378
4407.83966824591  14.66736
4407.99945602831  7.468413
4408.15924381071  55.21159
4408.31903159311  8.75367
4408.4788193755  18.21475
4408.6386071579  8.70252
4408.7983949403  12.24636
4408.9581827227  35.54433
4409.11797050509  40.22071
4409.27775828749  45.16722
4409.43754606989  14.64554
4409.59733385228  7.278646
4409.75712163468  52.84473
4409.91690941708  27.50751
4410.07669719948  10.19279
4410.23648498187  10.13166
4410.39627276427  13.82963
4410.55606054667  12.02991
4410.71584832906  -2.993107
4410.87563611146  -7.176087
4411.03542389386  -3.042406
4411.19521167626  22.24514
4411.35499945865  27.41815
4411.51478724105  31.27312
4411.67457502345  31.68223
4411.83436280584  9.330899
4411.99415058824  22.15479
4412.15393837064  29.05588
4412.31372615304  16.11634
4412.47351393543  34.47601
4412.63330171783  23.90484
4412.79308950023  29.37671
4412.95287728262  28.90746
4413.11266506502  54.01388
4413.27245284742  37.76537
4413.43224062982  38.65469
4413.59202841221  10.26361
4413.75181619461  35.11996
4413.91160397701  17.18316
4414.07139175941  -12.96906
4414.2311795418  -7.683833
4414.3909673242  2.284219
4414.5507551066  19.53499
4414.71054288899  6.801558
4414.87033067139  19.96349
4415.03011845379  61.13961
4415.18990623619  24.38068
4415.34969401858  1.64378
4415.50948180098  41.71717
4415.66926958338  60.08519
4415.82905736577  36.18313
4415.98884514817  20.97848
4416.14863293057  2.711042
4416.30842071296  20.22055
4416.46820849536  29.35625
4416.62799627776  4.95243
4416.78778406016  22.2166
4416.94757184255  36.67717
4417.10735962495  14.24536
4417.26714740735  39.5826
4417.42693518974  56.44703
4417.58672297214  39.80951
4417.74651075454  31.7592
4417.90629853694  18.48383
4418.06608631933  3.012573
4418.22587410173  9.264496
4418.38566188413  39.44432
4418.54544966653  31.19386
4418.70523744892  12.19527
4418.86502523132  19.56611
4419.02481301372  39.8294
4419.18460079611  37.32442
4419.34438857851  41.16485
4419.50417636091  34.82856
4419.66396414331  33.10738
4419.8237519257  18.71567
4419.9835397081  49.36082
4420.1433274905  41.69153
4420.30311527289  17.86917
4420.46290305529  33.5684
4420.62269083769  37.68249
4420.78247862009  14.97489
4420.94226640248  32.26588
4421.10205418488  57.78529
4421.26184196728  25.26055
4421.42162974968  12.67881
4421.58141753207  11.58173
4421.74120531447  21.46027
4421.90099309687  -2.078763
4422.06078087926  27.38287
4422.22056866166  16.35438
4422.38035644406  35.63774
4422.54014422645  51.06775
4422.69993200885  24.21782
4422.85971979125  47.78604
4423.01950757365  46.45206
4423.17929535604  27.85166
4423.33908313844  39.26994
4423.49887092084  43.28976
4423.65865870324  30.84171
4423.81844648563  16.64654
4423.97823426803  30.62467
4424.13802205043  45.5531
4424.29780983282  37.4247
4424.45759761522  44.59488
4424.61738539762  22.19902
4424.77717318002  23.03859
4424.93696096241  33.81134
4425.09674874481  32.37867
4425.25653652721  48.43565
4425.4163243096  62.70536
4425.576112092  50.99809
4425.7358998744  12.5571
4425.8956876568  25.50431
4426.05547543919  17.94751
4426.21526322159  36.16996
4426.37505100399  67.968
4426.53483878638  41.3592
4426.69462656878  30.08765
4426.85441435118  26.28037
4427.01420213358  13.39157
4427.17398991597  25.11424
4427.33377769837  40.16594
4427.49356548077  22.97061
4427.65335326316  1.715393
4427.81314104556  42.85629
4427.97292882796  68.72372
4428.13271661036  42.40248
4428.29250439275  60.25996
4428.45229217515  25.6099
4428.61207995755  -13.36173
4428.77186773994  11.50518
4428.93165552234  26.09199
4429.09144330474  43.8777
4429.25123108714  40.51109
4429.41101886953  27.21414
4429.57080665193  2.011114
4429.73059443433  -24.25217
4429.89038221672  -19.48233
4430.05016999912  -1.809507
4430.20995778152  -3.952926
4430.36974556392  7.079702
4430.52953334631  45.0773
4430.68932112871  43.01826
4430.84910891111  29.37745
4431.00889669351  43.70289
4431.1686844759  29.56314
4431.3284722583  13.96658
4431.4882600407  19.2627
4431.64804782309  21.45557
4431.80783560549  31.55261
4431.96762338789  47.09508
4432.12741117028  42.7748
4432.28719895268  37.73239
4432.44698673508  53.05495
4432.60677451748  37.12738
4432.76656229987  24.31866
4432.92635008227  31.81775
4433.08613786467  64.41572
4433.24592564707  61.479
4433.40571342946  52.70252
4433.56550121186  33.2584
4433.72528899426  11.35066
4433.88507677665  9.850359
4434.04486455905  27.59891
4434.20465234145  41.08237
4434.36444012385  48.38958
4434.52422790624  34.90259
4434.68401568864  41.77825
4434.84380347104  75.60433
4435.00359125343  60.52346
4435.16337903583  35.68451
4435.32316681823  38.66541
4435.48295460063  44.98471
4435.64274238302  27.60231
4435.80253016542  28.27383
4435.96231794782  60.56609
4436.12210573021  37.00449
4436.28189351261  47.57428
4436.44168129501  43.33245
4436.60146907741  56.58915
4436.7612568598  73.24028
4436.9210446422  53.93808
4437.0808324246  35.7265
4437.24062020699  14.80234
4437.40040798939  26.08572
4437.56019577179  21.21033
4437.71998355419  38.317
4437.87977133658  43.42455
4438.03955911898  25.54555
4438.19934690138  40.38441
4438.35913468377  43.64979
4438.51892246617  26.77979
4438.67871024857  25.72828
4438.83849803097  31.67992
4438.99828581336  28.60945
4439.15807359576  22.39629
4439.31786137816  28.14563
4439.47764916056  33.68025
4439.63743694295  30.48813
4439.79722472535  29.49329
4439.95701250775  46.13663
4440.11680029014  25.29189
4440.27658807254  22.38313
4440.43637585494  57.0623
4440.59616363733  45.644
4440.75595141973  63.3594
4440.91573920213  65.31114
4441.07552698453  14.13793
4441.23531476692  6.913684
4441.39510254932  32.62378
4441.55489033172  35.61418
4441.71467811412  26.27238
4441.87446589651  53.52327
4442.03425367891  30.69122
4442.19404146131  49.65338
4442.3538292437  49.70204
4442.5136170261  51.3369
4442.6734048085  48.11238
4442.8331925909  61.84714
4442.99298037329  66.32401
4443.15276815569  35.20793
4443.31255593809  23.36839
4443.47234372048  59.33262
4443.63213150288  62.28603
4443.79191928528  29.35305
4443.95170706768  35.80384
4444.11149485007  35.47353
4444.27128263247  46.07166
4444.43107041487  51.39764
4444.59085819726  45.07247
4444.75064597966  69.39391
4444.91043376206  34.95588
4445.07022154446  51.3833
4445.23000932685  46.90797
4445.38979710925  73.65141
4445.54958489165  53.63006
4445.70937267404  14.02566
4445.86916045644  37.11256
4446.02894823884  68.73887
4446.18873602124  103.1331
4446.34852380363  70.79377
4446.50831158603  31.96078
4446.66809936843  31.23974
4446.82788715082  46.70931
4446.98767493322  53.68473
4447.14746271562  29.90033
4447.30725049802  33.70755
4447.46703828041  53.76639
4447.62682606281  47.05945
4447.78661384521  35.3513
4447.94640162761  53.25523
4448.10618941  43.68103
4448.2659771924  48.6304
4448.4257649748  31.26192
4448.58555275719  56.15813
4448.74534053959  68.4144
4448.90512832199  31.88783
4449.06491610438  54.81289
4449.22470388678  58.86086
4449.38449166918  49.35485
4449.54427945158  64.82084
4449.70406723397  67.66438
4449.86385501637  62.45214
4450.02364279877  27.65518
4450.18343058117  26.01876
4450.34321836356  41.74443
4450.50300614596  29.4931
4450.66279392836  14.0453
4450.82258171075  20.35938
4450.98236949315  42.45276
4451.14215727555  32.39904
4451.30194505795  33.44817
4451.46173284034  36.27919
4451.62152062274  45.28334
4451.78130840514  55.70344
4451.94109618753  63.13958
4452.10088396993  54.86944
4452.26067175233  10.28353
4452.42045953473  45.70234
4452.58024731712  49.28767
4452.74003509952  40.62126
4452.89982288192  41.39406
4453.05961066431  47.43904
4453.21939844671  39.99929
4453.37918622911  44.55319
4453.53897401151  39.2416
4453.6987617939  30.58548
4453.8585495763  50.42096
4454.0183373587  71.81993
4454.17812514109  49.08682
4454.33791292349  29.33581
4454.49770070589  31.47309
4454.65748848829  61.3351
4454.81727627068  16.16455
4454.97706405308  27.901
4455.13685183548  77.26396
4455.29663961788  53.44397
4455.45642740027  34.71152
4455.61621518267  43.4418
4455.77600296507  47.08926
4455.93579074746  66.57651
4456.09557852986  71.29243
4456.25536631226  69.9678
4456.41515409466  64.12549
4456.57494187705  42.7356
4456.73472965945  37.38693
4456.89451744185  50.71003
4457.05430522424  68.66145
4457.21409300664  50.50571
4457.37388078904  37.34546
4457.53366857144  57.4862
4457.69345635383  69.87335
4457.85324413623  29.24119
4458.01303191863  52.43814
4458.17281970102  62.55165
4458.33260748342  61.73483
4458.49239526582  85.86595
4458.65218304821  61.02777
4458.81197083061  38.29502
4458.97175861301  41.75743
4459.13154639541  52.35286
4459.2913341778  47.66904
4459.4511219602  46.37476
4459.6109097426  43.63377
4459.770697525  37.73122
4459.93048530739  13.43855
4460.09027308979  48.53494
4460.25006087219  51.67294
4460.40984865458  69.52196
4460.56963643698  44.76811
4460.72942421938  59.12862
4460.88921200178  89.63554
4461.04899978417  38.44783
4461.20878756657  53.51586
4461.36857534897  62.19828
4461.52836313136  42.05264
4461.68815091376  27.28217
4461.84793869616  51.74386
4462.00772647856  68.57415
4462.16751426095  37.57841
4462.32730204335  41.43902
4462.48708982575  13.21614
4462.64687760814  38.45633
4462.80666539054  42.49146
4462.96645317294  40.22234
4463.12624095534  38.34487
4463.28602873773  49.51936
4463.44581652013  45.69418
4463.60560430253  55.9199
4463.76539208493  24.19682
4463.92517986732  56.9472
4464.08496764972  89.51572
4464.24475543212  54.18279
4464.40454321451  67.36642
4464.56433099691  55.48115
4464.72411877931  84.59312
4464.88390656171  69.15482
4465.0436943441  78.01416
4465.2034821265  53.11807
4465.3632699089  27.11108
4465.52305769129  53.32159
4465.68284547369  29.13832
4465.84263325609  44.18237
4466.00242103849  103.0867
4466.16220882088  93.09994
4466.32199660328  51.93446
4466.48178438568  58.71181
4466.64157216807  65.49262
4466.80135995047  44.47229
4466.96114773287  42.32418
4467.12093551526  41.22027
4467.28072329766  56.87383
4467.44051108006  52.90866
4467.60029886246  47.2116
4467.76008664485  43.25013
4467.91987442725  55.96112
4468.07966220965  40.40639
4468.23944999205  20.26042
4468.39923777444  73.39556
4468.55902555684  53.1868
4468.71881333924  41.80803
4468.87860112163  69.57925
4469.03838890403  59.97277
4469.19817668643  64.625
4469.35796446883  58.93951
4469.51775225122  61.1995
4469.67754003362  36.73042
4469.83732781602  9.812937
4469.99711559842  50.61748
4470.15690338081  44.11515
4470.31669116321  15.91253
4470.47647894561  35.27055
4470.636266728  52.18798
4470.7960545104  61.81849
4470.9558422928  67.39471
4471.11563007519  66.66363
4471.27541785759  72.26974
4471.43520563999  65.41427
4471.59499342239  31.47705
4471.75478120478  43.05878
4471.91456898718  69.0294
4472.07435676958  51.43801
4472.23414455197  45.53378
4472.39393233437  76.31128
4472.55372011677  65.32428
4472.71350789917  43.89106
4472.87329568156  39.54778
4473.03308346396  56.36064
4473.19287124636  73.56351
4473.35265902875  57.77762
4473.51244681115  41.92071
4473.67223459355  25.48364
4473.83202237595  57.6154
4473.99181015834  82.46461
4474.15159794074  61.09521
4474.31138572314  44.63345
4474.47117350554  46.76495
4474.63096128793  18.95326
4474.79074907033  17.79271
4474.95053685273  47.6423
4475.11032463512  41.91477
4475.27011241752  29.93828
4475.42990019992  36.82969
4475.58968798232  28.64497
4475.74947576471  31.06414
4475.90926354711  46.32551
4476.06905132951  53.23856
4476.2288391119  55.31373
4476.3886268943  58.26166
4476.5484146767  45.63333
4476.7082024591  35.55476
4476.86799024149  50.42199
4477.02777802389  71.28407
4477.18756580629  72.64192
4477.34735358868  41.48129
4477.50714137108  32.61234
4477.66692915348  55.66609
4477.82671693588  57.88255
4477.98650471827  39.5671
4478.14629250067  54.77443
4478.30608028307  81.56178
4478.46586806546  75.52478
4478.62565584786  62.5911
4478.78544363026  12.72449
4478.94523141266  29.83457
4479.10501919505  55.90018
4479.26480697745  39.08027
4479.42459475985  37.69555
4479.58438254224  31.67041
4479.74417032464  63.30313
4479.90395810704  50.7436
4480.06374588944  37.72842
4480.22353367183  20.14512
4480.38332145423  36.38069
4480.54310923663  57.96663
4480.70289701902  77.98825
4480.86268480142  66.11053
4481.02247258382  52.17276
4481.18226036622  52.40051
4481.34204814861  31.78767
4481.50183593101  64.42239
4481.66162371341  58.89311
4481.82141149581  43.1619
4481.9811992782  67.35419
4482.1409870606  69.31028
4482.300774843  48.40892
4482.46056262539  50.12201
4482.62035040779  36.68113
4482.78013819019  33.39245
4482.93992597259  41.17619
4483.09971375498  68.85262
4483.25950153738  27.27732
4483.41928931978  20.40836
4483.57907710217  24.25382
4483.73886488457  63.09608
4483.89865266697  57.69761
4484.05844044936  21.03584
4484.21822823176  39.42423
4484.37801601416  52.51809
4484.53780379656  41.29851
4484.69759157895  46.58878
4484.85737936135  60.41586
4485.01716714375  24.65063
4485.17695492614  69.87519
4485.33674270854  77.47712
4485.49653049094  53.1925
4485.65631827334  53.84547
4485.81610605573  32.83577
4485.97589383813  18.23934
4486.13568162053  55.42379
4486.29546940293  45.69751
4486.45525718532  65.15139
4486.61504496772  57.82051
4486.77483275012  5.961369
4486.93462053251  47.54832
4487.09440831491  50.04599
4487.25419609731  42.30333
4487.41398387971  58.69231
4487.5737716621  32.60237
4487.7335594445  23.28088
4487.8933472269  34.80142
4488.0531350093  63.25013
4488.21292279169  49.25259
4488.37271057409  41.25406
4488.53249835649  -1.613496
4488.69228613888  44.38646
4488.85207392128  49.56624
4489.01186170368  32.7367
4489.17164948607  51.15113
4489.33143726847  49.40013
4489.49122505087  29.76909
4489.65101283327  38.6821
4489.81080061566  30.18436
4489.97058839806  23.47455
4490.13037618046  53.11788
4490.29016396286  57.15445
4490.44995174525  21.18397
4490.60973952765  39.74676
4490.76952731005  53.99684
4490.92931509244  53.54997
4491.08910287484  37.59294
4491.24889065724  24.98159
4491.40867843964  33.85575
4491.56846622203  38.85518
4491.72825400443  57.55713
4491.88804178683  33.18499
4492.04782956922  45.66985
4492.20761735162  83.2695
4492.36740513402  44.08276
4492.52719291642  20.85245
4492.68698069881  31.7603
4492.84676848121  57.76672
4493.00655626361  42.20086
4493.166344046  34.40094
4493.3261318284  39.77926
4493.4859196108  32.18486
4493.6457073932  0.8211107
4493.80549517559  37.53638
4493.96528295799  33.29766
4494.12507074039  55.52642
4494.28485852278  21.29151
4494.44464630518  50.32282
4494.60443408758  66.60715
4494.76422186998  38.38615
4494.92400965237  38.95171
4495.08379743477  30.0494
4495.24358521717  23.57586
4495.40337299956  37.64452
4495.56316078196  27.66132
4495.72294856436  21.74068
4495.88273634676  26.06367
4496.04252412915  20.03929
4496.20231191155  54.99553
4496.36209969395  71.24619
4496.52188747635  44.04538
4496.68167525874  52.52327
4496.84146304114  33.29678
4497.00125082354  27.86146
4497.16103860593  61.68091
4497.32082638833  53.66489
4497.48061417073  56.46127
4497.64040195312  59.27311
4497.80018973552  41.32697
4497.95997751792  52.28376
4498.11976530032  39.01546
4498.27955308271  28.5504
4498.43934086511  35.30184
4498.59912864751  50.58148
4498.7589164299  60.19192
4498.9187042123  45.99426
4499.0784919947  18.69437
4499.2382797771  12.69824
4499.39806755949  25.48406
4499.55785534189  49.39881
4499.71764312429  45.18775
4499.87743090669  30.87832
4500.03721868908  27.41252
4500.19700647148  20.44534
4500.35679425388  25.9734
4500.51658203627  52.27372
4500.67636981867  29.42875
4500.83615760107  11.32381
4500.99594538347  14.06132
4501.15573316586  47.62739
4501.31552094826  49.77621
4501.47530873066  23.80449
4501.63509651305  -10.19771
4501.79488429545  29.35534
4501.95467207785  51.83712
4502.11445986025  26.27204
4502.27424764264  63.58097
4502.43403542504  60.82478
4502.59382320744  43.42727
4502.75361098983  54.85935
4502.91339877223  54.59957
4503.07318655463  59.20625
4503.23297433703  32.05601
4503.39276211942  58.89293
4503.55254990182  24.14973
4503.71233768422  26.71085
4503.87212546661  52.90287
4504.03191324901  32.43975
4504.19170103141  39.93213
4504.35148881381  42.37878
4504.5112765962  15.39496
4504.6710643786  10.83008
4504.830852161  47.70989
4504.9906399434  35.51477
4505.15042772579  9.479425
4505.31021550819  35.52304
4505.47000329059  56.99836
4505.62979107298  39.83125
4505.78957885538  32.50551
4505.94936663778  45.76962
4506.10915442017  34.82441
4506.26894220257  41.31987
4506.42872998497  16.27469
4506.58851776737  44.1499
4506.74830554976  26.07395
4506.90809333216  33.54786
4507.06788111456  29.69379
4507.22766889695  52.14719
4507.38745667935  40.0698
4507.54724446175  31.21414
4507.70703224415  37.10241
4507.86682002654  35.01096
4508.02660780894  38.4856
4508.18639559134  23.94297
4508.34618337374  19.31554
4508.50597115613  31.26406
4508.66575893853  37.47283
4508.82554672093  47.4749
4508.98533450332  38.75427
4509.14512228572  33.96922
4509.30491006812  18.58272
4509.46469785052  62.95842
4509.62448563291  35.91373
4509.78427341531  39.29445
4509.94406119771  27.30539
4510.1038489801  28.76788
4510.2636367625  2.482757
4510.4234245449  39.72619
4510.5832123273  47.7788
4510.74300010969  35.57382
4510.90278789209  0.04072278
4511.06257567449  49.12018
4511.22236345688  47.23083
4511.38215123928  22.69283
4511.54193902168  39.45499
4511.70172680408  38.79272
4511.86151458647  16.29951
4512.02130236887  13.34519
4512.18109015127  21.30096
4512.34087793366  44.6557
4512.50066571606  25.04015
4512.66045349846  27.23915
4512.82024128086  51.4972
4512.98002906325  34.92162
4513.13981684565  51.29865
4513.29960462805  36.61169
4513.45939241044  11.59927
4513.61918019284  27.86506
4513.77896797524  38.97884
4513.93875575764  38.07225
4514.09854354003  34.31646
4514.25833132243  23.55372
4514.41811910483  28.51401
4514.57790688722  7.963679
4514.73769466962  23.3157
4514.89748245202  20.26877
4515.05727023442  13.93095
4515.21705801681  24.35783
4515.37684579921  45.38822
4515.53663358161  34.18818
4515.696421364  17.91197
4515.8562091464  32.84822
4516.0159969288  8.037453
4516.1757847112  6.922421
4516.33557249359  10.99275
4516.49536027599  43.27904
4516.65514805839  45.97182
4516.81493584079  13.12272
4516.97472362318  39.52128
4517.13451140558  28.28017
4517.29429918798  51.14151
4517.45408697037  38.28067
4517.61387475277  58.99212
4517.77366253517  44.946
4517.93345031757  41.87095
4518.09323809996  17.96137
4518.25302588236  4.039356
4518.41281366476  17.80404
4518.57260144715  12.64238
4518.73238922955  1.167565
4518.89217701195  14.16196
4519.05196479435  63.62714
4519.21175257674  35.11351
4519.37154035914  25.01349
4519.53132814154  32.00205
4519.69111592394  45.43541
4519.85090370633  30.00274
4520.01069148873  -10.89093
4520.17047927113  -2.726997
4520.33026705352  34.00948
4520.49005483592  38.72341
4520.64984261832  37.13007
4520.80963040071  26.23715
4520.96941818311  -7.127702
4521.12920596551  15.43544
4521.28899374791  64.67233
4521.4487815303  47.70293
4521.6085693127  10.81462
4521.7683570951  -12.22394
4521.92814487749  -8.68308
4522.08793265989  8.168326
4522.24772044229  -3.208184
4522.40750822469  -9.634469
4522.56729600708  28.55529
4522.72708378948  26.92702
4522.88687157188  49.05527
4523.04665935428  21.02974
4523.20644713667  32.84818
4523.36623491907  8.340466
4523.52602270147  4.599236
4523.68581048386  20.25699
4523.84559826626  19.79403
4524.00538604866  8.695691
4524.16517383106  10.81263
4524.32496161345  14.55619
4524.48474939585  15.19246
4524.64453717825  25.51522
4524.80432496064  25.41937
4524.96411274304  20.35683
4525.12390052544  12.83146
4525.28368830784  3.900545
4525.44347609023  3.613035
4525.60326387263  33.43172
4525.76305165503  36.45472
4525.92283943742  17.53268
4526.08262721982  16.04252
4526.24241500222  17.3677
4526.40220278462  19.93093
4526.56199056701  27.2252
4526.72177834941  34.18707
4526.88156613181  7.378193
4527.0413539142  43.7709
4527.2011416966  29.20205
4527.360929479  25.62012
4527.5207172614  0.1315815
4527.68050504379  -1.813493
4527.84029282619  3.010827
4528.00008060859  28.40209
4528.15986839098  5.014238
4528.31965617338  1.439043
4528.47944395578  18.40175
4528.63923173818  21.99944
4528.79901952057  18.72692
4528.95880730297  -5.55146
4529.11859508537  -5.626841
4529.27838286776  27.67317
4529.43817065016  8.503777
4529.59795843256  -22.44117
4529.75774621496  -6.959733
4529.91753399735  44.05014
4530.07732177975  36.55554
4530.23710956215  15.23135
4530.39689734454  13.35426
4530.55668512694  20.14514
4530.71647290934  39.7936
4530.87626069174  50.06309
4531.03604847413  49.06765
4531.19583625653  35.64296
4531.35562403893  29.2726
4531.51541182133  21.76021
4531.67519960372  13.87803
4531.83498738612  8.800814
4531.99477516852  36.95306
4532.15456295091  7.058362
4532.31435073331  12.15839
4532.47413851571  7.767916
4532.63392629811  12.18905
4532.7937140805  -5.115986
4532.9535018629  -6.758946
4533.1132896453  -4.644468
4533.27307742769  -3.054173
4533.43286521009  18.84523
4533.59265299249  20.37951
4533.75244077488  40.21843
4533.91222855728  1.27519
4534.07201633968  -3.848068
4534.23180412208  4.242877
4534.39159190447  10.96856
4534.55137968687  10.86744
4534.71116746927  18.22875
4534.87095525167  15.02564
4535.03074303406  -4.789928
4535.19053081646  28.55504
4535.35031859886  24.56804
4535.51010638125  -9.297559
4535.66989416365  26.52509
4535.82968194605  -13.31063
4535.98946972845  8.76858
4536.14925751084  0.369175
4536.30904529324  3.439781
4536.46883307564  1.640546
4536.62862085803  -2.745818
4536.78840864043  25.93141
4536.94819642283  -8.237602
4537.10798420523  15.66298
4537.26777198762  30.27806
4537.42755977002  -2.582329
4537.58734755242  12.69722
4537.74713533481  -6.1021
4537.90692311721  21.74693
4538.06671089961  17.7644
4538.22649868201  1.410542
4538.3862864644  20.91833
4538.5460742468  23.12418
4538.7058620292  9.152968
4538.8656498116  12.31522
4539.02543759399  1.815504
4539.18522537639  8.778048
4539.34501315879  5.235411
4539.50480094118  2.583458
4539.66458872358  8.658199
4539.82437650598  -18.05999
4539.98416428837  -10.52483
4540.14395207077  25.95645
4540.30373985317  41.36829
4540.46352763557  -17.40713
4540.62331541796  2.294627
4540.78310320036  -13.27111
4540.94289098276  -7.778687
4541.10267876515  -15.59334
4541.26246654755  12.10346
4541.42225432995  4.517665
4541.58204211235  -23.54859
4541.74182989474  -27.74726
4541.90161767714  1.279981
4542.06140545954  -39.43941
4542.22119324193  14.86334
4542.38098102433  35.26899
4542.54076880673  16.52706
4542.70055658913  -3.397398
4542.86034437152  22.69202
4543.02013215392  30.27423
4543.17991993632  -12.60368
4543.33970771872  -34.79006
4543.49949550111  -13.60245
4543.65928328351  7.037539
4543.81907106591  25.26473
4543.9788588483  3.608685
4544.1386466307  -7.130443
4544.2984344131  -18.8718
4544.4582221955  -27.44969
4544.61800997789  -2.334617
4544.77779776029  16.18596
4544.93758554269  16.53318
4545.09737332508  -12.4926
4545.25716110748  32.10949
4545.41694888988  11.85844
4545.57673667228  8.680952
4545.73652445467  12.00775
4545.89631223707  5.646103
4546.05610001947  4.277539
4546.21588780186  5.414155
4546.37567558426  8.819227
4546.53546336666  24.00712
4546.69525114906  27.55972
4546.85503893145  27.8432
4547.01482671385  20.20421
4547.17461449625  16.77472
4547.33440227865  -14.46082
4547.49419006104  -21.9117
4547.65397784344  -5.566949
4547.81376562584  -15.99791
4547.97355340823  -7.703193
4548.13334119063  4.349681
4548.29312897303  14.71624
4548.45291675542  -3.227838
4548.61270453782  15.65893
4548.77249232022  5.000918
4548.93228010262  4.29089
4549.09206788501  0.5234942
4549.25185566741  -14.87152
4549.41164344981  15.94805
4549.5714312322  24.72965
