4386.2771069521  21.63105
4386.43685059504  11.51139
4386.59659423798  -9.46841
4386.75633788092  1.986153
4386.91608152386  0.6925233
4387.0758251668  16.18604
4387.23556880973  8.609813
4387.39531245267  11.62197
4387.55505609561  -8.685081
4387.71479973855  -44.12894
4387.87454338149  -24.58231
4388.03428702443  -20.29699
4388.19403066737  -16.60345
4388.35377431031  19.40409
4388.51351795325  7.399078
4388.67326159619  25.92258
4388.83300523913  43.87999
4388.99274888206  15.23916
4389.152492525  9.798655
4389.31223616794  10.32653
4389.47197981088  21.68553
4389.63172345382  -12.32497
4389.79146709676  -9.609135
4389.9512107397  21.07751
4390.11095438264  -8.294075
4390.27069802558  -31.28548
4390.43044166852  -5.297823
4390.59018531146  1.368502
4390.74992895439  -21.83005
4390.90967259733  15.22248
4391.06941624027  3.667212
4391.22915988321  14.87721
4391.38890352615  47.40581
4391.54864716909  -4.49193
4391.70839081203  1.745324
4391.86813445497  15.55255
4392.02787809791  -6.702211
4392.18762174085  -0.8086315
4392.34736538379  -0.3770586
4392.50710902672  -4.153492
4392.66685266966  4.384998
4392.8265963126  -21.0965
4392.98633995554  -27.39276
4393.14608359848  -14.2624
4393.30582724142  1.414583
4393.46557088436  24.92022
4393.6253145273  1.817604
4393.78505817024  -9.597574
4393.94480181318  10.34849
4394.10454545611  -1.609257
4394.26428909905  -2.827207
4394.42403274199  16.94184
4394.58377638493  6.032049
4394.74352002787  -5.451184
4394.90326367081  10.99922
4395.06300731375  14.59315
4395.22275095669  0.7871434
4395.38249459963  -3.062869
4395.54223824257  17.69726
4395.70198188551  41.84712
4395.86172552844  11.61566
4396.02146917138  7.6833
4396.18121281432  24.90208
4396.34095645726  7.377447
4396.5007001002  11.31058
4396.66044374314  40.75603
4396.82018738608  7.460964
4396.97993102902  -7.574285
4397.13967467196  12.69923
4397.2994183149  -7.1301
4397.45916195784  -26.21789
4397.61890560077  -7.973622
4397.77864924371  9.615178
4397.93839288665  -7.019747
4398.09813652959  -6.713286
4398.25788017253  13.81319
4398.41762381547  59.05245
4398.57736745841  22.44579
4398.73711110135  8.85901
4398.89685474429  37.40422
4399.05659838723  29.94944
4399.21634203016  39.09739
4399.3760856731  41.82664
4399.53582931604  17.15149
4399.69557295898  6.16381
4399.85531660192  1.650306
4400.01506024486  16.35753
4400.1748038878  30.36904
4400.33454753074  -4.988698
4400.49429117368  7.669645
4400.65403481662  23.73956
4400.81377845956  2.337896
4400.97352210249  -2.538388
4401.13326574543  25.02185
4401.29300938837  -4.36194
4401.45275303131  1.766979
4401.61249667425  16.98532
4401.77224031719  4.448301
4401.93198396013  -30.07315
4402.09172760307  3.497905
4402.25147124601  53.79622
4402.41121488895  45.25247
4402.57095853189  70.80173
4402.73070217483  27.70435
4402.89044581776  -6.996221
4403.0501894607  38.20018
4403.20993310364  32.56044
4403.36967674658  29.84542
4403.52942038952  14.60956
4403.68916403246  2.39316
4403.8489076754  -23.01552
4404.00865131834  14.46234
4404.16839496128  40.40023
4404.32813860422  7.074053
4404.48788224716  0.1257855
4404.64762589009  15.35153
4404.80736953303  -1.033497
4404.96711317597  -3.069613
4405.12685681891  21.10597
4405.28660046185  18.76792
4405.44634410479  24.43807
4405.60608774773  28.25422
4405.76583139067  49.35733
4405.92557503361  26.86518
4406.08531867654  18.05231
4406.24506231948  45.40052
4406.40480596242  30.81869
4406.56454960536  17.69691
4406.7242932483  25.27911
4406.88403689124  -3.922431
4407.04378053418  3.15815
4407.20352417712  46.10596
4407.36326782006  29.74092
4407.523011463  13.99418
4407.68275510594  43.91211
4407.84249874888  42.48043
4408.00224239181  8.40505
4408.16198603475  44.7354
4408.32172967769  16.18564
4408.48147332063  18.32279
4408.64121696357  19.32571
4408.80096060651  22.15799
4408.96070424945  22.30783
4409.12044789239  24.56822
4409.28019153533  3.364935
4409.43993517827  3.310563
4409.5996788212  22.52596
4409.75942246414  43.02164
4409.91916610708  45.89999
4410.07890975002  14.437
4410.23865339296  15.77244
4410.3983970359  34.93464
4410.55814067884  44.25037
4410.71788432178  65.73915
4410.87762796472  11.36027
4411.03737160766  3.009897
4411.1971152506  49.27455
4411.35685889353  15.67348
4411.51660253647  46.93406
4411.67634617941  37.37954
4411.83608982235  15.85306
4411.99583346529  33.87545
4412.15557710823  54.73486
4412.31532075117  62.69214
4412.47506439411  40.14393
4412.63480803705  9.628493
4412.79455167999  6.6355
4412.95429532292  5.632093
4413.11403896586  17.57465
4413.2737826088  33.393
4413.43352625174  22.44322
4413.59326989468  57.93114
4413.75301353762  20.9551
4413.91275718056  17.88111
4414.0725008235  83.74234
4414.23224446644  10.59104
4414.39198810938  4.658284
4414.55173175232  57.73192
4414.71147539526  41.0481
4414.87121903819  33.32816
4415.03096268113  29.06572
4415.19070632407  5.305965
4415.35044996701  7.292573
4415.51019360995  31.44039
4415.66993725289  42.83627
4415.82968089583  19.81177
4415.98942453877  36.75035
4416.14916818171  54.95139
4416.30891182465  17.60585
4416.46865546758  25.40679
4416.62839911052  64.66342
4416.78814275346  40.99306
4416.9478863964  46.02547
4417.10763003934  27.81663
4417.26737368228  34.09393
4417.42711732522  43.22608
4417.58686096816  29.61185
4417.7466046111  47.23594
4417.90634825404  62.85607
4418.06609189697  48.96488
4418.22583553991  37.9245
4418.38557918285  25.39252
4418.54532282579  29.08877
4418.70506646873  55.09187
4418.86481011167  53.23324
4419.02455375461  32.75848
4419.18429739755  16.88525
4419.34404104049  36.9847
4419.50378468343  80.39723
4419.66352832637  51.35458
4419.8232719693  25.70369
4419.98301561224  36.69269
4420.14275925518  21.51873
4420.30250289812  27.34457
4420.46224654106  32.85499
4420.621990184  34.56576
4420.78173382694  55.94926
4420.94147746988  85.22866
4421.10122111282  77.61687
4421.26096475576  48.06727
4421.4207083987  51.15228
4421.58045204163  41.5964
4421.74019568457  29.25437
4421.89993932751  53.47586
4422.05968297045  32.24763
4422.21942661339  57.78457
4422.37917025633  36.93824
4422.53891389927  39.56317
4422.69865754221  60.26498
4422.85840118515  40.04724
4423.01814482809  9.688561
4423.17788847103  58.11855
4423.33763211397  91.29379
4423.4973757569  60.34567
4423.65711939984  22.39364
4423.81686304278  58.58362
4423.97660668572  59.71293
4424.13635032866  15.41819
4424.2960939716  10.68015
4424.45583761454  23.93408
4424.61558125748  31.95105
4424.77532490042  25.01863
4424.93506854336  44.4841
4425.09481218629  53.2165
4425.25455582923  38.70416
4425.41429947217  39.93835
4425.57404311511  75.89062
4425.73378675805  72.87162
4425.89353040099  20.37728
4426.05327404393  28.69834
4426.21301768687  19.8127
4426.37276132981  -3.672695
4426.53250497275  23.01467
4426.69224861569  38.9452
4426.85199225862  44.34664
4427.01173590156  59.5557
4427.1714795445  73.07519
4427.33122318744  46.18776
4427.49096683038  26.28831
4427.65071047332  28.34831
4427.81045411626  30.66902
4427.9701977592  46.99626
4428.12994140214  26.09453
4428.28968504508  13.24577
4428.44942868802  45.52065
4428.60917233095  69.27386
4428.76891597389  24.14447
4428.92865961683  44.39659
4429.08840325977  37.45507
4429.24814690271  44.35824
4429.40789054565  51.27354
4429.56763418859  26.30197
4429.72737783153  14.26735
4429.88712147447  29.20523
4430.04686511741  62.67698
4430.20660876034  37.57468
4430.36635240328  28.52358
4430.52609604622  40.98564
4430.68583968916  51.51674
4430.8455833321  51.92457
4431.00532697504  63.28811
4431.16507061798  72.24549
4431.32481426092  59.21371
4431.48455790386  46.0186
4431.6443015468  32.96866
4431.80404518973  72.51454
4431.96378883267  85.73181
4432.12353247561  42.55246
4432.28327611855  56.01181
4432.44301976149  39.56199
4432.60276340443  31.87091
4432.76250704737  51.57166
4432.92225069031  111.4355
4433.08199433325  39.93245
4433.24173797619  15.10024
4433.40148161913  50.02544
4433.56122526206  67.80486
4433.720968905  81.47172
4433.88071254794  79.73322
4434.04045619088  56.35487
4434.20019983382  42.23185
4434.35994347676  47.79635
4434.5196871197  40.3391
4434.67943076264  28.43016
4434.83917440558  36.13507
4434.99891804852  27.15018
4435.15866169146  60.29613
4435.3184053344  102.2927
4435.47814897733  64.19303
4435.63789262027  82.47495
4435.79763626321  86.82372
4435.95737990615  40.82874
4436.11712354909  44.35571
4436.27686719203  75.38465
4436.43661083497  29.09111
4436.59635447791  45.62981
4436.75609812085  11.79689
4436.91584176379  53.80963
4437.07558540673  35.30215
4437.23532904966  66.6832
4437.3950726926  75.94864
4437.55481633554  88.87615
4437.71455997848  71.50824
4437.87430362142  36.50491
4438.03404726436  59.6807
4438.1937909073  83.30084
4438.35353455024  61.66878
4438.51327819318  47.05346
4438.67302183611  54.70138
4438.83276547905  67.24345
4438.99250912199  59.90464
4439.15225276493  29.33688
4439.31199640787  47.56887
4439.47174005081  44.57359
4439.63148369375  20.03949
4439.79122733669  73.36147
4439.95097097963  47.74416
4440.11071462257  32.52013
4440.27045826551  79.52522
4440.43020190845  81.87234
4440.58994555138  46.28273
4440.74968919432  55.739
4440.90943283726  61.04181
4441.0691764802  63.32393
4441.22892012314  17.41333
4441.38866376608  32.8121
4441.54840740902  46.64833
4441.70815105196  55.24485
4441.8678946949  43.45279
4442.02763833784  59.98499
4442.18738198077  67.80737
4442.34712562371  69.15337
4442.50686926665  28.63316
4442.66661290959  41.22966
4442.82635655253  74.03641
4442.98610019547  78.59397
4443.14584383841  47.33065
4443.30558748135  60.68228
4443.46533112429  79.52668
4443.62507476723  61.39861
4443.78481841017  62.13243
4443.94456205311  51.11571
4444.10430569604  71.5978
4444.26404933898  108.2633
4444.42379298192  75.21912
4444.58353662486  49.60413
4444.7432802678  34.28831
4444.90302391074  42.05193
4445.06276755368  71.45366
4445.22251119662  72.68809
4445.38225483956  60.00188
4445.5419984825  46.18056
4445.70174212543  58.244
4445.86148576837  101.7854
4446.02122941131  98.29259
4446.18097305425  71.01117
4446.34071669719  46.10085
4446.50046034013  43.48788
4446.66020398307  39.77438
4446.81994762601  33.41668
4446.97969126895  68.88795
4447.13943491189  88.52168
4447.29917855483  90.32963
4447.45892219776  74.36156
4447.6186658407  62.06803
4447.77840948364  79.72558
4447.93815312658  90.81226
4448.09789676952  66.19727
4448.25764041246  73.13824
4448.4173840554  69.80746
4448.57712769834  48.40241
4448.73687134128  29.44126
4448.89661498422  30.02796
4449.05635862716  76.89927
4449.21610227009  75.89207
4449.37584591303  49.39992
4449.53558955597  56.72223
4449.69533319891  51.19198
4449.85507684185  59.7922
4450.01482048479  62.2499
4450.17456412773  70.52225
4450.33430777067  90.97348
4450.49405141361  69.44581
4450.65379505655  74.85684
4450.81353869948  47.19876
4450.97328234242  23.83409
4451.13302598536  45.61013
4451.2927696283  50.66248
4451.45251327124  72.22181
4451.61225691418  64.75994
4451.77200055712  18.05908
4451.93174420006  23.92121
4452.091487843  32.19588
4452.25123148594  46.36563
4452.41097512887  94.70985
4452.57071877181  87.38858
4452.73046241475  52.54779
4452.89020605769  79.87954
4453.04994970063  66.35897
4453.20969334357  64.39764
4453.36943698651  73.74789
4453.52918062945  54.71786
4453.68892427239  79.58809
4453.84866791533  55.60281
4454.00841155827  90.45687
4454.1681552012  75.87219
4454.32789884414  36.7793
4454.48764248708  45.56021
4454.64738613002  61.11386
4454.80712977296  68.6625
4454.9668734159  63.53709
4455.12661705884  72.66669
4455.28636070178  93.60715
4455.44610434472  65.77082
4455.60584798766  55.91102
4455.7655916306  81.63073
4455.92533527354  87.45797
4456.08507891648  85.67332
4456.24482255941  87.20211
4456.40456620235  69.08024
4456.56430984529  44.44271
4456.72405348823  63.61489
4456.88379713117  80.13102
4457.04354077411  61.23388
4457.20328441705  52.87016
4457.36302805999  82.80006
4457.52277170293  96.81422
4457.68251534586  52.78
4457.8422589888  71.29644
4458.00200263174  91.83099
4458.16174627468  71.75681
4458.32148991762  77.67439
4458.48123356056  46.7837
4458.6409772035  49.52695
4458.80072084644  36.97888
4458.96046448938  89.92399
4459.12020813232  73.86989
4459.27995177526  47.0349
4459.43969541819  85.73591
4459.59943906113  90.05257
4459.75918270407  88.08914
4459.91892634701  72.12714
4460.07866998995  35.58359
4460.23841363289  68.20381
4460.39815727583  75.42584
4460.55790091877  58.24142
4460.71764456171  51.34912
4460.87738820465  76.42773
4461.03713184759  80.59154
4461.19687549052  81.04412
4461.35661913346  85.0736
4461.5163627764  65.28062
4461.67610641934  61.50326
4461.83585006228  56.08415
4461.99559370522  65.35139
4462.15533734816  86.4021
4462.3150809911  90.56693
4462.47482463404  82.81828
4462.63456827698  85.52293
4462.79431191992  40.32375
4462.95405556285  49.07056
4463.11379920579  60.84491
4463.27354284873  82.5062
4463.43328649167  93.38451
4463.59303013461  106.9006
4463.75277377755  59.2202
4463.91251742049  51.42678
4464.07226106343  76.83741
4464.23200470637  71.15924
4464.39174834931  88.45139
4464.55149199224  81.69284
4464.71123563518  82.29188
4464.87097927812  32.29333
4465.03072292106  49.98088
4465.190466564  75.66131
4465.35021020694  51.91591
4465.50995384988  62.1895
4465.66969749282  85.27833
4465.82944113576  92.93709
4465.9891847787  51.21175
4466.14892842163  58.97808
4466.30867206457  67.68063
4466.46841570751  80.69713
4466.62815935045  87.79469
4466.78790299339  71.44044
4466.94764663633  72.71347
4467.10739027927  78.56346
4467.26713392221  91.5115
4467.42687756515  55.27202
4467.58662120809  95.60986
4467.74636485103  79.50478
4467.90610849397  42.82824
4468.0658521369  69.85654
4468.22559577984  66.23392
4468.38533942278  72.95786
4468.54508306572  98.52818
4468.70482670866  102.1522
4468.8645703516  71.89883
4469.02431399454  33.81285
4469.18405763748  52.71119
4469.34380128042  60.45792
4469.50354492336  62.49946
4469.6632885663  60.77495
4469.82303220923  71.55045
4469.98277585217  66.14304
4470.14251949511  30.99802
4470.30226313805  38.4267
4470.46200678099  43.43018
4470.62175042393  83.49156
4470.78149406687  96.68471
4470.94123770981  52.76872
4471.10098135275  39.21007
4471.26072499569  40.19409
4471.42046863862  61.17556
4471.58021228156  83.51512
4471.7399559245  73.51046
4471.89969956744  75.69972
4472.05944321038  65.9716
4472.21918685332  62.32984
4472.37893049626  89.01777
4472.5386741392  88.1492
4472.69841778214  55.60652
4472.85816142508  48.18157
4473.01790506801  93.55963
4473.17764871095  78.83008
4473.33739235389  52.61683
4473.49713599683  31.14856
4473.65687963977  48.86844
4473.81662328271  79.46371
4473.97636692565  59.0018
4474.13611056859  51.34398
4474.29585421153  41.31554
4474.45559785447  68.94952
4474.61534149741  89.48603
4474.77508514035  76.97172
4474.93482878328  112.2498
4475.09457242622  107.8764
4475.25431606916  64.50298
4475.4140597121  56.03695
4475.57380335504  67.64088
4475.73354699798  76.85541
4475.89329064092  75.86334
4476.05303428386  84.33375
4476.2127779268  75.79656
4476.37252156974  83.35108
4476.53226521268  99.45613
4476.69200885562  69.08512
4476.85175249855  46.04704
4477.01149614149  62.6695
4477.17123978443  68.75051
4477.33098342737  52.34981
4477.49072707031  64.8099
4477.65047071325  42.78918
4477.81021435619  67.47717
4477.96995799913  86.84882
4478.12970164207  60.73071
4478.28944528501  101.4213
4478.44918892794  117.4721
4478.60893257088  78.87796
4478.76867621382  65.71579
4478.92841985676  78.62409
4479.0881634997  68.61226
4479.24790714264  55.65993
4479.40765078558  51.07983
4479.56739442852  49.17133
4479.72713807146  67.76779
4479.8868817144  72.73609
4480.04662535733  78.728
4480.20636900027  69.66212
4480.36611264321  60.96729
4480.52585628615  73.53377
4480.68559992909  52.60833
4480.84534357203  44.71361
4481.00508721497  64.39133
4481.16483085791  90.86921
4481.32457450085  59.3952
4481.48431814379  68.4054
4481.64406178673  73.72352
4481.80380542966  81.61919
4481.9635490726  69.71693
4482.12329271554  49.47529
4482.28303635848  85.31788
4482.44278000142  65.65561
4482.60252364436  33.61316
4482.7622672873  89.22214
4482.92201093024  54.59908
4483.08175457318  64.33909
4483.24149821612  61.86968
4483.40124185905  12.97153
4483.56098550199  75.04945
4483.72072914493  159.2817
4483.88047278787  98.14578
4484.04021643081  86.81161
4484.19996007375  70.29413
4484.35970371669  80.08953
4484.51944735963  99.01952
4484.67919100257  21.79128
4484.83893464551  22.8234
4484.99867828844  65.96973
4485.15842193138  81.341
4485.31816557432  61.04683
4485.47790921726  77.69891
4485.6376528602  59.45986
4485.79739650314  83.57561
4485.95714014608  84.45887
4486.11688378902  101.3114
4486.27662743196  44.79959
4486.4363710749  67.88364
4486.59611471784  47.11155
4486.75585836077  62.10337
4486.91560200371  5.952371
4487.07534564665  67.1973
4487.23508928959  82.27354
4487.39483293253  99.46704
4487.55457657547  97.49662
4487.71432021841  71.97303
4487.87406386135  72.97231
4488.03380750429  44.314
4488.19355114723  37.0859
4488.35329479017  64.56752
4488.51303843311  74.36645
4488.67278207604  66.88714
4488.83252571898  63.02766
4488.99226936192  68.59441
4489.15201300486  53.95522
4489.3117566478  23.95452
4489.47150029074  92.53934
4489.63124393368  73.659
4489.79098757662  50.13383
4489.95073121956  89.62564
4490.1104748625  39.27604
4490.27021850543  59.42711
4490.42996214837  92.45158
4490.58970579131  81.51096
4490.74944943425  75.65697
4490.90919307719  66.07051
4491.06893672013  59.8903
4491.22868036307  71.09494
4491.38842400601  48.40509
4491.54816764895  27.50225
4491.70791129189  72.43701
4491.86765493483  105.9753
4492.02739857776  76.99609
4492.1871422207  57.80109
4492.34688586364  63.80663
4492.50662950658  72.19586
4492.66637314952  76.38988
4492.82611679246  65.99878
4492.9858604354  10.08925
4493.14560407834  30.49266
4493.30534772128  31.50446
4493.46509136422  39.87413
4493.62483500716  63.62125
4493.78457865009  104.0416
4493.94432229303  64.70758
4494.10406593597  35.81251
4494.26380957891  44.66945
4494.42355322185  103.7443
4494.58329686479  98.33669
4494.74304050773  42.89566
4494.90278415067  71.36903
4495.06252779361  58.50066
4495.22227143655  70.5519
4495.38201507949  63.73574
4495.54175872242  33.62946
4495.70150236536  62.7452
4495.8612460083  77.92824
4496.02098965124  41.46489
4496.18073329418  50.07658
4496.34047693712  27.28025
4496.50022058006  33.26262
4496.659964223  77.18447
4496.81970786594  50.84771
4496.97945150888  31.18873
4497.13919515182  49.50768
4497.29893879475  32.59201
4497.45868243769  46.94904
4497.61842608063  70.29728
4497.77816972357  83.74327
4497.93791336651  45.31623
4498.09765700945  17.64268
4498.25740065239  54.7843
4498.41714429533  53.85752
4498.57688793827  51.45195
4498.73663158121  61.46557
4498.89637522415  69.7338
4499.05611886708  46.01688
4499.21586251002  68.84429
4499.37560615296  64.01586
4499.5353497959  64.67793
4499.69509343884  104.825
4499.85483708178  86.23243
4500.01458072472  52.9947
4500.17432436766  64.33098
4500.3340680106  75.44117
4500.49381165354  65.01126
4500.65355529647  59.39008
4500.81329893941  44.91538
4500.97304258235  78.42322
4501.13278622529  59.92019
4501.29252986823  52.77888
4501.45227351117  57.93418
4501.61201715411  92.85904
4501.77176079705  71.79849
4501.93150443999  46.7632
4502.09124808293  80.26754
4502.25099172587  76.62935
4502.4107353688  44.10076
4502.57047901174  61.96305
4502.73022265468  50.19871
4502.88996629762  34.28379
4503.04970994056  59.06647
4503.2094535835  47.58619
4503.36919722644  44.69701
4503.52894086938  54.08391
4503.68868451232  55.12428
4503.84842815526  66.66527
4504.0081717982  72.69866
4504.16791544113  54.95027
4504.32765908407  44.36228
4504.48740272701  58.64748
4504.64714636995  51.91227
4504.80689001289  69.62965
4504.96663365583  84.5476
4505.12637729877  54.00101
4505.28612094171  69.53051
4505.44586458465  24.30864
4505.60560822758  61.2983
4505.76535187052  64.63841
4505.92509551346  53.71452
4506.0848391564  50.40246
4506.24458279934  57.49389
4506.40432644228  57.36924
4506.56407008522  62.22055
4506.72381372816  65.93718
4506.8835573711  37.14336
4507.04330101404  74.2465
4507.20304465698  32.091
4507.36278829992  67.17779
4507.52253194285  84.37988
4507.68227558579  47.06596
4507.84201922873  49.67247
4508.00176287167  68.44397
4508.16150651461  39.98584
4508.32125015755  16.67619
4508.48099380049  36.63311
4508.64073744343  49.25075
4508.80048108637  70.78406
4508.96022472931  37.87692
4509.11996837224  27.26994
4509.27971201518  33.51122
4509.43945565812  19.50527
4509.59919930106  44.92281
4509.758942944  37.10047
4509.91868658694  38.33895
4510.07843022988  48.49675
4510.23817387282  22.74765
4510.39791751576  73.9409
4510.5576611587  51.04564
4510.71740480164  44.26451
4510.87714844458  41.69131
4511.03689208751  32.73884
4511.19663573045  51.64978
4511.35637937339  18.09591
4511.51612301633  53.52845
4511.67586665927  47.4304
4511.83561030221  31.88291
4511.99535394515  40.35378
4512.15509758809  29.63901
4512.31484123103  38.26944
4512.47458487397  48.72523
4512.6343285169  35.89441
4512.79407215984  40.47539
4512.95381580278  62.53294
4513.11355944572  55.49076
4513.27330308866  52.02438
4513.4330467316  12.03975
4513.59279037454  14.58716
4513.75253401748  32.01513
4513.91227766042  53.33107
4514.07202130336  73.58088
4514.2317649463  40.1202
4514.39150858923  31.70432
4514.55125223217  44.03926
4514.71099587511  48.67232
4514.87073951805  65.03159
4515.03048316099  65.36664
4515.19022680393  46.81892
4515.34997044687  40.20047
4515.50971408981  54.83778
4515.66945773275  76.62601
4515.82920137569  71.976
4515.98894501863  60.35555
4516.14868866156  66.44357
4516.3084323045  6.63139
4516.46817594744  38.89256
4516.62791959038  1.123598
4516.78766323332  -11.01481
4516.94740687626  -2.252384
4517.1071505192  27.03892
4517.26689416214  42.09546
4517.42663780508  27.54917
4517.58638144802  67.47453
4517.74612509096  95.26575
4517.90586873389  32.65766
4518.06561237683  1.946985
4518.22535601977  21.4618
4518.38509966271  32.64567
4518.54484330565  25.50605
4518.70458694859  23.217
4518.86433059153  33.35556
4519.02407423447  24.66483
4519.18381787741  42.12486
4519.34356152035  34.0765
4519.50330516328  49.9342
4519.66304880622  96.94752
4519.82279244916  67.96907
4519.9825360921  59.40565
4520.14227973504  42.10909
4520.30202337798  40.8526
4520.46176702092  61.84657
4520.62151066386  14.35596
4520.7812543068  15.69125
4520.94099794974  41.84344
4521.10074159268  20.4026
4521.26048523561  16.43158
4521.42022887855  14.94611
4521.57997252149  22.06079
4521.73971616443  2.567331
4521.89945980737  32.22346
4522.05920345031  34.44932
4522.21894709325  47.62424
4522.37869073619  41.95656
4522.53843437913  17.6767
4522.69817802207  50.41785
4522.85792166501  60.92302
4523.01766530795  62.07198
4523.17740895088  81.19801
4523.33715259382  44.74838
4523.49689623676  -0.6415672
4523.6566398797  15.36533
4523.81638352264  18.19674
4523.97612716558  34.69414
4524.13587080852  72.90896
4524.29561445146  41.16634
4524.4553580944  73.41826
4524.61510173733  51.39143
4524.77484538027  31.13676
4524.93458902321  35.97866
4525.09433266615  27.6275
4525.25407630909  33.22964
4525.41381995203  60.30501
4525.57356359497  43.63166
4525.73330723791  38.29939
4525.89305088085  7.716226
4526.05279452379  28.19257
4526.21253816673  15.58523
4526.37228180966  41.10375
4526.5320254526  53.3017
4526.69176909554  74.45078
4526.85151273848  23.84905
4527.01125638142  28.43699
4527.17100002436  36.00362
4527.3307436673  52.44017
4527.49048731024  37.7084
4527.65023095318  23.67746
4527.80997459612  -4.501791
4527.96971823906  9.187811
4528.12946188199  18.32967
4528.28920552493  31.99808
4528.44894916787  25.5392
4528.60869281081  25.88688
4528.76843645375  15.10324
4528.92818009669  38.71834
4529.08792373963  29.57801
4529.24766738257  35.87037
4529.40741102551  34.11917
4529.56715466845  39.04593
4529.72689831139  15.76777
4529.88664195432  18.86246
4530.04638559726  54.24911
4530.2061292402  16.55424
4530.36587288314  43.72296
4530.52561652608  3.362355
4530.68536016902  47.1824
4530.84510381196  17.36709
4531.0048474549  32.79899
4531.16459109784  38.70093
4531.32433474078  30.5454
4531.48407838372  32.70808
4531.64382202665  32.44058
4531.80356566959  38.64643
4531.96330931253  40.53025
4532.12305295547  29.21944
4532.28279659841  5.794231
4532.44254024135  28.14793
4532.60228388429  -10.2691
4532.76202752723  -11.83589
4532.92177117017  18.47632
4533.08151481311  17.87145
4533.24125845605  6.776114
4533.40100209898  12.47703
4533.56074574192  33.58856
4533.72048938486  3.939696
4533.8802330278  -6.309826
4534.03997667074  12.17459
4534.19972031368  41.0065
4534.35946395662  6.263794
4534.51920759956  4.967083
4534.6789512425  -5.16826
4534.83869488544  -2.797695
4534.99843852837  20.46861
4535.15818217131  35.67291
4535.31792581425  24.95434
4535.47766945719  -9.599007
4535.63741310013  44.89013
4535.79715674307  36.29029
4535.95690038601  3.969384
4536.11664402895  -0.04864163
4536.27638767189  10.47564
4536.43613131483  21.89114
4536.59587495776  31.38028
4536.7556186007  37.13694
4536.91536224364  8.761107
4537.07510588658  -31.56312
4537.23484952952  -23.57943
4537.39459317246  -22.09419
4537.5543368154  8.879403
4537.71408045834  -10.0914
4537.87382410128  1.508985
4538.03356774422  27.23531
4538.19331138716  55.79644
4538.35305503009  17.51874
4538.51279867303  -0.4228435
4538.67254231597  -7.114634
4538.83228595891  -6.102981
4538.99202960185  21.19826
4539.15177324479  30.12312
4539.31151688773  52.36698
4539.47126053067  -5.592858
4539.63100417361  -18.81956
4539.79074781655  26.36722
4539.95049145949  22.33155
4540.11023510242  25.56024
4540.26997874536  22.90579
4540.4297223883  10.82222
4540.58946603124  5.685933
4540.74920967418  16.38387
4540.90895331712  16.90007
4541.06869696006  19.24994
4541.228440603  0.9243197
4541.38818424594  27.72503
4541.54792788888  -0.2301059
4541.70767153182  15.23545
4541.86741517476  -2.550395
4542.02715881769  -5.953934
4542.18690246063  22.33641
4542.34664610357  8.209794
4542.50638974651  -1.924824
4542.66613338945  44.3196
4542.82587703239  12.52669
4542.98562067533  -16.55474
4543.14536431827  -5.252929
4543.30510796121  28.776
4543.46485160415  40.87443
4543.62459524708  0.7194536
4543.78433889002  6.046961
4543.94408253296  -30.77976
4544.1038261759  -3.231675
4544.26356981884  2.915777
4544.42331346178  -13.1465
4544.58305710472  37.59425
4544.74280074766  -25.83925
4544.9025443906  -4.666123
4545.06228803354  -6.878724
4545.22203167648  -13.11504
4545.38177531941  36.45187
4545.54151896235  26.18877
4545.70126260529  -4.092532
4545.86100624823  4.675045
4546.02074989117  23.80507
4546.18049353411  -19.46926
4546.34023717705  6.053658
4546.49998081999  6.120577
4546.65972446293  1.497295
4546.81946810587  15.17136
4546.9792117488  15.74597
4547.13895539174  -19.84009
4547.29869903468  11.37063
4547.45844267762  -19.97265
4547.61818632056  -5.821453
4547.7779299635  19.38653
4547.93767360644  -16.506
4548.09741724938  19.89276
4548.25716089232  59.57879
4548.41690453526  7.920928
4548.5766481782  7.922535
4548.73639182114  14.76909
4548.89613546407  -0.3611121
4549.05587910701  0.8381469
4549.21562274995  -7.750585
4549.37536639289  -36.29224
4549.53511003583  -10.14793
4549.69485367877  6.7852
