4386.1944679781  5.21438
4386.35431310087  0.2709534
4386.51415822364  -1.842275
4386.67400334641  16.76229
4386.83384846918  32.55791
4386.99369359195  -2.671226
4387.15353871473  -35.40564
4387.3133838375  -26.12277
4387.47322896027  -13.95197
4387.63307408304  -6.329862
4387.79291920581  12.13569
4387.95276432858  -2.750244
4388.11260945135  -25.07497
4388.27245457412  17.93343
4388.43229969689  -1.051413
4388.59214481966  21.30084
4388.75198994243  20.51975
4388.9118350652  8.796743
4389.07168018797  16.73997
4389.23152531075  13.86933
4389.39137043352  25.37562
4389.55121555629  23.79731
4389.71106067906  25.24532
4389.87090580183  28.49711
4390.0307509246  13.12493
4390.19059604737  4.406296
4390.35044117014  -4.807525
4390.51028629291  13.25015
4390.67013141568  21.2917
4390.82997653845  28.18812
4390.98982166122  -11.85261
4391.149666784  13.54325
4391.30951190677  21.86515
4391.46935702954  8.084182
4391.62920215231  22.52719
4391.78904727508  11.79083
4391.94889239785  14.57495
4392.10873752062  8.577497
4392.26858264339  -3.028367
4392.42842776616  37.12492
4392.58827288893  39.73355
4392.7481180117  17.54834
4392.90796313447  9.368314
4393.06780825724  -25.39787
4393.22765338002  -3.599565
4393.38749850279  35.65354
4393.54734362556  12.06181
4393.70718874833  -23.82343
4393.8670338711  -8.069115
4394.02687899387  12.72124
4394.18672411664  29.34946
4394.34656923941  46.24522
4394.50641436218  32.3588
4394.66625948495  15.386
4394.82610460772  29.26377
4394.9859497305  23.48982
4395.14579485327  7.872488
4395.30563997604  20.70452
4395.46548509881  -22.34027
4395.62533022158  13.33161
4395.78517534435  20.87719
4395.94502046712  23.55161
4396.10486558989  38.48344
4396.26471071266  3.37594
4396.42455583543  2.004512
4396.5844009582  30.99213
4396.74424608097  24.62938
4396.90409120374  0.2368553
4397.06393632652  -16.42428
4397.22378144929  -19.5716
4397.38362657206  -17.62519
4397.54347169483  -18.0099
4397.7033168176  2.143706
4397.86316194037  4.869143
4398.02300706314  8.572697
4398.18285218591  22.77931
4398.34269730868  40.59543
4398.50254243145  32.72164
4398.66238755422  29.9691
4398.82223267699  15.93545
4398.98207779977  14.44545
4399.14192292254  27.8629
4399.30176804531  17.84286
4399.46161316808  10.25284
4399.62145829085  -4.440635
4399.78130341362  -19.91012
4399.94114853639  21.27401
4400.10099365916  8.850029
4400.26083878193  48.55736
4400.4206839047  26.04563
4400.58052902747  28.80102
4400.74037415024  8.505586
4400.90021927302  35.28358
4401.06006439579  9.343847
4401.21990951856  -15.76128
4401.37975464133  -5.5993
4401.5395997641  28.59067
4401.69944488687  49.86613
4401.85929000964  43.67795
4402.01913513241  36.75687
4402.17898025518  15.21856
4402.33882537795  22.37195
4402.49867050072  48.68672
4402.65851562349  43.86446
4402.81836074626  49.89466
4402.97820586904  19.56113
4403.13805099181  22.98299
4403.29789611458  44.13894
4403.45774123735  42.50784
4403.61758636012  60.62901
4403.77743148289  71.21629
4403.93727660566  43.15952
4404.09712172843  17.44693
4404.2569668512  16.50358
4404.41681197397  42.18309
4404.57665709674  54.96925
4404.73650221952  28.61411
4404.89634734229  34.76009
4405.05619246506  32.26764
4405.21603758783  47.25111
4405.3758827106  53.69032
4405.53572783337  5.627942
4405.69557295614  36.26354
4405.85541807891  34.00749
4406.01526320168  14.54849
4406.17510832445  30.76447
4406.33495344722  24.19477
4406.49479856999  31.78484
4406.65464369277  40.55634
4406.81448881554  22.06678
4406.97433393831  28.56563
4407.13417906108  41.24337
4407.29402418385  24.07377
4407.45386930662  1.224559
4407.61371442939  8.942568
4407.77355955216  25.80401
4407.93340467493  47.26931
4408.0932497977  41.42543
4408.25309492047  50.83118
4408.41294004324  11.34539
4408.57278516601  -17.05182
4408.73263028879  2.473303
4408.89247541156  14.85786
4409.05232053433  23.09375
4409.2121656571  41.1669
4409.37201077987  37.78794
4409.53185590264  28.60491
4409.69170102541  52.96058
4409.85154614818  51.21762
4410.01139127095  25.99891
4410.17123639372  61.0657
4410.33108151649  30.11233
4410.49092663926  68.00669
4410.65077176204  61.10639
4410.81061688481  34.35411
4410.97046200758  21.60333
4411.13030713035  57.46651
4411.29015225312  56.88537
4411.44999737589  35.17868
4411.60984249866  35.41665
4411.76968762143  34.6978
4411.9295327442  49.72754
4412.08937786697  82.14463
4412.24922298974  58.35353
4412.40906811251  10.86729
4412.56891323529  19.17398
4412.72875835806  22.72503
4412.88860348083  26.37037
4413.0484486036  28.81707
4413.20829372637  14.83988
4413.36813884914  49.99451
4413.52798397191  61.44091
4413.68782909468  73.19231
4413.84767421745  63.23471
4414.00751934022  53.3171
4414.16736446299  78.6087
4414.32720958576  53.16066
4414.48705470853  48.00792
4414.64689983131  36.19027
4414.80674495408  21.15919
4414.96659007685  62.12516
4415.12643519962  70.97941
4415.28628032239  39.86486
4415.44612544516  30.47083
4415.60597056793  47.75284
4415.7658156907  14.7454
4415.92566081347  51.5331
4416.08550593624  98.48425
4416.24535105901  52.45171
4416.40519618178  16.93063
4416.56504130456  12.36684
4416.72488642733  48.52077
4416.8847315501  78.99439
4417.04457667287  54.1038
4417.20442179564  15.61206
4417.36426691841  45.12206
4417.52411204118  53.13167
4417.68395716395  6.113096
4417.84380228672  35.35406
4418.00364740949  62.00645
4418.16349253226  25.9971
4418.32333765503  35.40413
4418.48318277781  17.24072
4418.64302790058  62.90557
4418.80287302335  44.27336
4418.96271814612  76.99026
4419.12256326889  45.24887
4419.28240839166  67.43916
4419.44225351443  61.40164
4419.6020986372  28.37922
4419.76194375997  58.43592
4419.92178888274  64.87698
4420.08163400551  54.83258
4420.24147912828  62.94437
4420.40132425106  58.44305
4420.56116937383  69.57822
4420.7210144966  65.51541
4420.88085961937  28.58257
4421.04070474214  23.45144
4421.20054986491  42.10478
4421.36039498768  61.16975
4421.52024011045  44.66631
4421.68008523322  48.31296
4421.83993035599  73.94055
4421.99977547876  59.13096
4422.15962060154  9.350585
4422.31946572431  45.19844
4422.47931084708  23.96783
4422.63915596985  55.16488
4422.79900109262  82.89771
4422.95884621539  46.79512
4423.11869133816  20.695
4423.27853646093  44.48867
4423.4383815837  63.23576
4423.59822670647  75.11022
4423.75807182924  70.05212
4423.91791695201  59.40454
4424.07776207478  63.18633
4424.23760719756  35.94058
4424.39745232033  15.69396
4424.5572974431  34.89775
4424.71714256587  46.07254
4424.87698768864  39.91719
4425.03683281141  61.92409
4425.19667793418  52.70956
4425.35652305695  73.8389
4425.51636817972  33.14785
4425.67621330249  65.65308
4425.83605842526  74.8924
4425.99590354803  54.30714
4426.1557486708  58.11029
4426.31559379358  51.18055
4426.47543891635  47.51587
4426.63528403912  48.37999
4426.79512916189  38.97312
4426.95497428466  74.92233
4427.11481940743  59.88313
4427.2746645302  26.21103
4427.43450965297  56.02321
4427.59435477574  49.00134
4427.75419989851  79.60461
4427.91404502128  76.35822
4428.07389014405  38.64602
4428.23373526682  69.0111
4428.3935803896  108.8163
4428.55342551237  89.24962
4428.71327063514  51.30908
4428.87311575791  36.95383
4429.03296088068  11.29186
4429.19280600345  40.69709
4429.35265112622  55.06991
4429.51249624899  51.09694
4429.67234137176  73.12857
4429.83218649453  54.46061
4429.9920316173  23.9384
4430.15187674008  40.87712
4430.31172186285  46.33615
4430.47156698562  45.12352
4430.63141210839  33.52049
4430.79125723116  39.16459
4430.95110235393  72.38094
4431.1109474767  40.12013
4431.27079259947  41.7049
4431.43063772224  80.70649
4431.59048284501  48.73527
4431.75032796778  52.81436
4431.91017309055  40.79272
4432.07001821333  53.44346
4432.2298633361  93.96378
4432.38970845887  80.15636
4432.54955358164  79.97295
4432.70939870441  81.3407
4432.86924382718  80.4776
4433.02908894995  65.77945
4433.18893407272  78.54758
4433.34877919549  44.20237
4433.50862431826  25.75209
4433.66846944103  32.29132
4433.8283145638  73.02322
4433.98815968658  87.79963
4434.14800480935  50.24672
4434.30784993212  38.25097
4434.46769505489  44.86557
4434.62754017766  66.64639
4434.78738530043  52.33354
4434.9472304232  3.743641
4435.10707554597  49.41867
4435.26692066874  52.79421
4435.42676579151  22.87723
4435.58661091428  58.77276
4435.74645603705  63.25996
4435.90630115982  47.37269
4436.0661462826  82.36565
4436.22599140537  53.17352
4436.38583652814  75.69278
4436.54568165091  47.28812
4436.70552677368  25.61735
4436.86537189645  45.67543
4437.02521701922  67.60529
4437.18506214199  64.39462
4437.34490726476  59.17329
4437.50475238753  29.41203
4437.6645975103  42.62844
4437.82444263307  79.42212
4437.98428775585  73.7403
4438.14413287862  63.16903
4438.30397800139  63.59248
4438.46382312416  63.07513
4438.62366824693  48.89282
4438.7835133697  68.97206
4438.94335849247  73.02964
4439.10320361524  21.84569
4439.26304873801  40.06108
4439.42289386078  51.57712
4439.58273898355  72.5331
4439.74258410632  72.20216
4439.9024292291  82.58128
4440.06227435187  131.3451
4440.22211947464  75.50378
4440.38196459741  59.75428
4440.54180972018  68.71337
4440.70165484295  38.45578
4440.86149996572  32.42928
4441.02134508849  83.5899
4441.18119021126  106.5924
4441.34103533403  82.67334
4441.5008804568  56.55037
4441.66072557957  50.08064
4441.82057070235  56.67014
4441.98041582512  32.05293
4442.14026094789  44.36187
4442.30010607066  84.82633
4442.45995119343  83.4231
4442.6197963162  74.0741
4442.77964143897  33.25165
4442.93948656174  64.89061
4443.09933168451  96.55407
4443.25917680728  70.91457
4443.41902193005  98.06413
4443.57886705282  95.56905
4443.7387121756  63.09987
4443.89855729837  50.9036
4444.05840242114  75.98814
4444.21824754391  101.6305
4444.37809266668  85.6361
4444.53793778945  69.54472
4444.69778291222  59.42448
4444.85762803499  88.58127
4445.01747315776  94.99388
4445.17731828053  72.42175
4445.3371634033  60.9427
4445.49700852607  89.92365
4445.65685364884  121.0692
4445.81669877162  107.9617
4445.97654389439  54.92868
4446.13638901716  44.13844
4446.29623413993  58.2468
4446.4560792627  100.068
4446.61592438547  90.01418
4446.77576950824  78.53414
4446.93561463101  88.29901
4447.09545975378  107.9273
4447.25530487655  92.8081
4447.41514999932  78.14123
4447.57499512209  92.95649
4447.73484024487  86.9864
4447.89468536764  62.72834
4448.05453049041  67.24595
4448.21437561318  55.66839
4448.37422073595  53.05434
4448.53406585872  75.2299
4448.69391098149  71.67324
4448.85375610426  68.34472
4449.01360122703  49.27616
4449.1734463498  32.57076
4449.33329147257  45.38708
4449.49313659534  58.23584
4449.65298171812  59.65551
4449.81282684089  52.99342
4449.97267196366  108.4611
4450.13251708643  71.15106
4450.2923622092  81.60826
4450.45220733197  74.62148
4450.61205245474  50.44963
4450.77189757751  42.63606
4450.93174270028  41.147
4451.09158782305  54.84393
4451.25143294582  73.77071
4451.41127806859  64.19658
4451.57112319137  63.10101
4451.73096831414  83.86496
4451.89081343691  92.30414
4452.05065855968  73.70164
4452.21050368245  55.84013
4452.37034880522  72.26157
4452.53019392799  76.49559
4452.69003905076  94.3688
4452.84988417353  88.61357
4453.0097292963  47.45715
4453.16957441907  61.31219
4453.32941954184  80.94373
4453.48926466462  48.07579
4453.64910978739  38.93037
4453.80895491016  57.1269
4453.96880003293  52.44105
4454.1286451557  52.53669
4454.28849027847  81.7732
4454.44833540124  78.32949
4454.60818052401  49.54755
4454.76802564678  65.6243
4454.92787076955  64.89257
4455.08771589232  90.16906
4455.24756101509  109.8217
4455.40740613786  72.56528
4455.56725126064  65.57953
4455.72709638341  70.714
4455.88694150618  67.30092
4456.04678662895  74.79093
4456.20663175172  79.85847
4456.36647687449  61.42076
4456.52632199726  53.8324
4456.68616712003  63.12601
4456.8460122428  81.86146
4457.00585736557  113.5201
4457.16570248834  104.1177
4457.32554761111  68.85987
4457.48539273388  57.42072
4457.64523785666  44.91685
4457.80508297943  64.65873
4457.9649281022  92.41668
4458.12477322497  80.38905
4458.28461834774  39.4913
4458.44446347051  63.36779
4458.60430859328  69.33122
4458.76415371605  38.63697
4458.92399883882  52.49166
4459.08384396159  69.85825
4459.24368908436  67.64893
4459.40353420714  97.18932
4459.56337932991  91.97843
4459.72322445268  73.60285
4459.88306957545  84.57622
4460.04291469822  85.88223
4460.20275982099  42.36737
4460.36260494376  39.94928
4460.52245006653  60.83213
4460.6822951893  58.22843
4460.84214031207  87.46326
4461.00198543484  64.50542
4461.16183055762  84.21843
4461.32167568039  107.0659
4461.48152080316  53.92258
4461.64136592593  70.82899
4461.8012110487  78.98669
4461.96105617147  92.30351
4462.12090129424  67.1906
4462.28074641701  71.83636
4462.44059153978  59.34769
4462.60043666255  52.73671
4462.76028178532  64.56202
4462.92012690809  75.30619
4463.07997203086  81.78169
4463.23981715364  65.5106
4463.39966227641  92.51886
4463.55950739918  112.6471
4463.71935252195  64.10252
4463.87919764472  72.51731
4464.03904276749  52.64101
4464.19888789026  57.90498
4464.35873301303  94.02879
4464.5185781358  102.9804
4464.67842325857  76.16943
4464.83826838134  79.55154
4464.99811350411  102.9644
4465.15795862689  76.47151
4465.31780374965  52.63561
4465.47764887243  35.05945
4465.6374939952  100.7123
4465.79733911797  118.946
4465.95718424074  88.59726
4466.11702936351  99.55424
4466.27687448628  89.63496
4466.43671960905  87.10598
4466.59656473182  98.9773
4466.75640985459  109.9239
4466.91625497736  64.74231
4467.07610010013  28.69774
4467.23594522291  63.55521
4467.39579034568  88.39203
4467.55563546845  106.5775
4467.71548059122  97.76794
4467.87532571399  54.96345
4468.03517083676  48.93098
4468.19501595953  81.04464
4468.3548610823  99.16075
4468.51470620507  89.8746
4468.67455132784  76.22242
4468.83439645061  77.46603
4468.99424157339  89.34132
4469.15408669616  76.68603
4469.31393181893  71.25596
4469.4737769417  75.85474
4469.63362206447  62.83382
4469.79346718724  47.03326
4469.95331231001  33.81571
4470.11315743278  23.26789
4470.27300255555  71.42244
4470.43284767832  39.06886
4470.59269280109  49.00909
4470.75253792386  83.33725
4470.91238304663  69.21648
4471.07222816941  98.1455
4471.23207329218  122.0364
4471.39191841495  86.16444
4471.55176353772  47.4948
4471.71160866049  72.34796
4471.87145378326  121.4806
4472.03129890603  88.50726
4472.1911440288  65.58907
4472.35098915157  60.2693
4472.51083427434  73.68078
4472.67067939711  72.52921
4472.83052451988  81.57391
4472.99036964266  101.267
4473.15021476543  76.92532
4473.3100598882  67.41872
4473.46990501097  94.40657
4473.62975013374  73.1237
4473.78959525651  55.51536
4473.94944037928  57.56622
4474.10928550205  92.62247
4474.26913062482  74.17379
4474.42897574759  48.36128
4474.58882087036  95.47646
4474.74866599313  122.9451
4474.9085111159  46.49511
4475.06835623868  43.73368
4475.22820136145  63.15561
4475.38804648422  93.45045
4475.54789160699  84.84144
4475.70773672976  91.71947
4475.86758185253  114.0336
4476.0274269753  89.74293
4476.18727209807  66.50452
4476.34711722084  70.01931
4476.50696234361  95.66416
4476.66680746638  94.37546
4476.82665258916  76.76188
4476.98649771193  88.20408
4477.1463428347  111.3546
4477.30618795747  90.46093
4477.46603308024  71.99188
4477.62587820301  89.15517
4477.78572332578  104.1156
4477.94556844855  96.59828
4478.10541357132  89.85947
4478.26525869409  104.8043
4478.42510381686  102.4413
4478.58494893963  99.04375
4478.74479406241  86.25106
4478.90463918518  81.54156
4479.06448430795  84.17798
4479.22432943072  72.37101
4479.38417455349  60.23996
4479.54401967626  82.1249
4479.70386479903  88.02959
4479.8637099218  77.25998
4480.02355504457  94.05482
4480.18340016734  71.26673
4480.34324529011  61.4441
4480.50309041288  78.72557
4480.66293553565  63.01494
4480.82278065843  84.17332
4480.9826257812  111.2295
4481.14247090397  80.71141
4481.30231602674  46.49662
4481.46216114951  59.07755
4481.62200627228  99.97396
4481.78185139505  113.7586
4481.94169651782  102.3574
4482.10154164059  60.59674
4482.26138676336  68.4182
4482.42123188613  71.98447
4482.5810770089  84.43953
4482.74092213168  87.37779
4482.90076725445  53.67961
4483.06061237722  73.72499
4483.22045749999  76.62183
4483.38030262276  46.58208
4483.54014774553  62.56621
4483.6999928683  47.09154
4483.85983799107  54.89106
4484.01968311384  75.467
4484.17952823661  57.84763
4484.33937335938  76.79178
4484.49921848215  102.4881
4484.65906360492  105.5933
4484.8189087277  92.01405
4484.97875385047  87.4797
4485.13859897324  73.54462
4485.29844409601  46.99101
4485.45828921878  85.3658
4485.61813434155  105.7465
4485.77797946432  57.01455
4485.93782458709  42.37309
4486.09766970986  65.47444
4486.25751483263  73.24313
4486.4173599554  80.54148
4486.57720507818  49.26334
4486.73705020095  75.77546
4486.89689532372  3.192365
4487.05674044649  85.58829
4487.21658556926  107.5506
4487.37643069203  59.70039
4487.5362758148  85.79688
4487.69612093757  94.65598
4487.85596606034  85.60282
4488.01581118311  53.58617
4488.17565630588  74.29906
4488.33550142865  52.56454
4488.49534655142  57.37584
4488.6551916742  72.71062
4488.81503679697  61.37675
4488.97488191974  67.49242
4489.13472704251  93.12947
4489.29457216528  55.85742
4489.45441728805  73.64273
4489.61426241082  74.62531
4489.77410753359  74.79774
4489.93395265636  68.46044
4490.09379777913  80.85472
4490.2536429019  92.84677
4490.41348802467  89.11435
4490.57333314745  55.7205
4490.73317827022  86.03236
4490.89302339299  79.41068
4491.05286851576  89.23344
4491.21271363853  76.07091
4491.3725587613  67.17036
4491.53240388407  76.73361
4491.69224900684  48.02892
4491.85209412961  38.64265
4492.01193925238  92.40091
4492.17178437515  99.78791
4492.33162949792  72.90298
4492.4914746207  66.37283
4492.65131974347  80.75455
4492.81116486624  87.64633
4492.97100998901  48.70151
4493.13085511178  40.63173
4493.29070023455  57.84116
4493.45054535732  45.06026
4493.61039048009  55.54388
4493.77023560286  76.06081
4493.93008072563  91.69272
4494.0899258484  67.50883
4494.24977097117  60.10054
4494.40961609395  81.2443
4494.56946121672  107.9927
4494.72930633949  87.6857
4494.88915146226  56.95084
4495.04899658503  73.63521
4495.2088417078  114.985
4495.36868683057  53.49597
4495.52853195334  49.86739
4495.68837707611  65.31694
4495.84822219888  71.47746
4496.00806732165  123.1942
4496.16791244442  87.04876
4496.32775756719  54.49152
4496.48760268997  59.49392
4496.64744781274  79.71907
4496.80729293551  95.31065
4496.96713805828  45.72438
4497.12698318105  93.61592
4497.28682830382  27.28193
4497.44667342659  39.13724
4497.60651854936  34.92477
4497.76636367213  38.94092
4497.9262087949  66.3457
4498.08605391767  71.99562
4498.24589904045  89.4292
4498.40574416322  75.19382
4498.56558928599  48.69041
4498.72543440876  36.69651
4498.88527953153  65.07476
4499.0451246543  59.14794
4499.20496977707  31.41171
4499.36481489984  78.14926
4499.52466002261  75.20718
4499.68450514538  71.2183
4499.84435026815  63.81958
4500.00419539092  34.69176
4500.16404051369  76.57291
4500.32388563647  69.30222
4500.48373075924  81.70483
4500.64357588201  82.48241
4500.80342100478  58.71141
4500.96326612755  33.16051
4501.12311125032  83.19388
4501.28295637309  55.68312
4501.44280149586  49.03607
4501.60264661863  44.25864
4501.7624917414  96.20245
4501.92233686417  39.51404
4502.08218198694  71.90829
4502.24202710972  41.12804
4502.40187223249  51.59652
4502.56171735526  43.17442
4502.72156247803  34.5783
4502.8814076008  72.358
4503.04125272357  40.91063
4503.20109784634  34.11662
4503.36094296911  35.50819
4503.52078809188  27.18851
4503.68063321465  34.23121
4503.84047833742  58.95307
4504.00032346019  55.85018
4504.16016858297  82.1906
4504.32001370573  85.51281
4504.47985882851  55.18819
4504.63970395128  58.56667
4504.79954907405  59.31237
4504.95939419682  58.73954
4505.11923931959  59.79555
4505.27908444236  52.15137
4505.43892956513  65.215
4505.5987746879  48.71716
4505.75861981067  28.51727
4505.91846493344  46.56399
4506.07831005622  36.67259
4506.23815517899  30.28633
4506.39800030176  9.077787
4506.55784542453  16.42356
4506.7176905473  39.53349
4506.87753567007  43.9735
4507.03738079284  58.37619
4507.19722591561  57.78912
4507.35707103838  45.30551
4507.51691616115  55.64398
4507.67676128392  20.73866
4507.83660640669  10.89537
4507.99645152946  54.11333
4508.15629665224  71.37632
4508.31614177501  32.86892
4508.47598689778  38.86732
4508.63583202055  53.35998
4508.79567714332  31.67869
4508.95552226609  58.06703
4509.11536738886  63.96212
4509.27521251163  54.40195
4509.4350576344  56.36752
4509.59490275717  68.03912
4509.75474787994  47.93166
4509.91459300271  50.39621
4510.07443812549  54.36441
4510.23428324826  60.99587
4510.39412837103  73.61565
4510.5539734938  36.72003
4510.71381861657  53.09509
4510.87366373934  36.74099
4511.03350886211  29.68392
4511.19335398488  40.56585
4511.35319910765  66.2056
4511.51304423042  51.17686
4511.67288935319  44.23799
4511.83273447596  22.05923
4511.99257959874  59.84143
4512.15242472151  51.13048
4512.31226984428  11.76549
4512.47211496705  27.34841
4512.63196008982  56.0852
4512.79180521259  42.99724
4512.95165033536  63.49906
4513.11149545813  87.11558
4513.2713405809  82.44446
4513.43118570367  53.543
4513.59103082644  44.03279
4513.75087594921  57.09264
4513.91072107199  31.30302
4514.07056619476  58.19818
4514.23041131753  59.70117
4514.3902564403  29.85287
4514.55010156307  48.40569
4514.70994668584  60.04348
4514.86979180861  26.43036
4515.02963693138  17.60106
4515.18948205415  54.15596
4515.34932717692  49.49541
4515.50917229969  45.2501
4515.66901742246  28.64982
4515.82886254524  25.05584
4515.98870766801  24.78179
4516.14855279078  31.64514
4516.30839791355  24.89078
4516.46824303632  -8.084239
4516.62808815909  20.76302
4516.78793328186  58.16759
4516.94777840463  60.55326
4517.1076235274  33.76552
4517.26746865017  84.25563
4517.42731377294  89.5179
4517.58715889571  69.47639
4517.74700401848  69.96436
4517.90684914126  38.62548
4518.06669426403  18.64965
4518.2265393868  31.23213
4518.38638450957  58.20558
4518.54622963234  40.39447
4518.70607475511  63.60405
4518.86591987788  68.01697
4519.02576500065  57.93549
4519.18561012342  66.52139
4519.34545524619  85.63017
4519.50530036896  55.55576
4519.66514549173  55.06427
4519.8249906145  61.95911
4519.98483573728  37.64727
4520.14468086005  28.79731
4520.30452598282  44.91743
4520.46437110559  65.34157
4520.62421622836  68.52066
4520.78406135113  20.10064
4520.9439064739  32.82761
4521.10375159667  24.75332
4521.26359671944  29.94302
4521.42344184221  38.28042
4521.58328696498  49.00696
4521.74313208775  39.78927
4521.90297721053  49.27206
4522.0628223333  61.87219
4522.22266745607  36.68643
4522.38251257884  34.08585
4522.54235770161  35.55584
4522.70220282438  57.50338
4522.86204794715  54.14643
4523.02189306992  52.45499
4523.18173819269  27.38745
4523.34158331546  36.72994
4523.50142843823  5.40514
4523.66127356101  22.17957
4523.82111868378  16.40798
4523.98096380655  59.7674
4524.14080892932  83.74035
4524.30065405209  35.00299
4524.46049917486  12.13176
4524.62034429763  7.614125
4524.7801894204  34.08696
4524.94003454317  50.3059
4525.09987966594  62.62587
4525.25972478871  34.79672
4525.41956991148  12.98655
4525.57941503426  19.12515
4525.73926015703  -2.96984
4525.8991052798  12.13199
4526.05895040257  15.2091
4526.21879552534  15.8065
4526.37864064811  49.82573
4526.53848577088  41.30519
4526.69833089365  37.76189
4526.85817601642  73.89124
4527.01802113919  27.76562
4527.17786626196  17.01269
4527.33771138473  46.2875
4527.4975565075  53.93185
4527.65740163028  10.25487
4527.81724675305  9.264256
4527.97709187582  19.12207
4528.13693699859  34.59486
4528.29678212136  33.84501
4528.45662724413  10.95571
4528.6164723669  21.34722
4528.77631748967  55.76372
4528.93616261244  46.30577
4529.09600773521  -5.127344
4529.25585285798  29.76189
4529.41569798075  49.79871
4529.57554310353  37.24834
4529.7353882263  42.3546
4529.89523334907  33.23014
4530.05507847184  40.2579
4530.21492359461  22.21996
4530.37476871738  49.24778
4530.53461384015  57.84525
4530.69445896292  24.0621
4530.85430408569  62.5553
4531.01414920846  42.27221
4531.17399433123  16.93496
4531.333839454  23.39607
4531.49368457678  36.25903
4531.65352969955  8.798176
4531.81337482232  38.7835
4531.97321994509  20.15022
4532.13306506786  2.789731
4532.29291019063  25.39435
4532.4527553134  44.09287
4532.61260043617  31.23331
4532.77244555894  26.4722
4532.93229068171  27.09504
4533.09213580448  19.80028
4533.25198092725  15.74436
4533.41182605003  25.8418
4533.5716711728  27.97889
4533.73151629557  29.48159
4533.89136141834  10.71454
4534.05120654111  0.4745229
4534.21105166388  52.6006
4534.37089678665  4.497279
4534.53074190942  -1.497129
4534.69058703219  -4.145524
4534.85043215496  -7.116456
4535.01027727773  31.51465
4535.1701224005  13.65041
4535.32996752327  9.148728
4535.48981264605  27.33525
4535.64965776882  11.21668
4535.80950289159  14.70711
4535.96934801436  12.84509
4536.12919313713  0.7367627
4536.2890382599  33.97635
4536.44888338267  31.14535
4536.60872850544  21.64835
4536.76857362821  17.90145
4536.92841875098  51.45147
4537.08826387375  26.228
4537.24810899652  -20.49292
4537.4079541193  -9.85744
4537.56779924207  10.26416
4537.72764436484  16.47682
4537.88748948761  0.2428004
4538.04733461038  -8.244177
4538.20717973315  44.82177
4538.36702485592  9.180724
4538.52686997869  19.40664
4538.68671510146  -1.682088
4538.84656022423  6.674223
4539.006405347  34.35996
4539.16625046977  15.09623
4539.32609559254  15.75779
4539.48594071532  5.963271
4539.64578583809  10.04652
4539.80563096086  27.53125
4539.96547608363  -5.368285
4540.1253212064  23.88137
4540.28516632917  41.29645
4540.44501145194  42.48548
4540.60485657471  -5.628313
4540.76470169748  24.95996
4540.92454682025  8.063073
4541.08439194302  6.374747
4541.2442370658  3.222391
4541.40408218857  -10.86466
4541.56392731134  -7.120693
4541.72377243411  14.54418
4541.88361755688  31.65869
4542.04346267965  11.52011
4542.20330780242  6.303499
4542.36315292519  4.554502
4542.52299804796  14.26726
4542.68284317073  13.66029
4542.8426882935  40.84859
4543.00253341627  10.40922
4543.16237853904  1.885107
4543.32222366182  -0.8506435
4543.48206878459  -15.06359
4543.64191390736  -22.90862
4543.80175903013  -4.539997
4543.9616041529  7.722624
4544.12144927567  23.34912
4544.28129439844  17.31022
4544.44113952121  -1.769794
4544.60098464398  -11.81691
4544.76082976675  15.43206
4544.92067488952  -10.49862
4545.0805200123  5.87178
4545.24036513507  2.684758
4545.40021025784  -30.52658
4545.56005538061  -1.286483
4545.71990050338  44.32239
4545.87974562615  45.23011
4546.03959074892  -16.16631
4546.19943587169  -38.87499
4546.35928099446  -6.689867
4546.51912611723  40.68411
4546.67897124  24.96038
4546.83881636277  18.7934
4546.99866148555  -19.51274
4547.15850660831  5.300077
4547.31835173109  16.18089
4547.47819685386  -13.50797
4547.63804197663  -12.88892
4547.7978870994  8.342872
4547.95773222217  -21.95893
4548.11757734494  1.140817
4548.27742246771  28.77448
4548.43726759048  2.383951
4548.59711271325  -21.44515
4548.75695783602  -24.92121
4548.91680295879  -20.91442
4549.07664808156  -0.9632078
4549.23649320434  14.70929
4549.39633832711  -5.860056
4549.55618344988  -5.122336
4549.71602857265  49.77503
