4386.0781154493  -7.682022
4386.23792382076  -56.29403
4386.39773219222  7.941758
4386.55754056368  18.96614
4386.71734893514  -8.849223
4386.8771573066  -11.49437
4387.03696567806  -2.20341
4387.19677404952  3.394856
4387.35658242098  17.46178
4387.51639079244  26.67545
4387.6761991639  6.922048
4387.83600753536  -25.78274
4387.99581590682  -28.64785
4388.15562427828  10.78798
4388.31543264974  18.32006
4388.4752410212  25.0167
4388.63504939266  -1.72323
4388.79485776412  43.89569
4388.95466613557  57.40759
4389.11447450703  8.965532
4389.27428287849  8.051993
4389.43409124995  -22.68714
4389.59389962141  -25.93929
4389.75370799287  22.34139
4389.91351636433  10.64215
4390.07332473579  12.00406
4390.23313310725  33.35902
4390.39294147871  4.248843
4390.55274985017  45.9924
4390.71255822163  22.06808
4390.87236659309  28.3941
4391.03217496455  40.22662
4391.19198333601  15.1362
4391.35179170747  -9.549434
4391.51160007893  22.6431
4391.67140845039  20.10818
4391.83121682185  -30.41328
4391.99102519331  -24.70886
4392.15083356477  28.71447
4392.31064193623  25.50063
4392.47045030769  3.800837
4392.63025867915  42.3112
4392.79006705061  40.40393
4392.94987542207  14.48436
4393.10968379353  -1.245233
4393.26949216499  -9.184482
4393.42930053645  41.75095
4393.58910890791  40.00508
4393.74891727937  -1.208045
4393.90872565083  -14.16746
4394.06853402229  25.02986
4394.22834239375  5.478196
4394.38815076521  -8.142819
4394.54795913667  12.86765
4394.70776750812  1.788435
4394.86757587959  29.58027
4395.02738425105  11.24411
4395.18719262251  -23.86793
4395.34700099396  15.15817
4395.50680936542  -18.93588
4395.66661773688  -6.402533
4395.82642610834  2.935712
4395.9862344798  24.95258
4396.14604285126  20.75763
4396.30585122272  30.14677
4396.46565959418  33.21405
4396.62546796564  28.70402
4396.7852763371  40.45525
4396.94508470856  29.37483
4397.10489308002  -18.18621
4397.26470145148  -24.68873
4397.42450982294  23.0992
4397.5843181944  25.34736
4397.74412656586  59.61476
4397.90393493732  37.47935
4398.06374330878  -5.34452
4398.22355168024  48.89025
4398.3833600517  36.13935
4398.54316842316  11.37358
4398.70297679462  48.98678
4398.86278516608  47.92338
4399.02259353754  9.294731
4399.182401909  3.713932
4399.34221028046  23.32173
4399.50201865192  23.82146
4399.66182702338  11.80488
4399.82163539484  24.35394
4399.9814437663  17.81401
4400.14125213776  19.16947
4400.30106050922  10.66954
4400.46086888068  2.640231
4400.62067725214  21.15538
4400.7804856236  22.43899
4400.94029399506  12.1249
4401.10010236651  26.77561
4401.25991073798  42.98217
4401.41971910943  8.351945
4401.57952748089  14.85906
4401.73933585235  48.27836
4401.89914422381  32.17113
4402.05895259527  15.87951
4402.21876096673  -10.27202
4402.37856933819  -8.580465
4402.53837770965  -19.95702
4402.69818608111  -3.203956
4402.85799445257  22.14787
4403.01780282403  26.92572
4403.17761119549  28.58783
4403.33741956695  22.10036
4403.49722793841  33.86836
4403.65703630987  46.11049
4403.81684468133  42.41282
4403.97665305279  60.10056
4404.13646142425  35.62603
4404.29626979571  24.10255
4404.45607816717  51.94963
4404.61588653863  3.574371
4404.77569491009  26.16485
4404.93550328155  60.27792
4405.09531165301  47.83176
4405.25512002447  47.89216
4405.41492839593  18.39497
4405.57473676739  11.9871
4405.73454513885  -23.07013
4405.89435351031  6.161132
4406.05416188177  -11.12652
4406.21397025323  27.26083
4406.37377862469  40.7151
4406.53358699615  18.37583
4406.69339536761  29.10392
4406.85320373907  32.3019
4407.01301211053  42.03167
4407.17282048199  31.42158
4407.33262885345  20.3265
4407.4924372249  35.66197
4407.65224559637  19.67601
4407.81205396782  48.7101
4407.97186233928  5.372364
4408.13167071074  29.61143
4408.2914790822  23.73533
4408.45128745366  -4.388454
4408.61109582512  68.92451
4408.77090419658  20.76646
4408.93071256804  13.41775
4409.0905209395  49.26377
4409.25032931096  30.86223
4409.41013768242  22.82286
4409.56994605388  30.36108
4409.72975442534  36.84722
4409.8895627968  18.00177
4410.04937116826  68.7118
4410.20917953972  42.70635
4410.36898791118  61.55177
4410.52879628264  46.2495
4410.6886046541  44.6512
4410.84841302556  33.73804
4411.00822139702  76.50948
4411.16802976848  44.69101
4411.32783813994  46.19803
4411.4876465114  46.52913
4411.64745488286  35.61085
4411.80726325432  42.65432
4411.96707162578  64.0004
4412.12687999724  52.98727
4412.2866883687  14.40518
4412.44649674016  33.79774
4412.60630511162  52.58509
4412.76611348308  60.09779
4412.92592185454  31.37438
4413.085730226  29.2385
4413.24553859746  18.22048
4413.40534696891  27.0626
4413.56515534037  79.866
4413.72496371183  36.25333
4413.88477208329  62.18805
4414.04458045476  71.61604
4414.20438882621  53.67479
4414.36419719767  56.88781
4414.52400556913  37.71523
4414.68381394059  41.88634
4414.84362231205  64.78568
4415.00343068351  52.67761
4415.16323905497  26.52144
4415.32304742643  -5.812037
4415.48285579789  35.41738
4415.64266416935  90.03912
4415.80247254081  44.48394
4415.96228091227  21.48035
4416.12208928373  28.05528
4416.28189765519  39.97637
4416.44170602665  78.34581
4416.60151439811  32.07454
4416.76132276957  63.91058
4416.92113114103  81.45673
4417.08093951249  78.44363
4417.24074788395  56.80436
4417.40055625541  44.90252
4417.56036462687  80.86624
4417.72017299833  81.99403
4417.87998136979  53.99959
4418.03978974125  37.21806
4418.19959811271  6.830973
4418.35940648417  26.80699
4418.51921485563  54.84833
4418.67902322709  36.13973
4418.83883159855  34.80169
4418.99863997001  29.77071
4419.15844834147  36.13776
4419.31825671293  87.73037
4419.47806508438  69.79206
4419.63787345585  19.97519
4419.7976818273  34.87746
4419.95749019876  51.28831
4420.11729857022  15.50855
4420.27710694168  22.8076
4420.43691531314  69.30801
4420.5967236846  58.00425
4420.75653205606  13.8079
4420.91634042752  25.12873
4421.07614879898  54.90734
4421.23595717044  38.00537
4421.3957655419  51.52308
4421.55557391336  61.82322
4421.71538228482  41.28772
4421.87519065628  34.11778
4422.03499902774  16.06927
4422.1948073992  54.47868
4422.35461577066  85.60936
4422.51442414212  96.57586
4422.67423251358  55.70758
4422.83404088504  57.56983
4422.9938492565  45.94355
4423.15365762796  51.21344
4423.31346599942  87.66682
4423.47327437088  74.06094
4423.63308274234  39.58927
4423.7928911138  47.4578
4423.95269948526  80.55173
4424.11250785672  86.51725
4424.27231622818  62.38008
4424.43212459964  68.94137
4424.5919329711  79.52091
4424.75174134256  72.44215
4424.91154971402  66.02008
4425.07135808548  48.10903
4425.23116645694  69.02077
4425.3909748284  35.05997
4425.55078319986  43.93264
4425.71059157132  36.43316
4425.87039994278  62.95927
4426.03020831423  49.32355
4426.19001668569  38.53153
4426.34982505715  94.29026
4426.50963342861  92.04503
4426.66944180007  82.95133
4426.82925017153  78.90571
4426.98905854299  25.10206
4427.14886691445  22.41739
4427.30867528591  60.34275
4427.46848365737  76.01338
4427.62829202883  85.72153
4427.78810040029  58.722
4427.94790877175  64.09961
4428.10771714321  66.11281
4428.26752551467  63.21741
4428.42733388613  98.87134
4428.58714225759  61.45889
4428.74695062905  100.7188
4428.90675900051  33.31377
4429.06656737197  50.18303
4429.22637574343  51.51858
4429.38618411489  64.08649
4429.54599248635  43.99833
4429.70580085781  66.79882
4429.86560922927  75.68156
4430.02541760073  61.45947
4430.18522597219  66.60355
4430.34503434365  92.52288
4430.50484271511  85.98558
4430.66465108657  43.19055
4430.82445945803  49.3617
4430.98426782949  52.9882
4431.14407620095  40.90817
4431.30388457241  78.70705
4431.46369294387  65.47903
4431.62350131533  62.43945
4431.78330968679  73.26231
4431.94311805824  57.87597
4432.10292642971  34.04844
4432.26273480116  10.5505
4432.42254317262  51.78737
4432.58235154408  66.72693
4432.74215991554  91.91836
4432.901968287  83.31113
4433.06177665846  55.21561
4433.22158502992  57.39442
4433.38139340138  57.76682
4433.54120177284  78.25986
4433.7010101443  72.32648
4433.86081851576  66.8238
4434.02062688722  108.3147
4434.18043525868  98.95026
4434.34024363014  80.26946
4434.5000520016  55.92167
4434.65986037306  19.54883
4434.81966874452  67.15587
4434.97947711598  80.77406
4435.13928548744  49.26934
4435.2990938589  47.77903
4435.45890223036  78.33441
4435.61871060182  49.20209
4435.77851897328  70.35596
4435.93832734474  68.67644
4436.0981357162  53.95786
4436.25794408766  53.70424
4436.41775245912  103.9773
4436.57756083058  76.71163
4436.73736920204  51.3378
4436.8971775735  58.38206
4437.05698594496  83.18234
4437.21679431642  105.8675
4437.37660268788  90.66273
4437.53641105934  51.15457
4437.6962194308  43.19942
4437.85602780226  45.69196
4438.01583617371  68.95
4438.17564454517  79.8444
4438.33545291663  44.23849
4438.49526128809  32.40245
4438.65506965955  56.58818
4438.81487803101  63.387
4438.97468640247  79.23336
4439.13449477393  73.50092
4439.29430314539  55.87737
4439.45411151685  91.14898
4439.61391988831  39.74221
4439.77372825977  39.08329
4439.93353663123  23.34446
4440.09334500269  94.13548
4440.25315337415  109.4074
4440.41296174561  68.12357
4440.57277011707  82.37991
4440.73257848853  93.01698
4440.89238685999  71.65191
4441.05219523145  76.72899
4441.21200360291  72.50752
4441.37181197437  85.18224
4441.53162034583  82.81732
4441.69142871729  148.2533
4441.85123708875  106.9518
4442.01104546021  71.87493
4442.17085383167  76.11505
4442.33066220313  40.98362
4442.49047057459  62.81773
4442.65027894605  85.83874
4442.81008731751  70.89021
4442.96989568897  80.70625
4443.12970406043  93.87856
4443.28951243189  109.0315
4443.44932080335  131.7718
4443.60912917481  80.92137
4443.76893754627  29.29794
4443.92874591773  62.35384
4444.08855428919  83.31095
4444.24836266065  91.75673
4444.4081710321  41.43831
4444.56797940357  73.67774
4444.72778777502  91.52067
4444.88759614648  101.0359
4445.04740451794  81.0414
4445.2072128894  56.61399
4445.36702126086  69.11786
4445.52682963232  77.98592
4445.68663800378  61.5112
4445.84644637524  83.7711
4446.0062547467  45.81183
4446.16606311816  94.1238
4446.32587148962  76.2528
4446.48567986108  83.56326
4446.64548823254  112.7127
4446.805296604  147.5594
4446.96510497546  93.34927
4447.12491334692  96.51225
4447.28472171838  87.12428
4447.44453008984  55.30614
4447.6043384613  89.56457
4447.76414683276  94.9727
4447.92395520422  55.66115
4448.08376357568  65.73328
4448.24357194714  113.6771
4448.4033803186  124.5777
4448.56318869006  78.63933
4448.72299706152  57.14715
4448.88280543298  71.54388
4449.04261380444  68.47065
4449.2024221759  61.2046
4449.36223054736  57.69639
4449.52203891882  46.30931
4449.68184729028  47.23602
4449.84165566174  94.61005
4450.0014640332  83.28754
4450.16127240465  63.72664
4450.32108077612  83.99567
4450.48088914757  43.10545
4450.64069751904  46.39003
4450.80050589049  64.58483
4450.96031426195  88.37555
4451.12012263341  59.86154
4451.27993100487  105.8676
4451.43973937633  92.73294
4451.59954774779  55.70377
4451.75935611925  111.3501
4451.91916449071  103.0421
4452.07897286217  71.9125
4452.23878123363  69.04611
4452.39858960509  67.7401
4452.55839797655  84.04253
4452.71820634801  91.86063
4452.87801471947  35.61153
4453.03782309093  50.02263
4453.19763146239  82.58704
4453.35743983385  112.9446
4453.51724820531  90.51212
4453.67705657677  63.684
4453.83686494823  82.423
4453.99667331969  103.9358
4454.15648169115  67.35032
4454.31629006261  95.60925
4454.47609843407  60.08313
4454.63590680553  68.33113
4454.79571517699  82.34801
4454.95552354845  91.99089
4455.11533191991  98.07027
4455.27514029137  77.60502
4455.43494866283  90.55402
4455.59475703429  64.32876
4455.75456540575  54.35987
4455.91437377721  84.68619
4456.07418214867  90.39613
4456.23399052013  50.66932
4456.39379889158  45.3123
4456.55360726304  101.6795
4456.71341563451  104.3329
4456.87322400596  120.6039
4457.03303237742  99.30062
4457.19284074888  67.28613
4457.35264912034  89.10069
4457.5124574918  123.001
4457.67226586326  95.09966
4457.83207423472  96.36513
4457.99188260618  98.03029
4458.15169097764  120.4366
4458.3114993491  118.313
4458.47130772056  91.96561
4458.63111609202  73.94128
4458.79092446348  62.12684
4458.95073283494  82.39458
4459.1105412064  100.9695
4459.27034957786  122.7633
4459.43015794932  100.5163
4459.58996632078  111.3307
4459.74977469224  75.80021
4459.9095830637  84.00903
4460.06939143516  104.5183
4460.22919980662  93.09995
4460.38900817808  72.04163
4460.54881654954  103.4544
4460.708624921  99.50678
4460.86843329246  122.6242
4461.02824166392  74.20865
4461.18805003538  88.34695
4461.34785840684  113.7466
4461.5076667783  129.0318
4461.66747514976  82.82159
4461.82728352122  84.21605
4461.98709189268  125.4469
4462.14690026414  74.96313
4462.3067086356  99.37595
4462.46651700706  127.801
4462.62632537852  88.92635
4462.78613374998  108.9385
4462.94594212143  99.39481
4463.10575049289  61.68923
4463.26555886435  93.4417
4463.42536723581  121.2532
4463.58517560727  108.3944
4463.74498397873  77.41235
4463.90479235019  70.18156
4464.06460072165  60.76259
4464.22440909311  97.39774
4464.38421746457  122.6376
4464.54402583603  113.9712
4464.70383420749  114.3194
4464.86364257895  126.7847
4465.02345095041  123.7632
4465.18325932187  107.4797
4465.34306769333  103.7186
4465.50287606479  82.94903
4465.66268443625  51.43723
4465.82249280771  90.40015
4465.98230117917  123.6829
4466.14210955063  103.2883
4466.30191792209  101.8262
4466.46172629355  94.8054
4466.62153466501  92.31223
4466.78134303647  109.3024
4466.94115140793  96.2709
4467.10095977939  82.54064
4467.26076815085  96.23207
4467.42057652231  66.73824
4467.58038489377  60.33659
4467.74019326523  101.9948
4467.90000163669  128.467
4468.05981000815  103.8789
4468.21961837961  63.52585
4468.37942675107  91.89704
4468.53923512253  71.00234
4468.69904349399  76.70038
4468.85885186544  127.0463
4469.01866023691  89.04878
4469.17846860836  73.91417
4469.33827697982  71.66385
4469.49808535129  89.62818
4469.65789372274  108.0024
4469.8177020942  75.49731
4469.97751046566  123.7162
4470.13731883712  174.7486
4470.29712720858  124.2079
4470.45693558004  120.2396
4470.6167439515  133.5594
4470.77655232296  108.0278
4470.93636069442  94.22801
4471.09616906588  85.41497
4471.25597743734  81.9959
4471.4157858088  83.45641
4471.57559418026  64.65707
4471.73540255172  37.29723
4471.89521092318  73.92085
4472.05501929464  105.0698
4472.2148276661  138.6086
4472.37463603756  103.6147
4472.53444440902  84.59749
4472.69425278048  105.7707
4472.85406115194  126.7865
4473.0138695234  94.35979
4473.17367789486  93.45673
4473.33348626632  107.1956
4473.49329463778  78.00636
4473.65310300924  72.88332
4473.8129113807  39.39873
4473.97271975216  64.39503
4474.13252812362  111.4169
4474.29233649508  103.8343
4474.45214486654  67.27489
4474.61195323799  90.04678
4474.77176160946  105.9647
4474.93156998091  86.95155
4475.09137835237  103.2097
4475.25118672383  95.29906
4475.41099509529  68.79979
4475.57080346675  76.19511
4475.73061183821  92.98435
4475.89042020967  86.72829
4476.05022858113  102.4315
4476.21003695259  85.55114
4476.36984532405  88.26861
4476.52965369551  90.11889
4476.68946206697  86.27704
4476.84927043843  72.15594
4477.00907880989  72.19887
4477.16888718135  72.43495
4477.32869555281  107.8088
4477.48850392427  146.2754
4477.64831229573  126.805
4477.80812066719  100.7803
4477.96792903865  104.8345
4478.12773741011  135.9744
4478.28754578157  150.0735
4478.44735415303  202.0534
4478.60716252449  203.2952
4478.76697089595  119.5863
4478.92677926741  97.41648
4479.08658763887  111.4215
4479.24639601033  88.19614
4479.40620438179  93.77307
4479.56601275325  101.962
4479.72582112471  100.6521
4479.88562949617  108.6297
4480.04543786763  93.48524
4480.20524623909  82.15376
4480.36505461055  89.8307
4480.52486298201  95.48538
4480.68467135347  96.93925
4480.84447972493  92.43343
4481.00428809639  84.75948
4481.16409646785  55.57962
4481.32390483931  95.051
4481.48371321076  128.846
4481.64352158222  96.53718
4481.80332995368  118.6854
4481.96313832514  150.6478
4482.1229466966  107.2958
4482.28275506806  99.17117
4482.44256343952  104.7916
4482.60237181098  85.33979
4482.76218018244  115.5982
4482.9219885539  103.2638
4483.08179692536  102.4829
4483.24160529682  34.50571
4483.40141366828  62.24967
4483.56122203974  84.32625
4483.7210304112  52.36988
4483.88083878266  78.35919
4484.04064715412  91.48985
4484.20045552558  92.35035
4484.36026389704  38.93869
4484.5200722685  82.09563
4484.67988063996  70.50861
4484.83968901142  78.35068
4484.99949738288  55.83162
4485.15930575434  46.50962
4485.3191141258  69.53615
4485.47892249726  70.38253
4485.63873086872  71.81748
4485.79853924018  119.0401
4485.95834761164  123.2184
4486.1181559831  87.14385
4486.27796435456  74.18827
4486.43777272602  74.98923
4486.59758109748  64.38557
4486.75738946894  18.49165
4486.9171978404  45.7431
4487.07700621186  78.45242
4487.23681458331  140.7193
4487.39662295477  71.23176
4487.55643132624  94.47868
4487.71623969769  96.93871
4487.87604806915  108.7217
4488.03585644061  74.64516
4488.19566481207  104.6731
4488.35547318353  72.97076
4488.51528155499  72.504
4488.67508992645  55.05283
4488.83489829791  83.08511
4488.99470666937  58.95969
4489.15451504083  60.28691
4489.31432341229  108.4463
4489.47413178375  81.26919
4489.63394015521  94.69591
4489.79374852667  120.1798
4489.95355689813  81.99783
4490.11336526959  110.2513
4490.27317364105  97.67799
4490.43298201251  74.85652
4490.59279038397  113.2242
4490.75259875543  102.4505
4490.91240712689  82.88763
4491.07221549835  116.1175
4491.23202386981  97.51367
4491.39183224127  97.81552
4491.55164061273  116.0006
4491.71144898419  105.6773
4491.87125735565  67.26797
4492.03106572711  67.4
4492.19087409857  92.97354
4492.35068247003  77.07233
4492.51049084149  62.32459
4492.67029921295  97.08305
4492.83010758441  142.6859
4492.98991595587  62.4146
4493.14972432733  50.20738
4493.30953269878  73.01649
4493.46934107025  61.59378
4493.6291494417  53.45201
4493.78895781316  71.65106
4493.94876618462  81.87141
4494.10857455608  62.31138
4494.26838292754  23.88766
4494.428191299  67.67954
4494.58799967046  117.8773
4494.74780804192  98.67513
4494.90761641338  79.78588
4495.06742478484  66.49116
4495.2272331563  28.48403
4495.38704152776  54.16692
4495.54684989922  117.1746
4495.70665827068  80.78404
4495.86646664214  51.93048
4496.0262750136  96.19539
4496.18608338506  62.16877
4496.34589175652  111.3118
4496.50570012798  95.03951
4496.66550849944  65.31431
4496.8253168709  61.72787
4496.98512524236  78.67961
4497.14493361382  75.53561
4497.30474198528  45.90626
4497.46455035674  73.01149
4497.6243587282  47.51481
4497.78416709966  72.87852
4497.94397547112  81.02285
4498.10378384258  101.1797
4498.26359221404  87.2515
4498.4234005855  73.92462
4498.58320895696  83.16579
4498.74301732842  63.47109
4498.90282569988  61.90059
4499.06263407134  45.27398
4499.2224424428  47.58666
4499.38225081426  50.26847
4499.54205918572  67.8279
4499.70186755718  71.97708
4499.86167592863  83.88009
4500.02148430009  97.83275
4500.18129267155  74.03848
4500.34110104301  60.68145
4500.50090941447  79.98878
4500.66071778593  68.63895
4500.82052615739  101.5344
4500.98033452885  86.64525
4501.14014290031  93.68971
4501.29995127177  143.0043
4501.45975964323  75.90441
4501.61956801469  33.50597
4501.77937638615  75.7585
4501.93918475761  57.89613
4502.09899312907  55.13229
4502.25880150053  92.58369
4502.41860987199  77.39806
4502.57841824345  94.37059
4502.73822661491  103.1393
4502.89803498637  92.87045
4503.05784335783  114.236
4503.21765172929  68.79446
4503.37746010075  94.9648
4503.53726847221  119.4479
4503.69707684367  68.23181
4503.85688521513  82.29264
4504.01669358659  69.39648
4504.17650195805  87.26892
4504.33631032951  96.37208
4504.49611870097  78.19125
4504.65592707243  82.06989
4504.81573544389  55.10912
4504.97554381535  37.57844
4505.13535218681  50.04267
4505.29516055827  80.51438
4505.45496892973  87.76358
4505.61477730119  61.02757
4505.77458567264  46.49967
4505.93439404411  72.69183
4506.09420241556  71.11848
4506.25401078702  73.41084
4506.41381915848  71.88126
4506.57362752994  63.90973
4506.7334359014  65.63226
4506.89324427286  71.26728
4507.05305264432  33.00482
4507.21286101578  61.9762
4507.37266938724  69.15595
4507.5324777587  59.67971
4507.69228613016  41.86525
4507.85209450162  81.35976
4508.01190287308  81.27988
4508.17171124454  36.3807
4508.331519616  49.85566
4508.49132798746  79.82141
4508.65113635892  68.24482
4508.81094473038  76.36416
4508.97075310184  50.31897
4509.1305614733  54.94004
4509.29036984476  89.18708
4509.45017821622  86.58512
4509.60998658768  25.39432
4509.76979495914  34.47929
4509.9296033306  105.1963
4510.08941170206  79.77415
4510.24922007352  57.99779
4510.40902844498  46.45928
4510.56883681644  57.98031
4510.7286451879  90.08852
4510.88845355936  -0.7364386
4511.04826193082  48.71577
4511.20807030228  54.39484
4511.36787867374  1.665427
4511.52768704519  66.91332
4511.68749541666  78.5045
4511.84730378811  19.82333
4512.00711215957  54.35478
4512.16692053103  79.42519
4512.32672890249  76.68656
4512.48653727395  101.4219
4512.64634564541  91.54577
4512.80615401687  50.37637
4512.96596238833  43.91559
4513.12577075979  70.92189
4513.28557913125  79.74621
4513.44538750271  76.26429
4513.60519587417  104.5046
4513.76500424563  20.76603
4513.92481261709  44.84739
4514.08462098855  71.26116
4514.24442936001  30.73055
4514.40423773147  39.41837
4514.56404610293  22.16453
4514.72385447439  66.70131
4514.88366284585  118.2172
4515.04347121731  85.39891
4515.20327958877  7.268734
4515.36308796023  22.17111
4515.52289633169  19.0936
4515.68270470315  43.94915
4515.84251307461  92.65252
4516.00232144607  43.50048
4516.16212981753  21.96086
4516.32193818899  40.38485
4516.48174656045  29.98865
4516.64155493191  63.55859
4516.80136330337  53.94071
4516.96117167483  -16.44532
4517.12098004629  62.01143
4517.28078841775  69.27633
4517.44059678921  33.26568
4517.60040516067  108.5487
4517.76021353213  29.47262
4517.92002190359  19.92623
4518.07983027505  9.443571
4518.2396386465  48.84665
4518.39944701796  79.01725
4518.55925538942  67.06351
4518.71906376088  62.69457
4518.87887213234  33.43354
4519.0386805038  52.4347
4519.19848887526  29.98267
4519.35829724672  52.60018
4519.51810561818  54.62096
4519.67791398964  9.148819
4519.8377223611  61.96662
4519.99753073256  57.65916
4520.15733910402  36.95187
4520.31714747548  37.28264
4520.47695584694  13.8828
4520.6367642184  47.73046
4520.79657258986  33.52625
4520.95638096132  37.44307
4521.11618933278  57.27886
4521.27599770424  74.96117
4521.4358060757  48.38905
4521.59561444716  45.78215
4521.75542281862  45.39977
4521.91523119008  25.70935
4522.07503956154  28.12314
4522.234847933  12.5244
4522.39465630446  52.41373
4522.55446467592  77.12822
4522.71427304738  32.83445
4522.87408141884  60.99583
4523.0338897903  55.57263
4523.19369816176  47.48203
4523.35350653322  20.88929
4523.51331490468  24.20905
4523.67312327614  78.53097
4523.8329316476  52.67777
4523.99274001906  26.33062
4524.15254839052  49.80478
4524.31235676197  41.4064
4524.47216513344  16.6952
4524.63197350489  5.702981
4524.79178187635  38.84238
4524.95159024781  19.35444
4525.11139861927  -17.69094
4525.27120699073  44.66719
4525.43101536219  49.48618
4525.59082373365  22.84835
4525.75063210511  34.35061
4525.91044047657  61.12615
4526.07024884803  28.93979
4526.23005721949  33.34618
4526.38986559095  77.89085
4526.54967396241  47.53178
4526.70948233387  29.55941
4526.86929070533  64.77596
4527.02909907679  52.89224
4527.18890744825  36.17441
4527.34871581971  48.22985
4527.50852419117  12.26271
4527.66833256263  -16.17457
4527.82814093409  19.31133
4527.98794930555  75.79385
4528.14775767701  78.8043
4528.30756604847  21.41196
4528.46737441993  21.7867
4528.62718279139  1.748617
4528.78699116285  44.57774
4528.94679953431  78.50393
4529.10660790577  22.42027
4529.26641627723  23.92934
4529.42622464869  38.77252
4529.58603302015  9.440688
4529.74584139161  22.43504
4529.90564976307  50.56662
4530.06545813453  48.40664
4530.22526650599  50.87224
4530.38507487745  49.52261
4530.5448832489  14.96114
4530.70469162036  22.32839
4530.86449999182  27.93242
4531.02430836328  25.06708
4531.18411673474  44.54213
4531.3439251062  68.62144
4531.50373347766  79.04606
4531.66354184912  36.53416
4531.82335022058  5.979412
4531.98315859204  59.53772
4532.1429669635  75.62135
4532.30277533496  21.70146
4532.46258370642  29.68826
4532.62239207788  41.16343
4532.78220044934  47.2723
4532.9420088208  55.82515
4533.10181719226  0.642191
4533.26162556372  16.28717
4533.42143393518  2.774668
4533.58124230664  27.34966
4533.7410506781  30.82841
4533.90085904956  -16.98409
4534.06066742102  38.82002
4534.22047579248  38.20273
4534.38028416394  11.84279
4534.5400925354  -21.17111
4534.69990090686  -7.650177
4534.85970927832  42.94467
4535.01951764978  -17.3955
4535.17932602124  -5.535713
4535.3391343927  -12.35525
4535.49894276416  18.76533
4535.65875113562  18.98959
4535.81855950708  -27.27406
4535.97836787854  -31.84831
4536.13817625  12.74668
4536.29798462146  18.88769
4536.45779299291  26.1382
4536.61760136437  4.887523
4536.77740973583  10.84284
4536.93721810729  -1.682127
4537.09702647875  35.69506
4537.25683485021  48.7937
4537.41664322167  20.00432
4537.57645159313  28.57365
4537.73625996459  37.1574
4537.89606833605  37.54407
4538.05587670751  -15.34173
4538.21568507897  10.17725
4538.37549345043  4.120165
4538.53530182189  34.28545
4538.69511019335  16.38222
4538.85491856481  -2.193254
4539.01472693627  8.024858
4539.17453530773  0.865168
4539.33434367919  12.43818
4539.49415205065  21.47321
4539.65396042211  1.351968
4539.81376879357  3.124453
4539.97357716503  3.828124
4540.13338553649  -2.667883
4540.29319390795  40.66214
4540.45300227941  6.327188
4540.61281065087  21.79845
4540.77261902233  13.20533
4540.93242739379  -0.4454582
4541.09223576525  4.219338
4541.25204413671  8.126732
4541.41185250817  -2.527994
4541.57166087963  31.82219
4541.73146925109  13.26204
4541.89127762255  28.94483
4542.05108599401  11.86316
4542.21089436547  14.49884
4542.37070273693  33.22527
4542.53051110839  24.90972
4542.69031947984  -28.31866
4542.85012785131  -4.893275
4543.00993622276  24.25399
4543.16974459423  -16.07668
4543.32955296568  -0.9410279
4543.48936133714  12.21697
4543.6491697086  -10.45006
4543.80897808006  -33.01368
4543.96878645152  11.50703
4544.12859482298  -0.3820781
4544.28840319444  -1.228467
4544.4482115659  13.07961
4544.60801993736  1.247073
4544.76782830882  32.60223
4544.92763668028  -24.16677
4545.08744505174  3.221994
4545.2472534232  -22.72588
4545.40706179466  30.37427
4545.56687016612  14.58509
4545.72667853758  -3.764514
4545.88648690904  9.5667
4546.0462952805  -20.24872
4546.20610365196  -11.49544
4546.36591202342  1.225472
4546.52572039488  -21.22473
4546.68552876634  -31.18846
4546.8453371378  10.20359
4547.00514550926  41.08433
4547.16495388072  34.39808
4547.32476225218  -14.90401
4547.48457062364  9.597103
4547.6443789951  21.63721
4547.80418736656  4.888969
4547.96399573802  -0.4095342
4548.12380410948  -29.89907
4548.28361248094  42.33334
4548.4434208524  14.1606
4548.60322922386  3.426353
4548.76303759531  -13.28575
4548.92284596678  1.055782
4549.08265433823  -0.1056052
4549.24246270969  0.2978796
4549.40227108115  6.264617
4549.56207945261  19.6533
