4385.4081891245  19.71258
4385.5684655178  12.42969
4385.7287419111  -4.362051
4385.8890183044  -5.127387
4386.04929469771  -25.99451
4386.20957109101  -44.75096
4386.36984748431  -12.47173
4386.53012387761  -8.751672
4386.69040027092  -17.25998
4386.85067666422  3.93594
4387.01095305752  8.299728
4387.17122945082  2.511191
4387.33150584412  -7.186116
4387.49178223742  -19.2666
4387.65205863073  28.9598
4387.81233502403  -35.27491
4387.97261141733  -23.56845
4388.13288781063  -6.4754
4388.29316420393  -11.37535
4388.45344059724  -8.880721
4388.61371699054  -40.02199
4388.77399338384  -31.21448
4388.93426977714  -30.95124
4389.09454617044  -20.85124
4389.25482256375  -2.627162
4389.41509895705  -40.02056
4389.57537535035  -57.09454
4389.73565174365  2.385529
4389.89592813695  1.644724
4390.05620453026  13.98009
4390.21648092356  65.94985
4390.37675731686  45.22484
4390.53703371016  3.233324
4390.69731010346  -0.2996995
4390.85758649677  9.086643
4391.01786289007  17.41698
4391.17813928337  28.33517
4391.33841567667  43.25771
4391.49869206997  26.48569
4391.65896846328  34.78297
4391.81924485658  60.05017
4391.97952124988  44.30079
4392.13979764318  9.109466
4392.30007403648  7.600317
4392.46035042979  4.439746
4392.62062682309  -16.92397
4392.78090321639  18.50767
4392.94117960969  13.47206
4393.10145600299  -7.136822
4393.2617323963  -12.78227
4393.4220087896  1.692514
4393.5822851829  12.27624
4393.7425615762  -29.26245
4393.9028379695  -37.72591
4394.06311436281  21.19597
4394.22339075611  26.79312
4394.38366714941  -1.007696
4394.54394354271  -2.961771
4394.70421993601  4.560337
4394.86449632931  33.57285
4395.02477272262  28.71554
4395.18504911592  -66.52964
4395.34532550922  -51.9298
4395.50560190252  -7.602535
4395.66587829582  11.4127
4395.82615468913  -27.13177
4395.98643108243  -17.83221
4396.14670747573  -24.7754
4396.30698386903  -13.06038
4396.46726026233  34.67337
4396.62753665564  1.916818
4396.78781304894  -1.400081
4396.94808944224  -9.327029
4397.10836583554  -21.43093
4397.26864222884  42.6216
4397.42891862215  17.38987
4397.58919501545  -19.93008
4397.74947140875  -15.11051
4397.90974780205  14.66283
4398.07002419535  49.01549
4398.23030058866  35.02052
4398.39057698196  20.29514
4398.55085337526  32.30057
4398.71112976856  28.59454
4398.87140616186  16.72959
4399.03168255517  -41.46366
4399.19195894847  -40.47987
4399.35223534177  -2.794345
4399.51251173507  20.4502
4399.67278812837  18.7444
4399.83306452167  20.72039
4399.99334091498  34.22078
4400.15361730828  1.646822
4400.31389370158  39.82243
4400.47417009488  22.82899
4400.63444648819  -0.603205
4400.79472288149  29.66116
4400.95499927479  7.876436
4401.11527566809  -14.71079
4401.27555206139  -23.96327
4401.43582845469  -5.660052
4401.596104848  11.23943
4401.7563812413  -7.821955
4401.9166576346  51.58177
4402.0769340279  89.58683
4402.2372104212  9.572596
4402.39748681451  -43.88343
4402.55776320781  -23.89765
4402.71803960111  9.973844
4402.87831599441  -10.96597
4403.03859238771  -28.76522
4403.19886878102  -9.869362
4403.35914517432  37.79509
4403.51942156762  13.74959
4403.67969796092  -22.75766
4403.83997435422  43.62993
4404.00025074753  15.90573
4404.16052714083  -10.17138
4404.32080353413  -5.646375
4404.48107992743  42.63896
4404.64135632073  16.20814
4404.80163271404  -15.32771
4404.96190910734  26.62852
4405.12218550064  34.18298
4405.28246189394  47.25452
4405.44273828724  41.16116
4405.60301468054  25.40997
4405.76329107385  59.93849
4405.92356746715  47.42944
4406.08384386045  5.20826
4406.24412025375  27.90301
4406.40439664706  52.54383
4406.56467304036  41.06067
4406.72494943366  19.32223
4406.88522582696  -6.749742
4407.04550222026  -6.55589
4407.20577861356  16.63267
4407.36605500687  49.82601
4407.52633140017  53.57461
4407.68660779347  16.52998
4407.84688418677  -13.15199
4408.00716058008  -22.42211
4408.16743697338  -21.54504
4408.32771336668  7.063092
4408.48798975998  18.51932
4408.64826615328  8.704437
4408.80854254658  53.77019
4408.96881893989  -2.240857
4409.12909533319  -48.26661
4409.28937172649  -21.8854
4409.44964811979  12.26012
4409.60992451309  12.52105
4409.7702009064  12.99933
4409.9304772997  -35.79179
4410.090753693  -25.17687
4410.2510300863  55.74461
4410.4113064796  72.55909
4410.57158287291  48.54799
4410.73185926621  9.357729
4410.89213565951  -20.45584
4411.05241205281  13.88006
4411.21268844611  2.838223
4411.37296483942  -18.97823
4411.53324123272  -18.93549
4411.69351762602  40.35266
4411.85379401932  81.88025
4412.01407041262  14.96149
4412.17434680592  1.74655
4412.33462319923  38.71491
4412.49489959253  21.99586
4412.65517598583  7.125347
4412.81545237913  29.04575
4412.97572877244  -1.650631
4413.13600516574  -21.98265
4413.29628155904  26.00875
4413.45655795234  36.51479
4413.61683434564  49.52201
4413.77711073894  60.82248
4413.93738713225  13.69391
4414.09766352555  32.29802
4414.25793991885  26.52411
4414.41821631215  9.93548
4414.57849270545  24.46048
4414.73876909876  62.93542
4414.89904549206  40.17891
4415.05932188536  -16.57811
4415.21959827866  2.174319
4415.37987467196  20.65043
4415.54015106527  27.56026
4415.70042745857  46.80814
4415.86070385187  26.76289
4416.02098024517  49.32275
4416.18125663847  16.24623
4416.34153303178  7.463176
4416.50180942508  47.76958
4416.66208581838  29.40022
4416.82236221168  6.623885
4416.98263860498  25.31885
4417.14291499829  56.54925
4417.30319139159  40.1262
4417.46346778489  -2.837546
4417.62374417819  18.16456
4417.78402057149  22.43934
4417.9442969648  72.89973
4418.1045733581  50.99194
4418.2648497514  28.00654
4418.4251261447  21.95856
4418.585402538  10.09806
4418.74567893131  60.05339
4418.90595532461  16.66208
4419.06623171791  10.02694
4419.22650811121  36.58184
4419.38678450451  8.610648
4419.54706089781  14.08344
4419.70733729112  37.86375
4419.86761368442  -4.223917
4420.02789007772  -3.793537
4420.18816647102  24.74758
4420.34844286433  9.36357
4420.50871925763  -3.377959
4420.66899565093  -3.001047
4420.82927204423  18.38594
4420.98954843753  54.44227
4421.14982483083  34.21109
4421.31010122414  1.357249
4421.47037761744  14.40652
4421.63065401074  6.517205
4421.79093040404  10.0835
4421.95120679734  13.21576
4422.11148319065  -21.18344
4422.27175958395  -29.73845
4422.43203597725  16.92639
4422.59231237055  39.33271
4422.75258876385  35.116
4422.91286515716  81.93538
4423.07314155046  42.71233
4423.23341794376  -8.49637
4423.39369433706  -8.643133
4423.55397073036  -16.26725
4423.71424712367  36.82824
4423.87452351697  66.24146
4424.03479991027  8.38411
4424.19507630357  12.95624
4424.35535269687  34.77743
4424.51562909017  39.15007
4424.67590548348  42.49496
4424.83618187678  52.07178
4424.99645827008  63.63702
4425.15673466338  30.40875
4425.31701105669  19.15801
4425.47728744999  47.93348
4425.63756384329  53.90699
4425.79784023659  13.04839
4425.95811662989  -12.04404
4426.1183930232  19.20478
4426.2786694165  -60.31752
4426.4389458098  31.20843
4426.5992222031  31.39696
4426.7594985964  78.73925
4426.9197749897  17.9845
4427.08005138301  16.45496
4427.24032777631  15.01274
4427.40060416961  25.92974
4427.56088056291  10.14591
4427.72115695621  -13.34146
4427.88143334952  21.39256
4428.04170974282  63.41783
4428.20198613612  58.91228
4428.36226252942  33.05953
4428.52253892272  27.56263
4428.68281531603  66.97169
4428.84309170933  9.418526
4429.00336810263  -12.67456
4429.16364449593  2.767442
4429.32392088923  33.55315
4429.48419728254  52.42699
4429.64447367584  47.85907
4429.80475006914  20.60041
4429.96502646244  50.11314
4430.12530285574  40.57734
4430.28557924905  0.8991001
4430.44585564235  43.55928
4430.60613203565  54.43213
4430.76640842895  62.96074
4430.92668482225  55.33416
4431.08696121556  9.420447
4431.24723760886  17.72857
4431.40751400216  43.13357
4431.56779039546  9.050699
4431.72806678876  -14.66978
4431.88834318206  -14.07008
4432.04861957537  22.84167
4432.20889596867  24.70727
4432.36917236197  7.56953
4432.52944875527  8.90427
4432.68972514858  20.11839
4432.85000154188  41.61625
4433.01027793518  67.90707
4433.17055432848  33.53917
4433.33083072178  16.89693
4433.49110711508  30.72041
4433.65138350839  30.71811
4433.81165990169  57.86742
4433.97193629499  18.82977
4434.13221268829  57.36966
4434.29248908159  55.96392
4434.4527654749  16.87943
4434.6130418682  22.1478
4434.7733182615  32.09874
4434.9335946548  10.63989
4435.0938710481  12.12667
4435.25414744141  35.1793
4435.41442383471  24.64113
4435.57470022801  14.35143
4435.73497662131  59.10374
4435.89525301461  32.10343
4436.05552940792  24.73989
4436.21580580122  59.34003
4436.37608219452  66.48611
4436.53635858782  45.60024
4436.69663498112  3.79489
4436.85691137443  28.62636
4437.01718776773  59.21479
4437.17746416103  53.85604
4437.33774055433  39.35387
4437.49801694763  27.48445
4437.65829334094  10.60638
4437.81856973424  8.691539
4437.97884612754  -1.953258
4438.13912252084  -7.190337
4438.29939891414  52.10509
4438.45967530744  19.54083
4438.61995170075  21.4593
4438.78022809405  44.24292
4438.94050448735  29.42191
4439.10078088065  38.99277
4439.26105727395  46.75732
4439.42133366726  80.61455
4439.58161006056  67.3154
4439.74188645386  -21.46459
4439.90216284716  -18.34293
4440.06243924046  25.00973
4440.22271563377  52.83906
4440.38299202707  33.8959
4440.54326842037  29.35803
4440.70354481367  12.01229
4440.86382120697  41.98407
4441.02409760028  66.68749
4441.18437399358  60.09626
4441.34465038688  44.77335
4441.50492678018  27.27224
4441.66520317348  43.72756
4441.82547956679  88.97925
4441.98575596009  15.40101
4442.14603235339  11.85208
4442.30630874669  74.47955
4442.46658513999  66.26286
4442.6268615333  30.7481
4442.7871379266  78.50608
4442.9474143199  104.9422
4443.1076907132  71.17378
4443.2679671065  15.91633
4443.42824349981  40.09344
4443.58851989311  76.95914
4443.74879628641  46.59387
4443.90907267971  15.58898
4444.06934907301  37.59179
4444.22962546631  57.23285
4444.38990185962  39.27948
4444.55017825292  56.40334
4444.71045464622  63.04615
4444.87073103952  55.43415
4445.03100743283  54.25254
4445.19128382613  17.25526
4445.35156021943  5.153101
4445.51183661273  36.12463
4445.67211300603  55.08341
4445.83238939934  32.38453
4445.99266579264  32.6647
4446.15294218594  53.28379
4446.31321857924  40.00496
4446.47349497254  34.74268
4446.63377136584  34.35328
4446.79404775915  20.27554
4446.95432415245  53.16278
4447.11460054575  54.44376
4447.27487693905  85.37001
4447.43515333235  69.91823
4447.59542972566  -2.337188
4447.75570611896  18.52801
4447.91598251226  33.86505
4448.07625890556  -2.867115
4448.23653529886  25.73911
4448.39681169217  40.73507
4448.55708808547  47.01769
4448.71736447877  13.66509
4448.87764087207  57.90253
4449.03791726537  26.76056
4449.19819365868  -25.87766
4449.35847005198  -6.369988
4449.51874644528  13.25468
4449.67902283858  -7.997463
4449.83929923188  17.57884
4449.99957562519  39.22028
4450.15985201849  52.23541
4450.32012841179  49.66907
4450.48040480509  28.53062
4450.64068119839  -2.337252
4450.80095759169  21.73347
4450.961233985  -15.34303
4451.1215103783  46.02261
4451.2817867716  21.23712
4451.4420631649  6.488949
4451.6023395582  40.62106
4451.76261595151  78.84495
4451.92289234481  13.98829
4452.08316873811  -30.36779
4452.24344513141  26.42748
4452.40372152471  51.73812
4452.56399791802  73.01125
4452.72427431132  62.83254
4452.88455070462  32.18179
4453.04482709792  43.1532
4453.20510349122  65.01649
4453.36537988453  57.17982
4453.52565627783  77.86409
4453.68593267113  76.03936
4453.84620906443  13.84582
4454.00648545773  26.68975
4454.16676185104  52.87492
4454.32703824434  29.56437
4454.48731463764  45.19333
4454.64759103094  45.13176
4454.80786742424  36.98116
4454.96814381755  70.49276
4455.12842021085  71.6487
4455.28869660415  44.4821
4455.44897299745  28.9786
4455.60924939075  29.51741
4455.76952578406  53.82567
4455.92980217736  39.7323
4456.09007857066  7.897809
4456.25035496396  15.30305
4456.41063135726  -2.40987
4456.57090775057  14.35187
4456.73118414387  33.26209
4456.89146053717  26.64148
4457.05173693047  73.84502
4457.21201332377  35.44716
4457.37228971708  7.236353
4457.53256611038  26.38841
4457.69284250368  4.683335
4457.85311889698  33.99773
4458.01339529028  58.29513
4458.17367168358  69.14684
4458.33394807689  56.3392
4458.49422447019  51.31565
4458.65450086349  5.097316
4458.81477725679  21.99902
4458.97505365009  48.13447
4459.1353300434  35.65403
4459.2956064367  37.40019
4459.45588283  47.79594
4459.6161592233  55.23845
4459.7764356166  26.72059
4459.93671200991  41.60526
4460.09698840321  41.11335
4460.25726479651  25.75098
4460.41754118981  64.81364
4460.57781758311  63.94323
4460.73809397642  45.65121
4460.89837036972  54.55803
4461.05864676302  78.58616
4461.21892315632  40.96446
4461.37919954962  7.13607
4461.53947594293  44.9134
4461.69975233623  67.57968
4461.86002872953  53.19114
4462.02030512283  38.1511
4462.18058151613  50.18508
4462.34085790944  71.15133
4462.50113430274  86.44531
4462.66141069604  36.64123
4462.82168708934  23.80301
4462.98196348264  54.55061
4463.14223987595  58.42249
4463.30251626925  10.01489
4463.46279266255  71.18927
4463.62306905585  71.82253
4463.78334544915  37.63578
4463.94362184246  52.52118
4464.10389823576  -3.086733
4464.26417462906  57.17883
4464.42445102236  38.20051
4464.58472741566  19.78157
4464.74500380896  32.38731
4464.90528020227  69.12872
4465.06555659557  -0.4533202
4465.22583298887  -19.08852
4465.38610938217  17.69728
4465.54638577548  10.89319
4465.70666216878  52.26377
4465.86693856208  62.07971
4466.02721495538  89.59858
4466.18749134868  35.0654
4466.34776774198  11.80958
4466.50804413529  66.99002
4466.66832052859  67.57215
4466.82859692189  51.47664
4466.98887331519  8.338964
4467.14914970849  22.6878
4467.3094261018  8.343572
4467.4697024951  -16.05226
4467.6299788884  2.864358
4467.7902552817  19.48362
4467.950531675  -21.32095
4468.11080806831  41.39464
4468.27108446161  69.81603
4468.43136085491  64.12413
4468.59163724821  70.3024
4468.75191364151  -7.892662
4468.91219003482  1.043533
4469.07246642812  31.78202
4469.23274282142  19.09216
4469.39301921472  -3.472306
4469.55329560802  66.66689
4469.71357200133  72.79433
4469.87384839463  41.09711
4470.03412478793  41.91139
4470.19440118123  25.31569
4470.35467757453  44.87134
4470.51495396783  23.542
4470.67523036114  52.29482
4470.83550675444  59.83541
4470.99578314774  40.59856
4471.15605954104  61.05548
4471.31633593434  31.0522
4471.47661232765  40.61031
4471.63688872095  1.377885
4471.79716511425  38.04218
4471.95744150755  27.97672
4472.11771790085  16.02656
4472.27799429416  16.22844
4472.43827068746  5.253067
4472.59854708076  57.31484
4472.75882347406  83.15851
4472.91909986736  83.08522
4473.07937626067  60.32441
4473.23965265397  68.46614
4473.39992904727  64.0741
4473.56020544057  40.26916
4473.72048183387  59.30993
4473.88075822718  61.29452
4474.04103462048  54.42541
4474.20131101378  71.31943
4474.36158740708  120.6469
4474.52186380038  65.46203
4474.68214019369  61.47631
4474.84241658699  62.12756
4475.00269298029  63.08876
4475.16296937359  27.9431
4475.32324576689  27.34395
4475.48352216019  34.36751
4475.6437985535  83.69214
4475.8040749468  93.58331
4475.9643513401  90.18311
4476.1246277334  47.14204
4476.28490412671  16.75533
4476.44518052001  78.19919
4476.60545691331  80.70617
4476.76573330661  42.85016
4476.92600969991  59.05303
4477.08628609321  10.09635
4477.24656248652  30.92171
4477.40683887982  46.84074
4477.56711527312  96.7606
4477.72739166642  57.82959
4477.88766805972  65.79356
4478.04794445303  31.50561
4478.20822084633  28.7513
4478.36849723963  37.45117
4478.52877363293  32.26487
4478.68905002623  36.01211
4478.84932641954  -1.844606
4479.00960281284  50.76791
4479.16987920614  71.75699
4479.33015559944  65.67179
4479.49043199274  11.27403
4479.65070838605  33.43878
4479.81098477935  61.00422
4479.97126117265  33.13261
4480.13153756595  20.43294
4480.29181395925  51.3786
4480.45209035256  39.16778
4480.61236674586  4.670523
4480.77264313916  35.58725
4480.93291953246  74.72513
4481.09319592576  46.58352
4481.25347231907  19.47746
4481.41374871237  40.97493
4481.57402510567  4.732802
4481.73430149897  10.92065
4481.89457789227  52.37857
4482.05485428558  43.39155
4482.21513067888  -14.52902
4482.37540707218  21.52839
4482.53568346548  47.88062
4482.69595985878  31.25175
4482.85623625209  43.17587
4483.01651264539  51.9831
4483.17678903869  72.19135
4483.33706543199  65.77016
4483.49734182529  10.85136
4483.65761821859  28.5428
4483.8178946119  55.04203
4483.9781710052  33.6643
4484.1384473985  46.66976
4484.2987237918  38.41357
4484.4590001851  44.24433
4484.61927657841  40.226
4484.77955297171  22.6426
4484.93982936501  43.9025
4485.10010575831  66.11725
4485.26038215161  59.22109
4485.42065854492  59.72415
4485.58093493822  56.74997
4485.74121133152  13.61641
4485.90148772482  45.04517
4486.06176411812  51.78471
4486.22204051143  3.489532
4486.38231690473  43.34131
4486.54259329803  0.4579016
4486.70286969133  15.10714
4486.86314608463  57.57378
4487.02342247794  48.73875
4487.18369887124  23.11475
4487.34397526454  40.85314
4487.50425165784  29.67584
4487.66452805114  41.81189
4487.82480444445  29.25899
4487.98508083775  69.69218
4488.14535723105  55.78538
4488.30563362435  58.06053
4488.46591001765  43.91035
4488.62618641096  27.37117
4488.78646280426  64.01842
4488.94673919756  32.95218
4489.10701559086  44.48363
4489.26729198416  17.65622
4489.42756837747  48.13522
4489.58784477077  38.74553
4489.74812116407  5.291327
4489.90839755737  42.52847
4490.06867395067  42.54485
4490.22895034397  66.65225
4490.38922673728  82.93264
4490.54950313058  56.97046
4490.70977952388  26.61402
4490.87005591718  34.04447
4491.03033231048  66.25586
4491.19060870379  51.8511
4491.35088509709  53.17042
4491.51116149039  40.06786
4491.67143788369  33.0192
4491.83171427699  41.40723
4491.9919906703  70.17349
4492.1522670636  58.4588
4492.3125434569  24.39793
4492.4728198502  -33.07959
4492.6330962435  16.79733
4492.79337263681  16.8677
4492.95364903011  4.361569
4493.11392542341  21.83602
4493.27420181671  12.44556
4493.43447821001  48.49605
4493.59475460332  35.65383
4493.75503099662  24.89792
4493.91530738992  -10.98767
4494.07558378322  43.05348
4494.23586017652  92.44565
4494.39613656983  79.574
4494.55641296313  35.93191
4494.71668935643  30.38454
4494.87696574973  2.095328
4495.03724214303  2.092987
4495.19751853633  45.4628
4495.35779492964  -9.487607
4495.51807132294  -13.17887
4495.67834771624  27.32307
4495.83862410954  -2.550562
4495.99890050285  26.48896
4496.15917689615  18.81754
4496.31945328945  16.22281
4496.47972968275  51.27699
4496.64000607605  65.41058
4496.80028246935  39.09851
4496.96055886266  72.95095
4497.12083525596  86.4043
4497.28111164926  53.38587
4497.44138804256  27.31616
4497.60166443586  58.1259
4497.76194082917  46.59213
4497.92221722247  20.11044
4498.08249361577  -4.064372
4498.24277000907  22.90219
4498.40304640237  37.03175
4498.56332279568  16.62896
4498.72359918898  0.8086056
4498.88387558228  -0.4600565
4499.04415197558  46.0002
4499.20442836888  69.83022
4499.36470476219  95.86014
4499.52498115549  49.74441
4499.68525754879  40.45953
4499.84553394209  13.50593
4500.00581033539  -4.512939
4500.1660867287  110.2793
4500.326363122  27.08151
4500.4866395153  36.16515
4500.6469159086  45.11805
4500.8071923019  51.53305
4500.96746869521  54.67788
4501.12774508851  44.52471
4501.28802148181  31.40595
4501.44829787511  24.88052
4501.60857426841  2.662879
4501.76885066171  -30.0167
4501.92912705502  -6.557703
4502.08940344832  28.32957
4502.24967984162  66.46599
4502.40995623492  80.69586
4502.57023262823  36.52059
4502.73050902153  78.14336
4502.89078541483  53.97875
4503.05106180813  29.99509
4503.21133820143  36.9975
4503.37161459473  19.38528
4503.53189098804  -4.725671
4503.69216738134  23.87473
4503.85244377464  24.448
4504.01272016794  45.12606
4504.17299656124  4.900101
4504.33327295455  50.7659
4504.49354934785  65.62353
4504.65382574115  51.63482
4504.81410213445  48.96572
4504.97437852775  60.11538
4505.13465492106  52.86313
4505.29493131436  12.23495
4505.45520770766  24.77664
4505.61548410096  31.76064
4505.77576049426  37.16057
4505.93603688757  33.25032
4506.09631328087  20.51942
4506.25658967417  64.63967
4506.41686606747  93.22641
4506.57714246077  35.30962
4506.73741885408  22.80658
4506.89769524738  -2.166316
4507.05797164068  13.0926
4507.21824803398  -16.21502
4507.37852442728  36.453
4507.53880082059  12.93258
4507.69907721389  -13.00436
4507.85935360719  21.41245
4508.01963000049  36.36534
4508.17990639379  21.74345
4508.3401827871  1.503182
4508.5004591804  46.61862
4508.6607355737  58.47686
4508.821011967  31.18942
4508.9812883603  25.31687
4509.14156475361  35.88254
4509.30184114691  -5.902688
4509.46211754021  -14.48388
4509.62239393351  15.25832
4509.78267032681  26.69856
4509.94294672011  57.604
4510.10322311342  31.75541
4510.26349950672  -4.536034
4510.42377590002  41.88931
4510.58405229332  19.81184
4510.74432868663  70.04958
4510.90460507993  72.3997
4511.06488147323  63.42342
4511.22515786653  21.31813
4511.38543425983  32.52362
4511.54571065313  57.64793
4511.70598704644  51.0282
4511.86626343974  24.69665
4512.02653983304  24.93706
4512.18681622634  15.84151
4512.34709261964  44.27476
4512.50736901295  10.19535
4512.66764540625  20.33492
4512.82792179955  1.902685
4512.98819819285  37.83441
4513.14847458615  27.31584
4513.30875097946  -1.120997
4513.46902737276  5.798342
4513.62930376606  4.233874
4513.78958015936  -14.60087
4513.94985655266  -10.02921
4514.11013294596  -41.5046
4514.27040933927  12.20572
4514.43068573257  45.42144
4514.59096212587  -19.1195
4514.75123851917  32.17516
4514.91151491248  3.907976
4515.07179130578  -19.34487
4515.23206769908  15.33873
4515.39234409238  -15.77943
4515.55262048568  51.88161
4515.71289687899  16.45379
4515.87317327229  30.05526
4516.03344966559  36.61349
4516.19372605889  16.49014
4516.35400245219  9.51938
4516.51427884549  -19.5286
4516.6745552388  36.98453
4516.8348316321  60.65091
4516.9951080254  2.859104
4517.1553844187  -27.42741
4517.315660812  42.14504
4517.47593720531  -19.63744
4517.63621359861  47.89256
4517.79648999191  42.17867
4517.95676638521  12.64265
4518.11704277851  19.0519
4518.27731917182  -4.14468
4518.43759556512  9.882262
4518.59787195842  8.945784
4518.75814835172  39.00334
4518.91842474502  43.06847
4519.07870113833  46.88147
4519.23897753163  49.90129
4519.39925392493  -2.574395
4519.55953031823  -26.22293
4519.71980671153  -23.82683
4519.88008310484  28.0922
4520.04035949814  14.89694
4520.20063589144  8.057642
4520.36091228474  9.323339
4520.52118867804  36.98638
4520.68146507134  73.50337
4520.84174146465  20.25798
4521.00201785795  -2.814492
4521.16229425125  -2.20904
4521.32257064455  35.94097
4521.48284703785  -6.55584
4521.64312343116  23.53879
4521.80339982446  11.42085
4521.96367621776  27.17164
4522.12395261106  21.05847
4522.28422900436  19.67533
4522.44450539767  59.02975
4522.60478179097  47.76231
4522.76505818427  2.328813
4522.92533457757  7.680063
4523.08561097088  -8.323632
4523.24588736418  1.95675
4523.40616375748  1.315966
4523.56644015078  2.056027
4523.72671654408  1.686631
4523.88699293738  -5.068918
4524.04726933069  38.82781
4524.20754572399  0.3290175
4524.36782211729  3.042052
4524.52809851059  71.38611
4524.68837490389  16.71041
4524.8486512972  2.675606
4525.0089276905  9.073737
4525.1692040838  5.635275
4525.3294804771  21.95427
4525.4897568704  44.70256
4525.65003326371  9.573435
4525.81030965701  10.34773
4525.97058605031  -11.72773
4526.13086244361  17.20903
4526.29113883691  34.02477
4526.45141523022  21.09771
4526.61169162352  29.26407
4526.77196801682  13.27409
4526.93224441012  7.847528
4527.09252080342  0.3017165
4527.25279719673  31.24874
4527.41307359003  40.99084
4527.57334998333  -26.02631
4527.73362637663  11.94818
4527.89390276993  -8.863726
4528.05417916324  5.745352
4528.21445555654  -0.262692
4528.37473194984  -18.28388
4528.53500834314  -28.85609
4528.69528473644  22.28291
4528.85556112975  64.75922
4529.01583752305  70.34279
4529.17611391635  54.0102
4529.33639030965  -6.883545
4529.49666670295  -6.021685
4529.65694309625  4.638968
4529.81721948956  17.97235
4529.97749588286  -3.11068
4530.13777227616  -9.262713
4530.29804866946  -25.9036
4530.45832506277  3.555061
4530.61860145607  33.47932
4530.77887784937  14.90408
4530.93915424267  -18.65645
4531.09943063597  26.21413
4531.25970702927  36.9616
4531.41998342258  -5.077595
4531.58025981588  25.62458
4531.74053620918  10.60133
4531.90081260248  44.77513
4532.06108899578  6.593111
4532.22136538909  31.11712
4532.38164178239  -5.766191
4532.54191817569  -1.748588
4532.70219456899  -9.393522
4532.86247096229  -52.09536
4533.0227473556  -5.481459
4533.1830237489  -20.64338
4533.3433001422  -11.72175
4533.5035765355  -12.25454
4533.6638529288  -5.235324
4533.8241293221  -54.87075
4533.98440571541  -27.66897
4534.14468210871  31.49956
4534.30495850201  -7.89688
4534.46523489531  -8.728298
4534.62551128862  -0.2020389
4534.78578768192  -23.48196
4534.94606407522  10.76825
4535.10634046852  -21.90404
4535.26661686182  15.1961
4535.42689325513  36.24956
4535.58716964843  12.47585
4535.74744604173  -17.05922
4535.90772243503  3.025509
4536.06799882833  33.75023
4536.22827522163  -73.04935
4536.38855161494  -13.39645
4536.54882800824  14.81188
4536.70910440154  11.8216
4536.86938079484  19.98145
4537.02965718814  -6.273676
4537.18993358145  -32.36041
4537.35020997475  -10.34382
4537.51048636805  22.30604
4537.67076276135  -14.41202
4537.83103915465  9.15836
4537.99131554796  -16.44595
4538.15159194126  16.90242
4538.31186833456  -22.00878
4538.47214472786  2.307235
4538.63242112116  10.69774
4538.79269751446  5.122322
4538.95297390777  -18.96273
4539.11325030107  -3.066787
4539.27352669437  6.855474
4539.43380308767  5.162539
4539.59407948098  -0.1977356
4539.75435587428  -57.37902
4539.91463226758  -1.182685
4540.07490866088  15.95151
4540.23518505418  -30.53254
4540.39546144749  27.06056
4540.55573784079  -0.6539139
4540.71601423409  13.63682
4540.87629062739  11.90104
4541.03656702069  26.8345
4541.19684341399  -14.22117
4541.3571198073  -9.063911
4541.5173962006  -20.47001
4541.6776725939  -15.78998
4541.8379489872  7.055984
4541.9982253805  41.6073
4542.15850177381  44.64286
4542.31877816711  15.80394
4542.47905456041  -18.53645
4542.63933095371  -19.77452
4542.79960734702  26.29267
4542.95988374032  1.130612
4543.12016013362  -16.18866
4543.28043652692  -31.38277
4543.44071292022  -24.96637
4543.60098931352  -1.620022
4543.76126570683  31.87712
4543.92154210013  -21.90452
4544.08181849343  -13.3647
4544.24209488673  -1.61288
4544.40237128003  -27.52247
4544.56264767334  -5.978214
4544.72292406664  1.846846
4544.88320045994  -12.32057
4545.04347685324  34.35329
4545.20375324654  28.90277
4545.36402963985  6.913125
4545.52430603315  20.26493
4545.68458242645  15.79771
4545.84485881975  -14.19203
4546.00513521305  -36.26223
4546.16541160636  -19.41149
4546.32568799966  -6.086811
4546.48596439296  -21.86379
4546.64624078626  -21.61408
4546.80651717956  33.5366
4546.96679357287  59.92284
4547.12706996617  3.934727
4547.28734635947  -3.995939
4547.44762275277  -16.45411
4547.60789914607  -1.822067
4547.76817553938  -41.07078
4547.92845193268  -26.30029
4548.08872832598  4.964673
4548.24900471928  -2.542784
4548.40928111258  -21.64912
4548.56955750588  -57.26413
4548.72983389919  -20.60626
4548.89011029249  1.113814
4549.05038668579  -1.696952
4549.21066307909  19.34383
4549.37093947239  36.9361
