4386.7223258889  5.209285
4386.88177797959  -38.92206
4387.04123007028  -5.01121
4387.20068216097  -4.986475
4387.36013425166  -1.887818
4387.51958634236  -18.822
4387.67903843305  4.291795
4387.83849052374  32.1813
4387.99794261443  18.64851
4388.15739470512  -22.56678
4388.31684679581  -28.88556
4388.4762988865  8.783455
4388.63575097719  1.136561
4388.79520306789  -14.62767
4388.95465515858  2.693181
4389.11410724927  5.327899
4389.27355933996  17.41869
4389.43301143065  -1.155662
4389.59246352134  -24.29351
4389.75191561203  -2.751432
4389.91136770272  8.789348
4390.07081979342  -11.95901
4390.23027188411  6.831207
4390.3897239748  -0.5014807
4390.54917606549  -11.6316
4390.70862815618  9.852516
4390.86808024687  9.406933
4391.02753233756  18.81386
4391.18698442825  36.81997
4391.34643651894  3.961451
4391.50588860964  -8.187688
4391.66534070033  12.92567
4391.82479279102  28.529
4391.98424488171  -0.9405872
4392.1436969724  -24.93022
4392.30314906309  -31.65447
4392.46260115378  11.86062
4392.62205324447  38.56882
4392.78150533517  -0.8559406
4392.94095742586  1.904344
4393.10040951655  10.05401
4393.25986160724  -17.36951
4393.41931369793  7.539282
4393.57876578862  32.6559
4393.73821787931  8.293113
4393.89766997  11.88387
4394.0571220607  9.169406
4394.21657415139  1.81155
4394.37602624208  -12.60595
4394.53547833277  44.39985
4394.69493042346  29.75314
4394.85438251415  25.69057
4395.01383460484  30.46215
4395.17328669553  5.20622
4395.33273878623  -26.31475
4395.49219087692  27.57184
4395.65164296761  38.38783
4395.8110950583  -28.59272
4395.97054714899  -12.20117
4396.12999923968  22.47203
4396.28945133037  27.36793
4396.44890342106  13.81142
4396.60835551175  4.002041
4396.76780760245  17.64723
4396.92725969314  16.3772
4397.08671178383  29.25961
4397.24616387452  14.31456
4397.40561596521  13.46558
4397.5650680559  13.84849
4397.72452014659  -2.785143
4397.88397223729  29.84106
4398.04342432798  31.38566
4398.20287641867  6.344367
4398.36232850936  17.24083
4398.52178060005  -13.63105
4398.68123269074  -10.2673
4398.84068478143  33.85022
4399.00013687212  49.53815
4399.15958896281  28.12643
4399.31904105351  22.67064
4399.4784931442  7.18573
4399.63794523489  -3.852197
4399.79739732558  -31.36171
4399.95684941627  3.404746
4400.11630150696  6.141106
4400.27575359765  8.538276
4400.43520568834  13.07291
4400.59465777904  2.988178
4400.75410986973  12.06245
4400.91356196042  23.61413
4401.07301405111  48.20315
4401.2324661418  35.79948
4401.39191823249  49.78545
4401.55137032318  -2.440307
4401.71082241387  1.314874
4401.87027450456  26.84077
4402.02972659526  34.30132
4402.18917868595  25.50742
4402.34863077664  11.15306
4402.50808286733  -0.7232554
4402.66753495802  -6.664526
4402.82698704871  3.639145
4402.9864391394  35.68967
4403.14589123009  43.36983
4403.30534332079  32.68875
4403.46479541148  63.3471
4403.62424750217  65.84536
4403.78369959286  26.81952
4403.94315168355  34.46381
4404.10260377424  36.46865
4404.26205586493  32.69546
4404.42150795562  20.98968
4404.58096004632  -15.22521
4404.74041213701  -0.3724395
4404.8998642277  18.41154
4405.05931631839  21.68113
4405.21876840908  36.1873
4405.37822049977  31.74518
4405.53767259046  31.96358
4405.69712468115  27.25335
4405.85657677184  3.254596
4406.01602886254  33.08009
4406.17548095323  34.89872
4406.33493304392  18.03699
4406.49438513461  4.036721
4406.6538372253  39.32308
4406.81328931599  52.48898
4406.97274140668  18.04192
4407.13219349737  30.26883
4407.29164558807  26.71351
4407.45109767876  11.65961
4407.61054976945  8.9775
4407.77000186014  48.5254
4407.92945395083  36.52469
4408.08890604152  17.08207
4408.24835813221  58.99738
4408.4078102229  49.69087
4408.56726231359  56.91104
4408.72671440429  52.71102
4408.88616649498  23.40013
4409.04561858567  -9.079714
4409.20507067636  10.95362
4409.36452276705  52.4645
4409.52397485774  31.45749
4409.68342694844  32.27623
4409.84287903913  59.91343
4410.00233112982  41.67468
4410.16178322051  13.16298
4410.3212353112  43.54554
4410.48068740189  63.52679
4410.64013949258  48.32145
4410.79959158327  27.02753
4410.95904367396  -7.324405
4411.11849576466  23.57945
4411.27794785535  81.55381
4411.43739994604  62.5129
4411.59685203673  50.53301
4411.75630412742  37.71188
4411.91575621811  20.88089
4412.0752083088  20.42165
4412.23466039949  21.04943
4412.39411249018  40.16091
4412.55356458088  49.24082
4412.71301667157  44.27708
4412.87246876226  -12.52966
4413.03192085295  -4.388921
4413.19137294364  47.9199
4413.35082503433  58.79138
4413.51027712502  73.74458
4413.66972921571  39.21851
4413.82918130641  10.10254
4413.9886333971  26.91221
4414.14808548779  -6.003914
4414.30753757848  29.50192
4414.46698966917  58.21367
4414.62644175986  20.55162
4414.78589385055  11.36654
4414.94534594124  25.74731
4415.10479803194  47.13583
4415.26425012263  16.62049
4415.42370221332  19.32073
4415.58315430401  25.38564
4415.7426063947  27.41278
4415.90205848539  37.35734
4416.06151057608  12.48766
4416.22096266677  31.33899
4416.38041475746  67.98358
4416.53986684816  21.61078
4416.69931893885  28.8188
4416.85877102954  35.06246
4417.01822312023  11.73809
4417.17767521092  55.69752
4417.33712730161  31.34502
4417.4965793923  34.12198
4417.65603148299  24.70723
4417.81548357369  62.40265
4417.97493566438  57.05631
4418.13438775507  11.39191
4418.29383984576  51.7436
4418.45329193645  73.4884
4418.61274402714  50.96736
4418.77219611783  33.05859
4418.93164820852  30.25196
4419.09110029922  51.0343
4419.25055238991  54.9657
4419.4100044806  56.81046
4419.56945657129  43.21751
4419.72890866198  20.59572
4419.88836075267  26.73923
4420.04781284336  51.28942
4420.20726493405  54.86194
4420.36671702475  34.46126
4420.52616911544  41.91737
4420.68562120613  37.21303
4420.84507329682  35.05386
4421.00452538751  81.74432
4421.1639774782  68.22495
4421.32342956889  25.99792
4421.48288165958  32.0069
4421.64233375027  29.02734
4421.80178584097  46.17955
4421.96123793166  62.80066
4422.12069002235  43.56319
4422.28014211304  55.41184
4422.43959420373  34.77501
4422.59904629442  12.06065
4422.75849838511  21.82656
4422.9179504758  31.71914
4423.0774025665  25.40707
4423.23685465719  12.67599
4423.39630674788  21.15935
4423.55575883857  -5.110208
4423.71521092926  20.36115
4423.87466301995  49.56731
4424.03411511064  24.79149
4424.19356720133  30.18519
4424.35301929203  48.93206
4424.51247138272  17.06571
4424.67192347341  17.57926
4424.8313755641  54.14213
4424.99082765479  50.79419
4425.15027974548  54.82726
4425.30973183617  54.50729
4425.46918392686  26.28029
4425.62863601756  43.71487
4425.78808810825  43.36851
4425.94754019894  51.06818
4426.10699228963  75.95514
4426.26644438032  54.72304
4426.42589647101  57.48026
4426.5853485617  42.90487
4426.74480065239  61.80734
4426.90425274308  44.08632
4427.06370483378  51.55637
4427.22315692447  65.60942
4427.38260901516  43.11205
4427.54206110585  46.21767
4427.70151319654  38.6263
4427.86096528723  44.50347
4428.02041737792  42.26108
4428.17986946861  41.28061
4428.33932155931  26.57473
4428.49877365  15.70168
4428.65822574069  48.61143
4428.81767783138  63.26325
4428.97712992207  63.5003
4429.13658201276  42.45861
4429.29603410345  31.00842
4429.45548619414  46.69658
4429.61493828484  75.77311
4429.77439037553  74.37707
4429.93384246622  49.60566
4430.09329455691  38.43759
4430.2527466476  53.29779
4430.41219873829  65.95041
4430.57165082898  59.94135
4430.73110291967  29.41662
4430.89055501036  58.03462
4431.05000710106  77.16482
4431.20945919175  55.96497
4431.36891128244  41.92344
4431.52836337313  33.48495
4431.68781546382  16.25162
4431.84726755451  15.29609
4432.0067196452  24.33068
4432.1661717359  36.65964
4432.32562382659  51.69807
4432.48507591728  46.40546
4432.64452800797  31.62139
4432.80398009866  29.49635
4432.96343218935  46.41121
4433.12288428004  55.8832
4433.28233637073  43.30556
4433.44178846142  10.47911
4433.60124055212  26.68621
4433.76069264281  16.57158
4433.9201447335  20.8779
4434.07959682419  30.35576
4434.23904891488  64.00233
4434.39850100557  57.50207
4434.55795309626  24.8935
4434.71740518695  39.94127
4434.87685727765  62.89561
4435.03630936834  70.11078
4435.19576145903  24.49352
4435.35521354972  18.50369
4435.51466564041  41.33803
4435.6741177311  46.1409
4435.83356982179  59.98126
4435.99302191248  69.90179
4436.15247400317  43.11512
4436.31192609387  35.65829
4436.47137818456  83.03848
4436.63083027525  86.85454
4436.79028236594  46.11291
4436.94973445663  60.94767
4437.10918654732  77.8004
4437.26863863801  49.16035
4437.42809072871  45.33252
4437.5875428194  45.3757
4437.74699491009  39.72711
4437.90644700078  75.83441
4438.06589909147  67.38866
4438.22535118216  32.43118
4438.38480327285  49.02415
4438.54425536354  37.46164
4438.70370745423  47.72798
4438.86315954492  86.72108
4439.02261163562  86.45467
4439.18206372631  81.49563
4439.341515817  42.38529
4439.50096790769  46.8972
4439.66041999838  42.66611
4439.81987208907  32.64037
4439.97932417976  30.30289
4440.13877627046  8.581443
4440.29822836115  12.46992
4440.45768045184  40.78469
4440.61713254253  53.00752
4440.77658463322  19.43839
4440.93603672391  30.34634
4441.0954888146  74.0754
4441.25494090529  60.69626
4441.41439299598  55.89496
4441.57384508668  51.14819
4441.73329717737  54.7765
4441.89274926806  23.73876
4442.05220135875  41.05558
4442.21165344944  54.04807
4442.37110554013  52.55978
4442.53055763082  44.73515
4442.69000972151  63.59141
4442.84946181221  83.11874
4443.0089139029  66.05084
4443.16836599359  52.25586
4443.32781808428  41.05
4443.48727017497  63.78571
4443.64672226566  76.06502
4443.80617435635  64.35177
4443.96562644704  73.69241
4444.12507853774  50.02873
4444.28453062843  43.24036
4444.44398271912  73.61146
4444.60343480981  78.26996
4444.7628869005  54.55647
4444.92233899119  62.53071
4445.08179108188  49.38699
4445.24124317257  43.69948
4445.40069526327  63.21933
4445.56014735396  54.47559
4445.71959944465  41.48723
4445.87905153534  35.91922
4446.03850362603  50.34049
4446.19795571672  49.53209
4446.35740780741  33.22638
4446.5168598981  47.38585
4446.67631198879  54.90376
4446.83576407949  44.46176
4446.99521617018  29.63768
4447.15466826087  31.6717
4447.31412035156  45.10476
4447.47357244225  50.4155
4447.63302453294  46.66301
4447.79247662363  65.08476
4447.95192871432  52.18253
4448.11138080501  68.31569
4448.27083289571  71.67886
4448.4302849864  36.72113
4448.58973707709  26.32714
4448.74918916778  33.29952
4448.90864125847  34.11539
4449.06809334916  65.70992
4449.22754543985  82.60718
4449.38699753055  45.7552
4449.54644962124  33.35362
4449.70590171193  2.523284
4449.86535380262  62.6289
4450.02480589331  71.27795
4450.184257984  33.63138
4450.34371007469  51.13764
4450.50316216538  53.27055
4450.66261425608  63.14817
4450.82206634677  47.41533
4450.98151843746  69.89582
4451.14097052815  66.18161
4451.30042261884  48.95586
4451.45987470953  45.6375
4451.61932680022  31.45842
4451.77877889091  42.74107
4451.9382309816  57.82828
4452.0976830723  29.71725
4452.25713516299  60.386
4452.41658725368  41.51568
4452.57603934437  32.11153
4452.73549143506  74.52506
4452.89494352575  91.39165
4453.05439561644  73.6108
4453.21384770713  35.77007
4453.37329979783  18.37083
4453.53275188852  31.06327
4453.69220397921  45.49818
4453.8516560699  40.88644
4454.01110816059  46.85708
4454.17056025128  43.27175
4454.33001234197  74.9669
4454.48946443266  85.5869
4454.64891652336  58.46827
4454.80836861405  66.60123
4454.96782070474  12.91603
4455.12727279543  14.45747
4455.28672488612  47.18328
4455.44617697681  56.70781
4455.6056290675  44.94697
4455.76508115819  56.17403
4455.92453324889  51.36753
4456.08398533958  83.70693
4456.24343743027  79.97444
4456.40288952096  37.32707
4456.56234161165  58.85591
4456.72179370234  82.62884
4456.88124579303  87.94286
4457.04069788372  85.32641
4457.20014997441  48.99177
4457.35960206511  80.54182
4457.5190541558  70.81112
4457.67850624649  29.20012
4457.83795833718  73.29195
4457.99741042787  61.95812
4458.15686251856  49.62749
4458.31631460925  78.77804
4458.47576669994  72.36398
4458.63521879064  80.16077
4458.79467088133  124.5323
4458.95412297202  43.26068
4459.11357506271  45.15841
4459.2730271534  43.64833
4459.43247924409  30.47069
4459.59193133478  67.51052
4459.75138342547  117.5755
4459.91083551616  51.71857
4460.07028760686  39.98047
4460.22973969755  0.3536978
4460.38919178824  46.90011
4460.54864387893  36.73763
4460.70809596962  48.24477
4460.86754806031  59.89388
4461.027000151  65.90565
4461.18645224169  31.73823
4461.34590433239  57.99886
4461.50535642308  64.4205
4461.66480851377  91.67265
4461.82426060446  67.792
4461.98371269515  51.81661
4462.14316478584  44.4973
4462.30261687653  39.06693
4462.46206896723  79.01434
4462.62152105792  78.20536
4462.78097314861  39.52098
4462.9404252393  34.30697
4463.09987732999  44.89553
4463.25932942068  46.29096
4463.41878151137  58.83738
4463.57823360206  90.88582
4463.73768569275  89.85597
4463.89713778345  57.78144
4464.05658987414  65.64373
4464.21604196483  68.41247
4464.37549405552  80.93976
4464.53494614621  94.00108
4464.6943982369  59.63864
4464.85385032759  63.75661
4465.01330241828  90.88683
4465.17275450898  77.13508
4465.33220659967  52.25057
4465.49165869036  61.93627
4465.65111078105  71.04126
4465.81056287174  56.23369
4465.97001496243  60.61563
4466.12946705312  107.9457
4466.28891914381  105.8529
4466.4483712345  32.35528
4466.6078233252  35.16013
4466.76727541589  49.49047
4466.92672750658  35.98233
4467.08617959727  52.14074
4467.24563168796  59.57169
4467.40508377865  67.39599
4467.56453586934  53.72634
4467.72398796003  42.91516
4467.88344005073  88.07935
4468.04289214142  84.47118
4468.20234423211  44.06936
4468.3617963228  51.34552
4468.52124841349  73.13264
4468.68070050418  85.10047
4468.84015259487  64.43159
4468.99960468556  44.18073
4469.15905677626  69.34241
4469.31850886695  100.2956
4469.47796095764  91.27155
4469.63741304833  62.41084
4469.79686513902  58.426
4469.95631722971  84.48415
4470.1157693204  104.1024
4470.27522141109  81.89992
4470.43467350179  57.2145
4470.59412559248  54.17535
4470.75357768317  46.2422
4470.91302977386  50.52917
4471.07248186455  63.55793
4471.23193395524  52.45533
4471.39138604593  46.36912
4471.55083813662  71.61652
4471.71029022731  93.83476
4471.86974231801  40.35241
4472.0291944087  37.84993
4472.18864649939  64.50212
4472.34809859008  58.32626
4472.50755068077  91.25387
4472.66700277146  77.62491
4472.82645486215  79.8057
4472.98590695284  45.41077
4473.14535904354  61.81815
4473.30481113423  73.77177
4473.46426322492  75.02475
4473.62371531561  67.66375
4473.7831674063  75.59044
4473.94261949699  75.97864
4474.10207158768  20.79706
4474.26152367837  46.95686
4474.42097576907  101.1835
4474.58042785976  56.32633
4474.73987995045  41.02875
4474.89933204114  73.12852
4475.05878413183  57.08685
4475.21823622252  72.33739
4475.37768831321  105.88
4475.5371404039  100.1347
4475.69659249459  75.08307
4475.85604458529  57.14471
4476.01549667598  67.66315
4476.17494876667  59.2584
4476.33440085736  83.61724
4476.49385294805  71.59697
4476.65330503874  48.6479
4476.81275712943  63.56232
4476.97220922012  77.04019
4477.13166131082  56.36114
4477.29111340151  39.53894
4477.4505654922  20.82609
4477.61001758289  60.65437
4477.76946967358  76.91696
4477.92892176427  62.96745
4478.08837385496  63.80912
4478.24782594565  90.76611
4478.40727803635  58.71638
4478.56673012704  43.44259
4478.72618221773  64.66625
4478.88563430842  24.33356
4479.04508639911  51.44647
4479.2045384898  74.45513
4479.36399058049  52.8978
4479.52344267118  41.97819
4479.68289476187  75.08701
4479.84234685257  100.118
4480.00179894326  74.58984
4480.16125103395  45.21662
4480.32070312464  53.09222
4480.48015521533  64.25013
4480.63960730602  58.96312
4480.79905939671  73.99301
4480.95851148741  74.54344
4481.1179635781  56.31264
4481.27741566879  49.06226
4481.43686775948  44.5631
4481.59631985017  22.09797
4481.75577194086  67.15686
4481.91522403155  63.65419
4482.07467612224  17.16267
4482.23412821293  32.49479
4482.39358030363  47.56965
4482.55303239432  64.08731
4482.71248448501  70.48065
4482.8719365757  79.72314
4483.03138866639  38.45172
4483.19084075708  52.32916
4483.35029284777  61.65184
4483.50974493846  12.93516
4483.66919702916  37.85173
4483.82864911985  50.24056
4483.98810121054  40.17183
4484.14755330123  46.54273
4484.30700539192  43.76737
4484.46645748261  27.01934
4484.6259095733  59.04762
4484.78536166399  64.8064
4484.94481375469  59.62568
4485.10426584538  75.01157
4485.26371793607  50.1112
4485.42317002676  36.68829
4485.58262211745  58.94973
4485.74207420814  60.89893
4485.90152629883  58.02413
4486.06097838952  79.84875
4486.22043048021  75.22164
4486.37988257091  10.80569
4486.5393346616  39.23655
4486.69878675229  39.94498
4486.85823884298  47.31341
4487.01769093367  -1.995376
4487.17714302436  66.64174
4487.33659511505  59.5232
4487.49604720574  38.9622
4487.65549929644  80.2752
4487.81495138713  45.66238
4487.97440347782  63.46165
4488.13385556851  68.61047
4488.2933076592  63.84591
4488.45275974989  29.9735
4488.61221184058  49.93013
4488.77166393127  48.82587
4488.93111602197  51.23742
4489.09056811266  56.84018
4489.25002020335  45.2892
4489.40947229404  56.78729
4489.56892438473  86.28016
4489.72837647542  75.23019
4489.88782856611  36.19567
4490.0472806568  33.92033
4490.2067327475  28.74108
4490.36618483819  22.45825
4490.52563692888  62.95423
4490.68508901957  51.16272
4490.84454111026  81.61844
4491.00399320095  74.43118
4491.16344529164  47.39271
4491.32289738233  44.96823
4491.48234947302  48.74949
4491.64180156372  52.65226
4491.80125365441  68.52181
4491.9607057451  57.37329
4492.12015783579  23.64681
4492.27960992648  35.28458
4492.43906201717  34.16129
4492.59851410786  29.93509
4492.75796619856  28.64887
4492.91741828925  30.96858
4493.07687037994  56.50854
4493.23632247063  50.05889
4493.39577456132  58.50602
4493.55522665201  57.25218
4493.7146787427  46.23462
4493.87413083339  48.70899
4494.03358292408  33.05125
4494.19303501478  32.31876
4494.35248710547  14.89205
4494.51193919616  50.59009
4494.67139128685  42.55939
4494.83084337754  50.59566
4494.99029546823  33.90767
4495.14974755892  53.92013
4495.30919964961  52.46523
4495.46865174031  50.41782
4495.628103831  51.30652
4495.78755592169  40.048
4495.94700801238  55.00546
4496.10646010307  80.86324
4496.26591219376  47.44691
4496.42536428445  14.35652
4496.58481637514  -10.96558
4496.74426846583  6.964462
4496.90372055653  27.22216
4497.06317264722  52.38407
4497.22262473791  59.73815
4497.3820768286  20.62072
4497.54152891929  43.01465
4497.70098100998  65.3368
4497.86043310067  78.5248
4498.01988519136  41.20729
4498.17933728205  19.43148
4498.33878937275  21.75959
4498.49824146344  3.832594
4498.65769355413  57.34713
4498.81714564482  22.65225
4498.97659773551  49.87255
4499.1360498262  47.27254
4499.29550191689  28.17382
4499.45495400759  45.91026
4499.61440609828  30.63016
4499.77385818897  31.99292
4499.93331027966  63.97268
4500.09276237035  21.50604
4500.25221446104  65.26936
4500.41166655173  72.27693
4500.57111864242  25.55595
4500.73057073312  51.28546
4500.89002282381  39.52101
4501.0494749145  15.0357
4501.20892700519  55.30271
4501.36837909588  73.08833
4501.52783118657  76.17433
4501.68728327726  38.82612
4501.84673536795  33.59155
4502.00618745864  37.35479
4502.16563954934  29.01678
4502.32509164003  56.59631
4502.48454373072  50.46901
4502.64399582141  23.82952
4502.8034479121  68.22135
4502.96290000279  36.14665
4503.12235209348  55.6647
4503.28180418417  41.10876
4503.44125627487  28.01544
4503.60070836556  36.66235
4503.76016045625  82.38757
4503.91961254694  55.26399
4504.07906463763  36.58349
4504.23851672832  52.26336
4504.39796881901  45.88121
4504.5574209097  54.29691
4504.7168730004  66.20984
4504.87632509109  38.4358
4505.03577718178  22.77491
4505.19522927247  26.7724
4505.35468136316  54.23251
4505.51413345385  83.81444
4505.67358554454  75.63775
4505.83303763523  29.42783
4505.99248972592  68.81888
4506.15194181662  44.40638
4506.31139390731  37.78857
4506.470845998  37.91287
4506.63029808869  15.38967
4506.78975017938  46.04914
4506.94920227007  51.14536
4507.10865436076  51.34767
4507.26810645145  54.742
4507.42755854215  33.19064
4507.58701063284  32.80371
4507.74646272353  33.71517
4507.90591481422  54.56854
4508.06536690491  39.8632
4508.2248189956  53.6189
4508.38427108629  31.81637
4508.54372317698  41.70321
4508.70317526768  20.18037
4508.86262735837  32.79193
4509.02207944906  66.16416
4509.18153153975  42.62628
4509.34098363044  31.08682
4509.50043572113  46.74342
4509.65988781182  46.99205
4509.81933990251  51.44595
4509.9787919932  53.83718
4510.1382440839  44.7759
4510.29769617459  43.03337
4510.45714826528  47.84628
4510.61660035597  36.8081
4510.77605244666  42.58332
4510.93550453735  33.12484
4511.09495662804  23.4293
4511.25440871874  16.63824
4511.41386080943  19.6364
4511.57331290012  44.50013
4511.73276499081  35.12248
4511.8922170815  25.90985
4512.05166917219  19.60235
4512.21112126288  16.11345
4512.37057335357  33.21994
4512.53002544427  46.55939
4512.68947753496  27.94931
4512.84892962565  39.68204
4513.00838171634  53.23245
4513.16783380703  28.07413
4513.32728589772  29.28612
4513.48673798841  36.92092
4513.6461900791  40.59667
4513.80564216979  40.19746
4513.96509426049  1.895129
4514.12454635118  13.70604
4514.28399844187  33.28966
4514.44345053256  50.31158
4514.60290262325  18.76371
4514.76235471394  48.46548
4514.92180680463  29.41061
4515.08125889532  39.17716
4515.24071098602  13.75302
4515.40016307671  61.44982
4515.5596151674  49.18931
4515.71906725809  44.98524
4515.87851934878  45.44989
4516.03797143947  24.38678
4516.19742353016  33.93459
4516.35687562085  61.78869
4516.51632771154  47.15074
4516.67577980224  31.73098
4516.83523189293  15.05527
4516.99468398362  38.91582
4517.15413607431  2.699925
4517.313588165  12.88856
4517.47304025569  72.6648
4517.63249234638  42.49758
4517.79194443707  43.77542
4517.95139652777  43.84728
4518.11084861846  59.93345
4518.27030070915  59.92604
4518.42975279984  36.17547
4518.58920489053  36.69918
4518.74865698122  56.37044
4518.90810907191  30.52002
4519.0675611626  35.80246
4519.2270132533  32.277
4519.38646534399  15.40161
4519.54591743468  27.12838
4519.70536952537  35.49463
4519.86482161606  26.98904
4520.02427370675  27.92647
4520.18372579744  38.46799
4520.34317788813  34.90971
4520.50262997883  14.35292
4520.66208206952  22.40886
4520.82153416021  48.65117
4520.9809862509  29.49202
4521.14043834159  27.80593
4521.29989043228  33.62117
4521.45934252297  24.96939
4521.61879461366  21.71246
4521.77824670435  46.65155
4521.93769879505  17.55481
4522.09715088574  30.18816
4522.25660297643  52.43582
4522.41605506712  31.74877
4522.57550715781  19.59426
4522.7349592485  32.3697
4522.89441133919  24.71489
4523.05386342989  13.15592
4523.21331552058  20.23963
4523.37276761127  19.47516
4523.53221970196  29.10302
4523.69167179265  28.61406
4523.85112388334  10.19736
4524.01057597403  -5.08139
4524.17002806472  46.36053
4524.32948015541  51.28977
4524.48893224611  25.03556
4524.6483843368  -5.6215
4524.80783642749  -4.28846
4524.96728851818  24.71483
4525.12674060887  66.63869
4525.28619269956  16.83493
4525.44564479025  10.23104
4525.60509688094  28.36028
4525.76454897163  21.58958
4525.92400106233  -8.068604
4526.08345315302  1.164892
4526.24290524371  11.22602
4526.4023573344  51.87461
4526.56180942509  31.60206
4526.72126151578  19.13087
4526.88071360647  19.10744
4527.04016569716  48.68799
4527.19961778786  15.40011
4527.35906987855  19.692
4527.51852196924  46.67316
4527.67797405993  54.36116
4527.83742615062  42.30029
4527.99687824131  11.23445
4528.156330332  13.7095
4528.31578242269  11.42509
4528.47523451339  30.45182
4528.63468660408  33.00692
4528.79413869477  28.68011
4528.95359078546  47.2664
4529.11304287615  35.71917
4529.27249496684  6.2203
4529.43194705753  7.047311
4529.59139914822  27.84888
4529.75085123892  58.55255
4529.91030332961  37.50729
4530.0697554203  49.5144
4530.22920751099  17.67056
4530.38865960168  23.03541
4530.54811169237  50.96891
4530.70756378306  50.46972
4530.86701587375  -16.72012
4531.02646796444  27.3074
4531.18592005514  9.003004
4531.34537214583  17.11926
4531.50482423652  35.01777
4531.66427632721  15.9933
4531.8237284179  33.57838
4531.98318050859  24.83434
4532.14263259928  33.63002
4532.30208468997  7.781612
4532.46153678067  3.542651
4532.62098887136  35.08683
4532.78044096205  51.80079
4532.93989305274  10.16943
4533.09934514343  3.257029
4533.25879723412  3.651208
4533.41824932481  46.66173
4533.5777014155  7.673227
4533.7371535062  -6.408309
4533.89660559689  37.26572
4534.05605768758  -26.77017
4534.21550977827  -8.991995
4534.37496186896  -0.7646624
4534.53441395965  -5.967976
4534.69386605034  13.33282
4534.85331814103  3.458331
4535.01277023173  21.19186
4535.17222232242  17.26716
4535.33167441311  24.41902
4535.4911265038  10.81289
4535.65057859449  28.27977
4535.81003068518  16.2701
4535.96948277587  8.131968
4536.12893486656  39.64299
4536.28838695725  -5.516783
4536.44783904795  29.24224
4536.60729113864  30.69283
4536.76674322933  11.69945
4536.92619532002  -1.29134
4537.08564741071  25.07408
4537.2450995014  38.27579
4537.40455159209  7.10548
4537.56400368278  19.86417
4537.72345577348  10.97113
4537.88290786417  9.845174
4538.04235995486  -1.768191
4538.20181204555  6.2233
4538.36126413624  3.685433
4538.52071622693  5.104382
4538.68016831762  -1.420308
4538.83962040831  -17.64772
4538.99907249901  2.473147
4539.1585245897  -22.17076
4539.31797668039  4.743895
4539.47742877108  17.04965
4539.63688086177  -4.733826
4539.79633295246  3.856253
4539.95578504315  -34.75445
4540.11523713384  -9.90456
4540.27468922454  2.057642
4540.43414131523  9.85959
4540.59359340592  10.40505
4540.75304549661  2.624866
4540.9124975873  9.393926
4541.07194967799  19.55538
4541.23140176868  -11.92994
4541.39085385937  -13.7711
4541.55030595006  8.472284
4541.70975804076  44.97697
4541.86921013145  25.41213
4542.02866222214  9.560764
4542.18811431283  11.5436
4542.34756640352  0.706429
4542.50701849421  -4.983953
4542.6664705849  -17.2528
4542.82592267559  1.069303
4542.98537476629  17.6618
4543.14482685698  4.050329
4543.30427894767  10.14672
4543.46373103836  -8.330729
4543.62318312905  0.2834969
4543.78263521974  -0.09712286
4543.94208731043  3.542027
4544.10153940112  -0.2463108
4544.26099149182  -9.480678
4544.42044358251  -13.52671
4544.5798956732  27.25033
4544.73934776389  11.01199
4544.89879985458  -31.60644
4545.05825194527  1.257139
4545.21770403596  17.40055
4545.37715612665  -0.2270037
4545.53660821735  1.521233
4545.69606030804  -25.19334
4545.85551239873  -1.883021
4546.01496448942  21.50806
4546.17441658011  10.87603
4546.3338686708  21.37846
4546.49332076149  -18.89229
4546.65277285218  -6.914091
4546.81222494287  -13.57332
4546.97167703357  3.519337
4547.13112912426  3.724364
4547.29058121495  -14.60007
4547.45003330564  -4.114697
4547.60948539633  8.082886
4547.76893748702  -1.823007
4547.92838957771  -4.02372
4548.0878416684  -20.00238
4548.2472937591  -15.05742
4548.40674584979  -2.130702
4548.56619794048  -19.09112
4548.72565003117  -28.42173
4548.88510212186  20.53762
4549.04455421255  26.27288
4549.20400630324  21.00738
4549.36345839393  1.625349
4549.52291048462  6.959093
4549.68236257532  3.988009
4549.84181466601  -15.27448
