4386.5505607125  -0.5429441
4386.71015049857  16.11697
4386.86974028464  4.515454
4387.02933007071  17.1553
4387.18891985678  35.82687
4387.34850964285  12.962
4387.50809942892  15.66075
4387.66768921499  19.22375
4387.82727900106  -9.466671
4387.98686878713  14.77265
4388.1464585732  44.25258
4388.30604835927  19.43547
4388.46563814534  16.90323
4388.62522793141  -12.79335
4388.78481771748  -9.185475
4388.94440750355  9.661868
4389.10399728962  1.18334
4389.26358707569  10.37506
4389.42317686176  -16.51935
4389.58276664783  22.22363
4389.7423564339  14.22897
4389.90194621997  -1.020258
4390.06153600604  18.81632
4390.22112579211  35.43126
4390.38071557818  31.11207
4390.54030536425  28.88248
4390.69989515032  20.5307
4390.85948493639  -2.593486
4391.01907472246  7.346808
4391.17866450853  -19.62787
4391.3382542946  4.041348
4391.49784408067  10.1715
4391.65743386674  -9.791677
4391.81702365281  27.82154
4391.97661343888  -5.84977
4392.13620322495  -23.11517
4392.29579301102  9.503078
4392.45538279709  31.05864
4392.61497258316  32.24245
4392.77456236923  9.59449
4392.9341521553  14.29807
4393.09374194137  29.50887
4393.25333172744  0.0120557
4393.41292151351  33.41531
4393.57251129958  40.82504
4393.73210108565  5.743655
4393.89169087172  3.427317
4394.05128065779  33.02312
4394.21087044385  11.9488
4394.37046022992  -20.43627
4394.530050016  11.77854
4394.68963980207  37.84666
4394.84922958813  32.02701
4395.0088193742  8.77896
4395.16840916028  12.98548
4395.32799894634  44.44989
4395.48758873241  11.52686
4395.64717851849  -27.69314
4395.80676830455  28.06586
4395.96635809062  42.96225
4396.12594787669  -3.630381
4396.28553766276  -12.3943
4396.44512744883  39.89032
4396.6047172349  23.51408
4396.76430702097  31.76519
4396.92389680704  51.38153
4397.08348659311  41.36531
4397.24307637918  -1.985469
4397.40266616525  0.7466359
4397.56225595132  12.29955
4397.72184573739  31.708
4397.88143552346  77.98021
4398.04102530953  52.0049
4398.2006150956  34.79958
4398.36020488167  20.11718
4398.51979466774  37.70356
4398.67938445381  26.53323
4398.83897423988  23.7282
4398.99856402595  4.181131
4399.15815381202  39.00566
4399.31774359809  49.0668
4399.47733338416  30.62698
4399.63692317023  11.87733
4399.7965129563  16.72342
4399.95610274237  29.32102
4400.11569252844  10.82105
4400.27528231451  3.250247
4400.43487210058  12.23552
4400.59446188665  6.967414
4400.75405167272  37.44476
4400.91364145879  23.61806
4401.07323124486  43.07439
4401.23282103093  10.11196
4401.392410817  20.92068
4401.55200060307  21.82779
4401.71159038914  42.74848
4401.87118017521  35.66568
4402.03076996128  15.14776
4402.19035974735  20.52078
4402.34994953342  21.19166
4402.50953931949  7.96938
4402.66912910556  -12.051
4402.82871889163  -7.3409
4402.9883086777  19.82702
4403.14789846377  18.69677
4403.30748824984  76.21922
4403.46707803591  36.19997
4403.62666782198  59.0321
4403.78625760805  33.06313
4403.94584739412  12.46548
4404.10543718019  -2.006271
4404.26502696626  29.05326
4404.42461675233  58.4118
4404.5842065384  65.19508
4404.74379632447  49.75638
4404.90338611054  41.65171
4405.06297589661  41.95045
4405.22256568268  52.35374
4405.38215546875  86.1038
4405.54174525482  55.88058
4405.70133504089  37.85135
4405.86092482696  85.2711
4406.02051461303  70.3727
4406.1801043991  42.30792
4406.33969418517  35.71342
4406.49928397124  26.95173
4406.65887375731  1.169389
4406.81846354338  37.22173
4406.97805332945  42.41057
4407.13764311552  55.29985
4407.29723290159  63.77936
4407.45682268766  32.61614
4407.61641247373  30.45112
4407.7760022598  45.91256
4407.93559204587  49.36621
4408.09518183194  55.47244
4408.25477161801  55.31641
4408.41436140408  22.64633
4408.57395119015  45.80482
4408.73354097622  50.18839
4408.89313076229  11.30219
4409.05272054836  5.23059
4409.21231033443  56.02818
4409.3719001205  31.66159
4409.53148990657  23.53267
4409.69107969264  47.69814
4409.85066947871  31.84224
4410.01025926478  23.98659
4410.16984905085  24.59397
4410.32943883692  49.17623
4410.48902862299  96.21809
4410.64861840906  49.37313
4410.80820819513  25.58589
4410.9677979812  52.93506
4411.12738776727  62.41607
4411.28697755334  28.00064
4411.44656733941  26.14348
4411.60615712548  47.79261
4411.76574691155  42.11246
4411.92533669762  25.95532
4412.08492648368  43.39784
4412.24451626976  47.67955
4412.40410605582  52.85238
4412.56369584189  51.58173
4412.72328562797  32.49196
4412.88287541404  40.376
4413.0424652001  63.19165
4413.20205498617  46.56976
4413.36164477224  14.83055
4413.52123455831  39.9339
4413.68082434438  62.13802
4413.84041413045  70.33102
4414.00000391652  55.34258
4414.15959370259  64.05293
4414.31918348866  39.14019
4414.47877327473  29.07705
4414.6383630608  42.65385
4414.79795284687  47.69097
4414.95754263294  59.80723
4415.11713241901  66.43193
4415.27672220508  85.45231
4415.43631199115  64.82524
4415.59590177722  37.5801
4415.75549156329  65.82438
4415.91508134936  65.28999
4416.07467113543  81.41036
4416.2342609215  99.64111
4416.39385070757  53.00325
4416.55344049364  50.55971
4416.71303027971  21.05246
4416.87262006578  39.15479
4417.03220985185  73.6757
4417.19179963792  82.72414
4417.35138942399  56.99613
4417.51097921006  77.03166
4417.67056899613  64.68251
4417.8301587822  46.48857
4417.98974856827  53.51035
4418.14933835434  62.88605
4418.30892814041  81.92834
4418.46851792648  74.44858
4418.62810771255  39.34593
4418.78769749862  30.2823
4418.94728728469  38.55925
4419.10687707076  50.04884
4419.26646685683  37.91734
4419.4260566429  32.16563
4419.58564642897  42.91677
4419.74523621504  72.47674
4419.90482600111  40.74167
4420.06441578718  58.30138
4420.22400557325  55.78918
4420.38359535932  49.42156
4420.54318514539  65.10007
4420.70277493146  82.36044
4420.86236471753  75.48632
4421.0219545036  66.0079
4421.18154428967  79.00373
4421.34113407574  57.00688
4421.50072386181  40.97582
4421.66031364788  58.74843
4421.81990343395  58.54784
4421.97949322002  96.57175
4422.13908300609  97.98173
4422.29867279216  73.69841
4422.45826257823  63.3556
4422.6178523643  68.89925
4422.77744215037  75.89012
4422.93703193644  73.48341
4423.09662172251  90.34799
4423.25621150858  83.82413
4423.41580129465  63.87782
4423.57539108072  45.50507
4423.73498086679  86.90485
4423.89457065286  54.96895
4424.05416043893  38.72968
4424.213750225  56.65629
4424.37334001107  56.75243
4424.53292979714  65.58846
4424.69251958321  76.51161
4424.85210936928  81.76334
4425.01169915535  65.69755
4425.17128894142  63.09352
4425.33087872749  60.69189
4425.49046851356  45.18798
4425.65005829963  78.85315
4425.8096480857  68.95068
4425.96923787177  102.6169
4426.12882765784  72.10793
4426.28841744391  37.93394
4426.44800722998  33.60359
4426.60759701605  83.95746
4426.76718680212  14.7617
4426.92677658819  37.34916
4427.08636637426  98.54221
4427.24595616033  72.88154
4427.4055459464  45.39508
4427.56513573247  31.73244
4427.72472551854  40.11628
4427.88431530461  70.44888
4428.04390509068  62.55445
4428.20349487675  37.91588
4428.36308466282  43.18547
4428.52267444889  78.78529
4428.68226423496  106.8027
4428.84185402103  99.96516
4429.0014438071  111.1915
4429.16103359317  85.75005
4429.32062337923  139.7182
4429.4802131653  104.1983
4429.63980295138  90.13181
4429.79939273745  105.6448
4429.95898252352  70.67058
4430.11857230959  59.52974
4430.27816209565  61.42965
4430.43775188172  72.14403
4430.59734166779  71.76969
4430.75693145386  74.93289
4430.91652123993  88.07266
4431.076111026  86.25792
4431.23570081207  64.6452
4431.39529059814  69.59985
4431.55488038421  89.53717
4431.71447017028  59.70819
4431.87405995635  55.46823
4432.03364974242  92.96362
4432.19323952849  71.80235
4432.35282931456  55.18899
4432.51241910063  47.87506
4432.6720088867  62.42609
4432.83159867277  43.87838
4432.99118845884  81.80288
4433.15077824491  48.5709
4433.31036803098  39.06129
4433.46995781705  94.83395
4433.62954760312  74.84785
4433.78913738919  108.539
4433.94872717526  84.11954
4434.10831696133  74.06063
4434.2679067474  62.39056
4434.42749653347  77.2152
4434.58708631954  71.50771
4434.74667610561  68.96277
4434.90626589168  88.29756
4435.06585567775  56.61222
4435.22544546382  53.67776
4435.38503524989  92.02901
4435.54462503596  81.92528
4435.70421482203  61.02423
4435.8638046081  69.45695
4436.02339439417  94.24783
4436.18298418024  114.0605
4436.34257396631  92.9704
4436.50216375238  53.1145
4436.66175353845  95.89365
4436.82134332452  73.47221
4436.98093311059  57.54202
4437.14052289666  63.2019
4437.30011268273  62.12487
4437.4597024688  105.1459
4437.61929225487  68.95626
4437.77888204094  88.87857
4437.93847182701  80.38089
4438.09806161308  54.15899
4438.25765139915  72.93089
4438.41724118522  74.13985
4438.57683097129  64.95331
4438.73642075736  104.3838
4438.89601054343  67.06106
4439.0556003295  74.89131
4439.21519011557  69.50821
4439.37477990164  47.51056
4439.53436968771  102.73
4439.69395947378  131.7934
4439.85354925985  59.99737
4440.01313904592  54.65574
4440.17272883199  105.495
4440.33231861806  95.09978
4440.49190840413  100.8355
4440.6514981902  69.16057
4440.81108797627  86.67928
4440.97067776234  80.35052
4441.13026754841  80.75109
4441.28985733448  72.74445
4441.44944712055  78.68611
4441.60903690662  52.46099
4441.76862669269  63.27129
4441.92821647876  91.98077
4442.08780626483  118.2069
4442.2473960509  96.32652
4442.40698583697  77.47289
4442.56657562304  58.84278
4442.72616540911  82.61926
4442.88575519518  117.1154
4443.04534498125  113.8593
4443.20493476732  95.69685
4443.36452455339  55.15824
4443.52411433946  62.26303
4443.68370412553  86.18007
4443.8432939116  100.1018
4444.00288369767  110.4912
4444.16247348374  94.88467
4444.32206326981  87.93761
4444.48165305588  113.5901
4444.64124284195  79.84068
4444.80083262802  64.9867
4444.96042241409  72.11008
4445.12001220016  60.61472
4445.27960198623  75.63805
4445.4391917723  90.87244
4445.59878155837  96.22959
4445.75837134444  67.28757
4445.91796113051  121.911
4446.07755091658  121.2877
4446.23714070265  88.94039
4446.39673048872  57.7016
4446.55632027479  94.99636
4446.71591006086  93.59778
4446.87549984693  100.6948
4447.035089633  80.396
4447.19467941907  71.09017
4447.35426920514  87.15043
4447.5138589912  108.126
4447.67344877728  118.4463
4447.83303856335  79.50871
4447.99262834942  104.5369
4448.15221813548  79.03666
4448.31180792155  83.42805
4448.47139770762  94.7929
4448.63098749369  93.93781
4448.79057727976  64.73868
4448.95016706583  118.3893
4449.1097568519  105.1706
4449.26934663797  67.32882
4449.42893642404  104.443
4449.58852621011  62.05535
4449.74811599618  63.45473
4449.90770578225  111.1238
4450.06729556832  111.2686
4450.22688535439  67.94478
4450.38647514046  80.78977
4450.54606492653  99.10485
4450.7056547126  32.81224
4450.86524449867  34.17659
4451.02483428474  86.45777
4451.18442407081  49.33029
4451.34401385688  50.47464
4451.50360364295  99.22587
4451.66319342902  74.49587
4451.82278321509  87.01133
4451.98237300116  101.7774
4452.14196278723  51.6595
4452.3015525733  62.9773
4452.46114235937  110.0762
4452.62073214544  119.4895
4452.78032193151  49.88163
4452.93991171758  95.56222
4453.09950150365  72.86259
4453.25909128972  97.6175
4453.41868107579  53.84848
4453.57827086186  79.44806
4453.73786064793  94.34053
4453.897450434  65.98511
4454.05704022007  84.98334
4454.21663000614  122.7892
4454.37621979221  116.5044
4454.53580957828  91.88589
4454.69539936435  82.26345
4454.85498915042  160.75
4455.01457893649  148.3858
4455.17416872256  129.0013
4455.33375850863  83.55075
4455.4933482947  65.33822
4455.65293808077  72.03092
4455.81252786684  104.1158
4455.97211765291  124.3817
4456.13170743898  132.9516
4456.29129722505  78.10709
4456.45088701112  92.96115
4456.61047679719  109.8458
4456.77006658326  110.3776
4456.92965636933  98.16754
4457.0892461554  87.16268
4457.24883594147  74.23669
4457.40842572754  98.42423
4457.56801551361  69.08157
4457.72760529968  38.92326
4457.88719508575  65.38914
4458.04678487182  75.6306
4458.20637465789  89.86243
4458.36596444396  90.57203
4458.52555423003  71.56714
4458.6851440161  44.72984
4458.84473380217  65.97359
4459.00432358824  82.97293
4459.16391337431  79.95789
4459.32350316038  86.36961
4459.48309294645  109.1067
4459.64268273252  110.4504
4459.80227251859  107.2193
4459.96186230466  130.3823
4460.12145209073  92.6664
4460.2810418768  62.39964
4460.44063166287  103.6816
4460.60022144894  122.5039
4460.75981123501  101.4351
4460.91940102108  96.49214
4461.07899080715  88.64917
4461.23858059322  75.21973
4461.39817037929  87.34532
4461.55776016536  92.33532
4461.71734995143  100.1499
4461.8769397375  109.3964
4462.03652952357  71.32944
4462.19611930964  83.36967
4462.35570909571  55.5196
4462.51529888178  102.5294
4462.67488866785  101.851
4462.83447845392  79.14973
4462.99406823999  81.82905
4463.15365802606  90.59839
4463.31324781213  77.25375
4463.4728375982  118.7604
4463.63242738427  73.75935
4463.79201717034  105.6686
4463.95160695641  137.6452
4464.11119674248  83.59477
4464.27078652855  109.5884
4464.43037631462  106.2445
4464.58996610069  79.52659
4464.74955588676  74.08035
4464.90914567283  119.1724
4465.0687354589  86.11899
4465.22832524496  54.15415
4465.38791503103  91.33677
4465.5475048171  93.60442
4465.70709460318  88.65055
4465.86668438924  105.5679
4466.02627417531  89.23334
4466.18586396138  84.32813
4466.34545374746  85.50237
4466.50504353352  68.1999
4466.66463331959  31.26959
4466.82422310567  88.94273
4466.98381289173  58.34735
4467.1434026778  22.64341
4467.30299246387  89.05018
4467.46258224994  122.2018
4467.62217203601  77.46928
4467.78176182208  78.30782
4467.94135160815  87.85258
4468.10094139422  60.06135
4468.26053118029  78.74406
4468.42012096636  69.98122
4468.57971075243  72.49316
4468.7393005385  64.92327
4468.89889032457  91.30822
4469.05848011064  82.00598
4469.21806989671  77.20712
4469.37765968278  72.57567
4469.53724946885  100.5269
4469.69683925492  79.02298
4469.85642904099  62.14574
4470.01601882706  60.02789
4470.17560861313  27.84075
4470.3351983992  73.12083
4470.49478818527  76.86366
4470.65437797134  75.38964
4470.81396775741  82.11877
4470.97355754348  115.4987
4471.13314732955  72.58295
4471.29273711562  50.87599
4471.45232690169  49.90572
4471.61191668776  70.18597
4471.77150647383  40.88814
4471.9310962599  47.35609
4472.09068604597  83.56174
4472.25027583204  98.62215
4472.40986561811  101.3381
4472.56945540418  56.42371
4472.72904519025  73.55989
4472.88863497632  83.72469
4473.04822476239  53.49784
4473.20781454846  54.23775
4473.36740433453  43.08403
4473.5269941206  53.4062
4473.68658390667  108.2169
4473.84617369274  73.54984
4474.00576347881  33.53783
4474.16535326488  24.1866
4474.32494305095  48.36055
4474.48453283702  61.74939
4474.64412262309  75.69292
4474.80371240916  98.90334
4474.96330219523  100.4212
4475.1228919813  83.10317
4475.28248176737  76.10973
4475.44207155344  91.70532
4475.60166133951  72.09863
4475.76125112558  93.88367
4475.92084091165  109.4344
4476.08043069772  89.52266
4476.24002048379  51.6224
4476.39961026986  76.04817
4476.55920005593  72.31196
4476.718789842  45.59538
4476.87837962807  91.89093
4477.03796941414  81.18225
4477.19755920021  61.2668
4477.35714898628  93.44562
4477.51673877235  64.27686
4477.67632855842  72.97495
4477.83591834449  81.42455
4477.99550813056  82.85318
4478.15509791663  71.42699
4478.3146877027  61.92385
4478.47427748877  108.8538
4478.63386727484  101.9068
4478.79345706091  86.21104
4478.95304684698  94.85582
4479.11263663305  89.49627
4479.27222641912  63.08134
4479.43181620519  118.1942
4479.59140599126  116.543
4479.75099577733  73.51628
4479.9105855634  81.00098
4480.07017534947  97.16277
4480.22976513554  86.87574
4480.38935492161  114.1651
4480.54894470768  132.9128
4480.70853449375  122.6273
4480.86812427982  85.08117
4481.02771406589  40.27665
4481.18730385196  99.15298
4481.34689363803  113.0996
4481.5064834241  71.49845
4481.66607321017  72.75934
4481.82566299624  43.52983
4481.98525278231  42.34805
4482.14484256838  124.9382
4482.30443235445  87.5585
4482.46402214051  37.05252
4482.62361192659  71.20672
4482.78320171266  91.37297
4482.94279149872  60.39481
4483.1023812848  94.3481
4483.26197107087  81.70175
4483.42156085693  36.44406
4483.581150643  35.35865
4483.74074042908  89.27436
4483.90033021515  85.74142
4484.05992000121  104.1958
4484.21950978729  104.674
4484.37909957335  91.37641
4484.53868935942  63.8284
4484.69827914549  69.83336
4484.85786893156  80.92627
4485.01745871763  129.5964
4485.1770485037  133.3924
4485.33663828977  87.15669
4485.49622807584  79.69614
4485.65581786191  80.0669
4485.81540764798  76.25426
4485.97499743405  91.35869
4486.13458722012  93.67856
4486.29417700619  93.80977
4486.45376679226  36.04205
4486.61335657833  74.52325
4486.7729463644  117.2728
4486.93253615047  67.5877
4487.09212593654  49.19653
4487.25171572261  105.5199
4487.41130550868  74.4976
4487.57089529475  88.08582
4487.73048508082  91.2263
4487.89007486689  64.49996
4488.04966465296  115.892
4488.20925443903  93.09809
4488.3688442251  69.60519
4488.52843401117  48.84666
4488.68802379724  93.33444
4488.84761358331  110.4133
4489.00720336938  111.4286
4489.16679315545  107.2922
4489.32638294152  80.13551
4489.48597272759  89.863
4489.64556251366  110.3688
4489.80515229973  69.24742
4489.9647420858  55.22771
4490.12433187187  70.87222
4490.28392165794  39.48067
4490.44351144401  10.44653
4490.60310123008  70.60923
4490.76269101615  82.1297
4490.92228080222  85.31857
4491.08187058829  80.1002
4491.24146037436  65.80644
4491.40105016043  59.17562
4491.5606399465  93.32973
4491.72022973257  102.1392
4491.87981951864  44.41528
4492.03940930471  94.63091
4492.19899909078  92.38678
4492.35858887685  98.79833
4492.51817866292  78.07301
4492.67776844899  56.81985
4492.83735823506  68.05734
4492.99694802113  112.1774
4493.1565378072  101.3
4493.31612759327  64.58605
4493.47571737934  78.39874
4493.63530716541  77.38428
4493.79489695148  74.49889
4493.95448673755  39.22672
4494.11407652362  53.48244
4494.27366630969  98.81158
4494.43325609576  120.9377
4494.59284588183  81.29524
4494.7524356679  71.0088
4494.91202545397  117.3143
4495.07161524004  85.24525
4495.23120502611  38.28266
4495.39079481218  57.03016
4495.55038459825  84.80713
4495.70997438432  83.40048
4495.86956417039  72.66709
4496.02915395646  40.06332
4496.18874374253  34.02718
4496.3483335286  88.78754
4496.50792331467  44.82626
4496.66751310074  56.53751
4496.82710288681  90.44254
4496.98669267288  59.55663
4497.14628245895  97.00175
4497.30587224502  85.23585
4497.46546203109  75.76087
4497.62505181716  91.27991
4497.78464160323  68.10152
4497.9442313893  86.117
4498.10382117537  47.46308
4498.26341096144  64.17228
4498.42300074751  70.04657
4498.58259053358  98.09217
4498.74218031965  71.51866
4498.90177010572  63.60575
4499.06135989179  72.93884
4499.22094967786  67.81555
4499.38053946393  63.49984
4499.54012925  105.0794
4499.69971903607  65.27409
4499.85930882214  64.29269
4500.01889860821  46.16321
4500.17848839428  75.43999
4500.33807818034  90.19261
4500.49766796642  52.2716
4500.65725775249  68.59485
4500.81684753856  75.64979
4500.97643732463  85.31008
4501.13602711069  108.3441
4501.29561689676  79.61672
4501.45520668283  91.91492
4501.6147964689  82.41509
4501.77438625497  55.78066
4501.93397604104  71.73921
4502.09356582711  77.62031
4502.25315561318  85.86678
4502.41274539925  126.1222
4502.57233518532  112.4945
4502.73192497139  41.75005
4502.89151475746  61.89492
4503.05110454354  85.36012
4503.2106943296  38.10951
4503.37028411567  83.94538
4503.52987390174  97.14932
4503.68946368781  107.03
4503.84905347388  91.90298
4504.00864325995  62.05854
4504.16823304602  28.34414
4504.32782283209  41.72154
4504.48741261816  88.33972
4504.64700240423  98.89819
4504.8065921903  55.61056
4504.96618197637  51.49471
4505.12577176244  35.81646
4505.28536154851  50.67683
4505.44495133458  40.97492
4505.60454112065  45.10025
4505.76413090672  71.44878
4505.92372069279  62.83875
4506.08331047886  82.95972
4506.24290026493  84.31401
4506.402490051  61.92461
4506.56207983707  78.45885
4506.72166962314  64.65854
4506.88125940921  62.15263
4507.04084919528  61.31573
4507.20043898135  41.15145
4507.36002876742  73.23048
4507.51961855349  61.54375
4507.67920833956  65.523
4507.83879812563  60.68121
4507.9983879117  59.90185
4508.15797769777  27.14991
4508.31756748384  40.67411
4508.47715726991  76.11606
4508.63674705598  66.2303
4508.79633684205  58.89513
4508.95592662812  58.20271
4509.11551641419  63.97408
4509.27510620026  72.57423
4509.43469598633  60.80084
4509.5942857724  76.10085
4509.75387555847  74.31794
4509.91346534454  70.90836
4510.07305513061  80.12414
4510.23264491668  60.59597
4510.39223470275  70.36538
4510.55182448882  78.58922
4510.71141427489  51.57309
4510.87100406096  9.705179
4511.03059384703  33.38818
4511.1901836331  77.26034
4511.34977341917  65.15716
4511.50936320524  89.87803
4511.66895299131  83.50674
4511.82854277738  67.71336
4511.98813256345  88.24206
4512.14772234952  54.70795
4512.30731213559  83.38408
4512.46690192166  66.43388
4512.62649170773  11.00137
4512.7860814938  32.4793
4512.94567127987  22.95342
4513.10526106594  33.24224
4513.26485085201  32.20821
4513.42444063808  80.9454
4513.58403042415  56.66037
4513.74362021022  13.03453
4513.90320999629  11.14832
4514.06279978236  33.71303
4514.22238956843  59.75415
4514.3819793545  77.66215
4514.54156914057  44.33724
4514.70115892664  27.21828
4514.86074871271  6.208136
4515.02033849878  20.45285
4515.17992828485  50.29807
4515.33951807092  64.61285
4515.49910785699  82.81716
4515.65869764306  54.41294
4515.81828742913  32.39271
4515.9778772152  63.81378
4516.13746700127  52.57425
4516.29705678734  35.19489
4516.45664657341  43.85411
4516.61623635948  60.88453
4516.77582614555  64.51649
4516.93541593162  71.76073
4517.09500571769  51.67257
4517.25459550376  78.6533
4517.41418528982  94.61935
4517.5737750759  64.49583
4517.73336486197  30.48883
4517.89295464804  67.09
4518.05254443411  38.41024
4518.21213422018  34.47646
4518.37172400625  81.11514
4518.53131379231  27.03311
4518.69090357838  62.97145
4518.85049336446  39.02407
4519.01008315053  42.52466
4519.16967293659  17.21694
4519.32926272266  24.81618
4519.48885250873  32.71523
4519.6484422948  59.53054
4519.80803208088  43.16995
4519.96762186694  48.02328
4520.12721165301  40.05703
4520.28680143908  28.82446
4520.44639122515  49.83192
4520.60598101122  48.13859
4520.76557079729  32.09744
4520.92516058336  14.93625
4521.08475036943  36.12277
4521.2443401555  21.36039
4521.40392994157  65.52758
4521.56351972764  41.56681
4521.72310951371  52.52086
4521.88269929978  28.84416
4522.04228908585  51.51814
4522.20187887192  79.08502
4522.36146865799  35.89272
4522.52105844406  -3.723492
4522.68064823013  26.16958
4522.8402380162  42.4189
4522.99982780227  63.25002
4523.15941758834  27.99034
4523.31900737441  13.81697
4523.47859716048  67.12081
4523.63818694655  44.50436
4523.79777673262  37.35684
4523.95736651869  0.566686
4524.11695630476  21.98775
4524.27654609083  49.30718
4524.4361358769  25.47358
4524.59572566297  31.88739
4524.75531544904  19.70185
4524.91490523511  16.32859
4525.07449502118  49.60455
4525.23408480725  39.23071
4525.39367459332  68.91135
4525.55326437939  39.90316
4525.71285416546  7.957014
4525.87244395153  31.79459
4526.0320337376  25.84303
4526.19162352367  31.33609
4526.35121330974  4.354388
4526.51080309581  27.54944
4526.67039288188  22.18058
4526.82998266795  -0.5271823
4526.98957245402  39.6026
4527.14916224009  46.21311
4527.30875202616  41.32877
4527.46834181223  15.31095
4527.6279315983  48.31838
4527.78752138437  46.96278
4527.94711117044  28.80564
4528.10670095651  21.64072
4528.26629074258  14.77776
4528.42588052865  63.67912
4528.58547031472  66.35927
4528.74506010079  46.07528
4528.90464988686  37.14605
4529.06423967293  46.98381
4529.223829459  49.92799
4529.38341924507  53.88589
4529.54300903114  27.79713
4529.70259881721  51.46429
4529.86218860328  21.1524
4530.02177838935  46.08522
4530.18136817542  55.01149
4530.34095796149  26.60689
4530.50054774756  26.41434
4530.66013753363  44.48286
4530.8197273197  4.919025
4530.97931710577  48.77951
4531.13890689184  44.65266
4531.29849667791  16.40051
4531.45808646398  45.29518
4531.61767625005  68.2041
4531.77726603612  49.29284
4531.93685582219  17.6583
4532.09644560826  16.48509
4532.25603539433  32.32154
4532.4156251804  20.68326
4532.57521496647  4.768708
4532.73480475254  13.19067
4532.89439453861  44.893
4533.05398432468  28.45579
4533.21357411075  -17.30066
4533.37316389682  42.19632
4533.53275368289  47.47926
4533.69234346896  31.19873
4533.85193325503  23.78305
4534.0115230411  44.62043
4534.17111282717  -13.90773
4534.33070261324  -10.00614
4534.49029239931  19.33387
4534.64988218538  20.61054
4534.80947197145  -14.9719
4534.96906175752  0.6074007
4535.12865154359  12.90042
4535.28824132966  57.87326
4535.44783111573  41.0195
4535.6074209018  0.9581029
4535.76701068787  4.005428
4535.92660047394  33.71561
4536.08619026001  24.97357
4536.24578004607  -8.561498
4536.40536983214  -28.07319
4536.56495961821  16.39424
4536.72454940429  11.95066
4536.88413919035  -5.941517
4537.04372897642  10.20798
4537.2033187625  -6.448182
4537.36290854856  -8.979055
4537.52249833463  26.04115
4537.6820881207  -14.83649
4537.84167790677  11.30003
4538.00126769284  45.60756
4538.16085747891  40.79987
4538.32044726498  -0.7669479
4538.48003705105  27.7225
4538.63962683712  4.741249
4538.79921662319  2.541404
4538.95880640926  0.05881707
4539.11839619533  -13.78187
4539.2779859814  0.5334765
4539.43757576747  23.37592
4539.59716555354  11.86124
4539.75675533961  24.00606
4539.91634512568  21.71439
4540.07593491175  46.28303
4540.23552469782  29.96665
4540.39511448389  10.23826
4540.55470426996  6.659027
4540.71429405603  35.77213
4540.8738838421  37.53014
4541.03347362817  14.93816
4541.19306341424  -2.306151
4541.35265320031  -2.795446
4541.51224298638  1.362875
4541.67183277245  5.056551
4541.83142255852  17.46037
4541.99101234459  33.3337
4542.15060213066  4.53995
4542.31019191673  12.18234
4542.4697817028  36.55873
4542.62937148887  31.13568
4542.78896127494  12.78302
4542.94855106101  23.9828
4543.10814084708  44.23639
4543.26773063315  27.29449
4543.42732041922  8.726927
4543.58691020529  24.29113
4543.74649999136  12.03486
4543.90608977743  35.94525
4544.0656795635  21.333
4544.22526934957  1.483323
4544.38485913564  12.35138
4544.54444892171  -11.52042
4544.70403870778  -22.4838
4544.86362849385  -27.49892
4545.02321827992  17.71107
4545.18280806599  -16.69861
4545.34239785206  15.91666
4545.50198763813  -11.76055
4545.6615774242  -42.98406
4545.82116721027  19.23631
4545.98075699634  40.33397
4546.14034678241  11.49864
4546.29993656848  -5.127579
4546.45952635455  -16.39358
4546.61911614062  -8.090169
4546.77870592669  -44.59138
4546.93829571276  -4.250889
4547.09788549883  50.22683
4547.2574752849  12.19137
4547.41706507097  0.1426958
4547.57665485704  -3.54157
4547.73624464311  15.83402
4547.89583442918  6.649358
4548.05542421525  49.66616
4548.21501400132  -10.83708
4548.37460378739  -26.12366
4548.53419357346  -33.93903
4548.69378335953  5.421053
4548.8533731456  17.11351
4549.01296293167  45.64157
4549.17255271774  20.1479
4549.33214250381  -0.2069702
4549.49173228988  17.55222
4549.65132207595  24.38483
4549.81091186202  23.98296
