4386.3160490376  -1.306811
4386.47574760128  21.55507
4386.63544616496  -0.3855305
4386.79514472864  2.156853
4386.95484329231  -4.820622
4387.11454185599  5.445518
4387.27424041967  -3.831635
4387.43393898335  -30.88507
4387.59363754703  -25.74609
4387.75333611071  0.1186752
4387.91303467439  12.55124
4388.07273323806  2.644332
4388.23243180174  -4.14227
4388.39213036542  14.69985
4388.5518289291  14.62134
4388.71152749278  -2.42758
4388.87122605646  19.84377
4389.03092462014  9.464627
4389.19062318381  7.381484
4389.35032174749  13.10305
4389.51002031117  18.67967
4389.66971887485  13.42907
4389.82941743853  3.572953
4389.98911600221  -6.819613
4390.14881456589  -13.33447
4390.30851312956  -4.123286
4390.46821169324  11.97042
4390.62791025692  15.1656
4390.7876088206  -6.707924
4390.94730738428  -26.55733
4391.10700594796  -1.061592
4391.26670451163  32.96983
4391.42640307531  27.31483
4391.58610163899  3.939022
4391.74580020267  -3.132432
4391.90549876635  -6.892053
4392.06519733003  16.04484
4392.22489589371  12.89287
4392.38459445738  35.78287
4392.54429302106  46.37288
4392.70399158474  -11.58962
4392.86369014842  -10.37768
4393.0233887121  -7.87739
4393.18308727578  -19.43114
4393.34278583946  19.91498
4393.50248440314  -4.716334
4393.66218296681  -5.478043
4393.82188153049  7.139765
4393.98158009417  -24.09471
4394.14127865785  1.341545
4394.30097722153  50.1669
4394.46067578521  33.00132
4394.62037434888  1.860753
4394.78007291256  27.12554
4394.93977147624  29.45299
4395.09947003992  11.21544
4395.2591686036  37.12271
4395.41886716728  20.49881
4395.57856573096  14.46993
4395.73826429463  37.82053
4395.89796285831  37.03794
4396.05766142199  -5.976077
4396.21735998567  13.91675
4396.37705854935  3.194967
4396.53675711303  3.530369
4396.69645567671  11.7324
4396.85615424038  15.9861
4397.01585280406  10.48535
4397.17555136774  0.3687715
4397.33524993142  23.36858
4397.4949484951  47.542
4397.65464705878  30.37266
4397.81434562246  31.77186
4397.97404418613  43.78985
4398.13374274981  21.93708
4398.29344131349  29.23352
4398.45313987717  25.62401
4398.61283844085  18.16186
4398.77253700453  13.65252
4398.93223556821  19.92654
4399.09193413188  10.02727
4399.25163269556  23.53446
4399.41133125924  30.01353
4399.57102982292  9.146104
4399.7307283866  23.62014
4399.89042695028  39.84475
4400.05012551396  28.6618
4400.20982407763  36.39546
4400.36952264131  14.60174
4400.52922120499  9.126548
4400.68891976867  17.93114
4400.84861833235  36.2158
4401.00831689603  17.88388
4401.1680154597  11.11638
4401.32771402338  1.043633
4401.48741258706  -27.32042
4401.64711115074  -26.27406
4401.80680971442  19.12122
4401.9665082781  25.8192
4402.12620684178  1.213859
4402.28590540545  11.19423
4402.44560396913  19.32683
4402.60530253281  10.0702
4402.76500109649  28.86495
4402.92469966017  46.77492
4403.08439822385  36.95369
4403.24409678753  42.50166
4403.4037953512  16.57905
4403.56349391488  28.62589
4403.72319247856  59.09574
4403.88289104224  31.73985
4404.04258960592  54.32591
4404.2022881696  66.20149
4404.36198673328  37.50027
4404.52168529695  18.19876
4404.68138386063  21.08305
4404.84108242431  33.24662
4405.00078098799  24.94886
4405.16047955167  28.44553
4405.32017811535  47.00126
4405.47987667903  24.13184
4405.6395752427  61.13781
4405.79927380638  45.16771
4405.95897237006  34.99279
4406.11867093374  43.79935
4406.27836949742  43.42981
4406.4380680611  21.30626
4406.59776662477  41.96657
4406.75746518845  31.5601
4406.91716375213  29.75698
4407.07686231581  35.14389
4407.23656087949  51.22797
4407.39625944317  54.70925
4407.55595800685  19.51598
4407.71565657052  22.97001
4407.8753551342  4.758528
4408.03505369788  37.58837
4408.19475226156  34.979
4408.35445082524  24.04808
4408.51414938892  22.8903
4408.6738479526  15.28902
4408.83354651627  47.63212
4408.99324507995  48.43727
4409.15294364363  31.34714
4409.31264220731  17.8759
4409.47234077099  24.52485
4409.63203933467  59.56358
4409.79173789835  55.7008
4409.95143646203  36.48172
4410.1111350257  34.29082
4410.27083358938  16.78654
4410.43053215306  27.75823
4410.59023071674  34.98101
4410.74992928042  56.84795
4410.9096278441  16.71688
4411.06932640777  22.80798
4411.22902497145  44.22407
4411.38872353513  59.08245
4411.54842209881  41.43164
4411.70812066249  9.094478
4411.86781922617  33.06091
4412.02751778985  58.69755
4412.18721635352  23.00322
4412.3469149172  -3.274942
4412.50661348088  31.94335
4412.66631204456  57.16635
4412.82601060824  31.04823
4412.98570917192  19.85625
4413.14540773559  48.50313
4413.30510629927  58.79767
4413.46480486295  28.81597
4413.62450342663  -3.681679
4413.78420199031  -6.302053
4413.94390055399  32.50306
4414.10359911767  75.39231
4414.26329768134  25.62462
4414.42299624502  38.83291
4414.5826948087  52.27937
4414.74239337238  28.51104
4414.90209193606  14.10328
4415.06179049974  35.32841
4415.22148906342  47.01834
4415.3811876271  38.75845
4415.54088619077  40.32556
4415.70058475445  26.26189
4415.86028331813  39.25719
4416.01998188181  83.2909
4416.17968044549  53.91223
4416.33937900917  44.08816
4416.49907757285  48.23095
4416.65877613652  45.87448
4416.8184747002  41.54841
4416.97817326388  7.91115
4417.13787182756  23.47481
4417.29757039124  54.91076
4417.45726895492  23.05025
4417.61696751859  4.711335
4417.77666608227  38.30371
4417.93636464595  48.9041
4418.09606320963  47.386
4418.25576177331  74.34918
4418.41546033699  77.19112
4418.57515890067  55.4902
4418.73485746434  57.48896
4418.89455602802  54.96698
4419.0542545917  28.91547
4419.21395315538  -0.2526152
4419.37365171906  59.80724
4419.53335028274  49.40354
4419.69304884641  77.49066
4419.85274741009  62.06364
4420.01244597377  33.25672
4420.17214453745  47.37237
4420.33184310113  13.07953
4420.49154166481  49.79442
4420.65124022849  37.47296
4420.81093879217  9.260717
4420.97063735584  9.085148
4421.13033591952  17.99183
4421.2900344832  29.18401
4421.44973304688  30.11585
4421.60943161056  52.15902
4421.76913017424  49.50494
4421.92882873791  53.69761
4422.08852730159  61.39257
4422.24822586527  53.17234
4422.40792442895  26.54988
4422.56762299263  46.14058
4422.72732155631  39.42717
4422.88702011999  53.52148
4423.04671868366  41.69041
4423.20641724734  36.97992
4423.36611581102  24.32284
4423.5258143747  20.51826
4423.68551293838  55.25895
4423.84521150206  69.16136
4424.00491006574  55.8302
4424.16460862941  36.17677
4424.32430719309  55.82112
4424.48400575677  85.89542
4424.64370432045  42.14856
4424.80340288413  22.51859
4424.96310144781  58.31002
4425.12280001148  62.88461
4425.28249857516  79.8133
4425.44219713884  40.21979
4425.60189570252  65.65778
4425.7615942662  72.83972
4425.92129282988  85.18066
4426.08099139356  71.29115
4426.24068995724  56.29448
4426.40038852091  46.29111
4426.56008708459  65.32421
4426.71978564827  62.43185
4426.87948421195  9.80081
4427.03918277563  44.21498
4427.19888133931  82.51149
4427.35857990299  66.92048
4427.51827846666  49.63933
4427.67797703034  32.52401
4427.83767559402  39.51447
4427.9973741577  76.97612
4428.15707272138  73.3626
4428.31677128506  41.20832
4428.47646984873  54.68797
4428.63616841241  41.99255
4428.79586697609  44.22555
4428.95556553977  20.03598
4429.11526410345  14.52338
4429.27496266713  16.65634
4429.43466123081  59.71983
4429.59435979448  63.78082
4429.75405835816  47.27264
4429.91375692184  78.0872
4430.07345548552  75.5928
4430.2331540492  65.01596
4430.39285261288  75.80266
4430.55255117656  72.76608
4430.71224974023  78.43976
4430.87194830391  74.38103
4431.03164686759  31.85269
4431.19134543127  42.44164
4431.35104399495  73.60968
4431.51074255863  62.38976
4431.67044112231  72.72813
4431.83013968598  79.4336
4431.98983824966  74.27043
4432.14953681334  49.11182
4432.30923537702  23.53645
4432.4689339407  44.09243
4432.62863250438  53.30944
4432.78833106805  72.66586
4432.94802963173  52.92042
4433.10772819541  63.67813
4433.26742675909  74.96061
4433.42712532277  73.78833
4433.58682388645  60.28829
4433.74652245013  53.74542
4433.9062210138  52.84349
4434.06591957748  44.54605
4434.22561814116  47.47467
4434.38531670484  52.42883
4434.54501526852  54.44511
4434.7047138322  70.51459
4434.86441239588  23.1827
4435.02411095956  32.81517
4435.18380952323  86.86214
4435.34350808691  62.94843
4435.50320665059  47.44121
4435.66290521427  42.3246
4435.82260377795  61.40406
4435.98230234163  69.27153
4436.1420009053  66.85818
4436.30169946898  32.54622
4436.46139803266  63.27625
4436.62109659634  67.65882
4436.78079516002  88.02553
4436.9404937237  92.34949
4437.10019228738  70.45225
4437.25989085105  96.62712
4437.41958941473  95.01482
4437.57928797841  78.35976
4437.73898654209  68.71274
4437.89868510577  51.48288
4438.05838366945  78.89941
4438.21808223313  89.05167
4438.3777807968  70.70644
4438.53747936048  60.5518
4438.69717792416  102.2256
4438.85687648784  106.4018
4439.01657505152  74.11809
4439.1762736152  52.90713
4439.33597217888  99.25532
4439.49567074255  109.9093
4439.65536930623  54.27478
4439.81506786991  63.52408
4439.97476643359  65.82082
4440.13446499727  80.7401
4440.29416356095  81.65582
4440.45386212463  79.65985
4440.6135606883  70.5946
4440.77325925198  52.36844
4440.93295781566  57.59355
4441.09265637934  65.18497
4441.25235494302  53.59832
4441.4120535067  80.60144
4441.57175207038  52.77962
4441.73145063405  69.51568
4441.89114919773  78.20763
4442.05084776141  66.74947
4442.21054632509  78.99165
4442.37024488877  60.46009
4442.52994345245  78.19016
4442.68964201612  83.38604
4442.8493405798  77.86374
4443.00903914348  59.99791
4443.16873770716  77.84016
4443.32843627084  64.53345
4443.48813483452  69.60204
4443.6478333982  105.636
4443.80753196188  61.74081
4443.96723052555  55.83252
4444.12692908923  81.80997
4444.28662765291  88.759
4444.44632621659  99.01637
4444.60602478027  74.61388
4444.76572334395  68.44806
4444.92542190763  60.7411
4445.0851204713  55.10286
4445.24481903498  51.1916
4445.40451759866  77.70216
4445.56421616234  96.5743
4445.72391472602  60.71252
4445.8836132897  65.92963
4446.04331185337  76.84892
4446.20301041705  73.79404
4446.36270898073  94.82613
4446.52240754441  95.1828
4446.68210610809  92.93112
4446.84180467177  57.90931
4447.00150323545  54.00097
4447.16120179912  92.08952
4447.3209003628  75.29544
4447.48059892648  106.7963
4447.64029749016  59.40181
4447.79999605384  90.02043
4447.95969461752  77.03819
4448.11939318119  64.48921
4448.27909174487  98.71672
4448.43879030855  69.61451
4448.59848887223  56.54031
4448.75818743591  89.89488
4448.91788599959  68.27161
4449.07758456327  51.96229
4449.23728312694  63.43224
4449.39698169062  65.95785
4449.5566802543  42.22083
4449.71637881798  87.16968
4449.87607738166  98.97955
4450.03577594534  62.61963
4450.19547450902  113.4656
4450.3551730727  116.3798
4450.51487163637  77.45647
4450.67457020005  64.73861
4450.83426876373  59.16557
4450.99396732741  72.96846
4451.15366589109  98.30296
4451.31336445477  90.0731
4451.47306301844  54.64206
4451.63276158212  109.4797
4451.7924601458  93.0174
4451.95215870948  83.66009
4452.11185727316  82.19265
4452.27155583684  87.47952
4452.43125440052  84.00271
4452.59095296419  65.97888
4452.75065152787  64.55514
4452.91035009155  70.53175
4453.07004865523  57.17722
4453.22974721891  63.66481
4453.38944578259  25.41121
4453.54914434627  59.78215
4453.70884290994  86.45345
4453.86854147362  65.14891
4454.0282400373  58.78736
4454.18793860098  56.47462
4454.34763716466  46.48909
4454.50733572834  27.92513
4454.66703429202  30.75751
4454.82673285569  95.84505
4454.98643141937  94.31458
4455.14612998305  69.31395
4455.30582854673  63.37028
4455.46552711041  73.23518
4455.62522567409  77.12942
4455.78492423777  82.65946
4455.94462280144  94.17554
4456.10432136512  94.67149
4456.2640199288  62.1152
4456.42371849248  79.62853
4456.58341705616  93.90737
4456.74311561984  75.89715
4456.90281418351  100.4147
4457.06251274719  79.94614
4457.22221131087  63.36349
4457.38190987455  60.70975
4457.54160843823  56.55141
4457.70130700191  88.72142
4457.86100556559  105.6949
4458.02070412927  75.66205
4458.18040269294  50.61334
4458.34010125662  87.38177
4458.4997998203  90.59774
4458.65949838398  63.71053
4458.81919694766  51.88503
4458.97889551134  99.96104
4459.13859407501  97.93059
4459.29829263869  66.29396
4459.45799120237  73.23161
4459.61768976605  62.62705
4459.77738832973  93.70281
4459.93708689341  100.9918
4460.09678545708  75.46012
4460.25648402076  82.04863
4460.41618258444  59.45646
4460.57588114812  78.15349
4460.7355797118  104.8245
4460.89527827548  82.23033
4461.05497683916  71.50117
4461.21467540284  89.80477
4461.37437396651  83.27848
4461.53407253019  68.94852
4461.69377109387  104.2569
4461.85346965755  80.8443
4462.01316822123  77.67322
4462.17286678491  88.65229
4462.33256534858  70.25729
4462.49226391226  59.47232
4462.65196247594  92.82872
4462.81166103962  76.05618
4462.9713596033  95.18408
4463.13105816698  97.53236
4463.29075673066  98.16949
4463.45045529434  62.78349
4463.61015385801  63.07521
4463.76985242169  104.9967
4463.92955098537  113.5098
4464.08924954905  120.4457
4464.24894811273  65.24307
4464.40864667641  57.53149
4464.56834524009  70.56179
4464.72804380376  96.14487
4464.88774236744  90.63281
4465.04744093112  94.87025
4465.2071394948  82.25571
4465.36683805848  100.0626
4465.52653662216  88.56541
4465.68623518583  68.97438
4465.84593374951  76.80329
4466.00563231319  108.235
4466.16533087687  81.5923
4466.32502944055  69.46987
4466.48472800423  92.43814
4466.64442656791  112.8456
4466.80412513158  108.4566
4466.96382369526  77.19831
4467.12352225894  84.13233
4467.28322082262  81.42014
4467.4429193863  57.40089
4467.60261794998  87.36803
4467.76231651365  80.908
4467.92201507733  89.18736
4468.08171364101  74.1451
4468.24141220469  89.74046
4468.40111076837  99.66388
4468.56080933205  99.67389
4468.72050789573  107.5518
4468.88020645941  94.30009
4469.03990502308  76.84867
4469.19960358676  85.22601
4469.35930215044  91.64132
4469.51900071412  82.83813
4469.6786992778  65.06429
4469.83839784148  89.83537
4469.99809640516  92.83152
4470.15779496883  111.397
4470.31749353251  107.0712
4470.47719209619  72.94955
4470.63689065987  113.8134
4470.79658922355  114.1717
4470.95628778723  70.16853
4471.1159863509  111.1638
4471.27568491458  112.0487
4471.43538347826  88.21922
4471.59508204194  110.2102
4471.75478060562  80.40562
4471.9144791693  74.15735
4472.07417773298  102.8651
4472.23387629665  103.4735
4472.39357486033  103.8407
4472.55327342401  85.83205
4472.71297198769  67.76206
4472.87267055137  72.70322
4473.03236911505  89.67095
4473.19206767873  78.97451
4473.3517662424  64.65507
4473.51146480608  73.82773
4473.67116336976  65.05692
4473.83086193344  66.60782
4473.99056049712  81.03214
4474.1502590608  88.97639
4474.30995762448  94.32561
4474.46965618815  78.68915
4474.62935475183  70.4366
4474.78905331551  79.33844
4474.94875187919  92.94244
4475.10845044287  87.13042
4475.26814900655  85.39888
4475.42784757023  110.1279
4475.5875461339  106.3353
4475.74724469758  102.6981
4475.90694326126  112.8369
4476.06664182494  104.8723
4476.22634038862  119.9643
4476.3860389523  82.35493
4476.54573751598  64.82281
4476.70543607965  89.6804
4476.86513464333  105.3136
4477.02483320701  112.3637
4477.18453177069  87.14596
4477.34423033437  65.91821
4477.50392889805  92.77314
4477.66362746172  88.64165
4477.8233260254  87.76083
4477.98302458908  75.66128
4478.14272315276  81.65417
4478.30242171644  97.60225
4478.46212028012  83.64367
4478.6218188438  70.40815
4478.78151740747  55.63511
4478.94121597115  81.39532
4479.10091453483  73.08655
4479.26061309851  95.7128
4479.42031166219  83.27895
4479.58001022587  85.22504
4479.73970878955  134.1247
4479.89940735322  88.09372
4480.0591059169  92.28172
4480.21880448058  70.75659
4480.37850304426  92.19297
4480.53820160794  88.05669
4480.69790017162  102.2916
4480.8575987353  113.1743
4481.01729729897  97.39791
4481.17699586265  76.2464
4481.33669442633  98.82175
4481.49639299001  75.4126
4481.65609155369  96.30889
4481.81579011737  123.4321
4481.97548868105  130.1615
4482.13518724472  70.67139
4482.2948858084  69.74026
4482.45458437208  95.02473
4482.61428293576  86.03342
4482.77398149944  62.68514
4482.93368006312  91.64333
4483.0933786268  87.56833
4483.25307719047  72.6644
4483.41277575415  68.34451
4483.57247431783  75.60579
4483.73217288151  57.74943
4483.89187144519  90.10615
4484.05157000887  92.94075
4484.21126857255  105.911
4484.37096713622  78.09383
4484.5306656999  65.80553
4484.69036426358  72.14636
4484.85006282726  99.4676
4485.00976139094  124.6354
4485.16945995462  86.2198
4485.3291585183  59.63966
4485.48885708197  34.80916
4485.64855564565  72.56582
4485.80825420933  69.19949
4485.96795277301  71.00623
4486.12765133669  58.99167
4486.28734990037  45.66267
4486.44704846405  91.57791
4486.60674702772  89.73223
4486.7664455914  85.43725
4486.92614415508  0.615992
4487.08584271876  53.79164
4487.24554128244  73.61282
4487.40523984612  99.00582
4487.56493840979  81.64995
4487.72463697347  45.86798
4487.88433553715  96.23978
4488.04403410083  96.50832
4488.20373266451  69.95211
4488.36343122819  90.12362
4488.52312979187  94.22222
4488.68282835554  90.88314
4488.84252691922  82.71295
4489.0022254829  64.51088
4489.16192404658  63.79784
4489.32162261026  59.46259
4489.48132117394  67.90584
4489.64101973762  75.74923
4489.80071830129  88.86411
4489.96041686497  115.1437
4490.12011542865  107.3769
4490.27981399233  71.47025
4490.43951255601  93.05326
4490.59921111969  105.4074
4490.75890968337  75.96409
4490.91860824704  99.75173
4491.07830681072  95.23675
4491.2380053744  79.37402
4491.39770393808  62.15603
4491.55740250176  41.88586
4491.71710106544  66.6209
4491.87679962912  84.14102
4492.03649819279  83.10807
4492.19619675647  58.03206
4492.35589532015  37.17963
4492.51559388383  52.64228
4492.67529244751  68.66362
4492.83499101119  45.88213
4492.99468957487  61.06179
4493.15438813854  96.25954
4493.31408670222  44.11862
4493.4737852659  73.49902
4493.63348382958  77.23431
4493.79318239326  96.37569
4493.95288095694  64.12159
4494.11257952061  60.49193
4494.27227808429  77.37361
4494.43197664797  80.66645
4494.59167521165  62.12109
4494.75137377533  79.72367
4494.91107233901  101.6102
4495.07077090269  98.66755
4495.23046946636  48.85168
4495.39016803004  49.86842
4495.54986659372  60.34986
4495.7095651574  75.92981
4495.86926372108  86.43253
4496.02896228476  83.73648
4496.18866084844  82.4344
4496.34835941211  88.49545
4496.50805797579  90.51262
4496.66775653947  72.72417
4496.82745510315  64.80701
4496.98715366683  83.93109
4497.14685223051  86.80875
4497.30655079419  74.62994
4497.46624935786  64.53043
4497.62594792154  73.40768
4497.78564648522  84.70497
4497.9453450489  106.7127
4498.10504361258  70.39438
4498.26474217626  55.30398
4498.42444073994  65.68979
4498.58413930362  27.94333
4498.74383786729  56.6232
4498.90353643097  81.59351
4499.06323499465  87.69775
4499.22293355833  68.73837
4499.38263212201  43.63894
4499.54233068569  40.83693
4499.70202924936  53.55598
4499.86172781304  101.7537
4500.02142637672  89.25126
4500.1811249404  96.19744
4500.34082350408  92.80585
4500.50052206776  81.37561
4500.66022063144  39.06132
4500.81991919511  88.75442
4500.97961775879  82.3017
4501.13931632247  93.94016
4501.29901488615  83.69864
4501.45871344983  80.922
4501.61841201351  79.53306
4501.77811057718  42.92206
4501.93780914086  50.68652
4502.09750770454  51.0351
4502.25720626822  61.08316
4502.4169048319  45.04395
4502.57660339558  13.02193
4502.73630195926  27.99853
4502.89600052293  54.74749
4503.05569908661  87.18689
4503.21539765029  91.72353
4503.37509621397  70.21886
4503.53479477765  72.00356
4503.69449334133  77.10611
4503.85419190501  51.9302
4504.01389046868  23.80665
4504.17358903236  61.08973
4504.33328759604  60.75624
4504.49298615972  41.01797
4504.6526847234  42.7857
4504.81238328708  39.12559
4504.97208185076  93.28751
4505.13178041443  63.92344
4505.29147897811  70.4417
4505.45117754179  39.93134
4505.61087610547  65.58147
4505.77057466915  72.48277
4505.93027323283  51.28469
4506.08997179651  45.5513
4506.24967036018  67.72157
4506.40936892386  80.40553
4506.56906748754  47.48425
4506.72876605122  73.7829
4506.8884646149  78.92973
4507.04816317858  66.09446
4507.20786174225  41.43856
4507.36756030593  49.54519
4507.52725886961  60.80258
4507.68695743329  84.12003
4507.84665599697  79.39849
4508.00635456065  28.50384
4508.16605312433  54.5675
4508.325751688  43.97299
4508.48545025168  18.87576
4508.64514881536  50.23298
4508.80484737904  80.88755
4508.96454594272  67.26875
4509.1242445064  39.74634
4509.28394307008  58.69838
4509.44364163376  76.5947
4509.60334019743  53.76215
4509.76303876111  72.73533
4509.92273732479  79.37976
4510.08243588847  59.57882
4510.24213445215  87.68546
4510.40183301583  57.76063
4510.56153157951  39.83688
4510.72123014318  44.20019
4510.88092870686  77.47679
4511.04062727054  82.49721
4511.20032583422  68.15583
4511.3600243979  39.84819
4511.51972296158  34.59843
4511.67942152525  40.33715
4511.83912008893  25.35004
4511.99881865261  68.65958
4512.15851721629  58.32317
4512.31821577997  26.41272
4512.47791434365  49.26973
4512.63761290732  82.37753
4512.797311471  83.88634
4512.95701003468  40.76752
4513.11670859836  54.35143
4513.27640716204  51.69762
4513.43610572572  51.47834
4513.5958042894  81.28128
4513.75550285307  84.216
4513.91520141675  41.09408
4514.07489998043  26.0422
4514.23459854411  30.68947
4514.39429710779  25.9083
4514.55399567147  66.74445
4514.71369423515  58.24859
4514.87339279882  38.1209
4515.0330913625  33.68998
4515.19278992618  39.9885
4515.35248848986  36.12421
4515.51218705354  52.35065
4515.67188561722  60.83044
4515.8315841809  64.88367
4515.99128274457  81.13879
4516.15098130825  74.10059
4516.31067987193  42.51627
4516.47037843561  37.91518
4516.63007699929  14.6386
4516.78977556297  72.85309
4516.94947412665  82.6408
4517.10917269032  37.55646
4517.268871254  43.92924
4517.42856981768  29.12362
4517.58826838136  27.19452
4517.74796694504  28.44782
4517.90766550872  43.53463
4518.0673640724  65.81631
4518.22706263607  75.9045
4518.38676119975  89.69322
4518.54645976343  82.7
4518.70615832711  22.42477
4518.86585689079  19.61092
4519.02555545447  30.57293
4519.18525401815  42.13525
4519.34495258182  28.92004
4519.5046511455  30.78713
4519.66434970918  57.90237
4519.82404827286  55.52296
4519.98374683654  64.29462
4520.14344540022  48.19156
4520.3031439639  75.57526
4520.46284252757  74.0253
4520.62254109125  16.96008
4520.78223965493  30.76097
4520.94193821861  61.40585
4521.10163678229  70.37487
4521.26133534597  61.28352
4521.42103390965  35.77547
4521.58073247332  69.20262
4521.740431037  71.72688
4521.90012960068  43.67073
4522.05982816436  58.22393
4522.21952672804  61.23935
4522.37922529172  65.62766
4522.53892385539  58.00175
4522.69862241907  49.0469
4522.85832098275  31.27521
4523.01801954643  50.12892
4523.17771811011  42.84453
4523.33741667379  33.35624
4523.49711523747  26.47005
4523.65681380114  30.07585
4523.81651236482  51.83909
4523.9762109285  61.78222
4524.13590949218  43.60561
4524.29560805586  32.52532
4524.45530661954  33.95085
4524.61500518322  59.87006
4524.77470374689  69.74739
4524.93440231057  35.65997
4525.09410087425  46.76659
4525.25379943793  45.06129
4525.41349800161  30.64659
4525.57319656529  32.66851
4525.73289512897  50.63906
4525.89259369264  37.74765
4526.05229225632  47.96184
4526.21199082  52.35188
4526.37168938368  35.55404
4526.53138794736  22.97561
4526.69108651104  11.15186
4526.85078507472  1.529568
4527.01048363839  18.32043
4527.17018220207  19.91269
4527.32988076575  16.55185
4527.48957932943  26.81774
4527.64927789311  48.7393
4527.80897645679  27.40003
4527.96867502047  24.05307
4528.12837358414  22.46773
4528.28807214782  31.95433
4528.4477707115  14.51017
4528.60746927518  33.11816
4528.76716783886  39.76704
4528.92686640254  50.7775
4529.08656496622  20.51419
4529.24626352989  21.72909
4529.40596209357  18.16138
4529.56566065725  15.21249
4529.72535922093  32.7137
4529.88505778461  15.71259
4530.04475634829  39.23677
4530.20445491197  15.20442
4530.36415347564  27.83178
4530.52385203932  6.025312
4530.683550603  24.53667
4530.84324916668  35.62421
4531.00294773036  41.53571
4531.16264629404  34.69341
4531.32234485772  18.82496
4531.48204342139  26.34407
4531.64174198507  47.26104
4531.80144054875  22.21998
4531.96113911243  33.32855
4532.12083767611  31.53262
4532.28053623979  37.72633
4532.44023480346  0.9333876
4532.59993336714  38.08754
4532.75963193082  6.634408
4532.9193304945  -9.418797
4533.07902905818  9.178362
4533.23872762186  37.13408
4533.39842618554  37.81387
4533.55812474921  16.5345
4533.71782331289  5.541303
4533.87752187657  -5.950919
4534.03722044025  -8.557037
4534.19691900393  12.02422
4534.35661756761  15.48438
4534.51631613129  47.64858
4534.67601469496  36.67715
4534.83571325864  41.52711
4534.99541182232  35.66981
4535.155110386  -13.08001
4535.31480894968  18.66414
4535.47450751336  45.52626
4535.63420607704  13.94775
4535.79390464071  38.59928
4535.95360320439  32.96186
4536.11330176807  24.75671
4536.27300033175  32.15819
4536.43269889543  15.57079
4536.59239745911  -16.26269
4536.75209602279  -2.401933
4536.91179458646  6.123772
4537.07149315014  10.34614
4537.23119171382  7.304113
4537.3908902775  23.08722
4537.55058884118  27.78226
4537.71028740486  16.69271
4537.86998596854  -27.06588
4538.02968453221  -0.3498199
4538.18938309589  0.03474543
4538.34908165957  6.104036
4538.50878022325  -13.17099
4538.66847878693  -12.12074
4538.82817735061  -3.501531
4538.98787591428  21.01923
4539.14757447796  6.534765
4539.30727304164  14.6167
4539.46697160532  17.42176
4539.626670169  -2.50505
4539.78636873268  -4.529157
4539.94606729636  23.48706
4540.10576586004  -5.746296
4540.26546442371  -6.298893
4540.42516298739  -23.45961
4540.58486155107  24.85605
4540.74456011475  22.45791
4540.90425867843  18.34176
4541.06395724211  24.56331
4541.22365580578  12.45444
4541.38335436946  5.212409
4541.54305293314  4.492421
4541.70275149682  12.34725
4541.8624500605  -7.816102
4542.02214862418  47.19498
4542.18184718785  10.52406
4542.34154575153  -13.40326
4542.50124431521  -1.328583
4542.66094287889  -21.61427
4542.82064144257  16.50516
4542.98034000625  25.16187
4543.14003856993  28.87277
4543.2997371336  14.3084
4543.45943569728  -4.283058
4543.61913426096  -12.40586
4543.77883282464  14.26676
4543.93853138832  -10.14935
4544.098229952  -1.591197
4544.25792851568  -5.671513
4544.41762707935  17.42039
4544.57732564303  12.23045
4544.73702420671  8.732931
4544.89672277039  18.14797
4545.05642133407  26.03828
4545.21611989775  42.2436
4545.37581846143  9.419259
4545.53551702511  13.06752
4545.69521558878  12.24039
4545.85491415246  20.86195
4546.01461271614  22.61142
4546.17431127982  23.60974
4546.3340098435  0.7696791
4546.49370840718  24.90927
4546.65340697085  19.90251
4546.81310553453  21.39151
4546.97280409821  23.85966
4547.13250266189  8.204361
4547.29220122557  -10.57299
4547.45189978925  3.624252
4547.61159835293  2.934711
4547.7712969166  34.57662
4547.93099548028  -3.479585
4548.09069404396  -31.21768
4548.25039260764  19.13199
4548.41009117132  -4.04042
4548.569789735  -12.71752
4548.72948829868  -8.145443
4548.88918686235  -15.83001
4549.04888542603  -25.86272
4549.20858398971  -12.30543
4549.36828255339  22.4871
4549.52798111707  7.284365
4549.68767968075  18.17329
