4386.4512549726  45.5717
4386.61091380943  33.60382
4386.77057264627  -13.03198
4386.9302314831  5.120701
4387.08989031993  1.407423
4387.24954915677  -18.80642
4387.4092079936  -16.92975
4387.56886683043  15.36029
4387.72852566727  14.56981
4387.8881845041  -15.67691
4388.04784334093  21.77772
4388.20750217777  40.43325
4388.3671610146  -38.4378
4388.52681985143  -41.90286
4388.68647868827  -28.26098
4388.8461375251  -50.6647
4389.00579636193  -30.78436
4389.16545519877  -14.7531
4389.3251140356  7.361188
4389.48477287243  34.26883
4389.64443170927  3.12445
4389.8040905461  -27.31639
4389.96374938293  -26.99106
4390.12340821977  -34.71495
4390.2830670566  0.1175639
4390.44272589343  63.64823
4390.60238473026  28.95412
4390.7620435671  -33.09231
4390.92170240393  -8.358562
4391.08136124076  5.447498
4391.2410200776  28.25278
4391.40067891443  13.42816
4391.56033775127  26.22209
4391.7199965881  3.468876
4391.87965542493  61.91982
4392.03931426176  47.83475
4392.1989730986  5.416891
4392.35863193543  -16.05542
4392.51829077226  9.885575
4392.6779496091  42.91185
4392.83760844593  -19.36782
4392.99726728276  3.191009
4393.1569261196  24.76176
4393.31658495643  26.41081
4393.47624379326  7.32621
4393.6359026301  42.55282
4393.79556146693  10.41548
4393.95522030376  -6.444282
4394.1148791406  -44.04323
4394.27453797743  -12.05836
4394.43419681426  11.68507
4394.5938556511  29.01643
4394.75351448793  63.43459
4394.91317332476  47.28159
4395.0728321616  20.41467
4395.23249099843  20.72023
4395.39214983526  18.44884
4395.5518086721  3.3193
4395.71146750893  -1.302799
4395.87112634576  49.54507
4396.0307851826  35.14209
4396.19044401943  64.32504
4396.35010285626  48.97702
4396.5097616931  28.67849
4396.66942052993  28.16769
4396.82907936676  20.10286
4396.9887382036  22.70017
4397.14839704043  -19.19704
4397.30805587726  -11.68551
4397.4677147141  39.40216
4397.62737355093  -26.35212
4397.78703238776  -7.590975
4397.9466912246  12.02512
4398.10635006143  8.584864
4398.26600889826  22.44022
4398.4256677351  12.40589
4398.58532657193  18.56653
4398.74498540876  18.08371
4398.9046442456  18.10682
4399.06430308243  22.65644
4399.22396191926  22.34313
4399.3836207561  -11.47924
4399.54327959293  4.791246
4399.70293842976  25.28069
4399.8625972666  8.838174
4400.02225610343  55.6469
4400.18191494026  38.84381
4400.3415737771  24.16095
4400.50123261393  27.83015
4400.66089145076  36.43101
4400.8205502876  3.439938
4400.98020912443  11.24332
4401.13986796126  69.00539
4401.2995267981  37.23993
4401.45918563493  1.40016
4401.61884447176  17.64972
4401.7785033086  23.37221
4401.93816214543  -12.10382
4402.09782098226  20.10734
4402.25747981909  55.66637
4402.41713865593  12.56775
4402.57679749276  36.50703
4402.7364563296  9.224285
4402.89611516643  58.01239
4403.05577400326  33.76679
4403.21543284009  11.42777
4403.37509167693  36.20391
4403.53475051376  17.14191
4403.69440935059  60.19022
4403.85406818743  40.05429
4404.01372702426  37.77111
4404.1733858611  29.20998
4404.33304469793  39.75824
4404.49270353476  46.25404
4404.65236237159  21.99156
4404.81202120843  25.86806
4404.97168004526  -2.831215
4405.13133888209  6.800404
4405.29099771893  18.08131
4405.45065655576  26.74832
4405.6103153926  14.90659
4405.76997422943  53.87618
4405.92963306626  44.73501
4406.08929190309  27.72637
4406.24895073993  30.33314
4406.40860957676  54.85439
4406.5682684136  43.53132
4406.72792725043  -0.2883183
4406.88758608726  -1.115928
4407.04724492409  37.74127
4407.20690376093  58.85077
4407.36656259776  37.43825
4407.52622143459  13.53893
4407.68588027143  17.8034
4407.84553910826  -19.58241
4408.00519794509  7.56525
4408.16485678193  93.20123
4408.32451561876  30.54129
4408.48417445559  25.03827
4408.64383329243  32.77316
4408.80349212926  24.56213
4408.96315096609  -21.83082
4409.12280980293  78.52156
4409.28246863976  61.5508
4409.44212747659  19.62573
4409.60178631343  32.43814
4409.76144515026  -10.88291
4409.92110398709  21.99603
4410.08076282393  44.50602
4410.24042166076  26.6109
4410.40008049759  32.79107
4410.55973933443  11.52843
4410.71939817126  43.38426
4410.87905700809  18.96909
4411.03871584493  18.88388
4411.19837468176  32.10787
4411.35803351859  28.34576
4411.51769235543  58.88775
4411.67735119226  77.85285
4411.83701002909  17.81145
4411.99666886593  8.923824
4412.15632770276  16.79922
4412.31598653959  -11.49009
4412.47564537643  17.29437
4412.63530421326  39.80682
4412.79496305009  36.37797
4412.95462188693  67.01548
4413.11428072376  42.91363
4413.27393956059  66.09131
4413.43359839743  50.17375
4413.59325723426  40.60182
4413.75291607109  -28.7813
4413.91257490793  -39.17845
4414.07223374476  27.53247
4414.23189258159  73.34039
4414.39155141843  63.82723
4414.55121025526  81.86726
4414.71086909209  74.73817
4414.87052792893  86.90495
4415.03018676576  94.24903
4415.18984560259  41.87005
4415.34950443942  43.73951
4415.50916327626  33.44618
4415.66882211309  -21.17265
4415.82848094992  46.60582
4415.98813978676  71.37527
4416.14779862359  47.32198
4416.30745746042  63.68725
4416.46711629726  75.23538
4416.62677513409  36.87296
4416.78643397093  14.80609
4416.94609280776  20.24965
4417.10575164459  79.57285
4417.26541048142  39.3583
4417.42506931826  16.56758
4417.58472815509  11.54171
4417.74438699192  37.16587
4417.90404582876  43.8376
4418.06370466559  33.39457
4418.22336350242  47.56475
4418.38302233926  51.492
4418.54268117609  99.99412
4418.70234001292  53.00264
4418.86199884976  28.29264
4419.02165768659  46.67569
4419.18131652342  5.058557
4419.34097536026  22.17745
4419.50063419709  42.8903
4419.66029303392  55.37396
4419.81995187076  0.5108512
4419.97961070759  5.014002
4420.13926954442  36.60175
4420.29892838126  45.54355
4420.45858721809  45.7251
4420.61824605492  69.46569
4420.77790489176  54.12804
4420.93756372859  27.52846
4421.09722256542  44.96777
4421.25688140226  55.2605
4421.41654023909  44.58845
4421.57619907592  9.175744
4421.73585791276  -13.42338
4421.89551674959  14.96705
4422.05517558642  57.40426
4422.21483442326  46.74913
4422.37449326009  24.87443
4422.53415209692  56.05473
4422.69381093376  54.52187
4422.85346977059  -3.117463
4423.01312860742  -25.52233
4423.17278744426  29.45344
4423.33244628109  45.16531
4423.49210511792  27.24802
4423.65176395476  28.47183
4423.81142279159  53.01146
4423.97108162842  63.67349
4424.13074046526  46.10202
4424.29039930209  69.71676
4424.45005813892  79.11062
4424.60971697576  23.95135
4424.76937581259  38.17266
4424.92903464942  82.21133
4425.08869348626  85.45939
4425.24835232309  33.84316
4425.40801115992  48.28074
4425.56766999675  104.9378
4425.72732883359  78.0107
4425.88698767042  21.7454
4426.04664650726  43.48175
4426.20630534409  89.42889
4426.36596418092  89.12906
4426.52562301776  69.53918
4426.68528185459  24.15948
4426.84494069142  33.64368
4427.00459952826  28.5633
4427.16425836509  9.254879
4427.32391720192  16.97941
4427.48357603875  33.26005
4427.64323487559  67.89948
4427.80289371242  70.93928
4427.96255254925  33.90759
4428.12221138609  35.19479
4428.28187022292  60.70919
4428.44152905975  71.65289
4428.60118789659  88.9572
4428.76084673342  83.64095
4428.92050557026  30.16704
4429.08016440709  74.45663
4429.23982324392  60.1898
4429.39948208075  59.06568
4429.55914091759  21.35566
4429.71879975442  12.02691
4429.87845859125  70.35135
4430.03811742809  55.69656
4430.19777626492  38.50616
4430.35743510175  54.14684
4430.51709393859  72.73219
4430.67675277542  68.02519
4430.83641161225  53.79466
4430.99607044909  58.899
4431.15572928592  60.41075
4431.31538812275  73.23045
4431.47504695959  82.02831
4431.63470579642  20.65434
4431.79436463325  -17.41456
4431.95402347009  17.25254
4432.11368230692  29.58966
4432.27334114375  40.09915
4432.43299998059  33.6728
4432.59265881742  37.71407
4432.75231765425  40.31025
4432.91197649109  91.46488
4433.07163532792  83.09845
4433.23129416475  74.02103
4433.39095300159  74.73539
4433.55061183842  110.5032
4433.71027067525  62.23753
4433.86992951209  38.70145
4434.02958834892  27.93574
4434.18924718575  14.95312
4434.34890602259  24.03469
4434.50856485942  30.13139
4434.66822369625  55.41859
4434.82788253309  95.69746
4434.98754136992  84.67373
4435.14720020675  91.34676
4435.30685904359  123.98
4435.46651788042  74.95595
4435.62617671725  34.66391
4435.78583555409  67.39632
4435.94549439092  102.114
4436.10515322775  78.02821
4436.26481206459  64.78793
4436.42447090142  65.51202
4436.58412973825  50.49821
4436.74378857509  76.50137
4436.90344741192  87.34113
4437.06310624875  87.85994
4437.22276508559  59.47333
4437.38242392242  30.23671
4437.54208275925  43.71692
4437.70174159608  56.14354
4437.86140043292  46.92233
4438.02105926975  84.50168
4438.18071810658  76.66785
4438.34037694342  8.188124
4438.50003578025  21.66273
4438.65969461709  51.84089
4438.81935345392  64.69534
4438.97901229075  50.46374
4439.13867112759  55.91717
4439.29832996442  73.1386
4439.45798880125  26.73109
4439.61764763809  33.70412
4439.77730647492  63.14365
4439.93696531175  53.75663
4440.09662414859  96.60709
4440.25628298542  79.56178
4440.41594182225  34.81445
4440.57560065908  36.02467
4440.73525949592  47.12264
4440.89491833275  26.92953
4441.05457716959  87.63779
4441.21423600642  79.55622
4441.37389484325  21.02802
4441.53355368008  18.99443
4441.69321251692  29.21454
4441.85287135375  56.12483
4442.01253019058  42.55706
4442.17218902742  35.04467
4442.33184786425  52.7414
4442.49150670108  64.75433
4442.65116553792  69.408
4442.81082437475  75.87948
4442.97048321158  71.27131
4443.13014204842  67.05385
4443.28980088525  100.4694
4443.44945972208  67.86899
4443.60911855892  15.70742
4443.76877739575  32.52738
4443.92843623258  65.12914
4444.08809506942  80.58028
4444.24775390625  55.27651
4444.40741274308  34.63516
4444.56707157992  92.19154
4444.72673041675  115.8643
4444.88638925358  70.53649
4445.04604809042  81.36221
4445.20570692725  88.83217
4445.36536576408  38.34843
4445.52502460092  15.3343
4445.68468343775  79.57609
4445.84434227458  71.27147
4446.00400111142  79.64658
4446.16365994825  75.81139
4446.32331878508  72.07709
4446.48297762192  77.92352
4446.64263645875  127.2983
4446.80229529558  125.3267
4446.96195413242  69.63058
4447.12161296925  84.27783
4447.28127180608  44.13215
4447.44093064292  81.06493
4447.60058947975  45.06551
4447.76024831658  54.28817
4447.91990715342  53.0941
4448.07956599025  65.947
4448.23922482708  55.46513
4448.39888366392  28.20902
4448.55854250075  57.92128
4448.71820133758  60.51613
4448.87786017442  49.78472
4449.03751901125  47.46333
4449.19717784808  67.04977
4449.35683668492  87.44745
4449.51649552175  70.97205
4449.67615435858  78.06876
4449.83581319542  92.00166
4449.99547203225  71.03887
4450.15513086908  53.14869
4450.31478970592  61.82189
4450.47444854275  99.01882
4450.63410737958  73.84827
4450.79376621642  35.67848
4450.95342505325  82.00941
4451.11308389008  83.40656
4451.27274272692  89.00518
4451.43240156375  82.29324
4451.59206040058  65.63391
4451.75171923742  58.11731
4451.91137807425  70.4199
4452.07103691108  70.38628
4452.23069574792  54.72947
4452.39035458475  63.93237
4452.55001342158  55.72503
4452.70967225841  70.54815
4452.86933109525  61.21267
4453.02898993208  55.62724
4453.18864876891  95.28715
4453.34830760575  87.33784
4453.50796644258  80.18874
4453.66762527941  85.46035
4453.82728411625  90.86935
4453.98694295308  65.18133
4454.14660178991  84.76154
4454.30626062675  82.7758
4454.46591946358  70.00435
4454.62557830041  47.38562
4454.78523713725  44.11642
4454.94489597408  53.07016
4455.10455481091  54.14793
4455.26421364775  57.71373
4455.42387248458  38.97568
4455.58353132141  67.78453
4455.74319015825  86.31278
4455.90284899508  83.68297
4456.06250783191  69.55419
4456.22216666875  58.08414
4456.38182550558  54.36182
4456.54148434241  80.39693
4456.70114317925  78.06398
4456.86080201608  69.16524
4457.02046085291  129.6613
4457.18011968975  87.44224
4457.33977852658  69.14539
4457.49943736341  84.33376
4457.65909620025  46.34418
4457.81875503708  58.83896
4457.97841387391  72.07578
4458.13807271075  67.3985
4458.29773154758  28.3774
4458.45739038441  22.25954
4458.61704922125  37.79659
4458.77670805808  66.21874
4458.93636689491  94.19601
4459.09602573175  76.00105
4459.25568456858  90.75877
4459.41534340541  73.64851
4459.57500224225  44.47805
4459.73466107908  45.44398
4459.89431991591  49.60192
4460.05397875275  74.78181
4460.21363758958  105.4695
4460.37329642641  33.61974
4460.53295526325  25.69442
4460.69261410008  42.56415
4460.85227293691  30.08435
4461.01193177375  43.50226
4461.17159061058  39.07793
4461.33124944741  65.17701
4461.49090828425  90.71078
4461.65056712108  73.93616
4461.81022595791  75.99326
4461.96988479475  47.18478
4462.12954363158  56.37606
4462.28920246841  76.33818
4462.44886130525  93.71952
4462.60852014208  56.84043
4462.76817897891  91.40871
4462.92783781575  84.38585
4463.08749665258  98.81815
4463.24715548941  135.4296
4463.40681432625  114.9913
4463.56647316308  100.6275
4463.72613199991  91.8107
4463.88579083675  64.60812
4464.04544967358  69.75493
4464.20510851041  42.88628
4464.36476734725  65.75692
4464.52442618408  68.17745
4464.68408502091  91.79417
4464.84374385774  71.99759
4465.00340269458  31.10888
4465.16306153141  59.4803
4465.32272036824  91.25298
4465.48237920508  104.1813
4465.64203804191  61.3284
4465.80169687875  85.87927
4465.96135571558  61.91436
4466.12101455241  55.00554
4466.28067338925  73.22293
4466.44033222608  18.05599
4466.59999106291  62.94226
4466.75964989974  92.8979
4466.91930873658  127.2797
4467.07896757341  85.65027
4467.23862641024  58.37473
4467.39828524708  62.74081
4467.55794408391  66.32078
4467.71760292074  85.7164
4467.87726175758  71.16821
4468.03692059441  80.58138
4468.19657943124  86.82287
4468.35623826808  82.1053
4468.51589710491  29.88361
4468.67555594174  49.46697
4468.83521477858  86.05271
4468.99487361541  54.34543
4469.15453245224  38.67722
4469.31419128908  50.33586
4469.47385012591  58.19976
4469.63350896274  46.56396
4469.79316779958  75.20174
4469.95282663641  47.97991
4470.11248547324  47.53162
4470.27214431008  85.46101
4470.43180314691  43.52052
4470.59146198374  37.17472
4470.75112082058  21.24917
4470.91077965741  29.58325
4471.07043849424  33.16525
4471.23009733108  34.98443
4471.38975616791  25.1993
4471.54941500474  41.52418
4471.70907384158  52.67278
4471.86873267841  72.42557
4472.02839151524  104.9907
4472.18805035208  54.38817
4472.34770918891  44.40469
4472.50736802574  46.90643
4472.66702686258  28.96855
4472.82668569941  50.84655
4472.98634453624  120.5727
4473.14600337308  94.99116
4473.30566220991  65.25053
4473.46532104674  74.80373
4473.62497988358  65.12029
4473.78463872041  46.89209
4473.94429755724  27.79065
4474.10395639408  35.77627
4474.26361523091  80.9281
4474.42327406774  117.3976
4474.58293290458  101.3435
4474.74259174141  96.23797
4474.90225057824  91.72718
4475.06190941508  65.24312
4475.22156825191  68.569
4475.38122708874  79.37595
4475.54088592558  48.1352
4475.70054476241  118.7368
4475.86020359924  102.2448
4476.01986243608  62.92135
4476.17952127291  59.82506
4476.33918010974  43.47552
4476.49883894658  84.55761
4476.65849778341  126.1174
4476.81815662024  38.34779
4476.97781545707  94.17818
4477.13747429391  118.3921
4477.29713313074  61.77306
4477.45679196757  78.55137
4477.61645080441  64.64694
4477.77610964124  49.83109
4477.93576847807  75.92496
4478.09542731491  92.93566
4478.25508615174  48.8461
4478.41474498857  29.69191
4478.57440382541  29.09021
4478.73406266224  62.13118
4478.89372149907  84.27857
4479.05338033591  75.28568
4479.21303917274  60.75887
4479.37269800957  51.9607
4479.53235684641  48.60068
4479.69201568324  63.84152
4479.85167452007  113.8537
4480.01133335691  107.967
4480.17099219374  89.73328
4480.33065103057  108.1701
4480.49030986741  120.3296
4480.64996870424  114.199
4480.80962754107  84.41469
4480.96928637791  19.83738
4481.12894521474  46.20453
4481.28860405157  69.27776
4481.44826288841  54.99357
4481.60792172524  71.46338
4481.76758056207  74.16699
4481.92723939891  54.49009
4482.08689823574  2.481965
4482.24655707257  36.31496
4482.40621590941  64.86166
4482.56587474624  21.74815
4482.72553358307  72.25094
4482.88519241991  87.76568
4483.04485125674  84.90531
4483.20451009357  109.2824
4483.36416893041  98.85892
4483.52382776724  22.89318
4483.68348660407  51.37717
4483.84314544091  80.75465
4484.00280427774  96.26492
4484.16246311457  105.383
4484.32212195141  72.8572
4484.48178078824  38.01948
4484.64143962507  41.87539
4484.80109846191  113.5771
4484.96075729874  77.45023
4485.12041613557  105.1789
4485.28007497241  82.76149
4485.43973380924  35.66322
4485.59939264607  43.21926
4485.75905148291  108.5749
4485.91871031974  85.57172
4486.07836915657  57.11997
4486.23802799341  78.14642
4486.39768683024  48.5492
4486.55734566707  43.50378
4486.71700450391  130.0026
4486.87666334074  43.45904
4487.03632217757  -23.40836
4487.1959810144  93.01509
4487.35563985124  80.28186
4487.51529868807  47.55843
4487.6749575249  81.40622
4487.83461636174  52.60893
4487.99427519857  49.17466
4488.1539340354  69.95818
4488.31359287224  57.90084
4488.47325170907  61.54307
4488.63291054591  61.63834
4488.79256938274  83.99279
4488.95222821957  56.08194
4489.1118870564  46.50048
4489.27154589324  59.27337
4489.43120473007  70.21989
4489.5908635669  81.87218
4489.75052240374  59.88807
4489.91018124057  53.63852
4490.06984007741  94.74564
4490.22949891424  79.10401
4490.38915775107  96.52542
4490.54881658791  111.3462
4490.70847542474  86.8322
4490.86813426157  82.28174
4491.0277930984  86.87405
4491.18745193524  68.53197
4491.34711077207  65.93393
4491.50676960891  87.40661
4491.66642844574  43.6896
4491.82608728257  42.67061
4491.9857461194  62.22972
4492.14540495624  74.67134
4492.30506379307  62.69342
4492.4647226299  55.07292
4492.62438146674  126.8778
4492.78404030357  77.42316
4492.9436991404  108.1257
4493.10335797724  12.09685
4493.26301681407  51.93246
4493.4226756509  51.07713
4493.58233448774  62.67512
4493.74199332457  85.48512
4493.9016521614  78.43421
4494.06131099824  41.33508
4494.22096983507  14.84313
4494.3806286719  14.42916
4494.54028750874  26.24705
4494.69994634557  43.99934
4494.8596051824  53.43177
4495.01926401924  61.87694
4495.17892285607  33.94167
4495.3385816929  24.14068
4495.49824052974  102.8312
4495.65789936657  106.0371
4495.8175582034  45.60246
4495.97721704024  42.76045
4496.13687587707  51.91776
4496.2965347139  54.38452
4496.45619355074  46.96342
4496.61585238757  54.65681
4496.7755112244  45.7803
4496.93517006124  25.4265
4497.09482889807  45.62576
4497.2544877349  58.30492
4497.41414657174  68.0112
4497.57380540857  83.73414
4497.7334642454  68.47862
4497.89312308224  42.51448
4498.05278191907  22.25973
4498.2124407559  57.50816
4498.37209959274  65.89611
4498.53175842957  76.71776
4498.6914172664  64.74832
4498.85107610324  43.61834
4499.01073494007  65.04542
4499.1703937769  63.76352
4499.33005261374  35.75375
4499.48971145057  32.33149
4499.6493702874  34.31991
4499.80902912423  43.20441
4499.96868796107  67.96951
4500.1283467979  64.20474
4500.28800563474  22.87106
4500.44766447157  22.58111
4500.6073233084  63.07193
4500.76698214524  0.2601906
4500.92664098207  17.99962
4501.0862998189  80.65548
4501.24595865574  83.96124
4501.40561749257  91.75153
4501.5652763294  105.9806
4501.72493516624  76.8717
4501.88459400307  83.78828
4502.0442528399  53.74981
4502.20391167673  47.28521
4502.36357051357  32.95097
4502.5232293504  95.20337
4502.68288818723  81.5366
4502.84254702407  68.77222
4503.0022058609  82.72571
4503.16186469774  65.34074
4503.32152353457  62.66441
4503.4811823714  56.35326
4503.64084120823  28.7301
4503.80050004507  44.10006
4503.9601588819  62.30196
4504.11981771873  95.13613
4504.27947655557  49.65509
4504.4391353924  68.96532
4504.59879422923  55.12875
4504.75845306607  82.25405
4504.9181119029  67.10178
4505.07777073973  31.06112
4505.23742957657  53.36857
4505.3970884134  100.8602
4505.55674725023  23.84224
4505.71640608707  6.936556
4505.8760649239  47.09635
4506.03572376073  66.98003
4506.19538259757  36.18188
4506.3550414344  60.89034
4506.51470027123  80.37101
4506.67435910807  81.13947
4506.8340179449  17.0402
4506.99367678173  61.06007
4507.15333561857  56.71609
4507.3129944554  37.23266
4507.47265329223  42.21516
4507.63231212907  53.49927
4507.7919709659  49.05379
4507.95162980273  70.94992
4508.11128863957  39.76883
4508.2709474764  -8.299452
4508.43060631323  13.95726
4508.59026515007  44.49454
4508.7499239869  36.01155
4508.90958282373  43.76961
4509.06924166057  61.00941
4509.2289004974  6.579313
4509.38855933423  39.83524
4509.54821817107  62.39123
4509.7078770079  25.79852
4509.86753584473  40.05909
4510.02719468157  29.68771
4510.1868535184  78.59981
4510.34651235523  91.24632
4510.50617119207  72.19157
4510.6658300289  79.17462
4510.82548886573  86.15257
4510.98514770257  32.65694
4511.1448065394  25.03701
4511.30446537623  44.46269
4511.46412421306  20.5723
4511.6237830499  34.43629
4511.78344188673  51.60372
4511.94310072356  24.35886
4512.1027595604  28.80374
4512.26241839723  48.77614
4512.42207723407  23.32676
4512.5817360709  15.21558
4512.74139490773  57.61423
4512.90105374457  45.54345
4513.0607125814  47.70242
4513.22037141823  58.28819
4513.38003025507  89.7972
4513.5396890919  49.97929
4513.69934792873  53.33345
4513.85900676556  49.7993
4514.0186656024  38.24381
4514.17832443923  34.30142
4514.33798327607  68.5424
4514.4976421129  56.81725
4514.65730094973  73.75937
4514.81695978656  76.18555
4514.9766186234  89.06984
4515.13627746023  59.80147
4515.29593629706  36.90139
4515.4555951339  37.566
4515.61525397073  74.67745
4515.77491280757  45.65586
4515.9345716444  16.17183
4516.09423048123  23.66048
4516.25388931806  12.47482
4516.4135481549  18.17429
4516.57320699173  34.67152
4516.73286582856  86.36744
4516.8925246654  59.2464
4517.05218350223  20.28758
4517.21184233906  57.12279
4517.3715011759  30.14075
4517.53116001273  17.14872
4517.69081884956  4.574398
4517.8504776864  32.2417
4518.01013652323  40.75506
4518.16979536006  70.97718
4518.3294541969  50.3438
4518.48911303373  44.01219
4518.64877187056  59.17216
4518.8084307074  47.16508
4518.96808954423  36.45389
4519.12774838106  43.69077
4519.2874072179  32.72002
4519.44706605473  69.49532
4519.60672489156  33.73256
4519.7663837284  23.09313
4519.92604256523  16.6558
4520.08570140206  32.2053
4520.2453602389  54.37202
4520.40501907573  58.54723
4520.56467791256  27.43366
4520.7243367494  10.57628
4520.88399558623  45.93142
4521.04365442306  16.00842
4521.2033132599  35.90998
4521.36297209673  78.92813
4521.52263093356  24.97181
4521.6822897704  -14.72088
4521.84194860723  34.28336
4522.00160744406  35.33278
4522.1612662809  79.11871
4522.32092511773  23.97361
4522.48058395456  33.47854
4522.6402427914  37.82005
4522.79990162823  37.09748
4522.95956046506  21.01559
4523.1192193019  43.69863
4523.27887813873  24.80078
4523.43853697556  -57.95816
4523.5981958124  -3.147028
4523.75785464923  31.66082
4523.91751348606  43.8084
4524.0771723229  50.23016
4524.23683115973  70.78585
4524.39648999656  87.53573
4524.5561488334  75.40001
4524.71580767023  99.26072
4524.87546650706  2.512832
4525.0351253439  5.140271
4525.19478418073  20.51186
4525.35444301756  41.27367
4525.5141018544  48.30442
4525.67376069123  51.4715
4525.83341952806  33.94188
4525.9930783649  29.23664
4526.15273720173  22.06001
4526.31239603856  57.63183
4526.4720548754  33.38225
4526.63171371223  46.44761
4526.79137254906  32.37579
4526.95103138589  20.93945
4527.11069022273  3.145996
4527.27034905956  -4.490494
4527.43000789639  -22.91366
4527.58966673323  -14.79075
4527.74932557006  14.17975
4527.90898440689  33.43315
4528.06864324373  47.71669
4528.22830208056  4.350146
4528.38796091739  60.05249
4528.54761975423  32.16759
4528.70727859106  30.67404
4528.86693742789  37.67583
4529.02659626473  48.42926
4529.18625510156  24.59892
4529.34591393839  20.00843
4529.50557277523  28.26729
4529.66523161206  40.52044
4529.82489044889  30.32296
4529.98454928573  45.02452
4530.14420812256  36.86434
4530.30386695939  44.91775
4530.46352579623  -5.895668
4530.62318463306  6.067499
4530.78284346989  46.95506
4530.94250230673  55.85028
4531.10216114356  -17.97528
4531.26181998039  -28.24715
4531.42147881723  32.52552
4531.58113765406  -3.085232
4531.74079649089  33.92741
4531.90045532773  22.57024
4532.06011416456  7.971484
4532.21977300139  15.63264
4532.37943183823  72.97166
4532.53909067506  34.9179
4532.69874951189  55.2331
4532.85840834873  17.94191
4533.01806718556  38.43303
4533.17772602239  7.051565
4533.33738485923  5.05864
4533.49704369606  24.69288
4533.65670253289  -15.49782
4533.81636136973  -3.832646
4533.97602020656  17.28196
4534.13567904339  41.3893
4534.29533788023  -8.138908
4534.45499671706  18.70132
4534.61465555389  66.81274
4534.77431439073  36.0081
4534.93397322756  0.5750684
4535.09363206439  -10.40362
4535.25329090123  23.6356
4535.41294973806  44.58984
4535.57260857489  28.69482
4535.73226741173  50.24383
4535.89192624856  12.61091
4536.05158508539  28.98926
4536.21124392223  23.24668
4536.37090275906  -31.04563
4536.53056159589  33.59914
4536.69022043273  37.02885
4536.84987926956  19.51176
4537.00953810639  24.30243
4537.16919694322  6.34261
4537.32885578006  13.02646
4537.48851461689  21.9765
4537.64817345372  -15.66707
4537.80783229056  5.964284
4537.96749112739  42.41486
4538.12714996423  -7.420885
4538.28680880106  -17.45104
4538.44646763789  -2.6587
4538.60612647473  -45.30154
4538.76578531156  -17.18216
4538.92544414839  -20.9665
4539.08510298522  -11.79194
4539.24476182206  -20.61156
4539.40442065889  47.9291
4539.56407949572  -8.190143
4539.72373833256  -28.49138
4539.88339716939  -20.85962
4540.04305600622  -18.32051
4540.20271484306  11.00155
4540.36237367989  -3.08268
4540.52203251672  8.274261
4540.68169135356  -1.304324
4540.84135019039  20.43701
4541.00100902722  39.37777
4541.16066786406  9.926025
4541.32032670089  38.08577
4541.47998553772  34.53018
4541.63964437456  33.0419
4541.79930321139  -10.14942
4541.95896204822  40.37925
4542.11862088506  29.37451
4542.27827972189  23.24056
4542.43793855872  18.20506
4542.59759739556  4.39934
4542.75725623239  2.291098
4542.91691506922  -17.91629
4543.07657390606  -17.3435
4543.23623274289  25.41826
4543.39589157972  8.139168
4543.55555041656  34.63708
4543.71520925339  31.7289
4543.87486809022  24.80006
4544.03452692706  0.1259097
4544.19418576389  29.33442
4544.35384460072  16.78726
4544.51350343756  -10.99503
4544.67316227439  5.663658
4544.83282111122  -0.327507
4544.99247994806  4.019125
4545.15213878489  55.78548
4545.31179762172  4.897598
4545.47145645856  13.57021
4545.63111529539  19.32183
4545.79077413222  14.88972
4545.95043296906  -24.22799
4546.11009180589  17.33034
4546.26975064272  2.469942
4546.42940947956  10.17091
4546.58906831639  -14.10914
4546.74872715322  -12.70396
4546.90838599006  -18.68553
4547.06804482689  13.97377
4547.22770366372  21.83149
4547.38736250056  16.53916
4547.54702133739  17.82823
4547.70668017422  24.29194
4547.86633901106  -46.40369
4548.02599784789  -22.32835
4548.18565668472  37.5437
4548.34531552156  2.781715
4548.50497435839  -44.80729
4548.66463319522  8.394029
4548.82429203206  11.05399
4548.98395086889  -51.55182
4549.14360970572  -43.21974
4549.30326854255  7.52731
4549.46292737939  3.813342
4549.62258621622  -14.46856
4549.78224505306  36.95802
