4386.414855669  -16.29733
4386.57453462172  -8.915768
4386.73421357443  -9.182879
4386.89389252715  1.572429
4387.05357147986  0.8499479
4387.21325043258  -5.39448
4387.37292938529  3.614381
4387.53260833801  -1.044936
4387.69228729072  3.459452
4387.85196624344  16.45228
4388.01164519615  12.22852
4388.17132414887  17.74128
4388.33100310158  24.11274
4388.4906820543  27.91835
4388.65036100701  13.20777
4388.81003995973  -3.297141
4388.96971891244  -26.46909
4389.12939786516  -8.284853
4389.28907681788  -18.38039
4389.44875577059  -32.94973
4389.60843472331  -8.195715
4389.76811367602  5.638177
4389.92779262873  -15.92404
4390.08747158145  5.993255
4390.24715053417  18.55996
4390.40682948688  2.192413
4390.5665084396  29.87102
4390.72618739231  4.204813
4390.88586634503  2.543173
4391.04554529774  22.28669
4391.20522425046  17.38393
4391.36490320317  -6.09355
4391.52458215589  -13.32834
4391.6842611086  -6.577219
4391.84394006132  -17.76293
4392.00361901403  -9.549008
4392.16329796675  -13.76449
4392.32297691947  14.90085
4392.48265587218  29.85796
4392.6423348249  8.022651
4392.80201377761  19.71184
4392.96169273033  5.1322
4393.12137168304  0.4133763
4393.28105063576  26.88991
4393.44072958847  32.8966
4393.60040854119  6.737482
4393.7600874939  16.86863
4393.91976644662  17.88467
4394.07944539933  9.354489
4394.23912435205  12.1224
4394.39880330476  17.89112
4394.55848225748  8.037037
4394.71816121019  10.626
4394.87784016291  26.16232
4395.03751911563  27.30443
4395.19719806834  22.26996
4395.35687702106  18.3053
4395.51655597377  30.02355
4395.67623492649  38.09623
4395.8359138792  -9.155648
4395.99559283192  1.434729
4396.15527178463  2.173964
4396.31495073735  11.35841
4396.47462969006  23.57532
4396.63430864278  -8.913107
4396.79398759549  -4.073936
4396.95366654821  -19.25806
4397.11334550092  -9.701033
4397.27302445364  37.04914
4397.43270340635  27.84947
4397.59238235907  12.47153
4397.75206131178  20.30324
4397.9117402645  20.62631
4398.07141921722  22.19315
4398.23109816993  46.28043
4398.39077712265  -7.81237
4398.55045607536  -5.053202
4398.71013502808  21.34056
4398.86981398079  -4.708214
4399.02949293351  15.06952
4399.18917188622  34.38272
4399.34885083894  19.54687
4399.50852979165  24.09395
4399.66820874437  45.44148
4399.82788769708  41.7085
4399.9875666498  29.90356
4400.14724560251  53.3027
4400.30692455523  50.4257
4400.46660350795  -3.294274
4400.62628246066  17.16011
4400.78596141338  -14.10375
4400.94564036609  41.76417
4401.10531931881  34.32185
4401.26499827152  30.88184
4401.42467722424  23.75358
4401.58435617695  -6.778366
4401.74403512967  -27.61155
4401.90371408238  -21.0775
4402.0633930351  24.78058
4402.22307198781  38.05486
4402.38275094053  24.63599
4402.54242989324  32.23804
4402.70210884596  -7.974364
4402.86178779867  15.60913
4403.02146675139  44.31362
4403.1811457041  32.01522
4403.34082465682  44.99507
4403.50050360954  24.49645
4403.66018256225  14.40041
4403.81986151497  20.83576
4403.97954046768  17.4131
4404.1392194204  13.32209
4404.29889837311  63.1639
4404.45857732583  53.08189
4404.61825627854  19.77215
4404.77793523126  54.96019
4404.93761418397  49.3315
4405.09729313669  11.40193
4405.2569720894  22.2735
4405.41665104212  69.23926
4405.57632999483  35.12205
4405.73600894755  49.6785
4405.89568790026  26.78291
4406.05536685298  4.142396
4406.2150458057  22.60562
4406.37472475841  24.01835
4406.53440371113  53.40442
4406.69408266384  48.30803
4406.85376161656  39.62005
4407.01344056927  39.96516
4407.17311952199  24.72328
4407.3327984747  11.47171
4407.49247742742  -5.149796
4407.65215638013  11.94282
4407.81183533285  36.21486
4407.97151428556  11.60121
4408.13119323828  32.58355
4408.29087219099  35.64994
4408.45055114371  41.04531
4408.61023009642  55.5975
4408.76990904914  29.67694
4408.92958800186  51.28251
4409.08926695457  42.82281
4409.24894590729  32.54412
4409.40862486  58.10593
4409.56830381272  28.45491
4409.72798276543  22.31021
4409.88766171815  59.44949
4410.04734067086  42.22431
4410.20701962358  24.98119
4410.36669857629  22.41948
4410.52637752901  44.41788
4410.68605648172  40.89321
4410.84573543444  27.55245
4411.00541438716  52.04657
4411.16509333987  49.7614
4411.32477229259  58.15893
4411.4844512453  43.45367
4411.64413019802  -1.737538
4411.80380915073  24.37048
4411.96348810345  71.15936
4412.12316705616  39.33425
4412.28284600888  47.83965
4412.44252496159  64.59343
4412.60220391431  42.40508
4412.76188286702  56.7876
4412.92156181974  40.90041
4413.08124077245  29.36471
4413.24091972517  48.45004
4413.40059867788  59.96655
4413.5602776306  2.461277
4413.71995658331  44.18462
4413.87963553603  39.00008
4414.03931448875  51.62439
4414.19899344146  19.68861
4414.35867239418  -28.18711
4414.51835134689  30.555
4414.67803029961  65.56357
4414.83770925232  73.61956
4414.99738820504  78.74796
4415.15706715775  32.53885
4415.31674611047  31.6796
4415.47642506318  62.34104
4415.6361040159  25.74338
4415.79578296861  34.07053
4415.95546192133  83.66354
4416.11514087404  81.75352
4416.27481982676  46.47461
4416.43449877947  63.96722
4416.59417773219  68.16205
4416.75385668491  57.82513
4416.91353563762  38.4081
4417.07321459034  33.42485
4417.23289354305  33.60681
4417.39257249577  78.58562
4417.55225144848  66.27367
4417.7119304012  49.6965
4417.87160935391  84.26459
4418.03128830663  87.20477
4418.19096725934  56.70539
4418.35064621206  40.81666
4418.51032516477  32.78795
4418.67000411749  42.95061
4418.8296830702  62.03133
4418.98936202292  27.78109
4419.14904097563  25.15867
4419.30871992835  53.20603
4419.46839888106  40.6505
4419.62807783378  49.40689
4419.7877567865  74.90408
4419.94743573921  69.84592
4420.10711469193  30.05858
4420.26679364464  29.27425
4420.42647259736  31.37179
4420.58615155007  56.03629
4420.74583050279  46.62411
4420.9055094555  46.05576
4421.06518840822  71.61585
4421.22486736093  73.31792
4421.38454631365  67.48878
4421.54422526636  38.59947
4421.70390421908  22.68943
4421.86358317179  40.69662
4422.02326212451  78.0178
4422.18294107722  85.36824
4422.34262002994  63.92262
4422.50229898266  53.09973
4422.66197793537  36.96942
4422.82165688809  63.48209
4422.9813358408  56.15552
4423.14101479352  61.8873
4423.30069374623  72.5893
4423.46037269895  89.48148
4423.62005165166  74.59098
4423.77973060438  61.11074
4423.93940955709  28.06707
4424.09908850981  11.5824
4424.25876746252  45.56099
4424.41844641524  50.99694
4424.57812536795  53.83453
4424.73780432067  76.42283
4424.89748327339  58.37145
4425.0571622261  52.33007
4425.21684117882  58.30256
4425.37652013153  42.57773
4425.53619908425  30.80869
4425.69587803696  38.2641
4425.85555698968  48.41775
4426.01523594239  51.81992
4426.17491489511  63.35251
4426.33459384782  24.79622
4426.49427280054  38.1328
4426.65395175325  52.04758
4426.81363070597  76.69321
4426.97330965868  47.98867
4427.1329886114  50.37156
4427.29266756411  83.02474
4427.45234651683  60.94232
4427.61202546954  47.8306
4427.77170442226  40.3847
4427.93138337497  52.16083
4428.09106232769  98.91412
4428.25074128041  84.79454
4428.41042023312  71.51605
4428.57009918584  43.58801
4428.72977813855  40.53645
4428.88945709127  73.64347
4429.04913604398  64.61886
4429.2088149967  78.32323
4429.36849394941  70.88732
4429.52817290213  49.08734
4429.68785185484  89.15434
4429.84753080756  78.67136
4430.00720976027  58.38618
4430.16688871299  37.07417
4430.3265676657  35.80832
4430.48624661842  35.07748
4430.64592557114  76.6367
4430.80560452385  62.06713
4430.96528347657  28.61608
4431.12496242928  45.96606
4431.284641382  60.87374
4431.44432033471  68.45988
4431.60399928743  77.08472
4431.76367824014  97.87699
4431.92335719286  95.13467
4432.08303614557  95.3832
4432.24271509829  84.85271
4432.402394051  40.69022
4432.56207300372  71.45667
4432.72175195643  101.5335
4432.88143090915  72.67962
4433.04110986186  67.72003
4433.20078881458  101.5915
4433.36046776729  62.98151
4433.52014672001  73.67379
4433.67982567272  77.22634
4433.83950462544  56.1074
4433.99918357816  56.09988
4434.15886253087  64.01112
4434.31854148359  53.49304
4434.4782204363  45.63449
4434.63789938902  67.40845
4434.79757834173  52.83978
4434.95725729445  38.38785
4435.11693624716  55.2913
4435.27661519988  42.6943
4435.43629415259  66.11275
4435.59597310531  79.35354
4435.75565205802  37.59116
4435.91533101074  73.97864
4436.07500996345  70.82743
4436.23468891617  42.33569
4436.39436786889  56.13175
4436.5540468216  90.36589
4436.71372577432  100.9126
4436.87340472703  66.15533
4437.03308367975  59.82183
4437.19276263246  104.0125
4437.35244158518  96.8027
4437.51212053789  73.26118
4437.67179949061  62.91876
4437.83147844332  19.14174
4437.99115739604  61.38325
4438.15083634875  74.66764
4438.31051530147  85.29884
4438.47019425418  87.64487
4438.6298732069  54.14947
4438.78955215961  70.59319
4438.94923111233  108.8907
4439.10891006505  81.72533
4439.26858901776  53.07345
4439.42826797048  76.58963
4439.58794692319  92.60719
4439.74762587591  72.19075
4439.90730482862  61.95876
4440.06698378134  66.1786
4440.22666273405  59.00781
4440.38634168677  77.36192
4440.54602063948  90.03919
4440.7056995922  99.54578
4440.86537854491  82.98051
4441.02505749763  111.8781
4441.18473645034  90.19057
4441.34441540306  76.0623
4441.50409435577  77.80714
4441.66377330849  76.22757
4441.82345226121  79.81246
4441.98313121392  64.29809
4442.14281016664  56.77782
4442.30248911935  66.7479
4442.46216807207  88.63367
4442.62184702478  72.41042
4442.7815259775  113.3749
4442.94120493021  86.54562
4443.10088388293  53.64576
4443.26056283564  79.16948
4443.42024178836  88.90027
4443.57992074107  103.1909
4443.73959969379  104.1608
4443.8992786465  73.18375
4444.05895759922  82.81216
4444.21863655193  101.5721
4444.37831550465  98.03284
4444.53799445736  98.76989
4444.69767341008  67.63203
4444.8573523628  43.14567
4445.01703131551  55.72924
4445.17671026823  66.54006
4445.33638922094  89.59994
4445.49606817366  95.04325
4445.65574712637  85.88135
4445.81542607909  62.87137
4445.9751050318  46.50564
4446.13478398452  62.70809
4446.29446293723  68.03452
4446.45414188995  75.3185
4446.61382084266  48.41154
4446.77349979538  75.26761
4446.93317874809  88.62516
4447.09285770081  70.32879
4447.25253665353  83.40137
4447.41221560624  37.85185
4447.57189455896  100.7875
4447.73157351167  71.2422
4447.89125246439  63.88273
4448.0509314171  90.103
4448.21061036982  81.15551
4448.37028932253  80.17339
4448.52996827525  112.0344
4448.68964722796  98.33732
4448.84932618068  79.90915
4449.00900513339  68.33447
4449.16868408611  85.79884
4449.32836303882  63.45309
4449.48804199154  66.14907
4449.64772094425  103.5155
4449.80739989697  114.3233
4449.96707884968  102.3428
4450.1267578024  84.04081
4450.28643675512  80.31055
4450.44611570783  62.53424
4450.60579466055  65.42716
4450.76547361326  95.21798
4450.92515256598  86.3287
4451.08483151869  62.33391
4451.24451047141  58.68523
4451.40418942412  69.79386
4451.56386837684  76.77837
4451.72354732955  71.07734
4451.88322628227  77.05782
4452.04290523498  50.45026
4452.2025841877  74.6771
4452.36226314041  79.13319
4452.52194209313  91.91682
4452.68162104585  66.00052
4452.84129999856  39.81807
4453.00097895128  73.6073
4453.16065790399  105.7458
4453.32033685671  85.46091
4453.48001580942  86.4735
4453.63969476214  57.57867
4453.79937371485  89.53357
4453.95905266757  113.5483
4454.11873162028  91.50399
4454.278410573  103.7714
4454.43808952571  54.32983
4454.59776847843  52.84473
4454.75744743114  77.66662
4454.91712638386  107.1937
4455.07680533657  118.2938
4455.23648428929  139.0924
4455.39616324201  136.7969
4455.55584219472  90.16286
4455.71552114744  88.74816
4455.87520010015  91.02428
4456.03487905287  69.47881
4456.19455800558  52.83766
4456.3542369583  56.03058
4456.51391591101  81.82401
4456.67359486373  102.5134
4456.83327381644  98.10671
4456.99295276916  59.82988
4457.15263172187  80.35546
4457.31231067459  110.9378
4457.4719896273  81.33836
4457.63166858002  59.05306
4457.79134753273  73.47346
4457.95102648545  72.44278
4458.11070543816  59.69595
4458.27038439088  77.26414
4458.4300633436  87.43764
4458.58974229631  87.13525
4458.74942124903  93.07546
4458.90910020174  108.5233
4459.06877915446  85.9208
4459.22845810717  64.06997
4459.38813705989  103.8518
4459.5478160126  121.549
4459.70749496532  90.90488
4459.86717391803  66.26488
4460.02685287075  110.5836
4460.18653182346  83.08306
4460.34621077618  99.719
4460.50588972889  86.4315
4460.66556868161  91.83413
4460.82524763433  106.1328
4460.98492658704  113.76
4461.14460553976  132.4895
4461.30428449247  98.58041
4461.46396344519  88.56258
4461.6236423979  76.64564
4461.78332135062  99.1889
4461.94300030333  93.87317
4462.10267925605  86.64747
4462.26235820876  82.54295
4462.42203716148  135.2929
4462.58171611419  138.9451
4462.74139506691  134.0123
4462.90107401962  115.4821
4463.06075297234  93.28857
4463.22043192505  92.36812
4463.38011087777  91.81626
4463.53978983048  98.68111
4463.6994687832  90.93354
4463.85914773592  97.08834
4464.01882668863  117.168
4464.17850564135  124.9974
4464.33818459406  105.1059
4464.49786354678  87.58187
4464.65754249949  106.3309
4464.81722145221  113.1868
4464.97690040492  72.61971
4465.13657935764  94.54352
4465.29625831035  122.3783
4465.45593726307  108.2597
4465.61561621578  80.68712
4465.7752951685  76.15523
4465.93497412121  70.00957
4466.09465307393  57.91395
4466.25433202665  89.85906
4466.41401097936  61.06737
4466.57368993208  66.13157
4466.73336888479  113.4209
4466.89304783751  127.0896
4467.05272679022  115.2004
4467.21240574294  94.26592
4467.37208469565  84.14259
4467.53176364837  73.78314
4467.69144260108  97.31134
4467.8511215538  100.3191
4468.01080050651  92.91479
4468.17047945923  108.9813
4468.33015841194  105.2146
4468.48983736466  52.1437
4468.64951631737  72.42167
4468.80919527009  94.74362
4468.9688742228  77.21594
4469.12855317552  84.44595
4469.28823212823  96.05972
4469.44791108095  86.32339
4469.60759003367  84.73317
4469.76726898638  79.13227
4469.9269479391  69.99168
4470.08662689181  56.06537
4470.24630584453  70.40612
4470.40598479724  75.78806
4470.56566374996  93.39812
4470.72534270267  94.42152
4470.88502165539  92.18649
4471.0447006081  79.12606
4471.20437956082  74.1031
4471.36405851353  97.57366
4471.52373746625  82.90932
4471.68341641896  65.28379
4471.84309537168  71.96602
4472.0027743244  97.21341
4472.16245327711  92.61537
4472.32213222983  92.52947
4472.48181118254  63.4095
4472.64149013526  81.22035
4472.80116908797  80.32522
4472.96084804069  38.23084
4473.1205269934  84.89078
4473.28020594612  111.6829
4473.43988489883  73.85728
4473.59956385155  100.0492
4473.75924280426  105.647
4473.91892175698  98.63312
4474.07860070969  117.0809
4474.23827966241  88.79464
4474.39795861512  114.9805
4474.55763756784  96.69395
4474.71731652056  104.2702
4474.87699547327  109.0445
4475.03667442599  70.11163
4475.1963533787  82.53919
4475.35603233142  85.08481
4475.51571128413  92.32771
4475.67539023685  94.50217
4475.83506918956  76.09086
4475.99474814228  78.56221
4476.15442709499  98.28439
4476.31410604771  113.2251
4476.47378500042  93.99504
4476.63346395314  85.96252
4476.79314290585  83.05173
4476.95282185857  100.2889
4477.11250081128  120.3945
4477.272179764  99.62717
4477.43185871672  107.0825
4477.59153766943  137.744
4477.75121662215  109.0678
4477.91089557486  86.11954
4478.07057452758  76.85985
4478.23025348029  106.2343
4478.38993243301  103.8457
4478.54961138572  103.8461
4478.70929033844  118.7764
4478.86896929115  91.51396
4479.02864824387  74.29778
4479.18832719658  67.31918
4479.3480061493  83.76188
4479.50768510201  96.00983
4479.66736405473  59.99442
4479.82704300744  72.09875
4479.98672196016  119.6218
4480.14640091287  95.42017
4480.30607986559  72.02673
4480.46575881831  89.83687
4480.62543777102  101.4864
4480.78511672374  97.64221
4480.94479567645  76.28677
4481.10447462917  86.2226
4481.26415358188  83.26551
4481.4238325346  97.82573
4481.58351148731  102.7416
4481.74319044003  116.8432
4481.90286939274  125.0182
4482.06254834546  95.46141
4482.22222729817  84.5845
4482.38190625089  75.94053
4482.5415852036  105.0115
4482.70126415632  112.8271
4482.86094310903  80.54953
4483.02062206175  80.07846
4483.18030101447  94.80367
4483.33997996718  120.8029
4483.4996589199  39.28954
4483.65933787261  82.64822
4483.81901682533  86.59561
4483.97869577804  71.95969
4484.13837473076  112.2862
4484.29805368347  92.99269
4484.45773263619  94.55078
4484.6174115889  90.90457
4484.77709054162  125.1301
4484.93676949433  109.7751
4485.09644844705  105.4002
4485.25612739976  70.79858
4485.41580635248  95.2409
4485.57548530519  56.05162
4485.73516425791  72.18799
4485.89484321062  90.75494
4486.05452216334  81.52505
4486.21420111606  87.53382
4486.37388006877  80.26923
4486.53355902149  71.43184
4486.6932379742  116.2553
4486.85291692692  65.31652
4487.01259587963  18.52543
4487.17227483235  85.68118
4487.33195378506  79.91812
4487.49163273778  71.45551
4487.65131169049  104.5825
4487.81099064321  81.44714
4487.97066959592  117.5344
4488.13034854864  90.5674
4488.29002750135  75.02669
4488.44970645407  104.246
4488.60938540678  102.1416
4488.7690643595  100.7494
4488.92874331222  79.89273
4489.08842226493  93.01723
4489.24810121765  99.6389
4489.40778017036  98.55112
4489.56745912308  119.7581
4489.72713807579  106.8596
4489.88681702851  86.61049
4490.04649598122  84.1367
4490.20617493394  58.30832
4490.36585388665  59.70237
4490.52553283937  75.22916
4490.68521179209  69.53897
4490.8448907448  69.79783
4491.00456969751  95.69365
4491.16424865023  115.926
4491.32392760294  98.35537
4491.48360655566  76.90743
4491.64328550838  65.48579
4491.80296446109  83.56261
4491.96264341381  91.56904
4492.12232236652  77.22771
4492.28200131924  64.71103
4492.44168027195  60.29422
4492.60135922467  71.9012
4492.76103817738  75.05833
4492.9207171301  89.72166
4493.08039608281  80.74191
4493.24007503553  72.61092
4493.39975398824  119.2172
4493.55943294096  87.83241
4493.71911189367  59.01646
4493.87879084639  54.36175
4494.03846979911  93.72797
4494.19814875182  99.01698
4494.35782770453  66.96851
4494.51750665725  52.14832
4494.67718560997  81.3085
4494.83686456268  105.077
4494.9965435154  101.4066
4495.15622246811  97.35558
4495.31590142083  92.12531
4495.47558037354  73.05538
4495.63525932626  55.40778
4495.79493827897  103.5503
4495.95461723169  89.22268
4496.1142961844  98.52547
4496.27397513712  89.19572
4496.43365408983  90.5799
4496.59333304255  81.8299
4496.75301199527  82.79435
4496.91269094798  60.10554
4497.0723699007  69.66325
4497.23204885341  86.03691
4497.39172780613  81.81725
4497.55140675884  75.61029
4497.71108571156  80.01068
4497.87076466427  72.35224
4498.03044361699  58.62316
4498.1901225697  81.51557
4498.34980152242  74.12238
4498.50948047513  98.81113
4498.66915942785  63.08038
4498.82883838056  37.53364
4498.98851733328  61.70545
4499.14819628599  85.31895
4499.30787523871  72.76411
4499.46755419142  71.67691
4499.62723314414  79.405
4499.78691209686  74.44967
4499.94659104957  63.72983
4500.10627000229  75.21947
4500.265948955  60.72179
4500.42562790772  69.1811
4500.58530686043  66.91882
4500.74498581315  66.32704
4500.90466476586  79.0565
4501.06434371858  66.31536
4501.22402267129  46.05129
4501.38370162401  57.55338
4501.54338057672  64.46269
4501.70305952944  61.78231
4501.86273848215  80.21682
4502.02241743487  111.1087
4502.18209638759  63.08389
4502.3417753403  97.57279
4502.50145429302  77.92291
4502.66113324573  79.38403
4502.82081219845  106.6321
4502.98049115116  67.99043
4503.14017010388  82.47276
4503.29984905659  92.21059
4503.45952800931  87.4313
4503.61920696202  78.5643
4503.77888591474  80.53463
4503.93856486745  66.599
4504.09824382017  71.54887
4504.25792277288  106.1027
4504.4176017256  82.6367
4504.57728067831  37.25006
4504.73695963103  44.27623
4504.89663858374  51.75553
4505.05631753646  52.2933
4505.21599648918  48.72506
4505.37567544189  57.92311
4505.53535439461  70.7431
4505.69503334732  62.71976
4505.85471230004  72.36593
4506.01439125275  71.17444
4506.17407020547  36.7828
4506.33374915818  38.96894
4506.4934281109  88.44891
4506.65310706361  74.82362
4506.81278601633  71.20031
4506.97246496904  75.29146
4507.13214392176  50.02727
4507.29182287447  66.18573
4507.45150182719  76.03562
4507.61118077991  75.06786
4507.77085973262  76.42429
4507.93053868534  70.15293
4508.09021763805  80.68159
4508.24989659077  79.9619
4508.40957554348  92.8223
4508.5692544962  92.61234
4508.72893344891  61.55014
4508.88861240163  56.15074
4509.04829135434  54.78072
4509.20797030706  47.46269
4509.36764925977  60.07117
4509.52732821249  104.0452
4509.6870071652  82.61813
4509.84668611792  70.089
4510.00636507063  47.95818
4510.16604402335  57.43005
4510.32572297606  58.83823
4510.48540192878  57.6032
4510.6450808815  49.07049
4510.80475983421  61.95489
4510.96443878693  27.92635
4511.12411773964  63.94336
4511.28379669236  46.61909
4511.44347564507  14.96493
4511.60315459779  40.76393
4511.7628335505  47.10281
4511.92251250322  46.93908
4512.08219145593  47.81967
4512.24187040865  66.03796
4512.40154936136  91.05054
4512.56122831408  60.81376
4512.72090726679  80.5155
4512.88058621951  76.49376
4513.04026517222  30.7562
4513.19994412494  47.52454
4513.35962307766  70.55791
4513.51930203037  66.40071
4513.67898098309  20.69324
4513.8386599358  22.03643
4513.99833888852  67.68519
4514.15801784123  79.64924
4514.31769679395  97.7401
4514.47737574666  20.11084
4514.63705469938  42.76853
4514.79673365209  61.8327
4514.95641260481  30.30959
4515.11609155752  64.32419
4515.27577051024  81.12682
4515.43544946295  26.64562
4515.59512841567  -6.356686
4515.75480736839  46.48061
4515.9144863211  67.51289
4516.07416527382  60.40641
4516.23384422653  46.95744
4516.39352317925  39.04958
4516.55320213196  64.66325
4516.71288108468  37.14881
4516.87256003739  72.54697
4517.03223899011  60.80397
4517.19191794282  49.16288
4517.35159689554  57.47318
4517.51127584825  62.59867
4517.67095480097  41.86013
4517.83063375368  37.0689
4517.9903127064  55.89355
4518.14999165911  53.64376
4518.30967061183  51.1828
4518.46934956455  30.60391
4518.62902851726  34.95755
4518.78870746998  32.91316
4518.94838642269  44.47861
4519.10806537541  70.26676
4519.26774432812  44.50106
4519.42742328084  56.10698
4519.58710223355  28.17657
4519.74678118627  27.68665
4519.90646013898  25.63733
4520.0661390917  37.78467
4520.22581804441  48.39535
4520.38549699713  25.63539
4520.54517594984  28.71889
4520.70485490256  56.50515
4520.86453385527  66.23341
4521.02421280799  63.79612
4521.18389176071  67.90491
4521.34357071342  76.87339
4521.50324966614  42.03968
4521.66292861885  69.65296
4521.82260757157  72.08164
4521.98228652428  45.99749
4522.141965477  55.29699
4522.30164442971  29.25631
4522.46132338243  20.74018
4522.62100233514  18.46292
4522.78068128786  40.17374
4522.94036024057  37.96075
4523.10003919329  74.2585
4523.259718146  38.53281
4523.41939709872  56.87518
4523.57907605143  46.48386
4523.73875500415  55.67542
4523.89843395686  58.73736
4524.05811290958  41.15415
4524.21779186229  35.20364
4524.37747081501  6.371386
4524.53714976773  42.10955
4524.69682872044  38.51351
4524.85650767316  22.34064
4525.01618662587  37.04828
4525.17586557859  36.16384
4525.3355445313  49.56689
4525.49522348402  36.46699
4525.65490243673  23.69186
4525.81458138945  36.33367
4525.97426034216  49.91502
4526.13393929488  38.09372
4526.29361824759  35.52707
4526.45329720031  23.67288
4526.61297615302  29.41727
4526.77265510574  31.34093
4526.93233405845  31.66495
4527.09201301117  29.8904
4527.25169196388  44.94214
4527.4113709166  33.30684
4527.57104986932  38.27172
4527.73072882203  7.956755
4527.89040777475  28.27349
4528.05008672746  52.08543
4528.20976568018  25.06232
4528.36944463289  56.83057
4528.52912358561  60.47965
4528.68880253832  34.08532
4528.84848149104  21.03315
4529.00816044375  24.74321
4529.16783939647  10.38198
4529.32751834918  26.49426
4529.4871973019  34.34454
4529.64687625461  39.93689
4529.80655520733  35.63692
4529.96623416004  3.722977
4530.12591311276  32.93277
4530.28559206548  38.52432
4530.44527101819  28.46472
4530.60494997091  36.6613
4530.76462892362  28.07481
4530.92430787634  1.079455
4531.08398682905  29.73598
4531.24366578177  36.93263
4531.40334473448  48.14059
4531.5630236872  38.0014
4531.72270263991  8.960734
4531.88238159263  31.65061
4532.04206054534  11.62024
4532.20173949806  36.17784
4532.36141845077  60.64386
4532.52109740349  10.35278
4532.68077635621  15.77554
4532.84045530892  17.42796
4533.00013426164  23.24255
4533.15981321435  -6.438382
4533.31949216707  25.34426
4533.47917111978  19.86823
4533.6388500725  -0.5706248
4533.79852902521  12.47535
4533.95820797793  19.91632
4534.11788693064  25.4716
4534.27756588336  58.8992
4534.43724483607  12.99899
4534.59692378879  41.86216
4534.7566027415  44.64932
4534.91628169422  37.68572
4535.07596064693  -5.760418
4535.23563959965  22.58899
4535.39531855237  22.85026
4535.55499750508  27.65204
4535.71467645779  6.971029
4535.87435541051  -12.9946
4536.03403436323  -10.5254
4536.19371331594  0.660832
4536.35339226866  35.7781
4536.51307122137  44.82977
4536.67275017409  9.880966
4536.8324291268  24.77994
4536.99210807952  18.59445
4537.15178703223  -5.441081
4537.31146598495  -5.678268
4537.47114493766  28.22738
4537.63082389038  30.60916
4537.7905028431  -3.215172
4537.95018179581  -0.9400687
4538.10986074853  28.49125
4538.26953970124  43.76043
4538.42921865396  26.74753
4538.58889760667  17.57645
4538.74857655939  32.09646
4538.9082555121  -1.428315
4539.06793446482  7.099051
4539.22761341753  53.203
4539.38729237025  18.87926
4539.54697132296  11.25726
4539.70665027568  30.34939
4539.86632922839  36.76029
4540.02600818111  -18.06424
4540.18568713382  13.84216
4540.34536608654  8.618132
4540.50504503926  19.83653
4540.66472399197  -4.281966
4540.82440294468  -3.964113
4540.9840818974  26.00965
4541.14376085012  15.27919
4541.30343980283  24.33994
4541.46311875555  16.16612
4541.62279770826  33.53589
4541.78247666098  27.81727
4541.94215561369  1.263136
4542.10183456641  26.87438
4542.26151351912  -3.266074
4542.42119247184  24.70621
4542.58087142455  13.09955
4542.74055037727  9.560693
4542.90022932998  19.34809
4543.0599082827  -3.340036
4543.21958723541  8.906269
4543.37926618813  18.31616
4543.53894514085  18.34163
4543.69862409356  5.115047
4543.85830304628  28.83052
4544.01798199899  14.77655
4544.17766095171  17.93135
4544.33733990442  3.797759
4544.49701885714  32.58814
4544.65669780985  17.19814
4544.81637676257  5.7239
4544.97605571528  -4.776439
4545.135734668  15.44824
4545.29541362071  41.37563
4545.45509257343  8.387986
4545.61477152614  13.99737
4545.77445047886  3.788519
4545.93412943157  -11.35479
4546.09380838429  18.74128
4546.253487337  -6.129695
4546.41316628972  5.403931
4546.57284524244  4.239934
4546.73252419515  19.50457
4546.89220314787  16.35378
4547.05188210058  11.10293
4547.2115610533  25.25965
4547.37124000601  13.04026
4547.53091895873  6.295617
4547.69059791144  21.9992
4547.85027686416  -13.80052
4548.00995581687  -31.11573
4548.16963476959  5.732325
4548.3293137223  3.782612
4548.48899267502  -0.9562364
4548.64867162773  6.347155
4548.80835058045  3.476444
4548.96802953316  -19.45857
4549.12770848588  22.34769
4549.2873874386  9.623006
4549.44706639131  -10.4688
4549.60674534403  10.33825
4549.76642429674  19.92261
