4386.3337454137  21.70667
4386.49344331709  23.14106
4386.65314122048  2.602847
4386.81283912387  10.15835
4386.97253702726  7.881212
4387.13223493064  1.024831
4387.29193283403  2.146611
4387.45163073742  -8.854351
4387.61132864081  -4.973847
4387.7710265442  -2.10851
4387.93072444759  -8.145288
4388.09042235098  11.15241
4388.25012025437  5.001735
4388.40981815775  -3.679772
4388.56951606114  -12.59596
4388.72921396453  16.43894
4388.88891186792  17.57402
4389.04860977131  14.16619
4389.2083076747  5.543246
4389.36800557809  15.95988
4389.52770348148  11.04138
4389.68740138486  21.89382
4389.84709928825  36.87801
4390.00679719164  28.61683
4390.16649509503  12.31027
4390.32619299842  3.622909
4390.48589090181  12.25787
4390.6455888052  -3.328736
4390.80528670859  12.81493
4390.96498461197  26.19865
4391.12468251536  1.18814
4391.28438041875  -6.312351
4391.44407832214  -8.029462
4391.60377622553  -12.07805
4391.76347412892  10.97914
4391.9231720323  13.98803
4392.0828699357  8.501899
4392.24256783908  15.02725
4392.40226574247  15.30688
4392.56196364586  4.932916
4392.72166154925  -5.439219
4392.88135945264  6.983348
4393.04105735603  6.986508
4393.20075525942  11.52492
4393.36045316281  24.93159
4393.52015106619  0.8834239
4393.67984896958  -15.3703
4393.83954687297  7.739229
4393.99924477636  8.0589
4394.15894267975  -0.6191506
4394.31864058314  19.06399
4394.47833848653  41.20008
4394.63803638992  30.8584
4394.7977342933  14.13335
4394.95743219669  14.53997
4395.11713010008  6.950503
4395.27682800347  3.599982
4395.43652590686  9.18675
4395.59622381025  -7.125015
4395.75592171364  -23.57408
4395.91561961702  10.2636
4396.07531752041  10.00114
4396.2350154238  6.522567
4396.39471332719  7.855691
4396.55441123058  2.382082
4396.71410913397  -3.567406
4396.87380703736  -0.7326037
4397.03350494075  8.380805
4397.19320284414  3.943514
4397.35290074752  -17.98035
4397.51259865091  -12.18537
4397.6722965543  26.39569
4397.83199445769  25.91262
4397.99169236108  25.72792
4398.15139026447  2.860393
4398.31108816786  -7.321041
4398.47078607125  7.613259
4398.63048397463  17.74967
4398.79018187802  38.33226
4398.94987978141  20.39215
4399.1095776848  1.464221
4399.26927558819  -11.87809
4399.42897349158  -6.18033
4399.58867139497  7.06274
4399.74836929836  -2.874859
4399.90806720174  5.642185
4400.06776510513  -19.15784
4400.22746300852  -2.241136
4400.38716091191  8.743041
4400.5468588153  11.50528
4400.70655671869  36.86946
4400.86625462208  12.56166
4401.02595252547  13.84017
4401.18565042885  -19.10833
4401.34534833224  0.9471558
4401.50504623563  5.184406
4401.66474413902  15.7745
4401.82444204241  25.6568
4401.9841399458  1.33896
4402.14383784919  19.02908
4402.30353575257  22.29963
4402.46323365596  9.96087
4402.62293155935  5.036169
4402.78262946274  10.90166
4402.94232736613  34.56852
4403.10202526952  27.45438
4403.26172317291  8.476734
4403.4214210763  15.61102
4403.58111897969  14.89105
4403.74081688307  16.14147
4403.90051478646  1.909154
4404.06021268985  24.12271
4404.21991059324  33.63939
4404.37960849663  15.14814
4404.53930640002  13.37096
4404.69900430341  -12.26748
4404.85870220679  -8.267282
4405.01840011018  20.87716
4405.17809801357  -7.093032
4405.33779591696  -22.95954
4405.49749382035  1.47107
4405.65719172374  -6.459006
4405.81688962713  15.9038
4405.97658753052  11.87858
4406.1362854339  13.2885
4406.29598333729  8.956235
4406.45568124068  10.68938
4406.61537914407  10.43854
4406.77507704746  6.888078
4406.93477495085  18.9072
4407.09447285424  19.94983
4407.25417075763  11.71292
4407.41386866102  27.30666
4407.5735665644  39.72064
4407.73326446779  25.56404
4407.89296237118  1.416459
4408.05266027457  6.755136
4408.21235817796  15.68059
4408.37205608135  11.72995
4408.53175398474  12.30161
4408.69145188812  13.90291
4408.85114979151  5.600115
4409.0108476949  39.98314
4409.17054559829  35.7858
4409.33024350168  5.456789
4409.48994140507  6.050264
4409.64963930846  19.80337
4409.80933721185  37.98499
4409.96903511523  21.00541
4410.12873301862  2.143723
4410.28843092201  27.14868
4410.4481288254  42.60947
4410.60782672879  32.44871
4410.76752463218  27.07711
4410.92722253557  30.37254
4411.08692043896  12.39923
4411.24661834234  -24.03938
4411.40631624573  -2.461245
4411.56601414912  30.94804
4411.72571205251  25.38097
4411.8854099559  24.01351
4412.04510785929  31.85233
4412.20480576268  32.40544
4412.36450366607  47.36088
4412.52420156946  46.08832
4412.68389947284  14.15944
4412.84359737623  14.25035
4413.00329527962  13.96332
4413.16299318301  10.48953
4413.3226910864  21.78704
4413.48238898979  2.910277
4413.64208689318  22.41631
4413.80178479656  16.63456
4413.96148269995  8.83702
4414.12118060334  22.81581
4414.28087850673  41.77119
4414.44057641012  27.61352
4414.60027431351  4.222191
4414.7599722169  26.60028
4414.91967012029  48.66842
4415.07936802367  29.19583
4415.23906592706  27.13595
4415.39876383045  50.37118
4415.55846173384  44.45312
4415.71815963723  23.87525
4415.87785754062  24.62853
4416.03755544401  31.76661
4416.1972533474  39.80684
4416.35695125078  -0.6236705
4416.51664915417  8.619117
4416.67634705756  13.05311
4416.83604496095  23.57213
4416.99574286434  16.31401
4417.15544076773  43.27022
4417.31513867112  28.26434
4417.47483657451  5.600075
4417.63453447789  -5.188852
4417.79423238128  12.43853
4417.95393028467  46.30628
4418.11362818806  45.95135
4418.27332609145  34.90226
4418.43302399484  10.63489
4418.59272189823  6.59617
4418.75241980162  -4.743855
4418.912117705  46.77272
4419.07181560839  5.624664
4419.23151351178  12.25509
4419.39121141517  67.44712
4419.55090931856  74.48035
4419.71060722195  26.983
4419.87030512534  16.51705
4420.03000302873  37.09133
4420.18970093211  50.08073
4420.3493988355  18.41385
4420.50909673889  10.59966
4420.66879464228  19.25475
4420.82849254567  24.19758
4420.98819044906  25.35966
4421.14788835245  2.769211
4421.30758625584  19.24238
4421.46728415923  48.95945
4421.62698206261  37.04303
4421.786679966  37.72831
4421.94637786939  34.55193
4422.10607577278  24.16689
4422.26577367617  17.0938
4422.42547157956  30.25063
4422.58516948295  28.19822
4422.74486738634  29.93465
4422.90456528972  20.97068
4423.06426319311  35.27063
4423.2239610965  40.01261
4423.38365899989  28.65579
4423.54335690328  32.322
4423.70305480667  24.19139
4423.86275271006  19.16698
4424.02245061344  25.67021
4424.18214851683  28.60232
4424.34184642022  20.67614
4424.50154432361  18.37461
4424.661242227  44.79443
4424.82094013039  17.70307
4424.98063803378  -1.896758
4425.14033593717  11.28514
4425.30003384056  23.1579
4425.45973174394  16.62926
4425.61942964733  32.72142
4425.77912755072  44.08698
4425.93882545411  18.4406
4426.0985233575  31.05472
4426.25822126089  53.04924
4426.41791916428  48.83735
4426.57761706766  38.91866
4426.73731497105  8.945717
4426.89701287444  30.57722
4427.05671077783  22.41731
4427.21640868122  11.00266
4427.37610658461  6.936297
4427.535804488  -14.55956
4427.69550239139  10.16247
4427.85520029478  13.82806
4428.01489819816  20.30303
4428.17459610155  10.27254
4428.33429400494  -1.027077
4428.49399190833  14.69244
4428.65368981172  11.51932
4428.81338771511  31.78648
4428.9730856185  28.13779
4429.13278352188  58.37119
4429.29248142527  38.56073
4429.45217932866  32.32066
4429.61187723205  25.60268
4429.77157513544  47.60506
4429.93127303883  47.86952
4430.09097094222  48.83646
4430.25066884561  30.01243
4430.410366749  27.73115
4430.57006465238  42.91187
4430.72976255577  14.7067
4430.88946045916  4.883445
4431.04915836255  7.402421
4431.20885626594  10.11102
4431.36855416933  36.95042
4431.52825207272  25.5296
4431.68794997611  33.21265
4431.84764787949  23.58217
4432.00734578288  12.13296
4432.16704368627  29.59891
4432.32674158966  27.00244
4432.48643949305  16.95041
4432.64613739644  4.874959
4432.80583529983  7.702598
4432.96553320322  22.60049
4433.1252311066  11.33744
4433.28492900999  23.52533
4433.44462691338  35.27303
4433.60432481677  26.94976
4433.76402272016  16.94545
4433.92372062355  -0.8903158
4434.08341852694  15.46367
4434.24311643033  4.979913
4434.40281433371  15.80029
4434.5625122371  37.3418
4434.72221014049  31.80987
4434.88190804388  29.84411
4435.04160594727  22.46474
4435.20130385066  8.45365
4435.36100175405  1.455671
4435.52069965744  25.58875
4435.68039756082  21.79786
4435.84009546421  24.75965
4435.9997933676  36.57984
4436.15949127099  39.31948
4436.31918917438  41.28541
4436.47888707777  40.48663
4436.63858498116  42.62791
4436.79828288455  14.10237
4436.95798078793  4.782933
4437.11767869132  13.5355
4437.27737659471  12.91274
4437.4370744981  -5.486987
4437.59677240149  12.46825
4437.75647030488  40.92036
4437.91616820827  23.78094
4438.07586611165  20.01378
4438.23556401504  12.78723
4438.39526191843  6.756772
4438.55495982182  26.81698
4438.71465772521  22.12298
4438.8743556286  4.684089
4439.03405353199  8.140465
4439.19375143538  25.85717
4439.35344933877  27.05198
4439.51314724215  4.055617
4439.67284514554  8.653566
4439.83254304893  34.84074
4439.99224095232  48.6097
4440.15193885571  35.02786
4440.3116367591  41.67434
4440.47133466249  44.12378
4440.63103256587  40.32183
4440.79073046926  16.59682
4440.95042837265  22.53439
4441.11012627604  7.730774
4441.26982417943  15.73394
4441.42952208282  29.12229
4441.58921998621  7.156011
4441.7489178896  19.31408
4441.90861579298  6.597694
4442.06831369637  -2.12177
4442.22801159976  18.4966
4442.38770950315  2.229304
4442.54740740654  27.34346
4442.70710530993  27.58053
4442.86680321332  11.4985
4443.02650111671  39.7618
4443.1861990201  27.30289
4443.34589692348  18.31104
4443.50559482687  39.5268
4443.66529273026  22.33615
4443.82499063365  26.80565
4443.98468853704  41.6115
4444.14438644043  44.54827
4444.30408434382  69.52298
4444.4637822472  61.39415
4444.62348015059  41.62673
4444.78317805398  27.9911
4444.94287595737  32.60537
4445.10257386076  32.30707
4445.26227176415  22.12556
4445.42196966754  50.22418
4445.58166757093  55.99726
4445.74136547431  46.14076
4445.9010633777  38.15578
4446.06076128109  23.4536
4446.22045918448  40.94717
4446.38015708787  44.80925
4446.53985499126  30.38367
4446.69955289465  60.74509
4446.85925079804  12.76209
4447.01894870142  39.17455
4447.17864660481  42.66667
4447.3383445082  22.95798
4447.49804241159  0.467208
4447.65774031498  29.61695
4447.81743821837  49.49176
4447.97713612176  29.83051
4448.13683402515  19.17377
4448.29653192854  28.56776
4448.45622983192  42.67449
4448.61592773531  32.11979
4448.7756256387  26.31358
4448.93532354209  26.35491
4449.09502144548  45.57033
4449.25471934887  44.48711
4449.41441725226  22.73351
4449.57411515565  21.39961
4449.73381305903  14.73918
4449.89351096242  17.59307
4450.05320886581  11.05979
4450.2129067692  31.04426
4450.37260467259  72.53191
4450.53230257598  39.97277
4450.69200047937  38.34892
4450.85169838275  44.83509
4451.01139628614  35.98309
4451.17109418953  46.64004
4451.33079209292  25.40686
4451.49048999631  30.93868
4451.6501878997  42.17358
4451.80988580309  10.45608
4451.96958370648  31.67879
4452.12928160987  33.73677
4452.28897951325  22.30238
4452.44867741664  26.51944
4452.60837532003  32.85184
4452.76807322342  53.27003
4452.92777112681  5.048774
4453.0874690302  32.11092
4453.24716693359  33.96189
4453.40686483697  40.26249
4453.56656274036  25.48944
4453.72626064375  32.66506
4453.88595854714  28.32713
4454.04565645053  23.49001
4454.20535435392  47.06128
4454.36505225731  6.891262
4454.5247501607  -10.39988
4454.68444806408  46.9085
4454.84414596747  23.12231
4455.00384387086  28.74213
4455.16354177425  56.03899
4455.32323967764  42.77048
4455.48293758103  48.34389
4455.64263548442  38.25769
4455.80233338781  39.60158
4455.9620312912  55.11569
4456.12172919458  20.88057
4456.28142709797  21.9378
4456.44112500136  53.91024
4456.60082290475  48.15987
4456.76052080814  31.8504
4456.92021871153  30.65787
4457.07991661492  25.38988
4457.23961451831  48.0338
4457.39931242169  43.68772
4457.55901032508  15.25728
4457.71870822847  30.51839
4457.87840613186  25.56528
4458.03810403525  44.54075
4458.19780193864  43.36836
4458.35749984203  40.79906
4458.51719774542  55.32703
4458.6768956488  45.28659
4458.83659355219  29.60025
4458.99629145558  45.12424
4459.15598935897  33.52457
4459.31568726236  9.781533
4459.47538516575  48.85549
4459.63508306914  31.66364
4459.79478097252  39.54918
4459.95447887591  59.18367
4460.1141767793  59.33877
4460.27387468269  48.95462
4460.43357258608  44.64286
4460.59327048947  51.24846
4460.75296839286  30.15382
4460.91266629625  2.193049
4461.07236419963  24.09687
4461.23206210302  34.04101
4461.39176000641  36.1377
4461.5514579098  33.33655
4461.71115581319  47.06479
4461.87085371658  14.8622
4462.03055161997  22.73814
4462.19024952336  7.23509
4462.34994742674  15.4926
4462.50964533013  37.79951
4462.66934323352  52.12922
4462.82904113691  58.06173
4462.9887390403  38.24896
4463.14843694369  18.21081
4463.30813484708  30.09003
4463.46783275047  67.84908
4463.62753065385  68.7514
4463.78722855724  65.30143
4463.94692646063  51.29321
4464.10662436402  62.70813
4464.26632226741  47.64329
4464.4260201708  58.09065
4464.58571807419  53.52431
4464.74541597758  43.69841
4464.90511388096  60.84061
4465.06481178435  56.7817
4465.22450968774  52.08157
4465.38420759113  63.0064
4465.54390549452  39.32844
4465.70360339791  22.36304
4465.8633013013  40.98529
4466.02299920469  81.16338
4466.18269710807  50.98955
4466.34239501146  59.6305
4466.50209291485  48.0016
4466.66179081824  50.72255
4466.82148872163  65.15794
4466.98118662502  62.36322
4467.14088452841  23.29475
4467.3005824318  22.75217
4467.46028033518  40.52096
4467.61997823857  45.5076
4467.77967614196  43.1515
4467.93937404535  32.54882
4468.09907194874  43.74043
4468.25876985213  56.61239
4468.41846775552  50.46009
4468.57816565891  50.11939
4468.73786356229  64.77924
4468.89756146568  67.77473
4469.05725936907  44.18627
4469.21695727246  23.30177
4469.37665517585  32.73232
4469.53635307924  46.74881
4469.69605098263  46.58621
4469.85574888602  35.08957
4470.01544678941  33.88807
4470.17514469279  34.41105
4470.33484259618  56.36188
4470.49454049957  57.25821
4470.65423840296  32.39676
4470.81393630635  39.38072
4470.97363420974  40.52032
4471.13333211313  36.80096
4471.29303001652  15.19169
4471.4527279199  42.05822
4471.61242582329  25.16521
4471.77212372668  14.95883
4471.93182163007  60.90644
4472.09151953346  33.5161
4472.25121743685  16.96774
4472.41091534024  24.25401
4472.57061324363  33.11908
4472.73031114701  42.86091
4472.8900090504  42.54708
4473.04970695379  26.25908
4473.20940485718  30.35799
4473.36910276057  48.84099
4473.52880066396  46.22663
4473.68849856735  51.82676
4473.84819647073  31.91745
4474.00789437412  14.83675
4474.16759227751  13.49502
4474.3272901809  50.46512
4474.48698808429  51.50204
4474.64668598768  46.99835
4474.80638389107  42.26733
4474.96608179446  43.3522
4475.12577969784  53.6002
4475.28547760123  34.09678
4475.44517550462  11.05158
4475.60487340801  39.17165
4475.7645713114  54.08688
4475.92426921479  55.81882
4476.08396711818  53.75098
4476.24366502157  31.32837
4476.40336292496  16.04389
4476.56306082834  14.31977
4476.72275873173  38.61926
4476.88245663512  44.68647
4477.04215453851  42.53426
4477.2018524419  58.96911
4477.36155034529  37.44344
4477.52124824868  51.80011
4477.68094615206  62.47233
4477.84064405545  63.34671
4478.00034195884  65.82292
4478.16003986223  31.31178
4478.31973776562  31.04608
4478.47943566901  57.00592
4478.6391335724  37.30672
4478.79883147579  27.44109
4478.95852937918  30.45281
4479.11822728256  59.13185
4479.27792518595  57.35368
4479.43762308934  33.74376
4479.59732099273  17.56329
4479.75701889612  33.81063
4479.91671679951  25.81567
4480.0764147029  34.37324
4480.23611260629  34.63573
4480.39581050967  37.7053
4480.55550841306  30.89479
4480.71520631645  29.94118
4480.87490421984  46.42814
4481.03460212323  46.50508
4481.19430002662  36.11057
4481.35399793001  22.92754
4481.5136958334  21.28196
4481.67339373678  52.83289
4481.83309164017  56.3203
4481.99278954356  59.53806
4482.15248744695  36.67307
4482.31218535034  15.95676
4482.47188325373  15.88966
4482.63158115712  17.4742
4482.79127906051  40.72011
4482.95097696389  29.64504
4483.11067486728  53.85933
4483.27037277067  34.17496
4483.43007067406  -2.816916
4483.58976857745  24.63412
4483.74946648084  30.44628
4483.90916438423  20.76505
4484.06886228762  37.30863
4484.228560191  32.14518
4484.38825809439  48.45803
4484.54795599778  30.9738
4484.70765390117  31.85481
4484.86735180456  33.79985
4485.02704970795  42.97546
4485.18674761134  43.10077
4485.34644551473  25.06685
4485.50614341811  22.55387
4485.6658413215  18.15298
4485.82553922489  56.51996
4485.98523712828  56.93037
4486.14493503167  36.56464
4486.30463293506  19.69085
4486.46433083845  24.01589
4486.62402874183  48.1543
4486.78372664522  34.31997
4486.94342454861  2.6519
4487.103122452  25.69712
4487.26282035539  29.55401
4487.42251825878  36.22649
4487.58221616217  47.73134
4487.74191406556  39.09155
4487.90161196894  42.98338
4488.06130987233  39.79273
4488.22100777572  42.57064
4488.38070567911  64.06797
4488.5404035825  69.40505
4488.70010148589  42.72236
4488.85979938928  30.40896
4489.01949729267  34.99601
4489.17919519605  33.8399
4489.33889309944  32.55116
4489.49859100283  11.8635
4489.65828890622  35.28757
4489.81798680961  32.80907
4489.977684713  23.39367
4490.13738261639  36.56099
4490.29708051978  7.084853
4490.45677842316  33.75074
4490.61647632655  52.18159
4490.77617422994  46.45302
4490.93587213333  33.69246
4491.09557003672  22.31188
4491.25526794011  7.375392
4491.4149658435  24.08891
4491.57466374689  36.64998
4491.73436165028  62.82231
4491.89405955366  23.15567
4492.05375745705  22.71844
4492.21345536044  46.10311
4492.37315326383  14.76458
4492.53285116722  33.06245
4492.69254907061  22.29835
4492.852246974  18.42506
4493.01194487739  7.625642
4493.17164278077  41.91881
4493.33134068416  48.65136
4493.49103858755  24.95184
4493.65073649094  53.86404
4493.81043439433  13.73532
4493.97013229772  35.72771
4494.12983020111  53.75337
4494.28952810449  16.824
4494.44922600788  40.50567
4494.60892391127  48.04365
4494.76862181466  24.61159
4494.92831971805  15.89027
4495.08801762144  12.69472
4495.24771552483  22.03788
4495.40741342822  47.03857
4495.5671113316  30.78778
4495.72680923499  28.39659
4495.88650713838  5.040827
4496.04620504177  19.41534
4496.20590294516  16.07118
4496.36560084855  31.74462
4496.52529875194  29.68521
4496.68499665533  33.45622
4496.84469455871  37.42198
4497.0043924621  37.35366
4497.16409036549  36.18669
4497.32378826888  35.5241
4497.48348617227  48.00286
4497.64318407566  43.02403
4497.80288197905  41.70867
4497.96257988244  28.62776
4498.12227778582  27.60056
4498.28197568921  48.43124
4498.4416735926  35.5795
4498.60137149599  25.60872
4498.76106939938  21.23686
4498.92076730277  35.07522
4499.08046520616  46.76537
4499.24016310955  20.94732
4499.39986101293  40.28308
4499.55955891632  23.04834
4499.71925681971  21.44031
4499.8789547231  49.04276
4500.03865262649  13.66129
4500.19835052988  19.53049
4500.35804843327  54.20242
4500.51774633666  40.14199
4500.67744424004  46.44318
4500.83714214343  33.26128
4500.99684004682  11.78158
4501.15653795021  21.09709
4501.3162358536  14.8027
4501.47593375699  18.82617
4501.63563166038  24.90101
4501.79532956377  23.4707
4501.95502746715  7.086695
4502.11472537054  37.01761
4502.27442327393  29.78982
4502.43412117732  42.27874
4502.59381908071  40.40939
4502.7535169841  25.84324
4502.91321488749  48.92267
4503.07291279088  22.23457
4503.23261069426  13.98445
4503.39230859765  39.48804
4503.55200650104  13.98594
4503.71170440443  36.83316
4503.87140230782  38.85675
4504.03110021121  3.344726
4504.1907981146  24.66376
4504.35049601799  22.53146
4504.51019392137  6.513954
4504.66989182476  12.90687
4504.82958972815  9.617927
4504.98928763154  20.0775
4505.14898553493  42.36543
4505.30868343832  -0.2585911
4505.46838134171  -0.7689118
4505.6280792451  22.39142
4505.78777714848  3.19682
4505.94747505187  6.189056
4506.10717295526  26.9048
4506.26687085865  36.14476
4506.42656876204  45.57729
4506.58626666543  27.0463
4506.74596456882  55.78054
4506.90566247221  21.38608
4507.06536037559  4.342551
4507.22505827898  12.59327
4507.38475618237  11.95882
4507.54445408576  9.107514
4507.70415198915  24.92537
4507.86384989254  31.9331
4508.02354779593  2.100312
4508.18324569932  5.526477
4508.3429436027  31.6609
4508.50264150609  40.61135
4508.66233940948  18.88148
4508.82203731287  10.21225
4508.98173521626  22.00732
4509.14143311965  29.05694
4509.30113102304  23.28182
4509.46082892643  14.30192
4509.62052682982  24.84009
4509.7802247332  22.88746
4509.93992263659  36.3674
4510.09962053998  26.38227
4510.25931844337  0.2353347
4510.41901634676  33.2534
4510.57871425015  45.3532
4510.73841215354  34.17183
4510.89811005693  -0.7873366
4511.05780796031  21.87344
4511.2175058637  15.05382
4511.37720376709  0.2262402
4511.53690167048  25.09756
4511.69659957387  35.9745
4511.85629747726  8.189444
4512.01599538065  -10.97138
4512.17569328404  -11.99194
4512.33539118742  18.28482
4512.49508909081  41.43059
4512.6547869942  24.47827
4512.81448489759  13.27264
4512.97418280098  -1.607171
4513.13388070437  5.578904
4513.29357860776  27.34896
4513.45327651114  35.38219
4513.61297441453  20.84743
4513.77267231792  19.26836
4513.93237022131  -0.7532657
4514.0920681247  -4.584543
4514.25176602809  9.879465
4514.41146393148  7.502207
4514.57116183487  17.99098
4514.73085973826  15.00708
4514.89055764164  16.21359
4515.05025554503  19.95503
4515.20995344842  18.3618
4515.36965135181  18.38377
4515.5293492552  13.35158
4515.68904715859  25.47325
4515.84874506198  40.96573
4516.00844296537  28.33305
4516.16814086875  61.41774
4516.32783877214  17.72349
4516.48753667553  5.450315
4516.64723457892  -2.16298
4516.80693248231  14.94282
4516.9666303857  28.41569
4517.12632828909  38.63995
4517.28602619248  46.04637
4517.44572409586  46.8697
4517.60542199925  37.79934
4517.76511990264  39.75511
4517.92481780603  20.36057
4518.08451570942  33.05876
4518.24421361281  26.92804
4518.4039115162  22.63424
4518.56360941959  26.42705
4518.72330732297  27.18436
4518.88300522636  20.90593
4519.04270312975  -1.11853
4519.20240103314  0.393611
4519.36209893653  46.88822
4519.52179683992  19.2726
4519.68149474331  11.30409
4519.8411926467  18.93021
4520.00089055008  14.06934
4520.16058845347  24.38776
4520.32028635686  28.89811
4520.47998426025  9.401942
4520.63968216364  29.35707
4520.79938006703  28.49257
4520.95907797042  32.44682
4521.1187758738  20.7715
4521.27847377719  9.136725
4521.43817168058  12.88494
4521.59786958397  36.74843
4521.75756748736  31.98485
4521.91726539075  12.034
4522.07696329414  20.21906
4522.23666119753  24.95323
4522.39635910091  2.048131
4522.5560570043  3.200135
4522.71575490769  11.70251
4522.87545281108  40.14827
4523.03515071447  -7.656497
4523.19484861786  24.4894
4523.35454652125  19.42715
4523.51424442464  38.503
4523.67394232802  11.51081
4523.83364023141  12.56687
4523.9933381348  5.884896
4524.15303603819  4.505235
4524.31273394158  22.58576
4524.47243184497  1.826427
4524.63212974836  9.139365
4524.79182765175  2.757846
4524.95152555514  40.28492
4525.11122345852  18.2625
4525.27092136191  24.82734
4525.4306192653  18.73112
4525.59031716869  27.82014
4525.75001507208  14.23207
4525.90971297547  5.023473
4526.06941087886  26.02598
4526.22910878224  44.86412
4526.38880668563  15.48421
4526.54850458902  7.232757
4526.70820249241  14.26396
4526.8679003958  16.75208
4527.02759829919  19.52107
4527.18729620258  14.75087
4527.34699410597  -2.997095
4527.50669200936  28.68752
4527.66638991274  17.97973
4527.82608781613  7.160809
4527.98578571952  4.805964
4528.14548362291  2.249843
4528.3051815263  38.94936
4528.46487942969  26.94403
4528.62457733308  16.21535
4528.78427523647  20.55803
4528.94397313985  6.651396
4529.10367104324  -10.28313
4529.26336894663  -16.64184
4529.42306685002  0.3822065
4529.58276475341  -0.5907121
4529.7424626568  22.03171
4529.90216056019  -14.05517
4530.06185846357  9.449391
4530.22155636696  23.48071
4530.38125427035  12.11978
4530.54095217374  5.420908
4530.70065007713  3.349164
4530.86034798052  5.930215
4531.02004588391  11.33432
4531.1797437873  -0.7011371
4531.33944169068  -17.46675
4531.49913959407  -13.23728
4531.65883749746  15.71496
4531.81853540085  42.38459
4531.97823330424  24.52783
4532.13793120763  32.71852
4532.29762911102  13.0033
4532.45732701441  -0.9355311
4532.61702491779  7.89524
4532.77672282118  -4.458549
4532.93642072457  1.373055
4533.09611862796  6.820879
4533.25581653135  -7.841403
4533.41551443474  -20.42284
4533.57521233813  -16.75126
4533.73491024152  34.16715
4533.8946081449  -3.449898
4534.05430604829  6.134577
4534.21400395168  9.639238
4534.37370185507  -3.993001
4534.53339975846  15.58075
4534.69309766185  6.015197
4534.85279556524  6.335722
4535.01249346863  7.700696
4535.17219137201  -4.989636
4535.3318892754  -0.003939352
4535.49158717879  -5.083899
4535.65128508218  0.01514095
4535.81098298557  -13.40767
4535.97068088896  -14.17434
4536.13037879235  2.865841
4536.29007669574  5.478087
4536.44977459912  -5.161485
4536.60947250251  5.086535
4536.7691704059  7.486214
4536.92886830929  -5.551332
4537.08856621268  -4.973856
4537.24826411607  -15.23574
4537.40796201946  -8.675572
4537.56765992285  16.42949
4537.72735782623  22.94586
4537.88705572962  -6.494709
4538.04675363301  -6.732759
4538.2064515364  -11.39044
4538.36614943979  -10.48909
4538.52584734318  -9.569875
4538.68554524657  18.01017
4538.84524314996  22.68507
4539.00494105335  6.516065
4539.16463895673  1.465669
4539.32433686012  15.31335
4539.48403476351  0.1537656
4539.6437326669  7.287261
4539.80343057029  -5.89172
4539.96312847368  14.81004
4540.12282637707  2.011725
4540.28252428046  -1.173233
4540.44222218384  13.52988
4540.60192008723  10.88649
4540.76161799062  21.75066
4540.92131589401  18.01521
4541.0810137974  38.08187
4541.24071170079  19.3312
4541.40040960418  12.87143
4541.56010750757  12.47702
4541.71980541095  22.85712
4541.87950331434  23.90162
4542.03920121773  12.04264
4542.19889912112  10.13356
4542.35859702451  -8.886835
4542.5182949279  -17.59886
4542.67799283129  -14.88066
4542.83769073467  -2.363684
4542.99738863806  6.322649
4543.15708654145  0.4080538
4543.31678444484  28.0267
4543.47648234823  23.41753
4543.63618025162  -6.421639
4543.79587815501  0.3627786
4543.9555760584  0.5237451
4544.11527396178  0.5144557
4544.27497186517  12.43349
4544.43466976856  -10.81334
4544.59436767195  5.107304
4544.75406557534  31.74178
4544.91376347873  8.714275
4545.07346138212  16.76467
4545.23315928551  19.24417
4545.39285718889  1.505596
4545.55255509228  10.67447
4545.71225299567  1.222162
4545.87195089906  -13.52345
4546.03164880245  1.268288
4546.19134670584  12.74551
4546.35104460923  7.00078
4546.51074251262  12.64478
4546.670440416  8.391688
4546.83013831939  -7.166222
4546.98983622278  2.15838
4547.14953412617  -11.93559
4547.30923202956  13.33008
4547.46892993295  5.123509
4547.62862783634  -4.98654
4547.78832573973  -2.812339
4547.94802364311  -2.82867
4548.1077215465  -0.5496593
4548.26741944989  1.753617
4548.42711735328  -9.537915
4548.58681525667  -6.141774
4548.74651316006  -12.26857
4548.90621106345  -5.550486
4549.06590896684  9.125966
4549.22560687023  10.98731
4549.38530477361  18.60375
4549.545002677  8.320725
4549.70470058039  -18.91664
