4386.3519614722  34.14509
4386.51166702697  5.802119
4386.67137258174  10.72675
4386.83107813651  21.55227
4386.99078369129  -16.27905
4387.15048924606  -26.6316
4387.31019480083  -19.27209
4387.4699003556  5.239987
4387.62960591037  10.82542
4387.78931146515  -15.92346
4387.94901701992  -23.55538
4388.10872257469  -21.51857
4388.26842812946  -10.16521
4388.42813368423  -15.42299
4388.587839239  -50.83464
4388.74754479378  5.93515
4388.90725034855  -3.494252
4389.06695590332  -12.84472
4389.22666145809  0.1196309
4389.38636701286  3.742781
4389.54607256763  -18.00293
4389.7057781224  -5.229624
4389.86548367718  26.87046
4390.02518923195  27.97337
4390.18489478672  16.73306
4390.34460034149  -10.34277
4390.50430589626  -21.70695
4390.66401145103  8.601404
4390.82371700581  -14.91735
4390.98342256058  7.832626
4391.14312811535  -34.72797
4391.30283367012  22.55724
4391.46253922489  12.93581
4391.62224477966  -20.24707
4391.78195033444  -22.94754
4391.94165588921  -6.898057
4392.10136144398  -15.11472
4392.26106699875  -6.556256
4392.42077255352  6.037749
4392.58047810829  -0.5076293
4392.74018366307  -5.664612
4392.89988921784  -21.27384
4393.05959477261  3.663832
4393.21930032738  17.12096
4393.37900588215  -11.9801
4393.53871143693  6.5036
4393.69841699169  -5.480249
4393.85812254647  -16.12386
4394.01782810124  9.652903
4394.17753365601  -4.486289
4394.33723921078  -25.54518
4394.49694476555  13.2346
4394.65665032033  -9.975411
4394.8163558751  -50.58315
4394.97606142987  -4.71715
4395.13576698464  22.81415
4395.29547253941  13.28393
4395.45517809418  -4.918473
4395.61488364896  -15.33805
4395.77458920373  15.09058
4395.9342947585  20.34062
4396.09400031327  31.94058
4396.25370586804  -8.321427
4396.41341142281  -13.57441
4396.57311697759  -13.31571
4396.73282253236  -10.83078
4396.89252808713  9.961381
4397.0522336419  2.183906
4397.21193919667  -21.2786
4397.37164475144  -19.55279
4397.53135030622  -36.16069
4397.69105586099  -42.00684
4397.85076141576  18.15394
4398.01046697053  15.94448
4398.1701725253  -5.756088
4398.32987808008  -36.77317
4398.48958363485  24.50773
4398.64928918962  14.15247
4398.80899474439  19.97825
4398.96870029916  31.45156
4399.12840585393  13.60033
4399.2881114087  10.26826
4399.44781696348  13.71975
4399.60752251825  10.3467
4399.76722807302  -2.392457
4399.92693362779  -14.65306
4400.08663918256  16.0349
4400.24634473733  38.77879
4400.40605029211  3.27984
4400.56575584688  -16.58115
4400.72546140165  -11.71712
4400.88516695642  1.844763
4401.04487251119  1.611091
4401.20457806596  -18.31435
4401.36428362074  -6.2523
4401.52398917551  7.68221
4401.68369473028  21.48808
4401.84340028505  2.040137
4402.00310583982  -7.898953
4402.16281139459  10.41055
4402.32251694937  3.937853
4402.48222250414  6.339243
4402.64192805891  17.95846
4402.80163361368  -2.016473
4402.96133916845  -35.20284
4403.12104472322  23.50318
4403.280750278  -36.05044
4403.44045583277  -33.46337
4403.60016138754  -30.97888
4403.75986694231  9.261619
4403.91957249708  10.97395
4404.07927805185  7.338036
4404.23898360663  -17.21318
4404.3986891614  -23.0526
4404.55839471617  -7.92922
4404.71810027094  -26.16014
4404.87780582571  -11.08123
4405.03751138048  23.48299
4405.19721693526  -1.125589
4405.35692249003  -16.55972
4405.5166280448  19.29086
4405.67633359957  -0.4339925
4405.83603915434  49.64658
4405.99574470911  24.46464
4406.15545026389  0.9883392
4406.31515581866  47.77237
4406.47486137343  51.43958
4406.6345669282  12.96129
4406.79427248297  9.72467
4406.95397803774  -5.504122
4407.11368359252  -20.43081
4407.27338914729  -10.65754
4407.43309470206  8.602682
4407.59280025683  40.84975
4407.7525058116  10.852
4407.91221136637  -3.257227
4408.07191692115  -4.134484
4408.23162247592  6.973197
4408.39132803069  -2.767527
4408.55103358546  -4.783751
4408.71073914023  -2.579398
4408.870444695  18.80833
4409.03015024978  8.388248
4409.18985580455  14.64063
4409.34956135932  13.09585
4409.50926691409  -5.018153
4409.66897246886  -11.6335
4409.82867802363  -20.48894
4409.98838357841  -32.73076
4410.14808913318  -22.98466
4410.30779468795  11.22494
4410.46750024272  24.71842
4410.62720579749  33.08939
4410.78691135226  16.70994
4410.94661690704  23.50235
4411.10632246181  -10.51513
4411.26602801658  8.496797
4411.42573357135  6.392278
4411.58543912612  1.89028
4411.74514468089  -9.770473
4411.90485023567  -16.90615
4412.06455579044  -0.486435
4412.22426134521  -9.600587
4412.38396689998  17.09168
4412.54367245475  57.00436
4412.70337800952  22.32856
4412.86308356429  -4.232667
4413.02278911907  7.696644
4413.18249467384  48.53117
4413.34220022861  1.340831
4413.50190578338  18.26194
4413.66161133815  30.89064
4413.82131689293  -3.518405
4413.9810224477  24.36032
4414.14072800247  47.05455
4414.30043355724  9.001584
4414.46013911201  -35.31492
4414.61984466678  -4.37635
4414.77955022156  14.12901
4414.93925577633  -8.037706
4415.0989613311  -0.7960756
4415.25866688587  15.31592
4415.41837244064  10.59324
4415.57807799541  10.8357
4415.73778355019  5.292262
4415.89748910496  -21.11314
4416.05719465973  -7.292544
4416.2169002145  45.92692
4416.37660576927  13.21881
4416.53631132404  3.867348
4416.69601687881  32.89495
4416.85572243359  33.47474
4417.01542798836  51.75275
4417.17513354313  30.27049
4417.3348390979  15.16738
4417.49454465267  15.50162
4417.65425020745  -7.017388
4417.81395576222  -31.27456
4417.97366131699  -17.17185
4418.13336687176  3.926648
4418.29307242653  -9.267658
4418.4527779813  -19.61891
4418.61248353607  -4.26104
4418.77218909085  15.80637
4418.93189464562  27.53036
4419.09160020039  26.92192
4419.25130575516  18.15232
4419.41101130993  -14.54552
4419.5707168647  48.83302
4419.73042241948  58.33851
4419.89012797425  8.240513
4420.04983352902  -11.35301
4420.20953908379  -9.342884
4420.36924463856  -12.1073
4420.52895019333  -2.505988
4420.68865574811  25.05
4420.84836130288  16.32627
4421.00806685765  6.583594
4421.16777241242  9.849348
4421.32747796719  10.72808
4421.48718352197  37.02446
4421.64688907674  19.30013
4421.80659463151  -22.24673
4421.96630018628  -54.20219
4422.12600574105  -24.60756
4422.28571129582  -19.36359
4422.44541685059  -12.42984
4422.60512240537  -21.13228
4422.76482796014  14.01076
4422.92453351491  22.67239
4423.08423906968  -23.07567
4423.24394462445  25.08245
4423.40365017923  20.60102
4423.563355734  -7.46524
4423.72306128877  11.85377
4423.88276684354  18.60946
4424.04247239831  10.45995
4424.20217795308  -23.76475
4424.36188350785  -14.73406
4424.52158906263  44.85598
4424.6812946174  33.16597
4424.84100017217  11.55446
4425.00070572694  -11.62378
4425.16041128171  22.27665
4425.32011683648  42.64954
4425.47982239126  15.19089
4425.63952794603  23.42109
4425.7992335008  14.05019
4425.95893905557  18.52542
4426.11864461034  6.44635
4426.27835016511  7.052239
4426.43805571989  -1.633594
4426.59776127466  -6.549164
4426.75746682943  21.24046
4426.9171723842  37.86328
4427.07687793897  18.09213
4427.23658349374  -5.492245
4427.39628904852  16.93979
4427.55599460329  35.16181
4427.71570015806  11.88408
4427.87540571283  20.62459
4428.0351112676  32.24396
4428.19481682238  4.233509
4428.35452237715  -0.08294355
4428.51422793192  10.88831
4428.67393348669  10.079
4428.83363904146  14.56012
4428.99334459623  29.52517
4429.15305015101  -2.2215
4429.31275570578  10.05614
4429.47246126055  -11.55844
4429.63216681532  48.0866
4429.79187237009  37.09558
4429.95157792486  -0.4089122
4430.11128347963  2.972688
4430.27098903441  4.936117
4430.43069458918  -0.07869931
4430.59040014395  26.54766
4430.75010569872  31.47897
4430.90981125349  7.75855
4431.06951680826  -2.208687
4431.22922236304  1.529034
4431.38892791781  10.37288
4431.54863347258  9.727016
4431.70833902735  13.37633
4431.86804458212  24.39974
4432.02775013689  14.71158
4432.18745569167  -34.96401
4432.34716124644  -5.482831
4432.50686680121  23.39861
4432.66657235598  38.74559
4432.82627791075  24.02779
4432.98598346552  2.856219
4433.1456890203  21.10181
4433.30539457507  17.5576
4433.46510012984  7.998316
4433.62480568461  10.64964
4433.78451123938  36.13097
4433.94421679415  59.64485
4434.10392234893  -8.722179
4434.2636279037  14.40487
4434.42333345847  30.38849
4434.58303901324  2.82454
4434.74274456801  -8.628503
4434.90245012278  -33.3471
4435.06215567756  -18.52327
4435.22186123233  2.308566
4435.3815667871  4.533507
4435.54127234187  17.00243
4435.70097789664  8.610007
4435.86068345141  -26.09054
4436.02038900619  -39.62268
4436.18009456096  -58.00909
4436.33980011573  -22.81866
4436.4995056705  -14.29724
4436.65921122527  -3.36222
4436.81891678005  -24.75779
4436.97862233482  7.089023
4437.13832788959  16.24982
4437.29803344436  3.230606
4437.45773899913  -9.39409
4437.6174445539  -4.510151
4437.77715010867  7.05451
4437.93685566345  28.99748
4438.09656121822  33.86909
4438.25626677299  28.05105
4438.41597232776  40.21524
4438.57567788253  14.42338
4438.7353834373  8.054897
4438.89508899208  37.87781
4439.05479454685  38.28406
4439.21450010162  56.89738
4439.37420565639  38.97693
4439.53391121116  1.532407
4439.69361676593  22.94306
4439.85332232071  32.29763
4440.01302787548  61.20696
4440.17273343025  36.55537
4440.33243898502  44.44364
4440.49214453979  4.807228
4440.65185009456  8.173378
4440.81155564934  1.210333
4440.97126120411  -4.632574
4441.13096675888  6.896945
4441.29067231365  -27.00111
4441.45037786842  24.74388
4441.61008342319  35.23294
4441.76978897797  24.89297
4441.92949453274  26.60091
4442.08920008751  20.72267
4442.24890564228  30.8814
4442.40861119705  31.82746
4442.56831675182  20.68477
4442.7280223066  29.02826
4442.88772786137  9.627142
4443.04743341614  -2.830978
4443.20713897091  -6.069221
4443.36684452568  13.05576
4443.52655008045  25.48578
4443.68625563523  52.23513
4443.84596119  73.529
4444.00566674477  41.55658
4444.16537229954  16.46322
4444.32507785431  12.18403
4444.48478340908  9.193827
4444.64448896386  9.163271
4444.80419451863  4.970194
4444.9639000734  -13.33302
4445.12360562817  12.81455
4445.28331118294  23.83229
4445.44301673771  0.7316337
4445.60272229249  -5.288135
4445.76242784726  -0.3507025
4445.92213340203  6.917021
4446.0818389568  13.74867
4446.24154451157  10.03712
4446.40125006634  9.824684
4446.56095562112  27.27613
4446.72066117589  -3.890273
4446.88036673066  17.61806
4447.04007228543  32.56872
4447.1997778402  31.27936
4447.35948339497  13.4513
4447.51918894975  16.65507
4447.67889450452  46.13613
4447.83860005929  25.33231
4447.99830561406  -1.380355
4448.15801116883  -13.92136
4448.3177167236  55.07681
4448.47742227838  22.93903
4448.63712783315  -17.96936
4448.79683338792  0.1886919
4448.95653894269  4.441562
4449.11624449746  18.64363
4449.27595005223  14.27933
4449.43565560701  -11.56466
4449.59536116178  -9.354481
4449.75506671655  1.565923
4449.91477227132  1.507257
4450.07447782609  -7.489166
4450.23418338086  -8.184486
4450.39388893564  20.52319
4450.55359449041  29.80444
4450.71330004518  5.848035
4450.87300559995  6.657579
4451.03271115472  36.74474
4451.19241670949  15.7052
4451.35212226427  8.650836
4451.51182781904  -0.0367391
4451.67153337381  8.611119
4451.83123892858  3.458071
4451.99094448335  -12.82545
4452.15065003812  -27.32108
4452.3103555929  -29.58996
4452.47006114767  -5.67771
4452.62976670244  24.62114
4452.78947225721  23.91598
4452.94917781198  23.46319
4453.10888336675  37.41979
4453.26858892153  17.03513
4453.4282944763  -23.0448
4453.58800003107  -20.93092
4453.74770558584  23.84696
4453.90741114061  45.80301
4454.06711669538  1.062731
4454.22682225016  -7.322987
4454.38652780493  -25.17708
4454.5462333597  -5.799448
4454.70593891447  20.28281
4454.86564446924  25.43573
4455.02535002401  62.95309
4455.18505557879  33.99282
4455.34476113356  4.553177
4455.50446668833  12.17393
4455.6641722431  1.818502
4455.82387779787  24.65486
4455.98358335264  54.19216
4456.14328890742  40.13329
4456.30299446219  23.70432
4456.46270001696  30.11554
4456.62240557173  -4.906981
4456.7821111265  -9.153226
4456.94181668127  21.2588
4457.10152223605  11.87544
4457.26122779082  7.539474
4457.42093334559  31.21354
4457.58063890036  27.63704
4457.74034445513  5.746001
4457.9000500099  17.93776
4458.05975556468  8.183878
4458.21946111945  21.98371
4458.37916667422  28.21013
4458.53887222899  20.21136
4458.69857778376  45.59867
4458.85828333853  31.1148
4459.01798889331  29.53703
4459.17769444808  44.16171
4459.33740000285  29.26749
4459.49710555762  4.322255
4459.65681111239  14.3342
4459.81651666716  16.92289
4459.97622222194  33.05338
4460.13592777671  26.42988
4460.29563333148  -31.35352
4460.45533888625  23.85953
4460.61504444102  9.764765
4460.77474999579  36.08074
4460.93445555057  20.74814
4461.09416110534  2.437268
4461.25386666011  -1.199038
4461.41357221488  13.18597
4461.57327776965  35.1563
4461.73298332442  27.14217
4461.89268887919  13.85221
4462.05239443397  -15.17094
4462.21209998874  16.1743
4462.37180554351  51.78461
4462.53151109828  17.75981
4462.69121665305  29.06019
4462.85092220782  5.996213
4463.0106277626  5.925644
4463.17033331737  27.27054
4463.33003887214  21.73829
4463.48974442691  -10.84549
4463.64944998168  3.603506
4463.80915553646  1.687975
4463.96886109123  8.876935
4464.128566646  39.2282
4464.28827220077  6.47294
4464.44797775554  -10.44654
4464.60768331031  30.53972
4464.76738886509  38.30997
4464.92709441986  16.08469
4465.08679997463  4.437488
4465.2465055294  34.95834
4465.40621108417  40.45196
4465.56591663894  52.31272
4465.72562219371  38.54233
4465.88532774849  40.98128
4466.04503330326  29.97048
4466.20473885803  33.03646
4466.3644444128  55.77616
4466.52414996757  32.20189
4466.68385552235  28.35072
4466.84356107712  37.34491
4467.00326663189  -11.78356
4467.16297218666  26.12402
4467.32267774143  46.14625
4467.4823832962  7.695832
4467.64208885097  43.19671
4467.80179440575  52.02954
4467.96149996052  14.68752
4468.12120551529  -4.18921
4468.28091107006  12.2744
4468.44061662483  35.23034
4468.6003221796  47.13504
4468.76002773438  25.92608
4468.91973328915  10.29273
4469.07943884392  26.93025
4469.23914439869  26.50778
4469.39884995346  12.0617
4469.55855550824  31.62207
4469.71826106301  40.17964
4469.87796661778  38.33048
4470.03767217255  28.06721
4470.19737772732  14.25415
4470.35708328209  -11.96099
4470.51678883687  -23.18303
4470.67649439164  1.504168
4470.83619994641  23.31781
4470.99590550118  31.1494
4471.15561105595  57.3673
4471.31531661072  49.27537
4471.47502216549  49.83368
4471.63472772027  50.65132
4471.79443327504  8.951584
4471.95413882981  -0.5482369
4472.11384438458  43.91025
4472.27354993935  75.89822
4472.43325549412  42.22122
4472.5929610489  6.128183
4472.75266660367  17.4211
4472.91237215844  18.43141
4473.07207771321  53.60471
4473.23178326798  59.73153
4473.39148882275  22.63095
4473.55119437753  28.31594
4473.7108999323  36.46424
4473.87060548707  39.25413
4474.03031104184  30.72013
4474.19001659661  26.59021
4474.34972215138  -0.3258896
4474.50942770616  7.070735
4474.66913326093  26.7615
4474.8288388157  12.35445
4474.98854437047  14.65307
4475.14824992524  19.67867
4475.30795548001  -5.21049
4475.46766103479  37.77123
4475.62736658956  60.20101
4475.78707214433  6.985069
4475.9467776991  -2.890476
4476.10648325387  13.76935
4476.26618880865  -3.288796
4476.42589436342  11.80993
4476.58559991819  33.31833
4476.74530547296  18.97447
4476.90501102773  8.239113
4477.0647165825  21.99909
4477.22442213727  14.22994
4477.38412769205  26.01485
4477.54383324682  55.36074
4477.70353880159  52.31837
4477.86324435636  36.91948
4478.02294991113  20.16472
4478.1826554659  8.504376
4478.34236102068  11.05205
4478.50206657545  32.44359
4478.66177213022  32.72894
4478.82147768499  11.38577
4478.98118323976  -4.077696
4479.14088879453  -7.861907
4479.30059434931  -16.77811
4479.46029990408  20.24184
4479.62000545885  25.49744
4479.77971101362  23.24293
4479.93941656839  2.181176
4480.09912212316  -2.901937
4480.25882767794  5.483501
4480.41853323271  25.81634
4480.57823878748  38.56272
4480.73794434225  -0.5029198
4480.89764989702  11.32876
4481.05735545179  9.968277
4481.21706100657  30.29984
4481.37676656134  25.86108
4481.53647211611  34.21893
4481.69617767088  48.72973
4481.85588322565  10.9009
4482.01558878042  52.38171
4482.1752943352  15.56909
4482.33499988997  21.83401
4482.49470544474  -4.953769
4482.65441099951  19.79818
4482.81411655428  21.72005
4482.97382210905  -1.278904
4483.13352766383  23.38143
4483.2932332186  15.33574
4483.45293877337  35.77747
4483.61264432814  -1.257396
4483.77234988291  7.23629
4483.93205543768  31.60792
4484.09176099246  2.186135
4484.25146654723  -6.943965
4484.411172102  -2.10152
4484.57087765677  33.45004
4484.73058321154  6.657351
4484.89028876631  16.28233
4485.04999432109  -24.58278
4485.20969987586  -6.324872
4485.36940543063  15.93901
4485.5291109854  22.97071
4485.68881654017  19.44843
4485.84852209495  -5.318638
4486.00822764972  15.09776
4486.16793320449  28.68388
4486.32763875926  7.692456
4486.48734431403  -7.344193
4486.6470498688  -34.19598
4486.80675542357  25.27891
4486.96646097835  21.3271
4487.12616653312  24.66922
4487.28587208789  12.67956
4487.44557764266  54.18145
4487.60528319743  24.58994
4487.7649887522  7.537242
4487.92469430698  45.20751
4488.08439986175  28.89451
4488.24410541652  8.75213
4488.40381097129  19.3475
4488.56351652606  -1.224919
4488.72322208083  31.69528
4488.88292763561  5.022601
4489.04263319038  -12.42575
4489.20233874515  1.145718
4489.36204429992  12.87292
4489.52174985469  -2.620915
4489.68145540946  7.411459
4489.84116096424  21.54956
4490.00086651901  14.20366
4490.16057207378  -5.836403
4490.32027762855  21.06792
4490.47998318332  21.30346
4490.63968873809  2.936226
4490.79939429287  -1.549606
4490.95909984764  26.82524
4491.11880540241  47.98956
4491.27851095718  30.80717
4491.43821651195  25.22277
4491.59792206672  27.70324
4491.7576276215  16.69168
4491.91733317627  -5.633506
4492.07703873104  -11.61822
4492.23674428581  16.62696
4492.39644984058  34.71405
4492.55615539535  25.87617
4492.71586095013  28.70687
4492.8755665049  33.07532
4493.03527205967  30.66343
4493.19497761444  21.31822
4493.35468316921  -16.48171
4493.51438872398  -22.50864
4493.67409427876  9.22253
4493.83379983353  27.55622
4493.9935053883  30.51109
4494.15321094307  2.204363
4494.31291649784  -13.56674
4494.47262205261  25.20793
4494.63232760739  14.57673
4494.79203316216  22.16834
4494.95173871693  11.8041
4495.1114442717  4.373466
4495.27114982647  18.52544
4495.43085538124  44.50218
4495.59056093601  25.84974
4495.75026649079  10.50181
4495.90997204556  -6.387902
4496.06967760033  7.392004
4496.2293831551  15.83224
4496.38908870987  16.44049
4496.54879426464  27.57771
4496.70849981942  21.10105
4496.86820537419  30.59434
4497.02791092896  29.42491
4497.18761648373  21.76188
4497.3473220385  12.80424
4497.50702759327  21.23981
4497.66673314805  32.68616
4497.82643870282  1.618659
4497.98614425759  9.036932
4498.14584981236  29.57964
4498.30555536713  33.29763
4498.46526092191  26.61639
4498.62496647668  20.66731
4498.78467203145  21.28016
4498.94437758622  9.734543
4499.10408314099  13.81079
4499.26378869576  19.26739
4499.42349425054  29.67076
4499.58319980531  45.37289
4499.74290536008  -2.34583
4499.90261091485  27.44263
4500.06231646962  37.77605
4500.22202202439  34.27239
4500.38172757917  22.15465
4500.54143313394  26.69869
4500.70113868871  39.91463
4500.86084424348  1.899186
4501.02054979825  -2.910905
4501.18025535302  28.0729
4501.33996090779  15.1731
4501.49966646257  41.52794
4501.65937201734  -13.77968
4501.81907757211  19.61646
4501.97878312688  33.38076
4502.13848868165  4.49402
4502.29819423642  16.66602
4502.4578997912  7.329567
4502.61760534597  -8.691065
4502.77731090074  18.88642
4502.93701645551  59.04988
4503.09672201028  4.983358
4503.25642756505  -9.870155
4503.41613311983  1.625153
4503.5758386746  34.05463
4503.73554422937  45.20066
4503.89524978414  2.056666
4504.05495533891  15.9639
4504.21466089369  30.66047
4504.37436644846  39.34711
4504.53407200323  44.47434
4504.693777558  21.15709
4504.85348311277  2.951564
4505.01318866754  -13.27781
4505.17289422232  19.43912
4505.33259977709  -13.6423
4505.49230533186  32.76595
4505.65201088663  25.88351
4505.8117164414  10.48176
4505.97142199617  9.882673
4506.13112755095  18.2076
4506.29083310572  -24.75276
4506.45053866049  -26.64179
4506.61024421526  21.01615
4506.76994977003  21.95472
4506.9296553248  16.37641
4507.08936087957  20.10374
4507.24906643435  7.954841
4507.40877198912  24.33089
4507.56847754389  17.08057
4507.72818309866  -0.1311301
4507.88788865343  13.15548
4508.0475942082  9.628888
4508.20729976298  -12.35683
4508.36700531775  -8.739963
4508.52671087252  8.684214
4508.68641642729  29.05709
4508.84612198206  22.26699
4509.00582753683  -2.211509
4509.16553309161  -0.2662849
4509.32523864638  34.80498
4509.48494420115  18.94581
4509.64464975592  37.59347
4509.80435531069  11.64637
4509.96406086546  32.05006
4510.12376642024  27.82442
4510.28347197501  10.05117
4510.44317752978  18.82589
4510.60288308455  13.55831
4510.76258863932  12.27912
4510.92229419409  6.807401
4511.08199974887  -50.78456
4511.24170530364  24.41948
4511.40141085841  29.78901
4511.56111641318  -9.263288
4511.72082196795  -8.108526
4511.88052752272  6.461588
4512.0402330775  -3.125444
4512.19993863227  -9.328797
4512.35964418704  -18.1024
4512.51934974181  -2.30626
4512.67905529658  7.286335
4512.83876085135  0.6623811
4512.99846640613  12.288
4513.1581719609  60.7521
4513.31787751567  48.19188
4513.47758307044  23.20565
4513.63728862521  10.42032
4513.79699417999  -16.97507
4513.95669973476  18.32662
4514.11640528953  10.56226
4514.2761108443  27.48444
4514.43581639907  -9.763243
4514.59552195384  8.696258
4514.75522750861  14.01428
4514.91493306339  26.20446
4515.07463861816  15.44482
4515.23434417293  -10.34474
4515.3940497277  -10.99395
4515.55375528247  2.38099
4515.71346083724  32.64589
4515.87316639202  26.63204
4516.03287194679  23.3569
4516.19257750156  14.69965
4516.35228305633  28.79545
4516.5119886111  -18.40605
4516.67169416587  13.63732
4516.83139972065  23.33412
4516.99110527542  10.34155
4517.15081083019  19.05325
4517.31051638496  39.48783
4517.47022193973  -5.481796
4517.6299274945  10.66302
4517.78963304928  18.1463
4517.94933860405  -10.58904
4518.10904415882  -15.39171
4518.26874971359  17.07323
4518.42845526836  4.8391
4518.58816082313  36.46694
4518.74786637791  66.28597
4518.90757193268  23.32473
4519.06727748745  2.507023
4519.22698304222  5.106068
4519.38668859699  -14.19849
4519.54639415176  -13.95933
4519.70609970654  31.69865
4519.86580526131  43.49997
4520.02551081608  40.90749
4520.18521637085  13.17065
4520.34492192562  13.08021
4520.50462748039  16.9597
4520.66433303517  -3.712475
4520.82403858994  8.495212
4520.98374414471  -16.63661
4521.14344969948  -26.04776
4521.30315525425  -1.403938
4521.46286080902  16.35872
4521.6225663638  38.7391
4521.78227191857  25.51538
4521.94197747334  12.47832
4522.10168302811  38.47018
4522.26138858288  -33.86304
4522.42109413765  7.977401
4522.58079969243  27.30999
4522.7405052472  26.63683
4522.90021080197  38.71173
4523.05991635674  27.89688
4523.21962191151  11.56822
4523.37932746628  -3.038774
4523.53903302106  5.494184
4523.69873857583  5.927911
4523.8584441306  5.527121
4524.01814968537  6.183526
4524.17785524014  4.598239
4524.33756079491  9.599261
4524.49726634969  12.93436
4524.65697190446  24.22135
4524.81667745923  27.56925
4524.976383014  31.73386
4525.13608856877  24.12944
4525.29579412354  16.30835
4525.45549967832  -5.27516
4525.61520523309  32.81398
4525.77491078786  15.99291
4525.93461634263  4.528158
4526.0943218974  6.4468
4526.25402745217  -10.75752
4526.41373300695  12.17773
4526.57343856172  12.60672
4526.73314411649  23.382
4526.89284967126  18.60918
4527.05255522603  -33.59448
4527.2122607808  12.59393
4527.37196633558  27.53528
4527.53167189035  16.63545
4527.69137744512  3.877726
4527.85108299989  -4.678461
4528.01078855466  -3.35018
4528.17049410943  10.18701
4528.33019966421  -6.549675
4528.48990521898  11.01413
4528.64961077375  0.04677127
4528.80931632852  4.244092
4528.96902188329  12.45313
4529.12872743806  1.587223
4529.28843299284  -16.78356
4529.44813854761  -22.20555
4529.60784410238  9.64368
4529.76754965715  29.79641
4529.92725521192  5.875467
4530.08696076669  4.35698
4530.24666632147  33.75638
4530.40637187624  1.666087
4530.56607743101  -51.56282
4530.72578298578  -0.8241555
4530.88548854055  6.778818
4531.04519409532  -5.943309
4531.2048996501  0.7299386
4531.36460520487  31.45271
4531.52431075964  6.760947
4531.68401631441  -4.604867
4531.84372186918  -2.366745
4532.00342742395  15.21211
4532.16313297873  22.85478
4532.3228385335  -13.34305
4532.48254408827  20.08579
4532.64224964304  6.38633
4532.80195519781  33.82849
4532.96166075258  12.98068
4533.12136630736  30.11245
4533.28107186213  9.073783
4533.4407774169  -39.40681
4533.60048297167  -7.950747
4533.76018852644  24.90718
4533.91989408121  7.144639
4534.07959963599  -28.74307
4534.23930519076  14.28841
4534.39901074553  -6.670994
4534.5587163003  21.80671
4534.71842185507  31.58515
4534.87812740984  -16.15655
4535.03783296462  -14.07466
4535.19753851939  12.90179
4535.35724407416  -10.79321
4535.51694962893  6.094237
4535.6766551837  4.912639
4535.83636073847  -34.21181
4535.99606629325  17.29613
4536.15577184802  5.706471
4536.31547740279  -22.37295
4536.47518295756  5.760118
4536.63488851233  22.25405
4536.7945940671  -3.015047
4536.95429962188  23.26092
4537.11400517665  1.108306
4537.27371073142  -24.88458
4537.43341628619  -5.00171
4537.59312184096  5.980596
4537.75282739573  38.20066
4537.91253295051  11.99726
4538.07223850528  -18.83692
4538.23194406005  -12.39009
4538.39164961482  -3.310904
4538.55135516959  16.23907
4538.71106072436  8.425902
4538.87076627913  -8.801098
4539.03047183391  22.35764
4539.19017738868  17.14606
4539.34988294345  -26.47981
4539.50958849822  -6.624043
4539.66929405299  -4.92406
4539.82899960777  -5.195985
4539.98870516254  25.26453
4540.14841071731  -4.993067
4540.30811627208  -50.94648
4540.46782182685  -31.12218
4540.62752738162  -1.020186
4540.7872329364  12.36732
4540.94693849117  19.96894
4541.10664404594  33.86306
4541.26634960071  -14.4704
4541.42605515548  -1.713029
4541.58576071025  23.46884
4541.74546626503  -1.939284
4541.9051718198  -5.422798
4542.06487737457  -18.76723
4542.22458292934  5.378893
4542.38428848411  -8.127275
4542.54399403888  7.477342
4542.70369959365  13.40216
4542.86340514843  -13.64117
4543.0231107032  -26.72694
4543.18281625797  19.03329
4543.34252181274  -5.933055
4543.50222736751  -1.823117
4543.66193292229  27.97493
4543.82163847706  20.05504
4543.98134403183  13.03628
4544.1410495866  -2.711485
4544.30075514137  4.137002
4544.46046069614  -6.098965
4544.62016625091  -29.49917
4544.77987180569  -8.201791
4544.93957736046  -31.25122
4545.09928291523  15.63113
4545.25898847  11.97652
4545.41869402477  -18.84335
4545.57839957954  -18.89908
4545.73810513432  -14.92756
4545.89781068909  8.575859
4546.05751624386  -1.515192
4546.21722179863  -3.752317
4546.3769273534  19.34472
4546.53663290818  43.24262
4546.69633846295  -0.6245574
4546.85604401772  22.79428
4547.01574957249  -1.416652
4547.17545512726  -6.685277
4547.33516068203  22.78341
4547.49486623681  13.42983
4547.65457179158  -25.90162
4547.81427734635  -6.690915
4547.97398290112  7.707894
4548.13368845589  21.38326
4548.29339401066  -18.96836
4548.45309956543  -44.75901
4548.61280512021  8.172314
4548.77251067498  5.021865
4548.93221622975  -11.89663
4549.09192178452  1.5208
4549.25162733929  -16.00251
4549.41133289407  16.31323
4549.57103844884  26.71927
4549.73074400361  -4.118035
