4386.1793071709  -18.64784
4386.33906393106  1.309902
4386.49882069123  5.148296
4386.65857745139  4.504437
4386.81833421156  46.86214
4386.97809097172  36.81335
4387.13784773188  30.27096
4387.29760449205  -3.297294
4387.45736125221  -16.12702
4387.61711801238  9.942139
4387.77687477254  12.4121
4387.9366315327  7.77683
4388.09638829287  -2.082986
4388.25614505303  35.0982
4388.4159018132  -13.19178
4388.57565857336  -6.856714
4388.73541533352  19.1664
4388.89517209369  32.80235
4389.05492885385  10.97022
4389.21468561402  7.691972
4389.37444237418  -12.9737
4389.53419913434  -9.020843
4389.69395589451  16.80751
4389.85371265467  41.9021
4390.01346941484  35.48133
4390.173226175  -13.22564
4390.33298293516  2.097951
4390.49273969533  53.61995
4390.65249645549  10.62823
4390.81225321566  -3.062029
4390.97200997582  7.486951
4391.13176673598  -4.422747
4391.29152349615  15.36754
4391.45128025631  -22.37022
4391.61103701648  -7.813681
4391.77079377664  8.681856
4391.9305505368  2.271836
4392.09030729697  19.19856
4392.25006405713  3.452475
4392.4098208173  4.124925
4392.56957757746  34.83192
4392.72933433762  11.84763
4392.88909109779  19.72612
4393.04884785795  8.771022
4393.20860461812  -16.30338
4393.36836137828  -2.680202
4393.52811813844  0.3812044
4393.68787489861  21.78337
4393.84763165877  12.51094
4394.00738841893  21.47726
4394.1671451791  32.9927
4394.32690193926  0.06219733
4394.48665869943  26.62687
4394.64641545959  22.69764
4394.80617221976  -26.37896
4394.96592897992  -0.4431636
4395.12568574008  5.972902
4395.28544250025  -7.700381
4395.44519926041  -9.158488
4395.60495602058  -4.638626
4395.76471278074  26.27441
4395.9244695409  39.83596
4396.08422630107  48.31746
4396.24398306123  42.15142
4396.4037398214  -16.0975
4396.56349658156  -9.318106
4396.72325334172  13.96508
4396.88301010189  30.56481
4397.04276686205  43.19474
4397.20252362222  21.43378
4397.36228038238  8.685665
4397.52203714254  9.01399
4397.68179390271  17.68629
4397.84155066287  54.61408
4398.00130742304  -4.783269
4398.1610641832  -57.29115
4398.32082094336  -16.65065
4398.48057770353  16.638
4398.64033446369  2.848379
4398.80009122385  -20.30441
4398.95984798402  33.23528
4399.11960474418  35.29672
4399.27936150435  13.05417
4399.43911826451  2.133653
4399.59887502468  4.532039
4399.75863178484  40.87899
4399.918388545  57.11428
4400.07814530517  47.58676
4400.23790206533  25.88539
4400.39765882549  39.65562
4400.55741558566  22.38512
4400.71717234582  44.86677
4400.87692910599  34.83699
4401.03668586615  32.613
4401.19644262632  -0.8018633
4401.35619938648  25.22544
4401.51595614664  25.09938
4401.67571290681  28.38906
4401.83546966697  46.60403
4401.99522642714  57.20816
4402.1549831873  47.79887
4402.31473994746  12.72807
4402.47449670763  8.321926
4402.63425346779  26.04463
4402.79401022795  51.50695
4402.95376698812  -2.959843
4403.11352374828  16.8506
4403.27328050845  32.33102
4403.43303726861  67.6806
4403.59279402878  42.70426
4403.75255078894  26.59074
4403.9123075491  49.51765
4404.07206430927  25.65528
4404.23182106943  4.678943
4404.3915778296  22.60129
4404.55133458976  18.2002
4404.71109134992  38.63038
4404.87084811009  71.61144
4405.03060487025  51.7011
4405.19036163041  56.45197
4405.35011839058  14.35308
4405.50987515074  40.21383
4405.66963191091  61.20242
4405.82938867107  66.9055
4405.98914543123  31.99154
4406.1489021914  -0.8967457
4406.30865895156  27.47159
4406.46841571173  24.89387
4406.62817247189  43.78899
4406.78792923205  54.65655
4406.94768599222  22.39059
4407.10744275238  6.813167
4407.26719951255  15.10592
4407.42695627271  22.61537
4407.58671303287  23.44976
4407.74646979304  38.9812
4407.9062265532  48.99402
4408.06598331337  16.34681
4408.22574007353  58.55809
4408.38549683369  82.30347
4408.54525359386  48.10536
4408.70501035402  26.91965
4408.86476711419  56.27654
4409.02452387435  64.18083
4409.18428063451  53.85859
4409.34403739468  56.58668
4409.50379415484  59.75457
4409.66355091501  62.10026
4409.82330767517  49.64188
4409.98306443533  54.11262
4410.1428211955  74.66202
4410.30257795566  39.05228
4410.46233471583  35.30317
4410.62209147599  31.27452
4410.78184823615  16.79753
4410.94160499632  12.212
4411.10136175648  45.18543
4411.26111851665  54.72868
4411.42087527681  25.7426
4411.58063203697  42.16181
4411.74038879714  42.60836
4411.9001455573  49.56608
4412.05990231747  52.67294
4412.21965907763  57.14479
4412.37941583779  65.14599
4412.53917259796  67.87446
4412.69892935812  71.23806
4412.85868611829  61.40471
4413.01844287845  79.04516
4413.17819963861  75.88906
4413.33795639878  51.44461
4413.49771315894  90.87748
4413.65746991911  92.00997
4413.81722667927  78.66827
4413.97698343943  65.33494
4414.1367401996  78.79233
4414.29649695976  72.10502
4414.45625371993  39.95424
4414.61601048009  65.38799
4414.77576724025  104.0449
4414.93552400042  92.54408
4415.09528076058  43.48517
4415.25503752075  58.33884
4415.41479428091  102.8612
4415.57455104107  73.1684
4415.73430780124  65.8505
4415.8940645614  90.02803
4416.05382132157  122.2541
4416.21357808173  85.01753
4416.37333484189  79.90462
4416.53309160206  88.53912
4416.69284836222  26.64351
4416.85260512239  40.54109
4417.01236188255  85.01993
4417.17211864271  77.45968
4417.33187540288  56.82487
4417.49163216304  23.19252
4417.65138892321  62.47445
4417.81114568337  93.84853
4417.97090244353  74.62139
4418.1306592037  54.87636
4418.29041596386  51.79249
4418.45017272403  81.05849
4418.60992948419  100.7941
4418.76968624435  110.1021
4418.92944300452  57.54069
4419.08919976468  90.06636
4419.24895652485  124.3961
4419.40871328501  81.24678
4419.56847004517  50.998
4419.72822680534  66.43113
4419.8879835655  66.78944
4420.04774032567  79.202
4420.20749708583  88.13941
4420.36725384599  86.57529
4420.52701060616  69.85203
4420.68676736632  65.89935
4420.84652412649  85.30024
4421.00628088665  77.11625
4421.16603764681  83.49156
4421.32579440698  104.3484
4421.48555116714  63.66589
4421.64530792731  44.06188
4421.80506468747  57.21568
4421.96482144763  60.02721
4422.1245782078  69.70575
4422.28433496796  57.48357
4422.44409172813  85.14447
4422.60384848829  60.37469
4422.76360524845  63.03359
4422.92336200862  93.57195
4423.08311876878  57.45097
4423.24287552895  78.81903
4423.40263228911  106.7119
4423.56238904927  78.37562
4423.72214580944  11.09238
4423.8819025696  56.60483
4424.04165932976  95.50137
4424.20141608993  51.63434
4424.36117285009  54.21316
4424.52092961026  56.72171
4424.68068637042  58.01369
4424.84044313059  71.73152
4425.00019989075  64.95119
4425.15995665091  79.45925
4425.31971341108  58.33093
4425.47947017124  87.55462
4425.63922693141  92.59628
4425.79898369157  75.96947
4425.95874045173  90.74609
4426.1184972119  72.42994
4426.27825397206  131.0099
4426.43801073222  97.30175
4426.59776749239  70.23879
4426.75752425255  77.11073
4426.91728101272  119.5746
4427.07703777288  81.01299
4427.23679453305  51.58376
4427.39655129321  71.55707
4427.55630805337  45.17016
4427.71606481354  45.2678
4427.8758215737  102.6324
4428.03557833387  126.9052
4428.19533509403  111.598
4428.35509185419  112.0835
4428.51484861436  78.86709
4428.67460537452  103.4681
4428.83436213468  98.93091
4428.99411889485  86.37376
4429.15387565501  53.75219
4429.31363241518  72.88101
4429.47338917534  100.7663
4429.63314593551  48.57504
4429.79290269567  86.52762
4429.95265945583  122.4584
4430.112416216  54.54757
4430.27217297616  65.12095
4430.43192973632  113.7878
4430.59168649649  105.9461
4430.75144325665  85.41196
4430.91120001682  74.90063
4431.07095677698  103.8778
4431.23071353715  122.42
4431.39047029731  85.22064
4431.55022705747  60.36965
4431.70998381764  61.14606
4431.8697405778  70.50204
4432.02949733797  73.97012
4432.18925409813  94.93065
4432.34901085829  47.52772
4432.50876761846  105.418
4432.66852437862  149.5611
4432.82828113878  104.6909
4432.98803789895  67.21388
4433.14779465911  102.4734
4433.30755141928  89.86805
4433.46730817944  101.4505
4433.6270649396  95.82887
4433.78682169977  74.78996
4433.94657845993  85.61521
4434.1063352201  94.75537
4434.26609198026  118.9546
4434.42584874042  108.851
4434.58560550059  80.07289
4434.74536226075  81.4688
4434.90511902092  98.89791
4435.06487578108  110.3674
4435.22463254124  87.84402
4435.38438930141  79.76653
4435.54414606157  104.1603
4435.70390282174  79.6858
4435.8636595819  55.80429
4436.02341634207  91.88192
4436.18317310223  101.1113
4436.34292986239  77.13235
4436.50268662256  139.9712
4436.66244338272  121.0366
4436.82220014288  107.3551
4436.98195690305  116.9632
4437.14171366321  112.095
4437.30147042338  90.40922
4437.46122718354  132.2193
4437.6209839437  132.3469
4437.78074070387  70.81237
4437.94049746403  62.95052
4438.1002542242  93.31805
4438.26001098436  109.2122
4438.41976774452  114.0955
4438.57952450469  94.97344
4438.73928126485  98.93746
4438.89903802502  115.4144
4439.05879478518  105.8896
4439.21855154534  104.1546
4439.37830830551  98.58508
4439.53806506567  88.77243
4439.69782182584  106.7113
4439.857578586  98.37681
4440.01733534616  77.30119
4440.17709210633  96.11921
4440.33684886649  80.0873
4440.49660562666  76.34465
4440.65636238682  93.30641
4440.81611914698  132.5328
4440.97587590715  117.1144
4441.13563266731  73.78207
4441.29538942748  113.2787
4441.45514618764  108.681
4441.6149029478  91.94755
4441.77465970797  136.2846
4441.93441646813  133.3462
4442.0941732283  75.69711
4442.25392998846  82.02891
4442.41368674862  114.6971
4442.57344350879  120.1762
4442.73320026895  113.227
4442.89295702912  89.91747
4443.05271378928  123.9497
4443.21247054944  123.2031
4443.37222730961  140.0006
4443.53198406977  125.8401
4443.69174082994  66.10325
4443.8514975901  115.2287
4444.01125435027  117.8928
4444.17101111043  87.38659
4444.33076787059  147.597
4444.49052463076  141.753
4444.65028139092  94.09744
4444.81003815108  85.57385
4444.96979491125  128.9337
4445.12955167141  128.3031
4445.28930843158  99.34641
4445.44906519174  114.4704
4445.6088219519  109.4691
4445.76857871207  106.5947
4445.92833547223  123.3122
4446.0880922324  132.9397
4446.24784899256  114.3773
4446.40760575272  92.40363
4446.56736251289  91.3941
4446.72711927305  114.2465
4446.88687603322  86.61469
4447.04663279338  106.8405
4447.20638955354  109.466
4447.36614631371  146.0545
4447.52590307387  83.53841
4447.68565983404  138.0719
4447.8454165942  90.28407
4448.00517335436  79.81311
4448.16493011453  97.35655
4448.32468687469  103.0664
4448.48444363486  82.13022
4448.64420039502  107.3287
4448.80395715518  114.2987
4448.96371391535  116.5233
4449.12347067551  138.4825
4449.28322743568  119.7388
4449.44298419584  103.6421
4449.602740956  112.0497
4449.76249771617  117.3609
4449.92225447633  115.2035
4450.0820112365  140.2322
4450.24176799666  148.3721
4450.40152475682  108.5939
4450.56128151699  109.9225
4450.72103827715  113.8046
4450.88079503732  101.8196
4451.04055179748  93.85453
4451.20030855764  125.7427
4451.36006531781  123.5369
4451.51982207797  102.3242
4451.67957883814  121.9592
4451.8393355983  117.3015
4451.99909235846  127.3544
4452.15884911863  100.3904
4452.31860587879  125.7042
4452.47836263895  129.4499
4452.63811939912  124.1164
4452.79787615928  166.2046
4452.95763291945  125.1847
4453.11738967961  131.9925
4453.27714643978  111.5012
4453.43690319994  112.6112
4453.5966599601  112.8218
4453.75641672027  110.5173
4453.91617348043  128.7394
4454.0759302406  160.6752
4454.23568700076  148.863
4454.39544376092  115.3733
4454.55520052109  86.04891
4454.71495728125  110.6131
4454.87471404141  151.8497
4455.03447080158  99.87421
4455.19422756174  74.88697
4455.35398432191  72.97781
4455.51374108207  77.09152
4455.67349784224  125.2872
4455.8332546024  108.8448
4455.99301136256  107.0284
4456.15276812273  123.7287
4456.31252488289  119.5652
4456.47228164306  123.3949
4456.63203840322  119.6584
4456.79179516338  101.4217
4456.95155192355  127.8932
4457.11130868371  125.4396
4457.27106544387  107.8527
4457.43082220404  135.3896
4457.5905789642  137.5267
4457.75033572437  139.7555
4457.91009248453  129.9282
4458.0698492447  141.9957
4458.22960600486  123.9091
4458.38936276502  89.02398
4458.54911952519  119.74
4458.70887628535  167.9019
4458.86863304552  150.3692
4459.02838980568  141.2035
4459.18814656584  120.8728
4459.34790332601  87.58141
4459.50766008617  138.4316
4459.66741684633  103.9838
4459.8271736065  121.3575
4459.98693036666  127.0106
4460.14668712683  122.7799
4460.30644388699  130.376
4460.46620064716  108.056
4460.62595740732  118.3781
4460.78571416748  148.3906
4460.94547092765  116.3126
4461.10522768781  124.0785
4461.26498444797  140.4693
4461.42474120814  126.9798
4461.5844979683  108.965
4461.74425472847  156.9283
4461.90401148863  123.478
4462.0637682488  104.1294
4462.22352500896  111.2794
4462.38328176912  180.1486
4462.54303852929  132.0653
4462.70279528945  116.991
4462.86255204962  121.7226
4463.02230880978  130.5841
4463.18206556994  133.4145
4463.34182233011  108.4862
4463.50157909027  125.0828
4463.66133585043  119.4613
4463.8210926106  144.2539
4463.98084937076  129.8444
4464.14060613093  144.3548
4464.30036289109  134.1397
4464.46011965126  140.8593
4464.61987641142  123.444
4464.77963317158  167.5911
4464.93938993175  165.3385
4465.09914669191  147.5321
4465.25890345208  135.7215
4465.41866021224  125.6049
4465.5784169724  108.5952
4465.73817373257  159.7115
4465.89793049273  173.1683
4466.05768725289  102.6089
4466.21744401306  91.24171
4466.37720077322  110.92
4466.53695753339  145.286
4466.69671429355  117.3521
4466.85647105372  99.33393
4467.01622781388  105.8267
4467.17598457404  67.98306
4467.33574133421  97.99992
4467.49549809437  117.8436
4467.65525485454  104.6228
4467.8150116147  150.6208
4467.97476837486  113.7954
4468.13452513503  89.56955
4468.29428189519  146.282
4468.45403865535  145.6623
4468.61379541552  83.49094
4468.77355217568  99.4026
4468.93330893585  138.0691
4469.09306569601  139.6194
4469.25282245618  100.5084
4469.41257921634  68.00396
4469.5723359765  98.86209
4469.73209273667  112.1018
4469.89184949683  93.80688
4470.05160625699  122.5631
4470.21136301716  123.6991
4470.37111977732  108.2991
4470.53087653749  112.0945
4470.69063329765  135.3006
4470.85039005781  166.5081
4471.01014681798  140.9491
4471.16990357814  131.596
4471.32966033831  107.0902
4471.48941709847  103.8704
4471.64917385864  100.3572
4471.8089306188  92.27383
4471.96868737896  136.6409
4472.12844413913  131.7024
4472.28820089929  99.78946
4472.44795765945  113.029
4472.60771441962  147.728
4472.76747117978  127.163
4472.92722793995  117.9249
4473.08698470011  146.261
4473.24674146027  133.1788
4473.40649822044  137.1926
4473.5662549806  150.4346
4473.72601174077  115.5349
4473.88576850093  122.027
4474.04552526109  131.8318
4474.20528202126  123.2172
4474.36503878142  151.2307
4474.52479554159  152.3255
4474.68455230175  135.7749
4474.84430906191  113.3386
4475.00406582208  87.04034
4475.16382258224  99.7601
4475.32357934241  131.4756
4475.48333610257  125.3105
4475.64309286273  98.84798
4475.8028496229  102.8984
4475.96260638306  150.7066
4476.12236314323  159.0435
4476.28211990339  122.0495
4476.44187666355  120.8303
4476.60163342372  120.8869
4476.76139018388  114.4004
4476.92114694405  141.8312
4477.08090370421  135.2107
4477.24066046437  103.1883
4477.40041722454  132.7628
4477.5601739847  131.5525
4477.71993074487  128.1004
4477.87968750503  128.6861
4478.03944426519  104.9406
4478.19920102536  133.4136
4478.35895778552  123.8324
4478.51871454569  102.2017
4478.67847130585  122.8619
4478.83822806601  159.7155
4478.99798482618  122.5388
4479.15774158634  148.1304
4479.31749834651  149.4994
4479.47725510667  134.7755
4479.63701186683  143.5692
4479.796768627  129.4828
4479.95652538716  115.723
4480.11628214733  100.4223
4480.27603890749  110.9685
4480.43579566765  112.4902
4480.59555242782  101.5026
4480.75530918798  115.7041
4480.91506594815  160.5891
4481.07482270831  151.6661
4481.23457946847  158.9811
4481.39433622864  196.7515
4481.5540929888  146.3991
4481.71384974897  123.8689
4481.87360650913  136.9632
4482.03336326929  152.8107
4482.19312002946  143.2254
4482.35287678962  97.64337
4482.51263354979  87.12662
4482.67239030995  122.7794
4482.83214707011  128.4251
4482.99190383028  119.021
4483.15166059044  131.3855
4483.31141735061  39.29469
4483.47117411077  102.3279
4483.63093087093  139.9527
4483.7906876311  113.8435
4483.95044439126  138.2808
4484.11020115143  134.314
4484.26995791159  140.6399
4484.42971467175  124.3171
4484.58947143192  98.296
4484.74922819208  113.0788
4484.90898495225  120.6891
4485.06874171241  84.98067
4485.22849847257  77.91608
4485.38825523274  123.9718
4485.5480119929  130.1591
4485.70776875307  111.6629
4485.86752551323  147.4443
4486.02728227339  106.5788
4486.18703903356  131.1202
4486.34679579372  133.6472
4486.50655255389  123.3039
4486.66630931405  86.4632
4486.82606607421  17.19025
4486.98582283438  74.69884
4487.14557959454  124.5508
4487.3053363547  130.3794
4487.46509311487  94.3613
4487.62484987503  98.62801
4487.7846066352  129.1299
4487.94436339536  139.7626
4488.10412015552  102.206
4488.26387691569  152.6688
4488.42363367585  125.9124
4488.58339043602  128.021
4488.74314719618  120.856
4488.90290395635  117.4461
4489.06266071651  110.3369
4489.22241747667  108.2893
4489.38217423684  114.0431
4489.541930997  92.9264
4489.70168775716  121.564
4489.86144451733  142.9524
4490.02120127749  115.029
4490.18095803766  147.1541
4490.34071479782  128.0166
4490.50047155799  114.9668
4490.66022831815  97.57057
4490.81998507831  99.03948
4490.97974183848  89.81492
4491.13949859864  102.5858
4491.29925535881  122.879
4491.45901211897  121.8755
4491.61876887913  151.2794
4491.7785256393  112.7337
4491.93828239946  115.8992
4492.09803915962  125.7656
4492.25779591979  92.71141
4492.41755267995  125.8202
4492.57730944012  131.6784
4492.73706620028  119.0355
4492.89682296044  122.8734
4493.05657972061  136.2448
4493.21633648077  142.975
4493.37609324094  130.5662
4493.5358500011  93.81189
4493.69560676127  70.75809
4493.85536352143  94.3664
4494.01512028159  112.638
4494.17487704176  107.1781
4494.33463380192  73.0573
4494.49439056208  83.41437
4494.65414732225  102.448
4494.81390408241  124.2428
4494.97366084258  110.2668
4495.13341760274  83.20586
4495.2931743629  94.16118
4495.45293112307  81.98484
4495.61268788323  84.40834
4495.7724446434  90.54725
4495.93220140356  106.4621
4496.09195816373  100.6675
4496.25171492389  87.59849
4496.41147168405  91.60691
4496.57122844422  95.57388
4496.73098520438  129.9478
4496.89074196454  124.8815
4497.05049872471  61.73716
4497.21025548487  76.73922
4497.37001224504  109.4976
4497.5297690052  114.8349
4497.68952576536  111.1368
4497.84928252553  107.9877
4498.00903928569  110.7765
4498.16879604586  99.06761
4498.32855280602  101.7511
4498.48830956618  74.01451
4498.64806632635  99.19608
4498.80782308651  100.5155
4498.96757984668  80.20841
4499.12733660684  79.03585
4499.287093367  109.1867
4499.44685012717  95.58828
4499.60660688733  114.2327
4499.7663636475  134.3011
4499.92612040766  115.417
4500.08587716782  137.2687
4500.24563392799  106.5877
4500.40539068815  89.99345
4500.56514744832  84.0392
4500.72490420848  51.4451
4500.88466096864  85.94096
4501.04441772881  95.50676
4501.20417448897  128.314
4501.36393124914  91.56532
4501.5236880093  75.94044
4501.68344476946  92.45828
4501.84320152963  134.1192
4502.00295828979  85.25451
4502.16271504996  84.74332
4502.32247181012  60.56997
4502.48222857028  74.55318
4502.64198533045  49.59421
4502.80174209061  93.58237
4502.96149885078  100.0267
4503.12125561094  44.57472
4503.2810123711  51.16137
4503.44076913127  104.0706
4503.60052589143  101.4876
4503.7602826516  77.05184
4503.92003941176  89.86171
4504.07979617192  86.19872
4504.23955293209  86.1879
4504.39930969225  94.18521
4504.55906645242  76.33841
4504.71882321258  99.3547
4504.87857997275  102.5261
4505.03833673291  93.89467
4505.19809349307  82.28864
4505.35785025324  70.63402
4505.5176070134  79.63335
4505.67736377356  118.6004
4505.83712053373  81.79488
4505.99687729389  81.80717
4506.15663405406  94.22123
4506.31639081422  123.1607
4506.47614757438  95.50642
4506.63590433455  101.4092
4506.79566109471  102.0054
4506.95541785488  127.7223
4507.11517461504  93.35815
4507.27493137521  113.6918
4507.43468813537  114.1994
4507.59444489553  108.8917
4507.7542016557  95.85637
4507.91395841586  61.96289
4508.07371517602  105.8105
4508.23347193619  99.81026
4508.39322869635  109.3569
4508.55298545652  79.67196
4508.71274221668  67.08627
4508.87249897684  108.309
4509.03225573701  114.0705
4509.19201249717  64.69963
4509.35176925734  91.73274
4509.5115260175  77.33849
4509.67128277766  83.41853
4509.83103953783  103.7349
4509.99079629799  92.25619
4510.15055305816  74.49065
4510.31030981832  76.82503
4510.47006657848  76.27266
4510.62982333865  97.79515
4510.78958009881  99.17696
4510.94933685898  127.3103
4511.10909361914  98.32805
4511.2688503793  87.82307
4511.42860713947  123.2396
4511.58836389963  104.7645
4511.7481206598  88.13068
4511.90787741996  62.86235
4512.06763418012  68.4045
4512.22739094029  85.8588
4512.38714770045  53.9289
4512.54690446062  114.7048
4512.70666122078  104.8356
4512.86641798094  36.26455
4513.02617474111  53.03921
4513.18593150127  88.23696
4513.34568826144  69.21652
4513.5054450216  52.38316
4513.66520178176  84.57271
4513.82495854193  112.9186
4513.98471530209  77.06974
4514.14447206226  85.74722
4514.30422882242  76.48823
4514.46398558258  64.52799
4514.62374234275  92.51637
4514.78349910291  80.92011
4514.94325586308  60.54065
4515.10301262324  58.5405
4515.2627693834  75.77619
4515.42252614357  85.90222
4515.58228290373  77.2537
4515.7420396639  97.469
4515.90179642406  56.32718
4516.06155318422  72.71634
4516.22130994439  88.57765
4516.38106670455  70.94519
4516.54082346472  58.97537
4516.70058022488  89.3194
4516.86033698504  101.8384
4517.02009374521  57.33574
4517.17985050537  52.77701
4517.33960726554  46.95119
4517.4993640257  37.66603
4517.65912078586  37.9045
4517.81887754603  56.62511
4517.97863430619  49.99046
4518.13839106636  136.4673
4518.29814782652  116.4151
4518.45790458668  103.8252
4518.61766134685  57.20608
4518.77741810701  82.47529
4518.93717486718  112.0023
4519.09693162734  73.64799
4519.2566883875  81.01116
4519.41644514767  94.70815
4519.57620190783  61.27031
4519.735958668  115.324
4519.89571542816  91.51246
4520.05547218832  25.24558
4520.21522894849  53.14695
4520.37498570865  73.70213
4520.53474246882  68.83061
4520.69449922898  51.2577
4520.85425598914  56.10732
4521.01401274931  78.42269
4521.17376950947  105.6243
4521.33352626964  68.80791
4521.4932830298  67.77763
4521.65303978996  81.9892
4521.81279655013  75.05524
4521.97255331029  72.27204
4522.13231007046  78.81129
4522.29206683062  101.5551
4522.45182359078  53.31009
4522.61158035095  42.91265
4522.77133711111  59.30642
4522.93109387128  62.55444
4523.09085063144  39.95259
4523.2506073916  29.90925
4523.41036415177  47.08403
4523.57012091193  65.29588
4523.7298776721  78.28201
4523.88963443226  56.82766
4524.04939119242  36.30134
4524.20914795259  35.36782
4524.36890471275  37.96054
4524.52866147292  35.6804
4524.68841823308  70.45642
4524.84817499324  63.2993
4525.00793175341  72.11545
4525.16768851357  36.41315
4525.32744527374  49.9566
4525.4872020339  74.80089
4525.64695879406  88.3437
4525.80671555423  69.55804
4525.96647231439  70.46065
4526.12622907456  81.30026
4526.28598583472  62.00031
4526.44574259488  38.50127
4526.60549935505  26.59781
4526.76525611521  72.59995
4526.92501287537  67.6195
4527.08476963554  57.02694
4527.2445263957  94.18567
4527.40428315587  44.55713
4527.56403991603  31.72559
4527.72379667619  39.40298
4527.88355343636  72.98096
4528.04331019652  37.37672
4528.20306695669  18.33391
4528.36282371685  67.38714
4528.52258047701  68.59476
4528.68233723718  39.24058
4528.84209399734  53.99691
4529.00185075751  18.7038
4529.16160751767  24.51324
4529.32136427784  57.80935
4529.481121038  62.15861
4529.64087779816  44.56903
4529.80063455833  53.62762
4529.96039131849  60.67311
4530.12014807866  46.32256
4530.27990483882  63.74544
4530.43966159898  42.6416
4530.59941835915  44.88089
4530.75917511931  37.22952
4530.91893187947  60.23553
4531.07868863964  65.75971
4531.2384453998  54.45147
4531.39820215997  42.58435
4531.55795892013  44.08364
4531.71771568029  31.37545
4531.87747244046  47.92739
4532.03722920062  40.48233
4532.19698596079  38.79395
4532.35674272095  32.23427
4532.51649948111  39.75307
4532.67625624128  44.64598
4532.83601300144  27.39269
4532.99576976161  32.06977
4533.15552652177  28.70364
4533.31528328193  26.85914
4533.4750400421  35.00321
4533.63479680226  61.40956
4533.79455356243  39.90804
4533.95431032259  68.82469
4534.11406708275  40.84645
4534.27382384292  41.06303
4534.43358060308  36.17829
4534.59333736325  55.20217
4534.75309412341  37.07171
4534.91285088357  -21.60914
4535.07260764374  4.508964
4535.2323644039  30.36531
4535.39212116407  32.12729
4535.55187792423  39.20707
4535.71163468439  14.63357
4535.87139144456  -16.1901
4536.03114820472  -5.343295
4536.19090496489  25.67234
4536.35066172505  20.78061
4536.51041848521  11.47567
4536.67017524538  48.62149
4536.82993200554  46.96815
4536.98968876571  12.73857
4537.14944552587  -3.051779
4537.30920228603  -3.635381
4537.4689590462  8.841326
4537.62871580636  31.99618
4537.78847256653  67.53664
4537.94822932669  68.71135
4538.10798608685  32.53397
4538.26774284702  34.39903
4538.42749960718  23.66754
4538.58725636735  31.61016
4538.74701312751  1.906815
4538.90676988767  16.1682
4539.06652664784  51.37196
4539.226283408  16.72819
4539.38604016817  31.35442
4539.54579692833  47.57441
4539.70555368849  -9.109942
4539.86531044866  -21.28431
4540.02506720882  -16.017
4540.18482396899  18.30283
4540.34458072915  15.77918
4540.50433748931  9.528201
4540.66409424948  -7.051179
4540.82385100964  -11.59956
4540.98360776981  0.4265306
4541.14336452997  26.70413
4541.30312129013  27.11524
4541.4628780503  -11.67128
4541.62263481046  -5.675541
4541.78239157063  36.13177
4541.94214833079  44.99736
4542.10190509096  20.27508
4542.26166185112  11.9295
4542.42141861128  16.4377
4542.58117537145  36.45393
4542.74093213161  39.20961
4542.90068889177  22.69938
4543.06044565194  -37.22929
4543.2202024121  -1.999994
4543.37995917227  -12.53354
4543.53971593243  -6.081036
4543.69947269259  -7.703401
4543.85922945276  8.458046
4544.01898621292  15.11568
4544.17874297309  17.58772
4544.33849973325  -16.61358
4544.49825649341  15.43052
4544.65801325358  54.32235
4544.81777001374  69.55875
4544.97752677391  15.37839
4545.13728353407  -16.77558
4545.29704029423  14.5109
4545.4567970544  20.47087
4545.61655381456  3.270152
4545.77631057473  5.668516
4545.93606733489  -27.25468
4546.09582409505  2.95008
4546.25558085522  33.93737
4546.41533761538  25.67361
4546.57509437555  16.98596
4546.73485113571  -2.433664
4546.89460789587  -2.793523
4547.05436465604  25.46082
4547.2141214162  32.67559
4547.37387817637  13.96143
4547.53363493653  23.98662
4547.69339169669  15.86035
4547.85314845686  -27.6122
4548.01290521702  12.68673
4548.17266197719  -12.7779
4548.33241873735  25.79636
4548.49217549751  6.236411
4548.65193225768  -38.05585
4548.81168901784  -10.97633
4548.97144577801  26.53795
4549.13120253817  35.48195
4549.29095929833  33.47815
4549.4507160585  34.62811
4549.61047281866  -12.95333
