4386.3840665675  -23.81232
4386.54374270298  -25.25253
4386.70341883846  1.454006
4386.86309497394  27.84792
4387.02277110942  30.11281
4387.1824472449  -5.307854
4387.34212338038  -16.06918
4387.50179951586  -1.483322
4387.66147565134  -4.483998
4387.82115178682  -22.06251
4387.9808279223  -20.52993
4388.14050405778  5.612503
4388.30018019326  19.27126
4388.45985632874  9.617455
4388.61953246422  -19.94743
4388.7792085997  0.7809988
4388.93888473518  24.18734
4389.09856087066  36.34334
4389.25823700614  21.25376
4389.41791314162  3.184856
4389.5775892771  -14.43804
4389.73726541258  -13.2029
4389.89694154806  -0.4910002
4390.05661768354  -3.140264
4390.21629381902  -22.12407
4390.3759699545  -8.642205
4390.53564608998  23.63855
4390.69532222547  1.463457
4390.85499836095  2.459774
4391.01467449643  -13.49678
4391.17435063191  -6.354739
4391.33402676739  -2.348839
4391.49370290287  -9.273181
4391.65337903835  3.630888
4391.81305517383  0.2163376
4391.97273130931  -6.306568
4392.13240744479  -2.929044
4392.29208358027  22.04396
4392.45175971575  20.01813
4392.61143585123  -22.2046
4392.77111198671  -27.58082
4392.93078812219  -9.618184
4393.09046425767  -2.920862
4393.25014039315  7.327195
4393.40981652863  13.95887
4393.56949266411  -6.225395
4393.72916879959  -6.738351
4393.88884493507  0.6522334
4394.04852107055  9.547689
4394.20819720603  23.57827
4394.36787334151  17.69139
4394.52754947699  9.178431
4394.68722561247  16.38418
4394.84690174795  11.72241
4395.00657788343  10.23193
4395.16625401891  5.104444
4395.32593015439  -11.19078
4395.48560628987  27.972
4395.64528242535  2.325592
4395.80495856083  -8.57917
4395.96463469631  4.498986
4396.12431083179  3.823169
4396.28398696727  9.993819
4396.44366310275  6.853925
4396.60333923823  19.92082
4396.76301537371  25.99454
4396.92269150919  24.26384
4397.08236764467  6.979683
4397.24204378015  -10.87169
4397.40171991563  -2.212525
4397.56139605111  17.35391
4397.72107218659  25.99258
4397.88074832207  -0.8890616
4398.04042445756  10.38867
4398.20010059303  -3.812886
4398.35977672851  2.039681
4398.519452864  6.938717
4398.67912899948  41.64158
4398.83880513496  36.4817
4398.99848127043  1.019669
4399.15815740592  2.680167
4399.3178335414  6.78902
4399.47750967688  10.61674
4399.63718581236  29.73689
4399.79686194784  17.38123
4399.95653808332  -12.60584
4400.1162142188  -5.529054
4400.27589035428  15.89283
4400.43556648976  17.82218
4400.59524262524  5.462147
4400.75491876072  4.29983
4400.9145948962  23.45358
4401.07427103168  25.44476
4401.23394716716  -5.179306
4401.39362330264  -31.73175
4401.55329943812  -31.30895
4401.7129755736  -0.06899331
4401.87265170908  13.61474
4402.03232784456  13.90743
4402.19200398004  28.77854
4402.35168011552  16.31473
4402.511356251  -9.792427
4402.67103238648  -11.95333
4402.83070852196  -14.29179
4402.99038465744  14.37642
4403.15006079292  20.55984
4403.3097369284  10.55838
4403.46941306388  -9.130135
4403.62908919936  0.7912825
4403.78876533484  29.07985
4403.94844147032  13.24981
4404.1081176058  22.32106
4404.26779374128  13.04013
4404.42746987676  1.730346
4404.58714601224  21.03571
4404.74682214772  11.86121
4404.9064982832  13.3721
4405.06617441868  35.04611
4405.22585055416  30.9355
4405.38552668964  12.59873
4405.54520282512  22.41132
4405.7048789606  21.37781
4405.86455509609  -1.795465
4406.02423123156  -12.45107
4406.18390736704  9.444479
4406.34358350252  21.83747
4406.503259638  -10.27864
4406.66293577349  4.563865
4406.82261190897  16.9623
4406.98228804444  19.472
4407.14196417993  43.52939
4407.30164031541  15.39517
4407.46131645089  -5.095903
4407.62099258637  24.45243
4407.78066872185  9.7461
4407.94034485733  9.623554
4408.10002099281  -6.190061
4408.25969712829  19.71119
4408.41937326377  35.73609
4408.57904939925  4.666456
4408.73872553473  -8.846545
4408.89840167021  3.973077
4409.05807780569  7.588822
4409.21775394117  20.89529
4409.37743007665  34.64842
4409.53710621213  17.60979
4409.69678234761  7.179285
4409.85645848309  27.25819
4410.01613461857  24.92145
4410.17581075405  5.882987
4410.33548688953  20.70825
4410.49516302501  37.29671
4410.65483916049  49.67664
4410.81451529597  23.19193
4410.97419143145  27.00291
4411.13386756693  -4.57811
4411.29354370241  18.86757
4411.45321983789  40.2521
4411.61289597337  28.87166
4411.77257210885  11.60475
4411.93224824433  4.841972
4412.09192437981  9.153016
4412.25160051529  3.834556
4412.41127665077  17.20432
4412.57095278625  30.7232
4412.73062892173  1.951276
4412.89030505721  4.587114
4413.04998119269  21.6788
4413.20965732817  14.22977
4413.36933346365  8.453284
4413.52900959913  5.269333
4413.68868573461  20.93416
4413.84836187009  12.90637
4414.00803800557  15.20114
4414.16771414105  14.69374
4414.32739027653  34.03815
4414.48706641202  9.762949
4414.6467425475  3.186018
4414.80641868298  19.77021
4414.96609481845  35.82566
4415.12577095394  37.26817
4415.28544708942  19.03358
4415.4451232249  32.83575
4415.60479936038  43.85176
4415.76447549586  29.29249
4415.92415163134  37.48569
4416.08382776682  28.22876
4416.2435039023  21.61402
4416.40318003778  27.46214
4416.56285617326  19.32094
4416.72253230874  14.63664
4416.88220844422  3.351274
4417.0418845797  15.48111
4417.20156071518  -0.6905692
4417.36123685066  11.25196
4417.52091298614  14.67374
4417.68058912162  13.63389
4417.8402652571  35.9931
4417.99994139258  32.922
4418.15961752806  27.4237
4418.31929366354  43.61179
4418.47896979902  25.16331
4418.6386459345  8.017778
4418.79832206998  37.36116
4418.95799820546  36.29869
4419.11767434094  42.88329
4419.27735047642  17.74561
4419.4370266119  23.36701
4419.59670274738  12.43847
4419.75637888286  20.96367
4419.91605501834  35.11865
4420.07573115382  37.87957
4420.2354072893  19.58237
4420.39508342478  21.21393
4420.55475956026  24.28381
4420.71443569574  6.31309
4420.87411183122  27.78169
4421.0337879667  42.60344
4421.19346410218  18.13519
4421.35314023766  2.815148
4421.51281637314  8.415285
4421.67249250862  42.11648
4421.8321686441  6.151927
4421.99184477959  20.28409
4422.15152091506  3.853283
4422.31119705055  14.43647
4422.47087318602  20.49893
4422.63054932151  37.06689
4422.79022545699  28.32901
4422.94990159247  29.12902
4423.10957772795  19.21697
4423.26925386343  5.090635
4423.42892999891  22.6658
4423.58860613439  23.89987
4423.74828226987  -0.1253222
4423.90795840535  1.623949
4424.06763454083  20.79918
4424.22731067631  22.99007
4424.38698681179  21.39429
4424.54666294727  32.70288
4424.70633908275  28.47101
4424.86601521823  8.557568
4425.02569135371  8.389405
4425.18536748919  6.764167
4425.34504362467  39.53429
4425.50471976015  35.54377
4425.66439589563  18.30753
4425.82407203111  33.06781
4425.98374816659  32.73552
4426.14342430207  35.6623
4426.30310043755  20.33892
4426.46277657303  27.53105
4426.62245270851  23.93057
4426.78212884399  19.2621
4426.94180497947  15.072
4427.10148111495  7.500331
4427.26115725043  18.51467
4427.42083338591  25.68907
4427.58050952139  35.84552
4427.74018565687  45.50137
4427.89986179235  14.78958
4428.05953792783  -0.1303407
4428.21921406331  12.9084
4428.37889019879  12.38866
4428.53856633427  25.99873
4428.69824246975  31.8271
4428.85791860523  3.867022
4429.01759474071  20.63371
4429.17727087619  34.96202
4429.33694701167  31.12768
4429.49662314715  27.71432
4429.65629928263  43.83141
4429.81597541811  13.16846
4429.97565155359  8.128315
4430.13532768907  4.849256
4430.29500382455  23.34446
4430.45467996003  48.55707
4430.61435609552  22.86645
4430.774032231  18.70057
4430.93370836648  43.15702
4431.09338450196  39.77076
4431.25306063744  36.25475
4431.41273677292  26.10019
4431.5724129084  18.56203
4431.73208904388  24.74201
4431.89176517936  12.06446
4432.05144131484  35.26396
4432.21111745032  20.56795
4432.3707935858  32.62799
4432.53046972128  39.55099
4432.69014585676  63.80675
4432.84982199224  48.7522
4433.00949812772  13.04792
4433.1691742632  19.85309
4433.32885039868  32.57303
4433.48852653416  36.73679
4433.64820266964  15.35686
4433.80787880512  18.83722
4433.9675549406  27.56715
4434.12723107608  18.13303
4434.28690721156  49.01498
4434.44658334704  29.84013
4434.60625948252  7.37201
4434.765935618  37.9223
4434.92561175348  30.24067
4435.08528788896  22.89571
4435.24496402444  14.6574
4435.40464015992  -8.765885
4435.5643162954  25.70686
4435.72399243088  31.16719
4435.88366856636  20.98711
4436.04334470184  51.94665
4436.20302083732  26.99372
4436.3626969728  4.895225
4436.52237310828  24.22482
4436.68204924376  33.07729
4436.84172537924  17.66941
4437.00140151472  27.04074
4437.1610776502  33.38642
4437.32075378568  21.06931
4437.48042992116  32.92353
4437.64010605664  28.93007
4437.79978219212  34.21725
4437.9594583276  54.40546
4438.11913446308  41.17434
4438.27881059856  54.00031
4438.43848673404  24.42532
4438.59816286953  -5.024683
4438.757839005  23.51928
4438.91751514048  38.44116
4439.07719127597  33.83564
4439.23686741145  10.60228
4439.39654354693  14.03762
4439.55621968241  49.26886
4439.71589581789  38.00137
4439.87557195337  36.51844
4440.03524808885  35.9134
4440.19492422433  21.6345
4440.35460035981  27.26565
4440.51427649529  23.62504
4440.67395263077  6.924699
4440.83362876625  28.92536
4440.99330490173  44.33913
4441.15298103721  15.20062
4441.31265717269  27.02507
4441.47233330817  17.0879
4441.63200944365  3.666224
4441.79168557913  7.516065
4441.95136171461  50.41942
4442.11103785009  55.22556
4442.27071398557  35.33825
4442.43039012105  36.57724
4442.59006625653  39.54907
4442.74974239201  22.52873
4442.90941852749  27.56565
4443.06909466297  31.07226
4443.22877079845  25.22307
4443.38844693393  31.14228
4443.54812306941  25.03904
4443.70779920489  26.57835
4443.86747534037  35.60411
4444.02715147585  34.24696
4444.18682761133  36.56305
4444.34650374681  46.43031
4444.50617988229  52.34953
4444.66585601777  45.49836
4444.82553215325  43.13743
4444.98520828873  29.55693
4445.14488442421  30.37181
4445.30456055969  37.54802
4445.46423669517  35.19231
4445.62391283065  55.03677
4445.78358896613  45.26646
4445.94326510161  32.64022
4446.10294123709  47.59819
4446.26261737257  37.04116
4446.42229350806  19.48076
4446.58196964354  36.38274
4446.74164577902  38.0112
4446.9013219145  22.97842
4447.06099804998  20.27922
4447.22067418546  38.31134
4447.38035032094  40.84684
4447.54002645642  45.29694
4447.6997025919  19.93162
4447.85937872738  21.12091
4448.01905486286  26.61554
4448.17873099834  18.85001
4448.33840713382  12.54681
4448.4980832693  24.41945
4448.65775940478  28.09234
4448.81743554026  40.29393
4448.97711167574  24.94718
4449.13678781122  4.092693
4449.2964639467  12.77434
4449.45614008218  24.1808
4449.61581621766  24.78599
4449.77549235314  27.10839
4449.93516848862  36.61404
4450.0948446241  36.1357
4450.25452075958  36.94144
4450.41419689506  34.34029
4450.57387303054  31.82957
4450.73354916602  35.56277
4450.8932253015  20.96944
4451.05290143698  24.14609
4451.21257757246  30.90894
4451.37225370794  33.90969
4451.53192984342  53.12793
4451.6916059789  65.39135
4451.85128211438  54.31469
4452.01095824986  62.32124
4452.17063438534  36.72171
4452.33031052082  26.64227
4452.4899866563  32.30079
4452.64966279178  18.95137
4452.80933892726  47.45308
4452.96901506274  39.13558
4453.12869119822  47.91149
4453.2883673337  37.94542
4453.44804346918  36.20988
4453.60771960466  34.92996
4453.76739574014  22.0973
4453.92707187562  21.15454
4454.0867480111  37.33716
4454.24642414659  44.58317
4454.40610028207  29.44646
4454.56577641755  18.45498
4454.72545255302  7.743492
4454.8851286885  33.6845
4455.04480482399  49.05546
4455.20448095947  25.23447
4455.36415709495  6.021659
4455.52383323043  28.3512
4455.68350936591  29.08958
4455.84318550139  30.23789
4456.00286163687  53.0845
4456.16253777235  46.20082
4456.32221390783  31.59772
4456.48189004331  31.83519
4456.64156617879  36.22352
4456.80124231427  44.70997
4456.96091844975  47.99347
4457.12059458523  25.29742
4457.28027072071  3.229025
4457.43994685619  23.06651
4457.59962299167  48.13731
4457.75929912715  39.88581
4457.91897526263  35.673
4458.07865139811  51.27206
4458.23832753359  31.26187
4458.39800366907  13.23836
4458.55767980455  32.01189
4458.71735594003  20.84327
4458.87703207551  21.95024
4459.03670821099  40.31102
4459.19638434647  24.50611
4459.35606048195  13.51745
4459.51573661743  54.42433
4459.67541275291  19.76267
4459.83508888839  0.4905608
4459.99476502387  19.74328
4460.15444115935  28.76189
4460.31411729483  43.39492
4460.47379343031  29.85254
4460.63346956579  13.09555
4460.79314570127  16.61242
4460.95282183675  45.75477
4461.11249797223  45.07302
4461.27217410771  30.28614
4461.43185024319  29.15554
4461.59152637867  38.17253
4461.75120251415  32.89518
4461.91087864963  33.19362
4462.07055478512  42.42522
4462.23023092059  36.14799
4462.38990705607  52.81527
4462.54958319155  44.41785
4462.70925932704  36.43215
4462.86893546252  46.12594
4463.028611598  37.76857
4463.18828773347  4.817994
4463.34796386896  44.72877
4463.50764000444  30.07831
4463.66731613992  11.24846
4463.8269922754  8.142365
4463.98666841088  39.59498
4464.14634454636  40.71623
4464.30602068184  16.62054
4464.46569681732  54.43216
4464.6253729528  38.9914
4464.78504908828  62.02691
4464.94472522376  43.36002
4465.10440135924  32.90074
4465.26407749472  21.8877
4465.4237536302  15.55292
4465.58342976568  33.18626
4465.74310590116  51.08039
4465.90278203664  45.95241
4466.06245817212  28.24144
4466.2221343076  29.49276
4466.38181044308  44.29863
4466.54148657856  46.62963
4466.70116271404  44.68819
4466.86083884952  36.47816
4467.020514985  26.01355
4467.18019112048  5.478935
4467.33986725596  39.19714
4467.49954339144  47.41525
4467.65921952692  41.99044
4467.8188956624  38.18459
4467.97857179788  14.24945
4468.13824793336  44.96752
4468.29792406884  25.07912
4468.45760020432  31.66691
4468.6172763398  15.90012
4468.77695247528  4.139699
4468.93662861076  23.26857
4469.09630474624  29.2006
4469.25598088172  38.43101
4469.4156570172  30.79372
4469.57533315268  35.11697
4469.73500928816  36.99449
4469.89468542364  32.1464
4470.05436155912  39.30362
4470.21403769461  43.77435
4470.37371383008  38.56388
4470.53338996557  42.03266
4470.69306610105  23.64856
4470.85274223653  40.06977
4471.01241837201  30.30979
4471.17209450749  24.40592
4471.33177064297  37.7732
4471.49144677845  35.57508
4471.65112291393  47.57108
4471.81079904941  32.25519
4471.97047518489  19.03967
4472.13015132037  51.20617
4472.28982745585  36.78611
4472.44950359133  18.04174
4472.60917972681  27.23588
4472.76885586229  26.97404
4472.92853199777  12.34047
4473.08820813325  -6.683879
4473.24788426873  20.0768
4473.40756040421  28.70186
4473.56723653969  6.542787
4473.72691267517  4.946988
4473.88658881065  12.95957
4474.04626494613  27.51998
4474.20594108161  28.77805
4474.36561721709  42.56451
4474.52529335257  55.78906
4474.68496948805  29.10129
4474.84464562353  25.41878
4475.00432175901  32.32049
4475.16399789449  20.21824
4475.32367402997  28.70962
4475.48335016545  7.882751
4475.64302630093  17.18865
4475.80270243641  47.36728
4475.96237857189  36.36069
4476.12205470737  25.75693
4476.28173084285  15.38129
4476.44140697833  43.41963
4476.60108311381  31.82206
4476.76075924929  17.84158
4476.92043538477  25.76012
4477.08011152025  44.12503
4477.23978765573  41.06858
4477.39946379121  38.47987
4477.55913992669  20.03102
4477.71881606217  28.05299
4477.87849219765  42.52306
4478.03816833313  35.43236
4478.19784446861  33.37297
4478.35752060409  41.35613
4478.51719673958  25.64233
4478.67687287506  30.19639
4478.83654901054  27.27038
4478.99622514602  28.16999
4479.1559012815  48.92898
4479.31557741698  54.19865
4479.47525355246  20.41569
4479.63492968794  18.73179
4479.79460582342  37.23222
4479.9542819589  30.85166
4480.11395809438  46.451
4480.27363422986  13.32678
4480.43331036534  27.04956
4480.59298650082  30.51523
4480.7526626363  40.70935
4480.91233877178  39.14223
4481.07201490726  41.5926
4481.23169104274  36.6442
4481.39136717822  43.98131
4481.5510433137  40.72327
4481.71071944918  25.26077
4481.87039558466  31.01612
4482.03007172014  25.13848
4482.18974785562  15.44215
4482.3494239911  75.78131
4482.50910012658  49.85226
4482.66877626206  4.590414
4482.82845239754  40.29183
4482.98812853302  39.77917
4483.1478046685  38.03998
4483.30748080398  37.78934
4483.46715693946  11.83055
4483.62683307494  35.34898
4483.78650921042  25.65768
4483.9461853459  39.91875
4484.10586148138  41.22717
4484.26553761686  44.65304
4484.42521375234  12.69993
4484.58488988782  38.44983
4484.7445660233  30.37612
4484.90424215878  54.25809
4485.06391829426  22.75633
4485.22359442974  38.03872
4485.38327056522  15.52379
4485.5429467007  23.47917
4485.70262283618  0.5701846
4485.86229897166  26.41379
4486.02197510714  26.66843
4486.18165124262  15.03456
4486.34132737811  15.4134
4486.50100351359  16.50768
4486.66067964906  47.16273
4486.82035578455  19.95704
4486.98003192003  8.292386
4487.13970805551  25.75051
4487.29938419099  36.29015
4487.45906032647  17.98093
4487.61873646195  23.62957
4487.77841259743  13.08121
4487.93808873291  28.93325
4488.09776486839  46.80294
4488.25744100387  46.1307
4488.41711713935  41.81654
4488.57679327483  29.7572
4488.73646941031  33.73614
4488.89614554579  36.94867
4489.05582168127  29.39455
4489.21549781675  23.36694
4489.37517395223  14.60679
4489.53485008771  43.63771
4489.69452622319  32.57987
4489.85420235867  24.07802
4490.01387849415  39.21579
4490.17355462963  24.74157
4490.33323076511  27.06633
4490.49290690059  41.98235
4490.65258303607  32.02937
4490.81225917155  25.51331
4490.97193530703  29.34473
4491.13161144251  7.905785
4491.29128757799  11.80546
4491.45096371347  23.20013
4491.61063984895  36.94147
4491.77031598443  52.65199
4491.92999211991  28.61428
4492.08966825539  28.87208
4492.24934439087  70.43193
4492.40902052635  35.1641
4492.56869666183  40.31308
4492.72837279731  42.30325
4492.88804893279  43.91739
4493.04772506827  39.85096
4493.20740120375  18.95431
4493.36707733923  30.81099
4493.52675347471  19.8446
4493.68642961019  33.37323
4493.84610574567  28.18732
4494.00578188116  54.92095
4494.16545801664  20.08657
4494.32513415212  43.29028
4494.4848102876  29.30305
4494.64448642308  28.34842
4494.80416255856  61.37395
4494.96383869404  46.89451
4495.12351482952  28.91779
4495.283190965  38.78028
4495.44286710048  28.96079
4495.60254323596  36.00876
4495.76221937144  38.28848
4495.92189550692  28.53423
4496.0815716424  34.9778
4496.24124777788  36.47941
4496.40092391336  38.19999
4496.56060004884  19.1789
4496.72027618432  5.588406
4496.8799523198  17.85162
4497.03962845528  15.96854
4497.19930459076  34.06892
4497.35898072624  33.04995
4497.51865686172  21.92474
4497.6783329972  29.00622
4497.83800913268  31.16622
4497.99768526816  32.57747
4498.15736140364  22.71814
4498.31703753912  29.7065
4498.4767136746  37.86382
4498.63638981008  29.84345
4498.79606594556  49.85878
4498.95574208104  30.47691
4499.11541821652  44.02516
4499.275094352  22.64435
4499.43477048748  61.53212
4499.59444662296  48.67887
4499.75412275844  53.69636
4499.91379889392  35.28492
4500.0734750294  29.63971
4500.23315116488  21.18675
4500.39282730036  16.33898
4500.55250343584  28.98187
4500.71217957132  36.01765
4500.8718557068  33.03308
4501.03153184228  34.05561
4501.19120797776  39.46359
4501.35088411324  32.71081
4501.51056024872  24.19726
4501.6702363842  33.70722
4501.82991251968  40.98204
4501.98958865517  32.18063
4502.14926479064  43.12634
4502.30894092612  48.8117
4502.4686170616  26.03955
4502.62829319709  35.52041
4502.78796933257  16.71272
4502.94764546805  9.329155
4503.10732160353  31.70783
4503.26699773901  30.42761
4503.42667387449  12.86205
4503.58635000997  10.43547
4503.74602614545  26.51093
4503.90570228093  25.89421
4504.06537841641  32.13927
4504.22505455189  7.742944
4504.38473068737  13.16427
4504.54440682285  2.480442
4504.70408295833  12.16103
4504.86375909381  14.52676
4505.02343522929  8.999936
4505.18311136477  14.34235
4505.34278750025  18.63966
4505.50246363573  17.20825
4505.66213977121  25.50418
4505.82181590669  28.5796
4505.98149204217  35.7159
4506.14116817765  41.50426
4506.30084431313  19.47462
4506.46052044861  19.40619
4506.62019658409  15.59725
4506.77987271957  24.62677
4506.93954885505  45.48864
4507.09922499053  39.49813
4507.25890112601  18.70656
4507.41857726149  14.28452
4507.57825339697  12.75174
4507.73792953245  32.77807
4507.89760566793  28.90208
4508.05728180341  32.9054
4508.21695793889  30.96019
4508.37663407437  27.54398
4508.53631020985  29.6495
4508.69598634533  23.47687
4508.85566248081  36.4764
4509.01533861629  28.60297
4509.17501475177  17.13267
4509.33469088725  25.20865
4509.49436702273  32.11183
4509.65404315821  27.74879
4509.81371929369  9.235716
4509.97339542917  8.499716
4510.13307156465  28.51663
4510.29274770014  2.815058
4510.45242383561  14.28752
4510.6120999711  55.21931
4510.77177610658  21.3992
4510.93145224206  -1.666055
4511.09112837754  22.86105
4511.25080451302  39.83105
4511.4104806485  27.40704
4511.57015678398  19.47781
4511.72983291946  24.57085
4511.88950905494  48.94944
4512.04918519042  64.72221
4512.2088613259  16.22755
4512.36853746138  4.304839
4512.52821359686  11.91843
4512.68788973234  12.94471
4512.84756586782  19.90043
4513.0072420033  16.74484
4513.16691813878  16.85958
4513.32659427426  36.78666
4513.48627040974  21.71649
4513.64594654522  14.4538
4513.8056226807  14.40186
4513.96529881618  13.95487
4514.12497495166  19.85216
4514.28465108714  8.959731
4514.44432722262  18.74186
4514.6040033581  13.47616
4514.76367949358  21.00675
4514.92335562906  38.60021
4515.08303176454  34.38565
4515.24270790002  23.04771
4515.4023840355  27.12148
4515.56206017098  17.48723
4515.72173630646  8.411427
4515.88141244194  8.730754
4516.04108857742  0.226983
4516.2007647129  20.26077
4516.36044084838  18.31414
4516.52011698386  30.13268
4516.67979311934  12.71993
4516.83946925482  14.35197
4516.9991453903  12.00756
4517.15882152578  23.60053
4517.31849766126  19.98083
4517.47817379674  14.15437
4517.63784993222  25.68825
4517.7975260677  12.20586
4517.95720220318  -9.191037
4518.11687833866  -9.925305
4518.27655447414  21.83816
4518.43623060962  14.49476
4518.59590674511  10.59571
4518.75558288059  1.10047
4518.91525901607  -4.580424
4519.07493515155  9.790481
4519.23461128703  3.691928
4519.39428742251  26.75156
4519.55396355799  -1.836712
4519.71363969347  7.76463
4519.87331582895  3.457695
4520.03299196443  5.928601
4520.19266809991  25.06504
4520.35234423539  35.54417
4520.51202037087  16.49246
4520.67169650635  4.622489
4520.83137264183  13.56007
4520.99104877731  34.27259
4521.15072491279  28.82851
4521.31040104827  -3.697201
4521.47007718375  13.59529
4521.62975331923  16.34995
4521.78942945471  7.66258
4521.94910559019  16.7631
4522.10878172567  34.37126
4522.26845786115  29.70138
4522.42813399663  2.306553
4522.58781013211  15.08181
4522.74748626759  -0.7458837
4522.90716240307  10.46331
4523.06683853855  25.3814
4523.22651467403  25.94875
4523.38619080951  24.95138
4523.54586694499  49.00899
4523.70554308047  26.03463
4523.86521921595  5.521113
4524.02489535143  -3.44915
4524.18457148691  29.26226
4524.34424762239  7.079057
4524.50392375787  21.59072
4524.66359989335  22.03584
4524.82327602883  13.02312
4524.98295216431  12.86827
4525.14262829979  15.57295
4525.30230443527  0.9489259
4525.46198057076  16.11704
4525.62165670623  14.60264
4525.78133284171  6.994323
4525.94100897719  -15.82469
4526.10068511268  -11.37079
4526.26036124816  2.502401
4526.42003738363  1.527654
4526.57971351911  -0.335548
4526.7393896546  -1.710489
4526.89906579008  39.79845
4527.05874192556  22.06356
4527.21841806104  12.43536
4527.37809419652  47.8094
4527.537770332  12.87289
4527.69744646748  8.391656
4527.85712260296  10.86119
4528.01679873844  22.37862
4528.17647487392  36.24321
4528.3361510094  17.42378
4528.49582714488  18.85652
4528.65550328036  17.15319
4528.81517941584  -2.155951
4528.97485555132  -3.43128
4529.1345316868  3.905959
4529.29420782228  10.33163
4529.45388395776  0.2686354
4529.61356009324  11.20753
4529.77323622872  12.52299
4529.9329123642  -3.825488
4530.09258849968  2.72072
4530.25226463516  2.355273
4530.41194077064  12.87554
4530.57161690612  12.67721
4530.7312930416  -17.11607
4530.89096917708  8.925885
4531.05064531256  17.87562
4531.21032144804  7.050447
4531.36999758352  23.58105
4531.529673719  19.2682
4531.68934985448  5.988892
4531.84902598996  13.01336
4532.00870212544  34.32775
4532.16837826092  2.55648
4532.3280543964  -0.387773
4532.48773053188  -7.230532
4532.64740666736  2.796497
4532.80708280284  -0.581001
4532.96675893832  -0.2792386
4533.1264350738  -8.830995
4533.28611120928  -7.184666
4533.44578734476  8.907959
4533.60546348024  26.94529
4533.76513961572  26.71212
4533.9248157512  20.34916
4534.08449188669  -2.352477
4534.24416802216  11.74848
4534.40384415764  -0.153256
4534.56352029313  6.839878
4534.72319642861  -10.9789
4534.88287256409  19.83834
4535.04254869957  7.411403
4535.20222483505  14.61021
4535.36190097053  20.82094
4535.52157710601  5.805268
4535.68125324149  -10.54622
4535.84092937697  -13.13966
4536.00060551245  9.523945
4536.16028164793  3.734302
4536.31995778341  21.60313
4536.47963391889  25.93488
4536.63931005437  15.19377
4536.79898618985  16.09829
4536.95866232533  27.87746
4537.11833846081  8.686561
4537.27801459629  -10.70815
4537.43769073177  -3.673613
4537.59736686725  25.13137
4537.75704300273  22.95921
4537.91671913821  7.594881
4538.07639527369  28.35533
4538.23607140917  -16.02517
4538.39574754465  -17.63077
4538.55542368013  11.81635
4538.71509981561  38.45739
4538.87477595109  3.089777
4539.03445208657  5.406164
4539.19412822205  -2.72951
4539.35380435753  13.54353
4539.51348049301  0.2936842
4539.67315662849  7.982532
4539.83283276397  3.269243
4539.99250889945  23.53916
4540.15218503493  -10.90536
4540.31186117041  -14.15709
4540.47153730589  -8.056096
4540.63121344137  -5.367581
4540.79088957685  13.22615
4540.95056571233  1.07863
4541.11024184781  -7.804336
4541.26991798329  5.094893
4541.42959411877  -10.38129
4541.58927025425  -23.31792
4541.74894638973  -10.63091
4541.90862252521  -14.69905
4542.06829866069  15.96291
4542.22797479617  -5.446856
4542.38765093166  -5.835222
4542.54732706714  24.92084
4542.70700320262  8.875603
4542.8666793381  -3.737257
4543.02635547358  -1.343106
4543.18603160906  0.5371001
4543.34570774454  19.01727
4543.50538388002  -10.18864
4543.6650600155  -11.33005
4543.82473615098  -3.636329
4543.98441228646  5.353794
4544.14408842194  12.91879
4544.30376455742  8.500275
4544.4634406929  -2.201971
4544.62311682838  0.6370942
4544.78279296386  -3.120445
4544.94246909934  -1.088585
4545.10214523482  12.60181
4545.2618213703  6.307421
4545.42149750578  -4.543502
4545.58117364126  0.570055
4545.74084977674  9.799634
4545.90052591222  7.046727
4546.0602020477  2.193007
4546.21987818318  8.710648
4546.37955431866  -7.719547
4546.53923045414  -1.467193
4546.69890658962  -11.43566
4546.8585827251  -7.298472
4547.01825886058  -19.31607
4547.17793499606  6.61353
4547.33761113154  18.13845
4547.49728726702  0.3251752
4547.6569634025  7.47255
4547.81663953798  4.078539
4547.97631567346  -1.033698
4548.13599180894  8.110689
4548.29566794442  -12.01706
4548.4553440799  -13.16732
4548.61502021538  23.48433
4548.77469635086  18.83724
4548.93437248634  -3.605555
4549.09404862182  -6.893713
4549.2537247573  8.834798
4549.41340089278  -2.458516
4549.57307702826  -24.03398
4549.73275316375  -17.78512
