4386.2395458547  -11.10373
4386.39933562229  -37.99996
4386.55912538988  -39.4005
4386.71891515747  2.533137
4386.87870492506  19.21502
4387.03849469265  -13.67205
4387.19828446024  14.25148
4387.35807422783  10.52211
4387.51786399542  -14.65331
4387.67765376301  -8.929616
4387.8374435306  -18.54266
4387.99723329819  -2.927393
4388.15702306578  4.490481
4388.31681283337  3.61157
4388.47660260096  -0.3064328
4388.63639236855  -26.0788
4388.79618213614  8.197978
4388.95597190373  30.08042
4389.11576167132  -2.123143
4389.27555143892  15.51631
4389.43534120651  17.06774
4389.5951309741  -5.982527
4389.75492074169  -4.163538
4389.91471050928  27.65171
4390.07450027687  33.36168
4390.23429004446  -14.61044
4390.39407981205  -16.4104
4390.55386957964  23.44939
4390.71365934723  8.668645
4390.87344911482  37.71276
4391.03323888241  32.93589
4391.19302865  1.85267
4391.35281841759  23.88406
4391.51260818518  11.16909
4391.67239795277  -3.125679
4391.83218772036  -0.3622626
4391.99197748795  -2.550211
4392.15176725554  -5.236536
4392.31155702313  -0.871915
4392.47134679072  -1.598945
4392.63113655831  -5.910256
4392.7909263259  5.636843
4392.95071609349  21.34516
4393.11050586108  20.53074
4393.27029562867  2.215755
4393.43008539626  44.02073
4393.58987516385  43.50231
4393.74966493144  11.88229
4393.90945469903  -4.109534
4394.06924446662  -2.141806
4394.22903423421  11.23203
4394.3888240018  38.16804
4394.54861376939  22.7367
4394.70840353698  -15.74963
4394.86819330457  -15.36369
4395.02798307216  -5.101405
4395.18777283975  0.6346829
4395.34756260734  -7.073496
4395.50735237493  -21.91146
4395.66714214252  -11.22069
4395.82693191011  3.056271
4395.9867216777  5.008626
4396.14651144529  -6.76033
4396.30630121288  -9.389109
4396.46609098047  13.96284
4396.62588074806  6.867678
4396.78567051565  -8.203572
4396.94546028325  24.73027
4397.10525005084  16.58736
4397.26503981843  -11.36217
4397.42482958602  26.45223
4397.58461935361  14.23622
4397.7444091212  -9.478649
4397.90419888879  2.128192
4398.06398865638  -8.905297
4398.22377842397  -10.05774
4398.38356819156  35.87249
4398.54335795915  13.4966
4398.70314772674  -2.929418
4398.86293749433  3.90404
4399.02272726192  21.55341
4399.18251702951  40.644
4399.3423067971  41.9935
4399.50209656469  35.83806
4399.66188633228  31.48673
4399.82167609987  5.969115
4399.98146586746  -9.350489
4400.14125563505  21.00076
4400.30104540264  8.886971
4400.46083517023  1.917297
4400.62062493782  9.758417
4400.78041470541  -1.720082
4400.940204473  19.37011
4401.09999424059  9.90799
4401.25978400818  -1.186092
4401.41957377577  10.58733
4401.57936354336  15.498
4401.73915331095  -4.803521
4401.89894307854  -1.781105
4402.05873284613  13.01435
4402.21852261372  7.945243
4402.37831238131  28.45749
4402.5381021489  32.41003
4402.69789191649  5.693335
4402.85768168408  13.28513
4403.01747145167  41.75769
4403.17726121926  31.67551
4403.33705098685  38.56259
4403.49684075444  -9.964349
4403.65663052203  -11.25026
4403.81642028963  -1.10466
4403.97621005722  23.37298
4404.13599982481  17.26897
4404.2957895924  1.341428
4404.45557935999  20.13754
4404.61536912758  7.535099
4404.77515889517  -11.46235
4404.93494866276  6.983784
4405.09473843035  1.954365
4405.25452819794  15.79839
4405.41431796553  20.02685
4405.57410773312  -40.44763
4405.73389750071  16.84149
4405.8936872683  47.05645
4406.05347703589  28.03833
4406.21326680348  42.6462
4406.37305657107  21.063
4406.53284633866  -4.61788
4406.69263610625  28.76364
4406.85242587384  18.79391
4407.01221564143  7.736841
4407.17200540902  34.78985
4407.33179517661  16.56875
4407.4915849442  16.96033
4407.65137471179  14.80567
4407.81116447938  13.57249
4407.97095424697  13.7429
4408.13074401456  35.37669
4408.29053378215  20.45796
4408.45032354974  27.58602
4408.61011331733  13.54468
4408.76990308492  12.11667
4408.92969285251  38.24046
4409.0894826201  22.0563
4409.24927238769  -6.412873
4409.40906215528  3.179578
4409.56885192287  15.06784
4409.72864169046  19.48753
4409.88843145805  24.2478
4410.04822122564  20.94506
4410.20801099323  20.73336
4410.36780076082  14.12636
4410.52759052842  43.09071
4410.68738029601  38.69778
4410.8471700636  29.64762
4411.00695983119  28.41867
4411.16674959878  21.36192
4411.32653936637  -19.74322
4411.48632913396  19.10221
4411.64611890155  24.96643
4411.80590866914  16.81739
4411.96569843673  25.62587
4412.12548820432  22.54571
4412.28527797191  17.88636
4412.4450677395  19.3558
4412.60485750709  38.03907
4412.76464727468  34.88408
4412.92443704227  4.860435
4413.08422680986  22.93622
4413.24401657745  26.26916
4413.40380634504  56.9381
4413.56359611263  15.77152
4413.72338588022  26.32216
4413.88317564781  28.65863
4414.0429654154  17.95569
4414.20275518299  28.92863
4414.36254495058  22.55936
4414.52233471817  37.27623
4414.68212448576  -1.565263
4414.84191425335  8.19009
4415.00170402094  36.31965
4415.16149378853  19.74078
4415.32128355612  48.4001
4415.48107332371  42.4422
4415.6408630913  25.0272
4415.80065285889  27.18441
4415.96044262648  39.15015
4416.12023239407  33.62423
4416.28002216166  29.87887
4416.43981192925  22.14068
4416.59960169684  -17.60868
4416.75939146443  2.38194
4416.91918123202  35.46753
4417.07897099961  40.51004
4417.2387607672  29.93288
4417.39855053479  51.98092
4417.55834030238  40.41257
4417.71813006998  24.41997
4417.87791983757  48.28411
4418.03770960515  32.50526
4418.19749937275  9.132813
4418.35728914034  31.58932
4418.51707890793  30.58266
4418.67686867552  22.84275
4418.83665844311  42.06699
4418.9964482107  51.57195
4419.15623797829  32.60583
4419.31602774588  36.37167
4419.47581751347  51.77724
4419.63560728106  50.2098
4419.79539704865  32.73464
4419.95518681624  35.24686
4420.11497658383  22.82396
4420.27476635142  18.67135
4420.43455611901  13.11467
4420.5943458866  12.3557
4420.75413565419  41.95832
4420.91392542178  49.01353
4421.07371518937  23.95584
4421.23350495696  32.3513
4421.39329472455  37.01104
4421.55308449214  18.46499
4421.71287425973  40.86052
4421.87266402732  24.42982
4422.03245379491  21.41845
4422.1922435625  15.19202
4422.35203333009  16.99016
4422.51182309768  27.92872
4422.67161286527  31.79703
4422.83140263286  40.83488
4422.99119240045  50.72202
4423.15098216804  46.12694
4423.31077193563  50.45435
4423.47056170322  40.97322
4423.63035147081  35.01984
4423.7901412384  56.89037
4423.94993100599  40.17519
4424.10972077358  12.10393
4424.26951054117  33.776
4424.42930030876  51.58102
4424.58909007635  54.37727
4424.74887984394  32.80969
4424.90866961154  -4.367436
4425.06845937913  23.60095
4425.22824914672  42.71565
4425.38803891431  17.26479
4425.5478286819  3.711021
4425.70761844949  18.9912
4425.86740821708  3.458484
4426.02719798467  13.12394
4426.18698775226  13.97414
4426.34677751985  8.281802
4426.50656728744  19.06703
4426.66635705503  15.78622
4426.82614682262  22.02503
4426.98593659021  12.14059
4427.1457263578  -13.09678
4427.30551612539  10.46562
4427.46530589298  36.65491
4427.62509566057  30.3737
4427.78488542816  38.45944
4427.94467519575  42.65244
4428.10446496334  42.73367
4428.26425473093  45.2929
4428.42404449852  34.52388
4428.58383426611  32.93895
4428.7436240337  39.26551
4428.90341380129  66.89618
4429.06320356888  23.39471
4429.22299333647  47.70364
4429.38278310406  33.28668
4429.54257287165  23.48278
4429.70236263924  27.6355
4429.86215240683  28.73383
4430.02194217442  50.91248
4430.18173194201  68.2561
4430.3415217096  26.54419
4430.50131147719  24.52604
4430.66110124478  38.40566
4430.82089101237  37.3564
4430.98068077996  33.3546
4431.14047054755  38.6374
4431.30026031514  60.31531
4431.46005008274  28.30811
4431.61983985032  24.07116
4431.77962961792  32.57696
4431.93941938551  29.61985
4432.0992091531  20.02234
4432.25899892069  59.60461
4432.41878868828  25.67569
4432.57857845587  29.39165
4432.73836822346  30.1213
4432.89815799105  49.22397
4433.05794775864  50.6716
4433.21773752623  55.71238
4433.37752729382  37.85526
4433.53731706141  28.38773
4433.697106829  56.35893
4433.85689659659  75.12629
4434.01668636418  38.18756
4434.17647613177  25.26647
4434.33626589936  56.58711
4434.49605566695  61.7745
4434.65584543454  34.64865
4434.81563520213  23.63331
4434.97542496972  38.55753
4435.13521473731  35.25418
4435.2950045049  26.9183
4435.45479427249  40.94484
4435.61458404008  40.7437
4435.77437380767  31.87041
4435.93416357526  6.574937
4436.09395334285  37.49346
4436.25374311044  37.22163
4436.41353287803  31.44403
4436.57332264562  49.7037
4436.73311241321  7.53368
4436.8929021808  52.37786
4437.05269194839  44.26665
4437.21248171598  16.33382
4437.37227148357  46.70441
4437.53206125116  20.9452
4437.69185101875  54.278
4437.85164078634  41.72918
4438.01143055394  7.454499
4438.17122032153  27.8499
4438.33101008911  35.95435
4438.49079985671  16.53028
4438.6505896243  30.92735
4438.81037939189  49.59796
4438.97016915948  26.50107
4439.12995892707  25.04726
4439.28974869466  28.50881
4439.44953846225  6.986619
4439.60932822984  34.06021
4439.76911799743  61.98279
4439.92890776502  51.7716
4440.08869753261  39.72891
4440.2484873002  46.87587
4440.40827706779  25.9311
4440.56806683538  28.69638
4440.72785660297  43.07008
4440.88764637056  32.15986
4441.04743613815  37.56573
4441.20722590574  46.41387
4441.36701567333  43.50456
4441.52680544092  38.34461
4441.68659520851  51.90269
4441.8463849761  51.09098
4442.00617474369  41.52284
4442.16596451128  41.43653
4442.32575427887  38.76968
4442.48554404646  45.34374
4442.64533381405  45.79774
4442.80512358164  26.4878
4442.96491334923  19.35899
4443.12470311682  0.6881192
4443.28449288441  29.0655
4443.444282652  63.44998
4443.60407241959  45.71963
4443.76386218718  47.54453
4443.92365195477  44.81006
4444.08344172236  32.95102
4444.24323148995  45.9583
4444.40302125754  64.21528
4444.56281102513  61.3626
4444.72260079272  49.00743
4444.88239056031  52.43051
4445.0421803279  24.97606
4445.20197009549  27.69536
4445.36175986309  27.08267
4445.52154963068  53.14659
4445.68133939827  68.49039
4445.84112916586  21.02267
4446.00091893345  30.52164
4446.16070870104  39.21574
4446.32049846863  26.96243
4446.48028823622  36.38736
4446.64007800381  36.1011
4446.7998677714  38.26579
4446.95965753899  66.89555
4447.11944730658  41.70348
4447.27923707417  43.39619
4447.43902684176  32.2038
4447.59881660935  40.52299
4447.75860637694  37.45729
4447.91839614453  51.78036
4448.07818591212  72.64127
4448.23797567971  81.8084
4448.3977654473  56.35688
4448.55755521489  50.29999
4448.71734498248  43.75565
4448.87713475007  16.64385
4449.03692451766  32.19948
4449.19671428525  68.66943
4449.35650405284  45.55435
4449.51629382043  26.62126
4449.67608358802  60.35843
4449.83587335561  62.45446
4449.9956631232  58.50671
4450.15545289079  41.85393
4450.31524265838  35.60773
4450.47503242597  29.5631
4450.63482219356  15.16747
4450.79461196115  12.19126
4450.95440172874  38.95193
4451.11419149633  46.04714
4451.27398126392  37.29912
4451.43377103151  65.88284
4451.5935607991  58.44638
4451.7533505667  43.89936
4451.91314033428  29.6217
4452.07293010187  42.67114
4452.23271986947  22.0288
4452.39250963705  21.2501
4452.55229940465  62.35236
4452.71208917224  65.93182
4452.87187893983  52.82183
4453.03166870742  40.83229
4453.19145847501  36.41368
4453.3512482426  71.91081
4453.51103801019  37.24736
4453.67082777778  8.130364
4453.83061754537  51.6146
4453.99040731296  64.83243
4454.15019708055  45.00287
4454.30998684814  32.48124
4454.46977661573  21.31851
4454.62956638332  46.68424
4454.78935615091  60.92803
4454.9491459185  57.49197
4455.10893568609  50.09898
4455.26872545368  45.08573
4455.42851522127  20.97431
4455.58830498886  35.37395
4455.74809475645  48.27539
4455.90788452404  24.61523
4456.06767429163  23.57337
4456.22746405922  53.15957
4456.38725382681  60.88685
4456.5470435944  36.01572
4456.70683336199  41.5622
4456.86662312958  56.46959
4457.02641289717  52.00112
4457.18620266476  38.55592
4457.34599243235  45.70957
4457.50578219994  54.81051
4457.66557196753  42.70173
4457.82536173512  56.81404
4457.98515150271  56.50029
4458.1449412703  38.24292
4458.30473103789  67.2864
4458.46452080548  47.8756
4458.62431057307  26.5431
4458.78410034066  56.83456
4458.94389010825  47.27681
4459.10367987585  62.34164
4459.26346964344  73.27969
4459.42325941103  54.95445
4459.58304917862  58.95382
4459.74283894621  67.78116
4459.9026287138  55.77443
4460.06241848139  34.02871
4460.22220824898  32.06968
4460.38199801657  50.48946
4460.54178778416  67.19775
4460.70157755175  58.10413
4460.86136731934  64.67194
4461.02115708693  62.24314
4461.18094685452  63.10191
4461.34073662211  53.31448
4461.5005263897  18.47495
4461.66031615729  52.33383
4461.82010592488  46.28577
4461.97989569247  71.21167
4462.13968546006  47.89943
4462.29947522765  61.96133
4462.45926499524  61.79715
4462.61905476283  47.73257
4462.77884453042  38.01956
4462.93863429801  23.44795
4463.0984240656  36.99258
4463.25821383319  55.35196
4463.41800360078  48.57116
4463.57779336837  34.7438
4463.73758313596  60.58577
4463.89737290355  40.60012
4464.05716267114  29.37205
4464.21695243873  55.35552
4464.37674220632  50.2524
4464.53653197391  40.66472
4464.6963217415  37.77146
4464.85611150909  21.95671
4465.01590127668  47.73073
4465.17569104427  60.4722
4465.33548081186  49.32458
4465.49527057945  39.29818
4465.65506034704  43.60697
4465.81485011463  49.52834
4465.97463988222  43.50285
4466.13442964981  67.54885
4466.2942194174  79.99529
4466.45400918499  45.36719
4466.61379895259  26.95128
4466.77358872018  38.92499
4466.93337848777  50.86847
4467.09316825536  38.84933
4467.25295802295  46.49485
4467.41274779054  53.03713
4467.57253755813  61.70314
4467.73232732572  77.55196
4467.89211709331  57.70721
4468.0519068609  43.02815
4468.21169662849  29.35302
4468.37148639608  11.82957
4468.53127616367  34.22971
4468.69106593126  50.95838
4468.85085569885  25.84639
4469.01064546644  39.49214
4469.17043523403  49.63622
4469.33022500162  33.07807
4469.49001476921  53.75711
4469.6498045368  59.28526
4469.80959430439  60.3205
4469.96938407198  70.1194
4470.12917383957  39.15231
4470.28896360716  21.84056
4470.44875337475  19.85137
4470.60854314234  25.04015
4470.76833290993  39.21724
4470.92812267752  48.37187
4471.08791244511  58.72751
4471.2477022127  45.76735
4471.40749198029  46.05275
4471.56728174788  50.11376
4471.72707151547  49.88694
4471.88686128306  52.60284
4472.04665105065  53.11506
4472.20644081824  28.81737
4472.36623058583  35.32785
4472.52602035342  47.25811
4472.68581012101  22.02865
4472.84559988861  31.98999
4473.00538965619  48.8415
4473.16517942378  57.22564
4473.32496919138  60.3054
4473.48475895896  56.39698
4473.64454872656  64.60957
4473.80433849415  67.42246
4473.96412826174  63.9289
4474.12391802933  46.67537
4474.28370779692  45.9916
4474.44349756451  34.08517
4474.6032873321  48.3083
4474.76307709969  70.58019
4474.92286686728  58.50885
4475.08265663487  46.61187
4475.24244640246  26.57992
4475.40223617005  45.07976
4475.56202593764  59.65084
4475.72181570523  67.11169
4475.88160547282  59.0881
4476.04139524041  47.74383
4476.201185008  55.62963
4476.36097477559  57.37844
4476.52076454318  29.83662
4476.68055431077  45.96298
4476.84034407836  60.05345
4477.00013384595  42.95889
4477.15992361354  50.06662
4477.31971338113  42.13747
4477.47950314872  37.91229
4477.63929291631  74.3531
4477.7990826839  61.16746
4477.95887245149  38.53099
4478.11866221908  56.77983
4478.27845198667  55.29958
4478.43824175426  40.21187
4478.59803152185  61.23338
4478.75782128944  60.85461
4478.91761105703  58.48075
4479.07740082462  77.34126
4479.23719059221  73.71051
4479.3969803598  48.08421
4479.55677012739  69.71545
4479.71655989498  61.56652
4479.87634966257  28.94023
4480.03613943016  36.30937
4480.19592919776  51.65219
4480.35571896535  58.01492
4480.51550873294  79.7403
4480.67529850053  61.35605
4480.83508826812  50.45551
4480.99487803571  56.37005
4481.1546678033  37.92831
4481.31445757089  27.90198
4481.47424733848  35.9546
4481.63403710607  46.52068
4481.79382687366  68.24673
4481.95361664125  71.7207
4482.11340640884  75.90446
4482.27319617643  39.93526
4482.43298594402  40.78711
4482.59277571161  33.75865
4482.7525654792  60.23891
4482.91235524679  57.40779
4483.07214501438  40.92093
4483.23193478197  44.48561
4483.39172454956  34.61439
4483.55151431715  43.99373
4483.71130408474  38.49236
4483.87109385233  51.20604
4484.03088361992  51.38055
4484.19067338751  42.22545
4484.3504631551  48.84778
4484.51025292269  42.83872
4484.67004269028  43.5467
4484.82983245787  58.14312
4484.98962222546  43.42043
4485.14941199305  59.91334
4485.30920176064  60.93668
4485.46899152823  47.91589
4485.62878129582  16.57623
4485.78857106341  4.855931
4485.948360831  41.86452
4486.10815059859  43.57759
4486.26794036618  56.08629
4486.42773013377  50.69938
4486.58751990136  26.21615
4486.74730966895  32.54005
4486.90709943654  19.34949
4487.06688920413  26.38234
4487.22667897172  76.08325
4487.38646873932  60.38418
4487.54625850691  21.64085
4487.7060482745  49.75058
4487.86583804209  38.237
4488.02562780968  32.18523
4488.18541757727  50.24957
4488.34520734486  65.05894
4488.50499711245  50.10879
4488.66478688004  36.64882
4488.82457664763  33.04085
4488.98436641522  60.14324
4489.14415618281  61.65075
4489.3039459504  38.27997
4489.46373571799  68.68914
4489.62352548558  55.41624
4489.78331525317  59.06933
4489.94310502076  28.94707
4490.10289478835  18.02607
4490.26268455594  47.90741
4490.42247432353  43.80522
4490.58226409112  23.13209
4490.74205385871  39.37927
4490.9018436263  64.79893
4491.06163339389  64.41679
4491.22142316148  66.1179
4491.38121292907  63.39059
4491.54100269666  50.2944
4491.70079246425  33.84669
4491.86058223184  46.01625
4492.02037199943  55.89772
4492.18016176702  42.33624
4492.33995153461  62.56431
4492.4997413022  47.54664
4492.65953106979  54.99131
4492.81932083738  64.36839
4492.97911060497  60.48304
4493.13890037256  57.98315
4493.29869014015  29.55937
4493.45847990774  56.99987
4493.61826967533  48.98709
4493.77805944292  51.26091
4493.93784921052  38.39853
4494.09763897811  67.15113
4494.2574287457  43.97765
4494.41721851329  25.78926
4494.57700828088  39.38527
4494.73679804847  48.98111
4494.89658781606  58.32944
4495.05637758365  21.70245
4495.21616735124  67.471
4495.37595711883  46.81793
4495.53574688642  44.4216
4495.69553665401  59.80241
4495.8553264216  44.781
4496.01511618919  37.74414
4496.17490595678  28.54795
4496.33469572437  12.23185
4496.49448549196  20.21484
4496.65427525955  22.69371
4496.81406502714  15.16857
4496.97385479473  26.29075
4497.13364456232  71.37636
4497.29343432991  57.83506
4497.4532240975  13.4724
4497.61301386509  49.75974
4497.77280363268  53.88522
4497.93259340027  50.74021
4498.09238316786  36.63872
4498.25217293545  42.24311
4498.41196270304  51.04386
4498.57175247063  70.48553
4498.73154223822  49.07818
4498.89133200581  42.91899
4499.0511217734  44.74457
4499.21091154099  31.52113
4499.37070130858  50.87196
4499.53049107617  62.06506
4499.69028084376  51.65793
4499.85007061135  80.29002
4500.00986037894  35.00632
4500.16965014653  67.17824
4500.32943991412  62.13907
4500.48922968171  45.7276
4500.6490194493  58.7794
4500.80880921689  44.92958
4500.96859898448  42.51944
4501.12838875207  2.579883
4501.28817851967  33.42588
4501.44796828726  10.42542
4501.60775805485  32.80501
4501.76754782244  31.79793
4501.92733759003  36.19734
4502.08712735762  37.41857
4502.24691712521  39.80479
4502.4067068928  77.11846
4502.56649666039  58.72551
4502.72628642798  38.95457
4502.88607619557  32.4779
4503.04586596316  27.98632
4503.20565573075  48.94772
4503.36544549834  39.79781
4503.52523526593  56.33619
4503.68502503352  57.98072
4503.84481480111  40.80322
4504.0046045687  31.30198
4504.16439433629  31.9988
4504.32418410388  43.39274
4504.48397387147  26.08004
4504.64376363906  35.41326
4504.80355340665  54.46244
4504.96334317424  48.35381
4505.12313294183  38.74354
4505.28292270942  25.58017
4505.44271247701  22.0021
4505.6025022446  70.87749
4505.76229201219  63.49128
4505.92208177978  36.32829
4506.08187154737  55.06838
4506.24166131496  33.75051
4506.40145108255  11.14681
4506.56124085014  30.74356
4506.72103061773  21.72628
4506.88082038532  42.90158
4507.04061015291  50.46766
4507.2003999205  22.47168
4507.36018968809  32.51217
4507.51997945568  32.86157
4507.67976922328  26.62553
4507.83955899086  28.53406
4507.99934875845  64.11341
4508.15913852604  42.44465
4508.31892829363  31.6924
4508.47871806123  23.87416
4508.63850782882  36.34265
4508.79829759641  33.97658
4508.958087364  14.66096
4509.11787713159  30.37627
4509.27766689918  39.00344
4509.43745666677  22.4019
4509.59724643436  50.63642
4509.75703620195  58.3145
4509.91682596954  56.52
4510.07661573713  54.59227
4510.23640550472  20.26123
4510.39619527231  24.62672
4510.5559850399  24.85368
4510.71577480749  18.4267
4510.87556457508  6.828013
4511.03535434267  32.21878
4511.19514411026  19.97993
4511.35493387785  24.6833
4511.51472364544  37.41199
4511.67451341303  44.57684
4511.83430318062  -14.17731
4511.99409294821  7.529053
4512.1538827158  28.14294
4512.31367248339  20.86663
4512.47346225098  47.44492
4512.63325201857  50.22482
4512.79304178616  56.57925
4512.95283155375  44.38388
4513.11262132134  46.7785
4513.27241108893  40.87421
4513.43220085652  5.620538
4513.59199062411  31.99343
4513.7517803917  55.14398
4513.91157015929  25.0972
4514.07135992688  20.7642
4514.23114969447  -1.036609
4514.39093946206  -0.753526
4514.55072922965  31.95358
4514.71051899724  29.22563
4514.87030876483  6.398499
4515.03009853243  6.137684
4515.18988830002  46.60772
4515.34967806761  41.92579
4515.5094678352  24.37459
4515.66925760279  9.378087
4515.82904737038  25.09364
4515.98883713797  23.89716
4516.14862690556  32.55957
4516.30841667315  14.05066
4516.46820644074  8.108492
4516.62799620833  19.96858
4516.78778597592  31.36847
4516.94757574351  13.75426
4517.1073655111  68.40563
4517.26715527869  54.37108
4517.42694504628  36.87612
4517.58673481387  38.48146
4517.74652458146  29.07887
4517.90631434905  25.26144
4518.06610411664  38.72892
4518.22589388423  26.88312
4518.38568365182  32.4262
4518.54547341941  23.30177
4518.705263187  32.14721
4518.86505295459  33.82683
4519.02484272218  8.85814
4519.18463248977  33.78757
4519.34442225736  7.198816
4519.50421202495  36.96871
4519.66400179254  24.36042
4519.82379156013  18.01436
4519.98358132772  27.91411
4520.14337109531  33.99571
4520.3031608629  15.54396
4520.46295063049  26.97038
4520.62274039808  17.22191
4520.78253016567  17.60427
4520.94231993326  4.427868
4521.10210970085  11.23234
4521.26189946844  26.2142
4521.42168923603  4.058879
4521.58147900362  36.41189
4521.74126877121  25.1849
4521.9010585388  16.10411
4522.06084830639  29.09188
4522.22063807398  52.40926
4522.38042784158  42.91983
4522.54021760917  -24.13856
4522.70000737676  9.812213
4522.85979714435  41.11866
4523.01958691194  -2.958035
4523.17937667953  4.706045
4523.33916644712  12.76557
4523.49895621471  4.028823
4523.6587459823  14.48572
4523.81853574989  28.42888
4523.97832551748  2.917913
4524.13811528507  31.17424
4524.29790505266  24.66098
4524.45769482025  19.51747
4524.61748458784  14.10369
4524.77727435543  23.55205
4524.93706412302  -3.231511
4525.09685389061  17.36117
4525.2566436582  39.96942
4525.41643342579  -0.3034133
4525.57622319338  14.71671
4525.73601296097  31.01033
4525.89580272856  24.67006
4526.05559249615  18.79665
4526.21538226374  5.814562
4526.37517203133  2.475206
4526.53496179892  14.94131
4526.69475156651  51.83417
4526.8545413341  16.36959
4527.01433110169  5.28615
4527.17412086928  18.56758
4527.33391063687  35.45853
4527.49370040446  30.06773
4527.65349017205  38.37596
4527.81327993964  35.39344
4527.97306970723  4.632384
4528.13285947482  19.93026
4528.29264924241  2.084785
4528.45243901  29.4051
4528.61222877759  33.87255
4528.77201854519  -9.877179
4528.93180831277  16.50524
4529.09159808037  31.03079
4529.25138784796  40.16265
4529.41117761555  20.97523
4529.57096738314  39.77324
4529.73075715073  8.482402
4529.89054691832  22.50005
4530.05033668591  20.04158
4530.2101264535  12.37858
4530.36991622109  22.62686
4530.52970598868  11.74656
4530.68949575627  7.832989
4530.84928552386  37.64784
4531.00907529145  1.32068
4531.16886505904  24.93974
4531.32865482663  52.27691
4531.48844459422  45.10568
4531.64823436181  15.02597
4531.8080241294  2.25879
4531.96781389699  2.551692
4532.12760366458  2.298745
4532.28739343217  14.22924
4532.44718319976  13.02191
4532.60697296735  19.73309
4532.76676273494  22.43563
4532.92655250253  33.18317
4533.08634227012  26.59196
4533.24613203771  31.75807
4533.4059218053  9.029267
4533.56571157289  24.48392
4533.72550134048  14.40893
4533.88529110807  12.12304
4534.04508087566  4.041423
4534.20487064325  36.73967
4534.36466041084  -4.699059
4534.52445017843  34.83711
4534.68423994602  33.97369
4534.84402971361  21.20111
4535.0038194812  17.67347
4535.16360924879  -1.890566
4535.32339901638  17.22949
4535.48318878398  17.41912
4535.64297855157  9.216615
4535.80276831916  31.06286
4535.96255808675  14.57784
4536.12234785434  18.71416
4536.28213762193  12.33745
4536.44192738952  27.66057
4536.60171715711  -1.440603
4536.7615069247  -17.71016
4536.92129669229  -3.526487
4537.08108645988  -11.96976
4537.24087622747  -27.324
4537.40066599506  -4.210371
4537.56045576265  7.209333
4537.72024553024  17.18515
4537.88003529783  25.36899
4538.03982506542  11.75187
4538.19961483301  14.43009
4538.3594046006  4.420143
4538.51919436819  10.81126
4538.67898413578  9.930389
4538.83877390337  -23.01435
4538.99856367096  -3.721122
4539.15835343855  -1.348699
4539.31814320614  4.17378
4539.47793297373  -1.665157
4539.63772274132  -0.4464573
4539.79751250891  4.732729
4539.9573022765  32.50491
4540.11709204409  48.15198
4540.27688181168  17.90661
4540.43667157927  15.20099
4540.59646134686  -10.4779
4540.75625111445  11.27189
4540.91604088204  12.87874
4541.07583064963  10.04394
4541.23562041722  4.954033
4541.39541018481  0.5826706
4541.5551999524  5.930375
4541.71498971999  21.95057
4541.87477948758  23.46092
4542.03456925517  8.69791
4542.19435902276  15.15411
4542.35414879035  6.458601
4542.51393855794  1.150883
4542.67372832553  6.806605
4542.83351809313  27.68883
4542.99330786072  10.3218
4543.15309762831  -1.370472
4543.3128873959  13.90979
4543.47267716349  23.30761
4543.63246693108  29.24475
4543.79225669867  2.870609
4543.95204646626  -12.81163
4544.11183623385  13.34191
4544.27162600144  14.7232
4544.43141576903  -1.761101
4544.59120553662  3.377636
4544.75099530421  6.754525
4544.9107850718  -14.18256
4545.07057483939  4.977913
4545.23036460698  -6.309636
4545.39015437457  10.60012
4545.54994414216  0.09574908
4545.70973390975  25.22914
4545.86952367734  19.9785
4546.02931344493  8.826908
4546.18910321252  -4.780788
4546.34889298011  20.01661
4546.5086827477  6.950026
4546.66847251529  -1.242255
4546.82826228288  2.962484
4546.98805205047  10.45289
4547.14784181806  -0.3270198
4547.30763158565  18.57054
4547.46742135324  -18.16175
4547.62721112083  -1.205171
4547.78700088842  2.467829
4547.94679065601  -12.82255
4548.1065804236  -8.092719
4548.26637019119  9.370559
4548.42615995878  -18.52185
4548.58594972637  4.78051
4548.74573949396  18.5352
4548.90552926155  11.07745
4549.06531902914  -7.54725
4549.22510879674  -9.429687
4549.38489856432  13.0933
4549.54468833192  15.81916
4549.7044780995  26.25568
