      4569.44      616.349
      4569.61      615.751
      4569.77      622.201
      4569.94      629.977
      4570.11      630.140
      4570.27      630.962
      4570.44      632.317
      4570.60      623.667
      4570.77      628.304
      4570.94      636.235
      4571.10      624.165
      4571.27      619.209
      4571.44      623.317
      4571.60      622.045
      4571.77      621.059
      4571.94      631.635
      4572.10      632.602
      4572.27      634.201
      4572.43      630.048
      4572.60      633.767
      4572.77      635.317
      4572.93      624.155
      4573.10      617.650
      4573.27      625.254
      4573.43      630.045
      4573.60      626.652
      4573.77      626.368
      4573.93      626.862
      4574.10      632.348
      4574.26      626.859
      4574.43      631.262
      4574.60      627.765
      4574.76      616.002
      4574.93      620.004
      4575.10      624.868
      4575.26      630.982
      4575.43      639.805
      4575.59      634.265
      4575.76      630.056
      4575.93      626.616
      4576.09      626.514
      4576.26      626.708
      4576.43      628.137
      4576.59      629.979
      4576.76      632.089
      4576.92      635.724
      4577.09      635.647
      4577.26      628.545
      4577.42      628.143
      4577.59      633.370
      4577.76      632.284
      4577.92      637.405
      4578.09      636.181
      4578.26      634.276
      4578.42      635.209
      4578.59      637.292
      4578.75      634.344
      4578.92      638.319
      4579.09      640.227
      4579.25      636.302
      4579.42      632.643
      4579.59      633.599
      4579.75      635.891
      4579.92      638.870
      4580.08      637.767
      4580.25      638.985
      4580.42      637.221
      4580.58      634.982
      4580.75      640.014
      4580.92      638.650
      4581.08      641.635
      4581.25      641.552
      4581.42      639.246
      4581.58      641.056
      4581.75      633.248
      4581.91      633.970
      4582.08      632.472
      4582.25      638.485
      4582.41      645.887
      4582.58      640.263
      4582.75      640.077
      4582.91      645.201
      4583.08      636.444
      4583.25      631.656
      4583.41      631.407
      4583.58      636.873
      4583.74      636.967
      4583.91      636.185
      4584.08      644.430
      4584.24      650.407
      4584.41      651.604
      4584.58      648.991
      4584.74      650.948
      4584.91      648.687
      4585.07      641.713
      4585.24      643.993
      4585.41      647.990
      4585.57      644.544
      4585.74      644.947
      4585.91      648.382
      4586.07      652.381
      4586.24      642.591
      4586.40      653.618
      4586.57      650.721
      4586.74      649.370
      4586.90      651.136
      4587.07      651.471
      4587.24      651.091
      4587.40      647.137
      4587.57      650.387
      4587.74      652.313
      4587.90      645.421
      4588.07      646.634
      4588.23      652.959
      4588.40      645.251
      4588.57      643.332
      4588.73      650.103
      4588.90      644.016
      4589.07      640.003
      4589.23      648.406
      4589.40      651.212
      4589.56      645.568
      4589.73      646.889
      4589.90      649.296
      4590.06      652.450
      4590.23      650.251
      4590.40      646.084
      4590.56      647.803
      4590.73      660.605
      4590.90      656.772
      4591.06      645.777
      4591.23      656.419
      4591.39      651.368
      4591.56      657.975
      4591.73      654.932
      4591.89      647.006
      4592.06      647.068
      4592.23      651.480
      4592.39      654.380
      4592.56      652.616
      4592.73      656.095
      4592.89      662.860
      4593.06      661.718
      4593.22      656.195
      4593.39      646.875
      4593.56      652.568
      4593.72      655.781
      4593.89      662.302
      4594.06      658.812
      4594.22      655.170
      4594.39      659.748
      4594.55      654.110
      4594.72      657.719
      4594.89      658.885
      4595.05      661.310
      4595.22      661.020
      4595.39      661.073
      4595.55      665.306
      4595.72      661.037
      4595.88      659.003
      4596.05      663.012
      4596.22      657.152
      4596.38      655.000
      4596.55      658.021
      4596.72      656.408
      4596.88      666.707
      4597.05      653.389
      4597.22      658.348
      4597.38      668.565
      4597.55      655.706
      4597.71      662.617
      4597.88      669.530
      4598.05      664.380
      4598.21      662.722
      4598.38      664.366
      4598.55      663.315
      4598.71      660.392
      4598.88      661.025
      4599.04      667.794
      4599.21      671.681
      4599.38      665.382
      4599.54      663.607
      4599.71      660.543
      4599.88      666.812
      4600.04      656.489
      4600.21      661.864
      4600.38      659.123
      4600.54      665.546
      4600.71      663.394
      4600.87      673.370
      4601.04      666.277
      4601.21      659.681
      4601.37      665.211
      4601.54      665.222
      4601.71      665.580
      4601.87      669.090
      4602.04      670.742
      4602.21      666.148
      4602.37      670.189
      4602.54      669.174
      4602.70      672.280
      4602.87      673.893
      4603.04      667.423
      4603.20      671.212
      4603.37      665.802
      4603.54      666.101
      4603.70      671.082
      4603.87      670.051
      4604.03      670.078
      4604.20      670.448
      4604.37      666.755
      4604.53      665.381
      4604.70      670.485
      4604.87      672.436
      4605.03      669.013
      4605.20      667.354
      4605.36      665.509
      4605.53      673.874
      4605.70      670.945
      4605.86      671.756
      4606.03      669.133
      4606.20      673.541
      4606.36      673.195
      4606.53      673.321
      4606.70      672.966
      4606.86      671.757
      4607.03      677.674
      4607.19      680.512
      4607.36      681.479
      4607.53      678.243
      4607.69      678.606
      4607.86      679.471
      4608.03      673.426
      4608.19      675.842
      4608.36      680.509
      4608.52      674.820
      4608.69      671.978
      4608.86      669.665
      4609.02      672.073
      4609.19      669.185
      4609.36      675.083
      4609.52      681.083
      4609.69      678.493
      4609.86      672.996
      4610.02      675.351
      4610.19      668.141
      4610.35      673.114
      4610.52      677.347
      4610.69      672.032
      4610.85      666.510
      4611.02      669.787
      4611.19      678.947
      4611.35      680.879
      4611.52      673.777
      4611.69      676.981
      4611.85      679.912
      4612.02      677.805
      4612.18      684.487
      4612.35      678.774
      4612.52      669.230
      4612.68      674.864
      4612.85      676.590
      4613.02      688.445
      4613.18      679.466
      4613.35      682.035
      4613.51      678.878
      4613.68      678.267
      4613.85      683.632
      4614.01      679.802
      4614.18      681.441
      4614.35      674.631
      4614.51      676.472
      4614.68      680.629
      4614.84      682.402
      4615.01      690.538
      4615.18      688.610
      4615.34      676.773
      4615.51      669.674
      4615.68      681.642
      4615.84      689.949
      4616.01      680.290
      4616.18      678.514
      4616.34      676.333
      4616.51      665.644
      4616.67      678.576
      4616.84      683.699
      4617.01      691.038
      4617.17      681.532
      4617.34      687.145
      4617.51      681.515
      4617.67      680.521
      4617.84      684.964
      4618.00      684.172
      4618.17      677.879
      4618.34      681.449
      4618.50      687.617
      4618.67      688.750
      4618.84      685.192
      4619.00      682.774
      4619.17      683.801
      4619.34      686.339
      4619.50      685.980
      4619.67      683.611
      4619.83      674.979
      4620.00      681.014
      4620.17      686.706
      4620.33      690.384
      4620.50      682.071
      4620.67      683.748
      4620.83      688.130
      4621.00      686.565
      4621.17      686.275
      4621.33      689.745
      4621.50      688.453
      4621.66      692.875
      4621.83      690.711
      4622.00      692.495
      4622.16      690.593
      4622.33      696.666
      4622.50      691.248
      4622.66      697.415
      4622.83      701.382
      4622.99      691.210
      4623.16      682.836
      4623.33      688.954
      4623.49      695.200
      4623.66      682.545
      4623.83      685.296
      4623.99      696.388
      4624.16      691.559
      4624.32      694.150
      4624.49      694.570
      4624.66      689.568
      4624.82      689.516
      4624.99      689.702
      4625.16      691.296
      4625.32      696.054
      4625.49      691.342
      4625.66      695.350
      4625.82      698.290
      4625.99      683.174
      4626.15      696.354
      4626.32      698.562
      4626.49      691.911
      4626.65      694.049
      4626.82      704.223
      4626.99      695.760
      4627.15      689.465
      4627.32      689.571
      4627.48      690.221
      4627.65      697.545
      4627.82      697.725
      4627.98      689.083
      4628.15      698.397
      4628.32      699.533
      4628.48      695.477
      4628.65      698.762
      4628.82      695.754
      4628.98      689.621
      4629.15      689.944
      4629.31      694.236
      4629.48      692.958
      4629.65      699.044
      4629.81      701.903
      4629.98      695.553
      4630.15      693.304
      4630.31      695.594
      4630.48      686.564
      4630.65      695.965
      4630.81      698.004
      4630.98      694.515
      4631.14      699.190
      4631.31      698.811
      4631.48      695.661
      4631.64      688.878
      4631.81      697.264
      4631.98      700.306
      4632.14      692.699
      4632.31      698.232
      4632.47      700.543
      4632.64      691.749
      4632.81      698.183
      4632.97      705.925
      4633.14      701.315
      4633.31      698.265
      4633.47      693.897
      4633.64      697.669
      4633.80      695.240
      4633.97      700.029
      4634.14      696.863
      4634.30      702.246
      4634.47      705.722
      4634.64      697.712
      4634.80      697.443
      4634.97      702.228
      4635.14      709.584
      4635.30      699.965
      4635.47      696.854
      4635.63      699.828
      4635.80      711.479
      4635.97      711.813
      4636.13      699.571
      4636.30      706.495
      4636.47      703.779
      4636.63      705.052
      4636.80      699.685
      4636.96      698.479
      4637.13      697.361
      4637.30      705.934
      4637.46      698.618
      4637.63      700.471
      4637.80      711.736
      4637.96      707.543
      4638.13      695.427
      4638.30      691.178
      4638.46      697.087
      4638.63      701.042
      4638.79      709.066
      4638.96      709.778
      4639.13      714.319
      4639.29      707.414
      4639.46      708.588
      4639.63      706.671
      4639.79      708.161
      4639.96      709.100
      4640.12      709.338
      4640.29      712.784
      4640.46      712.117
      4640.62      708.167
      4640.79      709.256
      4640.96      698.650
      4641.12      706.275
      4641.29      718.686
      4641.46      712.620
      4641.62      705.417
      4641.79      711.794
      4641.95      712.119
      4642.12      711.754
      4642.29      715.450
      4642.45      714.517
      4642.62      713.538
      4642.79      713.016
      4642.95      707.945
      4643.12      706.781
      4643.28      711.320
      4643.45      713.691
      4643.62      708.437
      4643.78      712.846
      4643.95      714.219
      4644.12      720.336
      4644.28      716.949
      4644.45      715.332
      4644.62      712.905
      4644.78      698.584
      4644.95      700.496
      4645.11      713.676
      4645.28      721.729
      4645.45      721.971
      4645.61      724.789
      4645.78      715.913
      4645.95      710.287
      4646.11      718.289
      4646.28      718.919
      4646.44      710.355
      4646.61      714.137
      4646.78      706.566
      4646.94      710.311
      4647.11      710.250
      4647.28      719.854
      4647.44      723.608
      4647.61      719.289
      4647.78      714.188
      4647.94      714.828
      4648.11      707.665
      4648.27      714.053
      4648.44      714.731
      4648.61      712.853
      4648.77      717.594
      4648.94      718.984
      4649.11      709.530
      4649.27      712.211
      4649.44      715.746
      4649.60      714.190
      4649.77      722.681
      4649.94      715.123
      4650.10      713.025
      4650.27      715.357
      4650.44      715.103
      4650.60      716.000
      4650.77      727.109
      4650.94      711.801
      4651.10      715.372
      4651.27      722.425
      4651.43      714.389
      4651.60      718.256
      4651.77      712.647
      4651.93      713.198
      4652.10      712.481
      4652.27      708.679
      4652.43      713.161
      4652.60      714.973
      4652.76      715.206
      4652.93      715.069
      4653.10      713.684
      4653.26      707.149
      4653.43      701.550
      4653.60      712.851
      4653.76      716.040
      4653.93      721.122
      4654.10      713.131
      4654.26      717.623
      4654.43      717.349
      4654.59      714.797
      4654.76      720.671
      4654.93      715.277
      4655.09      717.861
      4655.26      722.135
      4655.43      717.592
      4655.59      718.455
      4655.76      711.029
      4655.92      704.965
      4656.09      718.556
      4656.26      714.480
      4656.42      712.038
      4656.59      708.241
      4656.76      713.488
      4656.92      723.300
      4657.09      719.967
      4657.26      713.385
      4657.42      714.901
      4657.59      708.956
      4657.75      719.061
      4657.92      727.974
      4658.09      718.448
      4658.25      707.955
      4658.42      706.113
      4658.59      720.760
      4658.75      720.963
      4658.92      715.871
      4659.08      719.682
      4659.25      724.642
      4659.42      714.190
      4659.58      716.611
      4659.75      726.016
      4659.92      716.472
      4660.08      716.729
      4660.25      719.996
      4660.42      709.903
      4660.58      712.370
      4660.75      719.650
      4660.91      722.765
      4661.08      716.836
      4661.25      708.433
      4661.41      709.132
      4661.58      717.648
      4661.75      713.068
      4661.91      706.533
      4662.08      710.365
      4662.24      709.536
      4662.41      714.603
      4662.58      719.802
      4662.74      718.668
      4662.91      718.166
      4663.08      715.674
      4663.24      700.933
      4663.41      704.762
      4663.58      707.557
      4663.74      707.549
      4663.91      709.731
      4664.07      705.273
      4664.24      706.387
      4664.41      706.771
      4664.57      707.831
      4664.74      707.175
      4664.91      709.949
      4665.07      711.759
      4665.24      711.929
      4665.40      717.890
      4665.57      721.064
      4665.74      709.944
      4665.90      707.159
      4666.07      719.054
      4666.24      713.863
      4666.40      717.148
      4666.57      718.690
      4666.74      709.539
      4666.90      710.093
      4667.07      711.972
      4667.23      710.572
      4667.40      702.088
      4667.57      715.701
      4667.73      716.961
      4667.90      708.414
      4668.07      713.323
      4668.23      715.927
      4668.40      715.205
      4668.56      719.118
      4668.73      710.051
      4668.90      708.675
      4669.06      720.500
      4669.23      707.909
      4669.40      711.780
      4669.56      712.054
      4669.73      716.902
      4669.90      726.121
      4670.06      720.444
      4670.23      710.330
      4670.39      703.502
      4670.56      651.591
      4670.73      701.187
      4670.89      714.595
      4671.06      704.528
      4671.23      703.369
      4671.39      708.800
      4671.56      713.655
      4671.72      712.392
      4671.89      708.043
      4672.06      710.090
      4672.22      718.060
      4672.39      714.425
      4672.56      712.758
      4672.72      714.906
      4672.89      717.210
      4673.06      716.330
      4673.22      718.547
      4673.39      712.017
      4673.55      707.740
      4673.72      710.420
      4673.89      715.041
      4674.05      719.824
      4674.22      707.487
      4674.39      710.019
      4674.55      712.319
      4674.72      714.434
      4674.88      717.745
      4675.05      714.494
      4675.22      714.714
      4675.38      716.044
      4675.55      713.134
      4675.72      723.630
      4675.88      716.331
      4676.05      721.042
      4676.22      715.303
      4676.38      712.203
      4676.55      719.574
      4676.71      720.102
      4676.88      723.325
      4677.05      722.886
      4677.21      722.563
      4677.38      718.311
      4677.55      726.111
      4677.71      723.746
      4677.88      721.023
      4678.04      721.293
      4678.21      720.391
      4678.38      724.716
      4678.54      715.758
      4678.71      718.777
      4678.88      725.030
      4679.04      728.490
      4679.21      726.574
      4679.38      726.077
      4679.54      724.178
      4679.71      725.250
      4679.87      726.725
      4680.04      725.414
      4680.21      720.694
      4680.37      718.533
      4680.54      716.425
      4680.71      727.115
      4680.87      722.997
      4681.04      724.074
      4681.20      721.122
      4681.37      724.418
      4681.54      724.639
      4681.70      730.430
      4681.87      728.545
      4682.04      726.586
      4682.20      724.418
      4682.37      729.041
      4682.54      725.214
      4682.70      720.970
      4682.87      727.732
      4683.03      728.368
      4683.20      729.440
      4683.37      729.370
      4683.53      725.245
      4683.70      719.826
      4683.87      715.883
      4684.03      720.006
      4684.20      727.802
      4684.36      729.517
      4684.53      735.205
      4684.70      737.091
      4684.86      725.621
      4685.03      726.575
      4685.20      735.323
      4685.36      737.067
      4685.53      728.806
      4685.70      725.950
      4685.86      725.100
      4686.03      727.426
      4686.19      732.110
      4686.36      726.791
      4686.53      731.718
      4686.69      736.118
      4686.86      739.195
      4687.03      729.962
      4687.19      735.263
      4687.36      742.999
      4687.52      731.721
      4687.69      733.288
      4687.86      738.262
      4688.02      731.171
      4688.19      729.981
      4688.36      733.014
      4688.52      739.504
      4688.69      736.312
      4688.86      726.496
      4689.02      728.008
      4689.19      731.904
      4689.35      739.277
      4689.52      731.383
      4689.69      731.825
      4689.85      729.465
      4690.02      721.051
      4690.19      728.112
      4690.35      720.793
      4690.52      730.616
      4690.68      725.901
      4690.85      721.204
      4691.02      718.823
      4691.18      709.320
      4691.35      704.304
      4691.52      711.662
      4691.68      713.322
      4691.85      707.934
      4692.02      719.818
      4692.18      721.448
      4692.35      715.618
      4692.51      710.858
      4692.68      712.094
      4692.85      718.189
      4693.01      709.419
      4693.18      712.575
      4693.35      710.021
      4693.51      712.330
      4693.68      706.720
      4693.84      708.464
      4694.01      705.109
      4694.18      705.553
      4694.34      704.370
      4694.51      708.195
      4694.68      710.913
      4694.84      712.287
      4695.01      713.000
      4695.18      696.412
      4695.34      694.787
      4695.51      708.878
      4695.67      700.604
      4695.84      690.441
      4696.01      692.642
      4696.17      695.526
      4696.34      702.249
      4696.51      696.372
      4696.67      697.238
      4696.84      702.128
      4697.00      702.950
      4697.17      691.293
      4697.34      685.369
      4697.50      689.423
      4697.67      693.775
      4697.84      682.309
      4698.00      692.436
      4698.17      692.061
      4698.34      688.687
      4698.50      689.743
      4698.67      689.561
      4698.83      681.790
      4699.00      684.279
      4699.17      684.635
      4699.33      682.998
      4699.50      682.768
      4699.67      676.282
      4699.83      681.224
      4700.00      687.956
      4700.16      691.898
      4700.33      692.216
      4700.50      679.412
      4700.66      675.656
      4700.83      677.235
      4701.00      688.168
      4701.16      683.133
      4701.33      670.057
      4701.50      668.548
      4701.66      683.737
      4701.83      680.676
      4701.99      671.158
      4702.16      668.378
      4702.33      670.704
      4702.49      676.500
      4702.66      675.498
      4702.83      671.721
      4702.99      673.240
      4703.16      672.092
      4703.32      675.074
      4703.49      678.051
      4703.66      672.359
      4703.82      669.331
      4703.99      670.445
      4704.16      676.140
      4704.32      670.072
      4704.49      665.877
      4704.66      681.330
      4704.82      671.347
      4704.99      667.782
      4705.15      668.932
      4705.32      669.633
      4705.49      674.819
      4705.65      672.530
      4705.82      673.929
      4705.99      663.861
      4706.15      660.895
      4706.32      661.659
      4706.48      670.518
      4706.65      668.626
      4706.82      659.551
      4706.98      666.133
      4707.15      668.938
      4707.32      665.993
      4707.48      669.202
      4707.65      672.954
      4707.82      662.267
      4707.98      664.448
      4708.15      657.577
      4708.31      665.504
      4708.48      674.190
      4708.65      661.775
      4708.81      670.585
      4708.98      663.800
      4709.15      662.828
      4709.31      662.340
      4709.48      661.638
      4709.64      665.841
      4709.81      664.935
      4709.98      666.156
      4710.14      657.684
      4710.31      656.898
      4710.48      661.372
      4710.64      660.480
      4710.81      663.944
      4710.98      659.124
      4711.14      661.992
      4711.31      654.865
      4711.47      655.916
      4711.64      657.499
      4711.81      660.249
      4711.97      661.933
      4712.14      653.937
      4712.31      650.410
      4712.47      653.744
      4712.64      653.438
      4712.80      657.463
      4712.97      658.735
      4713.14      651.659
      4713.30      654.707
      4713.47      658.539
      4713.64      660.199
      4713.80      660.798
      4713.97      656.448
      4714.14      654.280
      4714.30      656.077
      4714.47      654.315
      4714.63      654.457
      4714.80      661.508
      4714.97      654.512
      4715.13      655.081
      4715.30      663.215
      4715.47      657.499
      4715.63      654.827
      4715.80      653.557
      4715.96      646.069
      4716.13      649.280
      4716.30      659.384
      4716.46      642.426
      4716.63      642.843
      4716.80      649.655
      4716.96      656.181
      4717.13      652.491
      4717.30      643.088
      4717.46      652.171
      4717.63      658.743
      4717.79      649.129
      4717.96      645.292
      4718.13      645.891
      4718.29      652.537
      4718.46      652.266
      4718.63      644.329
      4718.79      648.311
      4718.96      647.339
      4719.12      642.910
      4719.29      646.888
      4719.46      658.048
      4719.62      651.855
      4719.79      647.545
      4719.96      647.002
      4720.12      644.574
      4720.29      638.427
      4720.46      646.608
      4720.62      648.872
      4720.79      652.394
      4720.95      648.740
      4721.12      640.639
      4721.29      647.086
      4721.45      650.027
      4721.62      645.198
      4721.79      646.809
      4721.95      642.329
      4722.12      647.229
      4722.28      644.236
      4722.45      647.768
      4722.62      645.553
      4722.78      640.047
      4722.95      642.184
      4723.12      642.892
      4723.28      637.663
      4723.45      639.250
      4723.62      639.744
      4723.78      639.435
      4723.95      636.680
      4724.11      642.881
      4724.28      639.540
      4724.45      634.955
      4724.61      641.025
      4724.78      642.037
      4724.95      635.719
      4725.11      636.089
      4725.28      638.529
      4725.44      633.773
      4725.61      649.089
      4725.78      642.217
      4725.94      633.838
      4726.11      633.594
      4726.28      641.674
      4726.44      641.533
      4726.61      627.358
      4726.78      634.396
      4726.94      645.732
      4727.11      639.317
      4727.27      632.185
      4727.44      636.065
      4727.61      639.576
      4727.77      639.404
      4727.94      624.077
      4728.11      628.573
      4728.27      632.196
      4728.44      633.667
      4728.60      632.433
      4728.77      631.596
      4728.94      634.841
      4729.10      639.408
      4729.27      635.102
      4729.44      632.710
      4729.60      634.818
      4729.77      628.989
      4729.94      624.199
      4730.10      632.213
      4730.27      629.814
      4730.43      625.381
      4730.60      623.864
      4730.77      631.574
      4730.93      629.657
      4731.10      623.003
      4731.27      630.133
      4731.43      632.526
      4731.60      621.665
      4731.76      615.847
      4731.93      625.133
      4732.10      622.062
      4732.26      623.082
      4732.43      621.382
      4732.60      617.061
      4732.76      627.167
      4732.93      627.226
      4733.10      628.244
      4733.26      620.986
      4733.43      619.728
      4733.59      631.244
      4733.76      623.397
      4733.93      615.276
      4734.09      617.932
      4734.26      626.540
      4734.43      629.953
      4734.59      625.018
      4734.76      620.818
      4734.92      625.147
      4735.09      625.655
      4735.26      619.887
      4735.42      621.235
      4735.59      620.297
      4735.76      623.528
      4735.92      622.871
      4736.09      629.712
      4736.26      623.166
      4736.42      624.264
      4736.59      619.025
      4736.75      619.971
      4736.92      619.172
      4737.09      624.511
      4737.25      630.060
      4737.42      626.070
      4737.59      616.271
      4737.75      613.303
      4737.92      615.679
      4738.08      611.994
      4738.25      627.237
      4738.42      616.518
      4738.58      612.471
      4738.75      615.822
      4738.92      616.745
      4739.08      618.442
      4739.25      617.029
      4739.42      613.211
      4739.58      620.135
