4569.1223264425  32.38186
4569.2888013098  2.154642
4569.4552761771  23.75071
4569.6217510444  17.04117
4569.78822591171  -0.5120645
4569.95470077901  22.36406
4570.12117564631  28.49126
4570.28765051361  9.165026
4570.45412538091  7.122302
4570.62060024822  14.30558
4570.78707511552  20.12187
4570.95354998282  17.31425
4571.12002485012  -2.635713
4571.28649971742  5.903771
4571.45297458472  15.6803
4571.61944945203  34.42953
4571.78592431933  0.7641113
4571.95239918663  22.46747
4572.11887405393  44.5211
4572.28534892123  24.97645
4572.45182378854  18.85533
4572.61829865584  8.289425
4572.78477352314  9.079985
4572.95124839044  39.1996
4573.11772325774  33.54537
4573.28419812504  27.0115
4573.45067299235  49.44169
4573.61714785965  17.71314
4573.78362272695  37.6511
4573.95009759425  22.5406
4574.11657246155  -7.842204
4574.28304732885  -19.94196
4574.44952219616  25.31086
4574.61599706346  25.61146
4574.78247193076  -1.819179
4574.94894679806  7.196466
4575.11542166536  13.8534
4575.28189653267  26.16792
4575.44837139997  36.87911
4575.61484626727  6.351169
4575.78132113457  27.64928
4575.94779600187  66.87952
4576.11427086917  42.35497
4576.28074573648  37.4636
4576.44722060378  15.47882
4576.61369547108  21.66263
4576.78017033838  17.52443
4576.94664520568  7.204481
4577.11312007299  -3.550163
4577.27959494029  -4.971312
4577.44606980759  -12.98617
4577.61254467489  12.97042
4577.77901954219  58.91571
4577.94549440949  59.9413
4578.1119692768  64.32251
4578.2784441441  32.44288
4578.4449190114  -8.40786
4578.6113938787  15.16025
4578.777868746  77.45763
4578.9443436133  13.61256
4579.11081848061  -20.47075
4579.27729334791  25.0187
4579.44376821521  30.21501
4579.61024308251  27.69011
4579.77671794981  27.53597
4579.94319281712  25.09759
4580.10966768442  10.12173
4580.27614255172  -17.96887
4580.44261741902  -10.07327
4580.60909228632  -0.2792856
4580.77556715362  18.89353
4580.94204202093  20.80521
4581.10851688823  15.50614
4581.27499175553  30.73792
4581.44146662283  54.4612
4581.60794149013  19.68083
4581.77441635743  31.92625
4581.94089122474  34.5117
4582.10736609204  33.62539
4582.27384095934  25.89744
4582.44031582664  38.54921
4582.60679069394  62.76887
4582.77326556125  21.98098
4582.93974042855  0.5964428
4583.10621529585  22.08398
4583.27269016315  24.64868
4583.43916503045  60.21207
4583.60563989775  34.58161
4583.77211476506  48.54765
4583.93858963236  19.69286
4584.10506449966  35.17597
4584.27153936696  51.06176
4584.43801423426  24.82338
4584.60448910156  31.64014
4584.77096396887  48.24163
4584.93743883617  32.83007
4585.10391370347  27.79075
4585.27038857077  29.8228
4585.43686343807  22.26611
4585.60333830538  22.73522
4585.76981317268  5.984122
4585.93628803998  18.89328
4586.10276290728  44.85535
4586.26923777458  20.08634
4586.43571264188  15.07638
4586.60218750919  19.78053
4586.76866237649  25.2052
4586.93513724379  34.98239
4587.10161211109  37.15619
4587.26808697839  31.87135
4587.4345618457  46.66769
4587.601036713  55.32428
4587.7675115803  33.66124
4587.9339864476  28.83508
4588.1004613149  16.68778
4588.2669361822  -17.07362
4588.43341104951  35.70553
4588.59988591681  65.67092
4588.76636078411  28.59915
4588.93283565141  64.78011
4589.09931051871  46.84252
4589.26578538601  44.02641
4589.43226025332  68.57399
4589.59873512062  54.02406
4589.76520998792  31.71568
4589.93168485522  38.96481
4590.09815972252  27.42917
4590.26463458982  11.57121
4590.43110945713  29.39589
4590.59758432443  28.02511
4590.76405919173  31.34197
4590.93053405903  63.83667
4591.09700892633  30.3475
4591.26348379364  32.5338
4591.42995866094  31.17468
4591.59643352824  19.49255
4591.76290839554  44.35852
4591.92938326284  55.2655
4592.09585813014  59.50774
4592.26233299745  40.93384
4592.42880786475  69.13461
4592.59528273205  49.39286
4592.76175759935  5.872929
4592.92823246665  9.300343
4593.09470733395  13.83503
4593.26118220126  34.99715
4593.42765706856  30.60353
4593.59413193586  -8.618715
4593.76060680316  3.656051
4593.92708167046  7.748909
4594.09355653776  35.79941
4594.26003140507  26.83098
4594.42650627237  35.48371
4594.59298113967  49.021
4594.75945600697  83.40117
4594.92593087427  35.27334
4595.09240574158  38.85871
4595.25888060888  80.23371
4595.42535547618  75.15799
4595.59183034348  39.66937
4595.75830521078  13.1631
4595.92478007809  27.70795
4596.09125494539  26.59131
4596.25772981269  -16.25031
4596.42420467999  7.417972
4596.59067954729  53.11521
4596.75715441459  27.06294
4596.92362928189  26.3341
4597.0901041492  -9.584309
4597.2565790165  21.23608
4597.4230538838  39.93021
4597.5895287511  36.44772
4597.7560036184  48.12754
4597.92247848571  29.38064
4598.08895335301  39.25605
4598.25542822031  45.51513
4598.42190308761  11.46664
4598.58837795491  0.5744878
4598.75485282221  21.56779
4598.92132768952  43.76679
4599.08780255682  42.25777
4599.25427742412  35.46744
4599.42075229142  60.04177
4599.58722715872  32.04101
4599.75370202603  36.88837
4599.92017689333  50.311
4600.08665176063  38.96509
4600.25312662793  32.74428
4600.41960149523  49.70682
4600.58607636253  49.24123
4600.75255122984  79.91579
4600.91902609714  70.60186
4601.08550096444  27.71349
4601.25197583174  61.58363
4601.41845069904  64.78181
4601.58492556635  26.11413
4601.75140043365  34.03296
4601.91787530095  47.72702
4602.08435016825  45.55732
4602.25082503555  29.44634
4602.41729990285  36.64352
4602.58377477015  16.76477
4602.75024963746  30.34078
4602.91672450476  62.44808
4603.08319937206  52.42349
4603.24967423936  59.07716
4603.41614910666  66.59531
4603.58262397397  50.7933
4603.74909884127  29.46329
4603.91557370857  76.61312
4604.08204857587  49.88697
4604.24852344317  15.02426
4604.41499831048  48.8325
4604.58147317778  24.1311
4604.74794804508  37.82623
4604.91442291238  77.02958
4605.08089777968  28.71351
4605.24737264698  34.84244
4605.41384751429  37.27835
4605.58032238159  39.31992
4605.74679724889  75.0837
4605.91327211619  39.95243
4606.07974698349  52.30036
4606.24622185079  58.46304
4606.4126967181  60.93725
4606.5791715854  50.22868
4606.7456464527  70.81461
4606.91212132  39.17573
4607.0785961873  67.82909
4607.2450710546  72.30906
4607.41154592191  78.09401
4607.57802078921  79.27452
4607.74449565651  83.16589
4607.91097052381  78.48443
4608.07744539111  70.27563
4608.24392025842  70.82414
4608.41039512572  46.71635
4608.57686999302  56.80213
4608.74334486032  60.3711
4608.90981972762  26.37511
4609.07629459492  54.23041
4609.24276946223  87.56203
4609.40924432953  56.10707
4609.57571919683  66.48595
4609.74219406413  57.44413
4609.90866893143  62.06216
4610.07514379874  27.57935
4610.24161866604  75.07288
4610.40809353334  46.49737
4610.57456840064  30.23833
4610.74104326794  44.64073
4610.90751813524  79.75072
4611.07399300255  74.10362
4611.24046786985  53.11821
4611.40694273715  37.78709
4611.57341760445  59.18296
4611.73989247175  89.51435
4611.90636733905  67.09926
4612.07284220636  69.45939
4612.23931707366  88.54439
4612.40579194096  113.1899
4612.57226680826  76.83453
4612.73874167556  96.67436
4612.90521654287  72.27846
4613.07169141017  68.81793
4613.23816627747  61.25622
4613.40464114477  39.09507
4613.57111601207  48.01862
4613.73759087937  72.84154
4613.90406574668  63.3573
4614.07054061398  48.16027
4614.23701548128  68.38805
4614.40349034858  70.04503
4614.56996521588  40.54092
4614.73644008318  54.53522
4614.90291495049  95.0063
4615.06938981779  65.31281
4615.23586468509  32.63472
4615.40233955239  45.16322
4615.56881441969  50.2122
4615.735289287  70.75597
4615.9017641543  82.56862
4616.0682390216  63.01725
4616.2347138889  49.15636
4616.4011887562  68.38841
4616.5676636235  64.00208
4616.73413849081  78.55042
4616.90061335811  50.01791
4617.06708822541  4.170152
4617.23356309271  86.14737
4617.40003796001  69.88995
4617.56651282731  57.11018
4617.73298769462  79.92184
4617.89946256192  53.16349
4618.06593742922  55.24101
4618.23241229652  80.72593
4618.39888716382  69.37854
4618.56536203113  70.94495
4618.73183689843  68.87212
4618.89831176573  64.72168
4619.06478663303  35.85881
4619.23126150033  29.80766
4619.39773636763  54.8881
4619.56421123494  34.19097
4619.73068610224  44.43435
4619.89716096954  75.36543
4620.06363583684  59.96467
4620.23011070414  77.25038
4620.39658557145  127.537
4620.56306043875  91.41901
4620.72953530605  49.42339
4620.89601017335  49.2351
4621.06248504065  99.2244
4621.22895990795  91.63203
4621.39543477526  87.83263
4621.56190964256  62.39725
4621.72838450986  40.87826
4621.89485937716  53.37687
4622.06133424446  79.49845
4622.22780911176  65.82036
4622.39428397907  116.9661
4622.56075884637  101.863
4622.72723371367  58.33646
4622.89370858097  48.98549
4623.06018344827  60.71431
4623.22665831558  69.73306
4623.39313318288  55.66156
4623.55960805018  67.48671
4623.72608291748  53.77491
4623.89255778478  38.12617
4624.05903265208  80.72856
4624.22550751939  86.67789
4624.39198238669  71.32261
4624.55845725399  66.88455
4624.72493212129  82.50613
4624.89140698859  68.81693
4625.05788185589  73.98258
4625.2243567232  84.11058
4625.3908315905  106.882
4625.5573064578  92.95032
4625.7237813251  64.20423
4625.8902561924  73.23491
4626.05673105971  71.73329
4626.22320592701  98.12802
4626.38968079431  78.71609
4626.55615566161  86.36829
4626.72263052891  84.13248
4626.88910539621  74.93183
4627.05558026351  101.0614
4627.22205513082  71.12942
4627.38852999812  90.05739
4627.55500486542  103.387
4627.72147973272  71.14732
4627.88795460003  52.79295
4628.05442946733  61.31522
4628.22090433463  102.9029
4628.38737920193  100.4234
4628.55385406923  92.19543
4628.72032893653  104.7718
4628.88680380384  121.5859
4629.05327867114  91.98112
4629.21975353844  25.46777
4629.38622840574  39.39193
4629.55270327304  60.62958
4629.71917814034  104.4938
4629.88565300765  58.95376
4630.05212787495  72.79018
4630.21860274225  71.43549
4630.38507760955  49.41973
4630.55155247685  45.06011
4630.71802734415  49.98155
4630.88450221146  91.23074
4631.05097707876  104.9259
4631.21745194606  77.85406
4631.38392681336  40.36983
4631.55040168066  100.0615
4631.71687654796  109.8063
4631.88335141527  88.96976
4632.04982628257  72.72726
4632.21630114987  97.19941
4632.38277601717  104.6225
4632.54925088448  101.403
4632.71572575178  115.2223
4632.88220061908  96.00073
4633.04867548638  50.8212
4633.21515035368  89.72588
4633.38162522098  67.27272
4633.54810008828  73.29753
4633.71457495559  79.29211
4633.88104982289  56.29356
4634.04752469019  83.02882
4634.21399955749  83.65952
4634.38047442479  87.79199
4634.5469492921  138.3553
4634.7134241594  125.2473
4634.8798990267  68.30062
4635.046373894  77.18293
4635.2128487613  104.672
4635.37932362861  100.7886
4635.54579849591  99.18407
4635.71227336321  99.91636
4635.87874823051  87.74802
4636.04522309781  76.03342
4636.21169796511  103.3138
4636.37817283241  117.5766
4636.54464769972  105.045
4636.71112256702  86.9783
4636.87759743432  96.18394
4637.04407230162  111.9558
4637.21054716892  119.6668
4637.37702203623  82.65385
4637.54349690353  95.74284
4637.70997177083  86.98344
4637.87644663813  98.16463
4638.04292150543  96.39173
4638.20939637273  111.8338
4638.37587124004  115.5056
4638.54234610734  102.4604
4638.70882097464  93.52492
4638.87529584194  107.3484
4639.04177070924  121.8407
4639.20824557654  104.3819
4639.37472044385  104.7566
4639.54119531115  52.56726
4639.70767017845  70.93188
4639.87414504575  75.3673
4640.04061991305  99.4747
4640.20709478036  85.26061
4640.37356964766  67.42505
4640.54004451496  54.87
4640.70651938226  108.1508
4640.87299424956  84.60334
4641.03946911686  87.41375
4641.20594398417  106.9289
4641.37241885147  92.58861
4641.53889371877  151.3716
4641.70536858607  150.8875
4641.87184345337  127.071
4642.03831832067  106.4722
4642.20479318798  63.59079
4642.37126805528  83.86949
4642.53774292258  117.0904
4642.70421778988  126.7358
4642.87069265718  105.5835
4643.03716752449  93.22658
4643.20364239179  97.80201
4643.37011725909  90.70805
4643.53659212639  95.68716
4643.70306699369  78.93909
4643.86954186099  69.17538
4644.0360167283  103.8369
4644.2024915956  71.7606
4644.3689664629  37.63971
4644.5354413302  57.49059
4644.7019161975  79.98283
4644.86839106481  100.8233
4645.03486593211  102.0913
4645.20134079941  109.8583
4645.36781566671  60.10304
4645.53429053401  70.27734
4645.70076540131  89.28465
4645.86724026862  101.5029
4646.03371513592  88.82751
4646.20019000322  95.3006
4646.36666487052  68.82201
4646.53313973782  90.6619
4646.69961460512  118.3156
4646.86608947243  129.8652
4647.03256433973  105.1524
4647.19903920703  69.42561
4647.36551407433  96.97983
4647.53198894163  87.57993
4647.69846380893  80.62891
4647.86493867624  112.5388
4648.03141354354  113.9547
4648.19788841084  105.6122
4648.36436327814  98.04601
4648.53083814544  97.54439
4648.69731301275  99.64041
4648.86378788005  96.41647
4649.03026274735  100.1644
4649.19673761465  81.43739
4649.36321248195  105.5431
4649.52968734925  105.2873
4649.69616221656  81.3346
4649.86263708386  91.75623
4650.02911195116  114.3109
4650.19558681846  113.8754
4650.36206168576  109.4876
4650.52853655307  106.056
4650.69501142037  125.6949
4650.86148628767  123.3502
4651.02796115497  113.6822
4651.19443602227  124.6081
4651.36091088957  98.16337
4651.52738575688  85.59755
4651.69386062418  94.51471
4651.86033549148  72.07615
4652.02681035878  71.46542
4652.19328522608  107.461
4652.35976009338  89.55291
4652.52623496069  74.35638
4652.69270982799  95.30647
4652.85918469529  105.123
4653.02565956259  71.40289
4653.19213442989  80.25121
4653.3586092972  114.7247
4653.5250841645  119.8701
4653.6915590318  122.0895
4653.8580338991  96.31948
4654.0245087664  98.36905
4654.1909836337  84.70406
4654.35745850101  61.19942
4654.52393336831  119.4306
4654.69040823561  138.6287
4654.85688310291  55.62088
4655.02335797021  80.36305
4655.18983283751  113.3111
4655.35630770482  80.77717
4655.52278257212  112.5302
4655.68925743942  90.85516
4655.85573230672  114.7478
4656.02220717402  111.5074
4656.18868204133  114.2999
4656.35515690863  106.9837
4656.52163177593  102.493
4656.68810664323  80.17789
4656.85458151053  75.2378
4657.02105637783  128.8641
4657.18753124514  96.74715
4657.35400611244  57.84054
4657.52048097974  58.86938
4657.68695584704  84.49517
4657.85343071434  99.54744
4658.01990558164  99.72617
4658.18638044895  103.6361
4658.35285531625  88.83151
4658.51933018355  88.86661
4658.68580505085  89.97559
4658.85227991815  89.56071
4659.01875478546  106.6267
4659.18522965276  87.69728
4659.35170452006  110.4582
4659.51817938736  101.7477
4659.68465425466  64.72814
4659.85112912197  91.91673
4660.01760398927  96.55654
4660.18407885657  82.07781
4660.35055372387  75.42618
4660.51702859117  98.68903
4660.68350345847  112.3108
4660.84997832578  106.0688
4661.01645319308  113.9704
4661.18292806038  81.64416
4661.34940292768  58.50865
4661.51587779498  54.13307
4661.68235266228  55.30176
4661.84882752959  77.03024
4662.01530239689  101.0061
4662.18177726419  98.84765
4662.34825213149  107.4281
4662.51472699879  132.4695
4662.68120186609  109.1436
4662.8476767334  103.3672
4663.0141516007  109.6123
4663.180626468  111.3054
4663.3471013353  91.14958
4663.5135762026  68.70989
4663.68005106991  101.4828
4663.84652593721  114.8959
4664.01300080451  114.8548
4664.17947567181  104.4011
4664.34595053911  99.26658
4664.51242540641  124.5554
4664.67890027372  144.3722
4664.84537514102  109.1137
4665.01185000832  90.114
4665.17832487562  103.8241
4665.34479974292  109.2457
4665.51127461022  141.9801
4665.67774947753  107.1839
4665.84422434483  102.5462
4666.01069921213  127.2612
4666.17717407943  102.2215
4666.34364894673  107.4076
4666.51012381403  74.54807
4666.67659868134  76.7645
4666.84307354864  99.05392
4667.00954841594  109.5778
4667.17602328324  98.78016
4667.34249815054  104.6532
4667.50897301785  132.1733
4667.67544788515  108.2541
4667.84192275245  88.4559
4668.00839761975  98.50616
4668.17487248705  139.1869
4668.34134735436  151.9777
4668.50782222166  139.0139
4668.67429708896  114.814
4668.84077195626  109.2338
4669.00724682356  67.51507
4669.17372169086  62.80236
4669.34019655817  74.51842
4669.50667142547  80.36578
4669.67314629277  62.27967
4669.83962116007  86.97564
4670.00609602737  119.8915
4670.17257089467  121.1891
4670.33904576198  51.02356
4670.50552062928  54.38906
4670.67199549658  50.07637
4670.83847036388  91.97283
4671.00494523118  94.88258
4671.17142009848  96.20966
4671.33789496579  68.38146
4671.50436983309  89.5546
4671.67084470039  93.45021
4671.83731956769  82.53529
4672.00379443499  95.49567
4672.17026930229  79.52493
4672.3367441696  125.9473
4672.5032190369  123.5844
4672.6696939042  89.54005
4672.8361687715  116.7133
4673.00264363881  88.17751
4673.16911850611  135.1391
4673.33559337341  94.24421
4673.50206824071  75.30834
4673.66854310801  112.6545
4673.83501797531  109.046
4674.00149284262  108.4121
4674.16796770992  92.73329
4674.33444257722  85.40199
4674.50091744452  116.981
4674.66739231182  101.7273
4674.83386717912  88.50799
4675.00034204643  63.91478
4675.16681691373  115.1232
4675.33329178103  112.038
4675.49976664833  129.8382
4675.66624151563  148.2966
4675.83271638293  136.8098
4675.99919125024  117.0669
4676.16566611754  145.6751
4676.33214098484  113.3026
4676.49861585214  58.00293
4676.66509071944  92.48405
4676.83156558674  137.591
4676.99804045405  146.1044
4677.16451532135  96.52882
4677.33099018865  106.1334
4677.49746505595  115.0997
4677.66393992325  91.26191
4677.83041479056  110.6711
4677.99688965786  130.452
4678.16336452516  139.7546
4678.32983939246  139.88
4678.49631425976  134.8357
4678.66278912706  94.19163
4678.82926399437  123.3471
4678.99573886167  144.9881
4679.16221372897  117.887
4679.32868859627  137.0973
4679.49516346357  130.5941
4679.66163833087  115.6335
4679.82811319818  108.5285
4679.99458806548  116.2276
4680.16106293278  142.6871
4680.32753780008  113.0837
4680.49401266738  73.49498
4680.66048753469  111.1821
4680.82696240199  146.9234
4680.99343726929  107.1052
4681.15991213659  84.44645
4681.32638700389  80.83226
4681.49286187119  109.2797
4681.6593367385  138.3662
4681.8258116058  134.012
4681.9922864731  105.782
4682.1587613404  155.742
4682.3252362077  152.0674
4682.491711075  108.2345
4682.65818594231  135.3275
4682.82466080961  117.6886
4682.99113567691  142.1324
4683.15761054421  131.2568
4683.32408541151  116.0089
4683.49056027882  115.4602
4683.65703514612  119.9562
4683.82351001342  119.1421
4683.98998488072  110.0813
4684.15645974802  117.0821
4684.32293461533  93.74629
4684.48940948263  116.0334
4684.65588434993  110.9432
4684.82235921723  113.1769
4684.98883408453  110.0072
4685.15530895183  130.237
4685.32178381914  130.4412
4685.48825868644  86.58414
4685.65473355374  105.7631
4685.82120842104  139.191
4685.98768328834  130.788
4686.15415815564  91.3897
4686.32063302295  118.9997
4686.48710789025  109.602
4686.65358275755  123.9165
4686.82005762485  116.7037
4686.98653249215  104.5022
4687.15300735945  123.8974
4687.31948222676  105.0493
4687.48595709406  121.6005
4687.65243196136  75.74013
4687.81890682866  102.5451
4687.98538169596  138.3362
4688.15185656326  124.3277
4688.31833143057  46.60043
4688.48480629787  82.00227
4688.65128116517  93.77579
4688.81775603247  121.693
4688.98423089977  136.646
4689.15070576708  122.6813
4689.31718063438  72.87095
4689.48365550168  29.9805
4689.65013036898  92.86039
4689.81660523628  90.99583
4689.98308010359  89.04839
4690.14955497089  97.94375
4690.31602983819  80.68684
4690.48250470549  66.35792
4690.64897957279  103.4925
4690.81545444009  87.46925
4690.9819293074  52.92995
4691.1484041747  53.56643
4691.314879042  65.93551
4691.4813539093  87.78284
4691.6478287766  72.44098
4691.8143036439  48.67493
4691.98077851121  73.73074
4692.14725337851  41.66163
4692.31372824581  78.44039
4692.48020311311  108.1474
4692.64667798041  73.82711
4692.81315284772  127.7658
4692.97962771502  127.9537
4693.14610258232  98.16692
4693.31257744962  79.44463
4693.47905231692  53.85167
4693.64552718422  87.0463
4693.81200205153  69.23104
4693.97847691883  60.42807
4694.14495178613  43.74221
4694.31142665343  83.31463
4694.47790152073  100.793
4694.64437638803  77.22633
4694.81085125534  52.83383
4694.97732612264  79.6785
4695.14380098994  80.47172
4695.31027585724  65.57665
4695.47675072454  38.40442
4695.64322559185  65.38522
4695.80970045915  88.12872
4695.97617532645  67.14931
4696.14265019375  62.05481
4696.30912506105  40.44008
4696.47559992835  53.84031
4696.64207479566  80.92796
4696.80854966296  98.70913
4696.97502453026  63.52261
4697.14149939756  85.44825
4697.30797426486  82.51703
4697.47444913216  43.8176
4697.64092399947  51.25208
4697.80739886677  87.99665
4697.97387373407  62.0679
4698.14034860137  41.58327
4698.30682346867  80.00489
4698.47329833598  50.85949
4698.63977320328  56.70592
4698.80624807058  78.17025
4698.97272293788  81.65701
4699.13919780518  87.71619
4699.30567267248  68.5502
4699.47214753978  62.27749
4699.63862240709  69.27827
4699.80509727439  86.20065
4699.97157214169  37.29055
4700.13804700899  64.96631
4700.3045218763  69.47639
4700.4709967436  50.6157
4700.6374716109  48.83511
4700.8039464782  63.8845
4700.9704213455  85.74044
4701.1368962128  75.13134
4701.30337108011  90.85493
4701.46984594741  67.16902
4701.63632081471  76.6973
4701.80279568201  63.47211
4701.96927054931  65.84959
4702.13574541661  82.58015
4702.30222028392  68.60718
4702.46869515122  59.97468
4702.63517001852  61.38108
4702.80164488582  50.06234
4702.96811975312  46.14671
4703.13459462042  69.50967
4703.30106948773  39.62504
4703.46754435503  27.29301
4703.63401922233  57.99549
4703.80049408963  24.99862
4703.96696895693  60.28547
4704.13344382424  49.50666
4704.29991869154  53.31309
4704.46639355884  60.94254
4704.63286842614  96.72344
4704.79934329344  54.72768
4704.96581816074  46.86197
4705.13229302805  51.09813
4705.29876789535  67.245
4705.46524276265  72.65772
4705.63171762995  57.45245
4705.79819249725  73.95943
4705.96466736455  40.40835
4706.13114223186  51.60691
4706.29761709916  65.47765
4706.46409196646  43.06944
4706.63056683376  64.17428
4706.79704170106  65.77245
4706.96351656837  32.77639
4707.12999143567  37.54898
4707.29646630297  17.63764
4707.46294117027  33.66317
4707.62941603757  30.22663
4707.79589090487  57.45106
4707.96236577218  61.50867
4708.12884063948  46.33519
4708.29531550678  48.73798
4708.46179037408  42.05594
4708.62826524138  52.34413
4708.79474010868  58.59527
4708.96121497599  58.59947
4709.12768984329  66.13716
4709.29416471059  44.71583
4709.46063957789  59.66271
4709.62711444519  40.3647
4709.7935893125  62.59398
4709.9600641798  40.46894
4710.1265390471  31.97198
4710.2930139144  52.79218
4710.4594887817  66.02979
4710.625963649  58.56787
4710.79243851631  29.35238
4710.95891338361  49.87928
4711.12538825091  8.560879
4711.29186311821  31.88207
4711.45833798551  31.44671
4711.62481285281  19.65923
4711.79128772012  45.55877
4711.95776258742  47.0676
4712.12423745472  24.13572
4712.29071232202  37.46084
4712.45718718932  41.4232
4712.62366205662  61.54198
4712.79013692393  36.47847
4712.95661179123  35.00041
4713.12308665853  57.12652
4713.28956152583  52.81596
4713.45603639313  33.83408
4713.62251126044  17.96328
4713.78898612774  39.93004
4713.95546099504  27.52817
4714.12193586234  39.29507
4714.28841072964  35.26082
4714.45488559694  38.42498
4714.62136046425  15.47364
4714.78783533155  7.779578
4714.95431019885  39.44387
4715.12078506615  62.44539
4715.28725993345  66.71828
4715.45373480076  26.74681
4715.62020966806  51.26035
4715.78668453536  54.56006
4715.95315940266  60.45229
4716.11963426996  50.17848
4716.28610913726  36.05306
4716.45258400457  44.92656
4716.61905887187  74.13214
4716.78553373917  37.15163
4716.95200860647  34.58257
4717.11848347377  11.1988
4717.28495834108  31.27581
4717.45143320838  46.32584
4717.61790807568  0.5586234
4717.78438294298  27.9322
4717.95085781028  25.43412
4718.11733267758  9.368977
4718.28380754489  24.21474
4718.45028241219  28.78311
4718.61675727949  55.57743
4718.78323214679  27.48017
4718.94970701409  43.96531
4719.11618188139  38.08119
4719.2826567487  72.37124
4719.449131616  36.01973
4719.6156064833  42.91885
4719.7820813506  32.90331
4719.9485562179  20.80843
4720.11503108521  31.83183
4720.28150595251  41.83204
4720.44798081981  40.18383
4720.61445568711  29.25212
4720.78093055441  26.47794
4720.94740542171  0.7322353
4721.11388028902  15.08128
4721.28035515632  16.98026
4721.44683002362  54.99686
4721.61330489092  72.68481
4721.77977975822  18.10709
4721.94625462552  2.863298
4722.11272949283  26.51875
4722.27920436013  49.31264
4722.44567922743  48.28674
4722.61215409473  6.144823
4722.77862896203  25.43393
4722.94510382934  56.92809
4723.11157869664  51.61679
4723.27805356394  43.6772
4723.44452843124  35.77663
4723.61100329854  22.87405
4723.77747816584  11.92568
4723.94395303315  -0.8453594
4724.11042790045  4.592222
4724.27690276775  21.85056
4724.44337763505  29.11999
4724.60985250235  17.24963
4724.77632736966  34.28946
4724.94280223696  24.32714
4725.10927710426  4.205324
4725.27575197156  27.04888
4725.44222683886  34.79007
4725.60870170616  11.85145
4725.77517657347  13.81809
4725.94165144077  11.56578
4726.10812630807  -2.86102
4726.27460117537  -1.233593
4726.44107604267  12.41523
4726.60755090997  1.304184
4726.77402577728  -2.63992
4726.94050064458  37.20592
4727.10697551188  35.7975
4727.27345037918  -20.36712
4727.43992524648  2.645405
4727.60640011378  18.02429
4727.77287498109  26.61673
4727.93934984839  59.37103
4728.10582471569  19.24718
4728.27229958299  20.18672
4728.43877445029  13.04796
4728.6052493176  11.46363
4728.7717241849  46.56735
4728.9381990522  34.60635
4729.1046739195  12.05138
4729.2711487868  16.94011
4729.43762365411  -6.152511
4729.60409852141  7.838072
4729.77057338871  -25.70468
4729.93704825601  -0.01289728
4730.10352312331  8.770589
4730.26999799061  21.93974
4730.43647285792  19.66911
4730.60294772522  26.60654
4730.76942259252  22.08808
4730.93589745982  7.823543
4731.10237232712  26.99176
4731.26884719442  28.77047
4731.43532206173  22.03444
4731.60179692903  -7.378143
4731.76827179633  32.43631
4731.93474666363  17.72399
4732.10122153093  1.072807
4732.26769639823  18.11283
4732.43417126554  19.74742
4732.60064613284  4.194269
4732.76712100014  -4.949835
4732.93359586744  12.03946
4733.10007073474  -19.07426
4733.26654560205  -1.129534
4733.43302046935  34.27899
4733.59949533665  57.68467
4733.76597020395  31.94138
4733.93244507125  10.1768
4734.09891993855  41.56063
4734.26539480586  -1.203173
4734.43186967316  6.310556
4734.59834454046  18.86335
4734.76481940776  -8.851007
4734.93129427506  11.81411
4735.09776914236  26.01088
4735.26424400967  23.31387
4735.43071887697  24.36218
4735.59719374427  -12.75292
4735.76366861157  -11.28329
4735.93014347887  -5.780286
4736.09661834618  19.16504
4736.26309321348  21.01054
4736.42956808078  9.692516
4736.59604294808  -10.64817
4736.76251781538  -3.398868
4736.92899268268  -10.81897
4737.09546754999  35.41884
4737.26194241729  -1.892793
4737.42841728459  -49.36712
4737.59489215189  -42.15431
4737.76136701919  7.36627
4737.92784188649  -11.54754
4738.0943167538  37.89792
4738.2607916211  18.3559
4738.4272664884  -25.99653
4738.5937413557  8.282586
4738.760216223  18.38775
4738.9266910903  -33.14741
4739.09316595761  20.21959
4739.25964082491  35.45824
4739.42611569221  8.092791
