4569.0760977695  31.96506
4569.24254073272  7.056538
4569.40898369595  4.397808
4569.57542665917  -4.505027
4569.7418696224  -13.03627
4569.90831258562  -5.558491
4570.07475554885  15.53884
4570.24119851207  26.09635
4570.4076414753  15.5417
4570.57408443852  0.9536406
4570.74052740175  1.56337
4570.90697036498  14.71736
4571.0734133282  16.12553
4571.23985629143  11.44601
4571.40629925465  7.125225
4571.57274221788  -0.08834
4571.7391851811  2.803083
4571.90562814432  10.37196
4572.07207110755  22.31699
4572.23851407077  6.136834
4572.404957034  14.87112
4572.57139999722  41.95317
4572.73784296045  33.52901
4572.90428592368  18.12242
4573.0707288869  15.6485
4573.23717185013  5.317211
4573.40361481335  2.681904
4573.57005777657  23.28021
4573.7365007398  12.0445
4573.90294370303  10.23292
4574.06938666625  11.54348
4574.23582962947  26.10756
4574.4022725927  -4.240444
4574.56871555593  -22.04693
4574.73515851915  0.2328234
4574.90160148237  30.44327
4575.0680444456  30.90734
4575.23448740883  19.39154
4575.40093037205  33.91064
4575.56737333528  21.53435
4575.7338162985  -4.248202
4575.90025926172  -0.6669066
4576.06670222495  -0.8571156
4576.23314518817  -2.128998
4576.3995881514  -7.332462
4576.56603111463  13.93288
4576.73247407785  25.59538
4576.89891704108  -3.360218
4577.0653600043  -14.72026
4577.23180296752  5.533179
4577.39824593075  27.1723
4577.56468889397  26.06855
4577.7311318572  21.47695
4577.89757482042  40.93573
4578.06401778365  27.96874
4578.23046074687  20.11003
4578.3969037101  4.419281
4578.56334667333  5.917477
4578.72978963655  1.46972
4578.89623259977  3.160988
4579.062675563  30.89037
4579.22911852622  35.7729
4579.39556148945  28.58557
4579.56200445267  36.66217
4579.7284474159  33.78602
4579.89489037912  7.321883
4580.06133334235  0.7640584
4580.22777630558  16.53536
4580.3942192688  -1.135466
4580.56066223202  -13.573
4580.72710519525  0.9706721
4580.89354815848  -8.018104
4581.0599911217  15.20269
4581.22643408493  7.712268
4581.39287704815  30.9928
4581.55932001138  30.85631
4581.7257629746  9.267962
4581.89220593782  -8.293272
4582.05864890105  4.54933
4582.22509186428  26.08037
4582.3915348275  26.74203
4582.55797779073  35.64694
4582.72442075395  41.16049
4582.89086371718  23.05482
4583.0573066804  5.351008
4583.22374964362  12.9487
4583.39019260685  53.71518
4583.55663557007  42.26432
4583.7230785333  13.00858
4583.88952149653  4.207683
4584.05596445975  19.07093
4584.22240742297  19.32378
4584.3888503862  20.79879
4584.55529334942  10.14533
4584.72173631265  7.274523
4584.88817927587  21.16006
4585.0546222391  29.23186
4585.22106520233  30.55455
4585.38750816555  -13.0392
4585.55395112877  -8.409018
4585.720394092  29.3227
4585.88683705522  49.93505
4586.05328001845  54.53076
4586.21972298167  27.87361
4586.3861659449  27.10518
4586.55260890812  35.57705
4586.71905187135  37.90875
4586.88549483457  39.5884
4587.0519377978  29.71308
4587.21838076102  26.89695
4587.38482372425  36.69762
4587.55126668748  40.34325
4587.7177096507  34.99507
4587.88415261393  20.71605
4588.05059557715  26.52854
4588.21703854038  33.31331
4588.3834815036  9.127501
4588.54992446683  17.13832
4588.71636743005  30.02734
4588.88281039327  40.04789
4589.0492533565  67.95966
4589.21569631973  37.58299
4589.38213928295  29.98016
4589.54858224618  36.02769
4589.7150252094  52.01052
4589.88146817263  68.30473
4590.04791113585  49.81802
4590.21435409907  22.95799
4590.3807970623  16.35524
4590.54724002552  36.87375
4590.71368298875  24.01572
4590.88012595197  13.15842
4591.0465689152  42.47505
4591.21301187843  42.44733
4591.37945484165  21.00767
4591.54589780488  35.58603
4591.7123407681  33.138
4591.87878373132  33.34634
4592.04522669455  44.57539
4592.21166965778  41.7298
4592.378112621  -4.525013
4592.54455558422  -9.017909
4592.71099854745  29.53399
4592.87744151067  33.43624
4593.0438844739  24.62289
4593.21032743712  20.32241
4593.37677040035  31.65786
4593.54321336358  14.94626
4593.7096563268  38.44225
4593.87609929003  20.50152
4594.04254225325  15.28411
4594.20898521647  25.78968
4594.3754281797  63.7861
4594.54187114292  64.80014
4594.70831410615  51.47452
4594.87475706937  48.74365
4595.0412000326  35.55217
4595.20764299583  14.0698
4595.37408595905  40.66061
4595.54052892228  70.02122
4595.7069718855  42.21669
4595.87341484872  29.14506
4596.03985781195  35.71619
4596.20630077518  35.5135
4596.3727437384  41.01329
4596.53918670162  24.41214
4596.70562966485  54.06351
4596.87207262808  52.44163
4597.0385155913  14.36967
4597.20495855452  6.267859
4597.37140151775  44.86532
4597.53784448098  29.57784
4597.7042874442  38.09972
4597.87073040742  26.79312
4598.03717337065  37.68888
4598.20361633387  56.23897
4598.3700592971  42.05795
4598.53650226033  39.52426
4598.70294522355  38.44172
4598.86938818677  32.1283
4599.03583115  22.1862
4599.20227411323  47.64411
4599.36871707645  17.30186
4599.53516003967  39.20741
4599.7016030029  17.95203
4599.86804596612  26.6919
4600.03448892935  2.093097
4600.20093189257  16.22341
4600.3673748558  25.79679
4600.53381781903  42.32892
4600.70026078225  8.494824
4600.86670374548  28.12862
4601.0331467087  51.99734
4601.19958967192  50.03476
4601.36603263515  32.12304
4601.53247559837  48.16806
4601.6989185616  93.52619
4601.86536152483  43.54678
4602.03180448805  29.57288
4602.19824745128  19.79331
4602.3646904145  25.91316
4602.53113337773  36.01316
4602.69757634095  41.25699
4602.86401930417  46.32312
4603.0304622674  49.27047
4603.19690523063  47.52636
4603.36334819385  34.94427
4603.52979115707  26.18153
4603.6962341203  42.93982
4603.86267708352  55.99541
4604.02912004675  54.13093
4604.19556300997  34.24294
4604.3620059732  18.07896
4604.52844893643  32.69123
4604.69489189965  30.03584
4604.86133486287  29.1323
4605.0277778261  72.19097
4605.19422078932  41.11133
4605.36066375255  -3.025361
4605.52710671577  58.07295
4605.693549679  46.05203
4605.85999264223  34.35104
4606.02643560545  28.60748
4606.19287856868  47.59932
4606.3593215319  31.68672
4606.52576449513  44.69925
4606.69220745835  42.71246
4606.85865042157  71.01828
4607.0250933848  63.74339
4607.19153634802  7.505073
4607.35797931125  29.05794
4607.52442227447  48.21219
4607.6908652377  40.17259
4607.85730820093  38.15432
4608.02375116415  33.24619
4608.19019412738  26.99496
4608.3566370906  5.696009
4608.52308005382  47.47221
4608.68952301705  52.88706
4608.85596598028  38.50702
4609.0224089435  40.4549
4609.18885190673  60.89465
4609.35529486995  56.19
4609.52173783317  31.7944
4609.6881807964  63.19008
4609.85462375962  59.78518
4610.02106672285  24.25065
4610.18750968608  59.00694
4610.3539526493  57.74251
4610.52039561253  62.13497
4610.68683857575  63.04637
4610.85328153897  76.4482
4611.0197245022  39.74925
4611.18616746542  12.44564
4611.35261042865  45.03644
4611.51905339188  17.47216
4611.6854963551  -0.5246823
4611.85193931832  31.03507
4612.01838228155  21.04506
4612.18482524478  12.8328
4612.351268208  38.77568
4612.51771117122  58.03639
4612.68415413445  43.16336
4612.85059709767  16.65942
4613.0170400609  44.12582
4613.18348302412  76.34625
4613.34992598735  72.52702
4613.51636895058  81.99534
4613.6828119138  71.44493
4613.84925487702  31.7841
4614.01569784025  62.00962
4614.18214080347  45.33111
4614.3485837667  51.86355
4614.51502672993  45.57436
4614.68146969315  25.25589
4614.84791265637  44.90523
4615.0143556196  43.90234
4615.18079858283  27.1361
4615.34724154605  33.4748
4615.51368450927  50.06452
4615.6801274725  48.72367
4615.84657043573  59.45027
4616.01301339895  78.31127
4616.17945636218  40.84134
4616.3458993254  51.39986
4616.51234228862  41.8929
4616.67878525185  29.95549
4616.84522821508  69.44404
4617.0116711783  34.21532
4617.17811414153  41.13183
4617.34455710475  79.16232
4617.51100006798  58.08693
4617.6774430312  49.94589
4617.84388599442  42.54423
4618.01032895765  52.72404
4618.17677192087  50.73015
4618.3432148841  47.40036
4618.50965784732  67.92976
4618.67610081055  49.20529
4618.84254377378  51.69352
4619.008986737  76.36861
4619.17542970023  57.93466
4619.34187266345  50.61444
4619.50831562667  62.65941
4619.6747585899  62.86657
4619.84120155312  49.33839
4620.00764451635  54.83175
4620.17408747957  62.35903
4620.3405304428  63.75344
4620.50697340603  56.80939
4620.67341636925  58.94498
4620.83985933247  56.94629
4621.0063022957  61.2521
4621.17274525892  91.30186
4621.33918822215  76.94368
4621.50563118538  62.36145
4621.6720741486  52.79347
4621.83851711182  38.24995
4622.00496007505  54.89137
4622.17140303827  46.71339
4622.3378460015  47.13237
4622.50428896472  66.0109
4622.67073192795  48.53608
4622.83717489118  48.45924
4623.0036178544  50.18483
4623.17006081763  28.79952
4623.33650378085  31.51117
4623.50294674407  41.74187
4623.6693897073  40.10386
4623.83583267052  34.67228
4624.00227563375  30.1654
4624.16871859697  29.22702
4624.3351615602  37.20197
4624.50160452343  63.52301
4624.66804748665  59.40001
4624.83449044988  70.82196
4625.0009334131  48.76549
4625.16737637632  45.65567
4625.33381933955  71.35841
4625.50026230277  71.75377
4625.666705266  61.78432
4625.83314822922  56.91476
4625.99959119245  70.59272
4626.16603415568  71.66387
4626.3324771189  51.6871
4626.49892008212  72.49245
4626.66536304535  57.53647
4626.83180600857  71.74723
4626.9982489718  89.72234
4627.16469193503  62.34604
4627.33113489825  48.80612
4627.49757786148  49.79253
4627.6640208247  65.80039
4627.83046378792  69.14207
4627.99690675115  52.42313
4628.16334971437  38.8982
4628.3297926776  29.5628
4628.49623564083  40.39406
4628.66267860405  61.43273
4628.82912156727  72.58009
4628.9955645305  67.97186
4629.16200749372  60.57399
4629.32845045695  65.63858
4629.49489342017  54.36823
4629.6613363834  52.51536
4629.82777934663  55.72961
4629.99422230985  68.16385
4630.16066527308  44.29426
4630.3271082363  72.59879
4630.49355119952  92.76048
4630.65999416275  73.12176
4630.82643712597  59.01831
4630.9928800892  53.42952
4631.15932305243  69.76408
4631.32576601565  56.50612
4631.49220897887  59.17258
4631.6586519421  33.31123
4631.82509490533  54.10944
4631.99153786855  83.79578
4632.15798083177  105.8318
4632.324423795  93.71201
4632.49086675822  87.41868
4632.65730972145  79.34971
4632.82375268467  43.7907
4632.9901956479  80.25829
4633.15663861112  67.68179
4633.32308157435  41.30618
4633.48952453758  85.16212
4633.6559675008  88.83088
4633.82241046402  65.49969
4633.98885342725  67.10965
4634.15529639048  77.58518
4634.3217393537  83.48113
4634.48818231693  61.90174
4634.65462528015  34.89103
4634.82106824337  50.17154
4634.9875112066  82.53453
4635.15395416983  82.90234
4635.32039713305  71.7207
4635.48684009628  81.62592
4635.6532830595  85.25774
4635.81972602273  58.0851
4635.98616898595  72.02512
4636.15261194917  50.69007
4636.3190549124  48.85331
4636.48549787562  53.7069
4636.65194083885  95.73617
4636.81838380208  90.5226
4636.9848267653  55.2893
4637.15126972852  47.35611
4637.31771269175  76.73437
4637.48415565498  85.9494
4637.6505986182  90.26429
4637.81704158142  81.44717
4637.98348454465  63.7653
4638.14992750788  44.99654
4638.3163704711  78.05124
4638.48281343432  80.61639
4638.64925639755  80.95598
4638.81569936077  65.34632
4638.982142324  79.6509
4639.14858528722  57.86602
4639.31502825045  55.78913
4639.48147121368  44.60797
4639.6479141769  72.24025
4639.81435714013  64.51803
4639.98080010335  60.15019
4640.14724306657  75.38594
4640.3136860298  84.6244
4640.48012899302  59.49891
4640.64657195625  96.63665
4640.81301491947  77.50635
4640.9794578827  57.25008
4641.14590084593  74.27004
4641.31234380915  67.72094
4641.47878677238  65.04559
4641.6452297356  46.74196
4641.81167269882  62.68126
4641.97811566205  77.1427
4642.14455862527  66.42029
4642.3110015885  75.71025
4642.47744455172  82.71709
4642.64388751495  75.90354
4642.81033047818  69.90553
4642.9767734414  81.9207
4643.14321640462  63.46373
4643.30965936785  56.75163
4643.47610233107  77.41106
4643.6425452943  95.925
4643.80898825753  77.71259
4643.97543122075  83.95596
4644.14187418398  76.03175
4644.3083171472  70.83714
4644.47476011043  84.88535
4644.64120307365  83.49982
4644.80764603687  95.09413
4644.9740890001  55.51899
4645.14053196333  73.11793
4645.30697492655  54.29945
4645.47341788977  51.06988
4645.639860853  88.76464
4645.80630381622  86.14391
4645.97274677945  69.76524
4646.13918974267  87.45191
4646.3056327059  68.26569
4646.47207566913  51.49451
4646.63851863235  73.68829
4646.80496159558  70.95608
4646.9714045588  73.06236
4647.13784752202  75.93825
4647.30429048525  90.13541
4647.47073344847  64.099
4647.6371764117  36.95333
4647.80361937492  54.45966
4647.97006233815  68.97862
4648.13650530138  52.89078
4648.3029482646  97.37743
4648.46939122783  80.18515
4648.63583419105  91.27528
4648.80227715427  75.47462
4648.9687201175  96.21789
4649.13516308072  91.08562
4649.30160604395  59.00548
4649.46804900717  47.62078
4649.6344919704  56.36757
4649.80093493362  82.52877
4649.96737789685  107.3028
4650.13382086008  82.67697
4650.3002638233  62.70043
4650.46670678653  71.70395
4650.63314974975  63.43378
4650.79959271298  62.30518
4650.9660356762  84.73471
4651.13247863943  78.05499
4651.29892160265  84.11077
4651.46536456587  79.3854
4651.6318075291  71.1972
4651.79825049232  78.45042
4651.96469345555  44.99312
4652.13113641878  49.80072
4652.297579382  92.2522
4652.46402234523  71.25469
4652.63046530845  64.2038
4652.79690827167  85.84715
4652.9633512349  76.79115
4653.12979419812  60.16238
4653.29623716135  84.57613
4653.46268012457  66.31429
4653.6291230878  77.67578
4653.79556605103  80.98386
4653.96200901425  74.35389
4654.12845197748  77.9368
4654.2948949407  76.34388
4654.46133790392  106.2609
4654.62778086715  91.68945
4654.79422383037  70.81292
4654.9606667936  73.23617
4655.12710975683  94.04659
4655.29355272005  84.14383
4655.45999568327  46.99883
4655.6264386465  63.26913
4655.79288160972  86.24624
4655.95932457295  79.3848
4656.12576753617  91.54855
4656.2922104994  91.37541
4656.45865346263  80.69353
4656.62509642585  83.22343
4656.79153938907  89.26805
4656.9579823523  88.3158
4657.12442531552  73.8578
4657.29086827875  66.03638
4657.45731124198  77.88013
4657.6237542052  85.17016
4657.79019716843  77.53059
4657.95664013165  89.88248
4658.12308309488  67.15344
4658.2895260581  48.65429
4658.45596902132  83.4751
4658.62241198455  74.9531
4658.78885494777  59.22334
4658.955297911  80.33325
4659.12174087422  86.23585
4659.28818383745  79.441
4659.45462680068  61.12509
4659.6210697639  79.02847
4659.78751272712  44.83006
4659.95395569035  57.77315
4660.12039865357  117.3891
4660.2868416168  66.90826
4660.45328458003  55.53188
4660.61972754325  101.1093
4660.78617050647  79.66455
4660.9526134697  64.05199
4661.11905643293  66.75316
4661.28549939615  68.31625
4661.45194235937  86.08976
4661.6183853226  82.77289
4661.78482828582  78.29337
4661.95127124905  55.99929
4662.11771421228  71.08752
4662.2841571755  70.09444
4662.45060013873  55.70691
4662.61704310195  76.58344
4662.78348606518  83.88711
4662.9499290284  77.40902
4663.11637199162  66.6027
4663.28281495485  76.48926
4663.44925791808  43.06007
4663.6157008813  64.38726
4663.78214384452  83.20865
4663.94858680775  71.73317
4664.11502977097  108.3121
4664.2814727342  79.5519
4664.44791569742  76.0247
4664.61435866065  84.11045
4664.78080162388  64.79669
4664.9472445871  94.30773
4665.11368755033  83.26469
4665.28013051355  55.96634
4665.44657347677  64.78541
4665.61301644  77.79678
4665.77945940322  71.99238
4665.94590236645  80.86602
4666.11234532967  87.32121
4666.2787882929  65.81318
4666.44523125612  66.03447
4666.61167421935  78.88073
4666.77811718257  101.3906
4666.9445601458  77.41758
4667.11100310902  78.93362
4667.27744607225  55.54659
4667.44388903548  66.1579
4667.6103319987  84.02596
4667.77677496192  83.31615
4667.94321792515  68.1639
4668.10966088837  42.31917
4668.2761038516  48.48656
4668.44254681482  58.26707
4668.60898977805  72.55344
4668.77543274128  84.45007
4668.9418757045  51.65919
4669.10831866773  89.34431
4669.27476163095  52.15726
4669.44120459418  88.68008
4669.6076475574  98.79805
4669.77409052062  73.74258
4669.94053348385  42.85893
4670.10697644707  48.56579
4670.2734194103  36.18779
4670.43986237353  77.17361
4670.60630533675  94.04392
4670.77274829998  48.30182
4670.9391912632  64.71074
4671.10563422643  63.32367
4671.27207718965  68.86323
4671.43852015287  72.9313
4671.6049631161  53.67183
4671.77140607933  86.45274
4671.93784904255  85.90906
4672.10429200578  87.73431
4672.270734969  80.53956
4672.43717793222  104.5778
4672.60362089545  54.85303
4672.77006385867  89.7196
4672.9365068219  83.88377
4673.10294978513  75.92815
4673.26939274835  59.59933
4673.43583571158  87.77156
4673.6022786748  85.4095
4673.76872163802  111.0228
4673.93516460125  101.5591
4674.10160756447  114.0508
4674.2680505277  104.4356
4674.43449349093  50.51619
4674.60093645415  49.37219
4674.76737941737  112.1226
4674.9338223806  96.67925
4675.10026534382  71.21272
4675.26670830705  75.44684
4675.43315127027  108.5154
4675.5995942335  100.5957
4675.76603719673  85.22667
4675.93248015995  75.07912
4676.09892312318  93.18358
4676.2653660864  93.97756
4676.43180904963  97.54167
4676.59825201285  110.9175
4676.76469497607  90.29233
4676.9311379393  89.76378
4677.09758090252  95.17569
4677.26402386575  116.2516
4677.43046682897  82.30328
4677.5969097922  102.5544
4677.76335275543  86.46284
4677.92979571865  75.64594
4678.09623868188  104.9706
4678.2626816451  94.65852
4678.42912460832  104.0682
4678.59556757155  99.77418
4678.76201053478  106.313
4678.928453498  108.4794
4679.09489646123  104.4481
4679.26133942445  82.9148
4679.42778238768  82.62547
4679.5942253509  87.4972
4679.76066831412  104.4098
4679.92711127735  94.35664
4680.09355424058  62.09767
4680.2599972038  120.5635
4680.42644016703  128.7214
4680.59288313025  93.6794
4680.75932609347  113.4532
4680.9257690567  97.96975
4681.09221201992  105.0628
4681.25865498315  100.4954
4681.42509794638  117.8212
4681.5915409096  106.3321
4681.75798387283  87.48457
4681.92442683605  129.2647
4682.09086979927  128.9195
4682.2573127625  101.1881
4682.42375572572  126.8335
4682.59019868895  133.3383
4682.75664165217  125.0715
4682.9230846154  117.9534
4683.08952757862  119.0654
4683.25597054185  103.2337
4683.42241350508  91.07581
4683.5888564683  98.49065
4683.75529943152  93.68459
4683.92174239475  115.7776
4684.08818535797  108.2518
4684.2546283212  118.2792
4684.42107128442  114.336
4684.58751424765  110.4323
4684.75395721087  99.32987
4684.9204001741  94.37636
4685.08684313733  122.3389
4685.25328610055  135.0023
4685.41972906378  126.0044
4685.586172027  127.8511
4685.75261499023  108.2507
4685.91905795345  87.95299
4686.08550091668  77.89791
4686.2519438799  78.79392
4686.41838684312  80.8346
4686.58482980635  68.69814
4686.75127276957  88.18098
4686.9177157328  101.3681
4687.08415869603  76.01167
4687.25060165925  101.4859
4687.41704462248  112.8986
4687.5834875857  76.80502
4687.74993054892  83.98191
4687.91637351215  70.10075
4688.08281647537  84.93942
4688.2492594386  67.8731
4688.41570240182  97.61465
4688.58214536505  87.7968
4688.74858832828  71.35519
4688.9150312915  78.39387
4689.08147425472  112.4895
4689.24791721795  110.4759
4689.41436018117  100.1259
4689.5808031444  72.11843
4689.74724610762  106.6531
4689.91368907085  107.2221
4690.08013203408  77.81059
4690.2465749973  100.4994
4690.41301796053  104.485
4690.57946092375  76.07206
4690.74590388697  82.98759
4690.9123468502  81.47182
4691.07878981342  92.64285
4691.24523277665  91.80733
4691.41167573987  66.98163
4691.5781187031  60.79509
4691.74456166633  83.24487
4691.91100462955  75.15716
4692.07744759277  61.62991
4692.243890556  69.37818
4692.41033351923  82.73648
4692.57677648245  69.66685
4692.74321944568  69.72286
4692.9096624089  58.72136
4693.07610537213  43.80844
4693.24254833535  78.74923
4693.40899129857  76.23077
4693.5754342618  78.01183
4693.74187722502  86.74703
4693.90832018825  63.56359
4694.07476315148  39.89475
4694.2412061147  21.41978
4694.40764907793  54.02462
4694.57409204115  40.52122
4694.74053500437  45.39545
4694.9069779676  70.18245
4695.07342093082  75.67611
4695.23986389405  37.67747
4695.40630685727  32.60261
4695.5727498205  72.20873
4695.73919278372  50.21918
4695.90563574695  45.41685
4696.07207871018  63.72151
4696.2385216734  60.44916
4696.40496463663  24.52948
4696.57140759985  45.18109
4696.73785056307  63.87676
4696.9042935263  55.29763
4697.07073648953  67.59953
4697.23717945275  44.25344
4697.40362241597  51.87781
4697.5700653792  31.05015
4697.73650834242  51.34674
4697.90295130565  41.12062
4698.06939426887  36.78317
4698.2358372321  47.39928
4698.40228019533  76.02209
4698.56872315855  47.70546
4698.73516612178  48.31729
4698.901609085  76.70858
4699.06805204822  44.10434
4699.23449501145  32.57055
4699.40093797467  75.93868
4699.5673809379  71.42648
4699.73382390113  53.27299
4699.90026686435  53.9892
4700.06670982758  65.36489
4700.2331527908  71.87241
4700.39959575402  65.90157
4700.56603871725  60.88111
4700.73248168047  35.86731
4700.8989246437  40.22342
4701.06536760693  78.34951
4701.23181057015  45.68791
4701.39825353337  66.90004
4701.5646964966  36.33872
4701.73113945982  43.01728
4701.89758242305  21.86296
4702.06402538627  27.80485
4702.2304683495  55.25766
4702.39691131273  54.87585
4702.56335427595  37.75443
4702.72979723917  46.88712
4702.8962402024  34.62992
4703.06268316562  19.96049
4703.22912612885  13.71029
4703.39556909208  40.66835
4703.5620120553  43.82098
4703.72845501852  61.04734
4703.89489798175  49.08973
4704.06134094498  5.184393
4704.2277839082  34.66783
4704.39422687142  41.77561
4704.56066983465  27.13773
4704.72711279787  59.0403
4704.8935557611  44.14216
4705.05999872432  60.29322
4705.22644168755  50.24987
4705.39288465078  -13.0673
4705.559327614  26.14737
4705.72577057723  48.76487
4705.89221354045  58.41352
4706.05865650367  17.23096
4706.2250994669  7.852844
4706.39154243013  23.6082
4706.55798539335  33.47176
4706.72442835658  28.43906
4706.8908713198  53.76122
4707.05731428303  49.38628
4707.22375724625  37.49436
4707.39020020947  38.58944
4707.5566431727  31.26756
4707.72308613592  44.01712
4707.88952909915  55.41552
4708.05597206238  50.6836
4708.2224150256  13.67398
4708.38885798883  21.51521
4708.55530095205  42.58425
4708.72174391528  44.42169
4708.8881868785  58.51324
4709.05462984172  33.85765
4709.22107280495  33.42326
4709.38751576818  21.8724
4709.5539587314  18.37341
4709.72040169462  36.14466
4709.88684465785  34.95144
4710.05328762107  26.00748
4710.2197305843  27.6405
4710.38617354752  33.03867
4710.55261651075  60.99376
4710.71905947398  15.13603
4710.8855024372  12.0189
4711.05194540043  4.860592
4711.21838836365  38.95372
4711.38483132687  39.85851
4711.5512742901  21.44767
4711.71771725332  31.68459
4711.88416021655  32.59986
4712.05060317977  22.59603
4712.217046143  52.10249
4712.38348910622  42.48546
4712.54993206945  40.81972
4712.71637503267  11.93013
4712.8828179959  0.9297184
4713.04926095913  48.90643
4713.21570392235  28.77116
4713.38214688558  8.869787
4713.5485898488  0.9864326
4713.71503281203  43.2527
4713.88147577525  40.94931
4714.04791873848  28.03425
4714.2143617017  44.41879
4714.38080466492  36.59126
4714.54724762815  21.87872
4714.71369059138  33.60534
4714.8801335546  51.00705
4715.04657651783  23.54196
4715.21301948105  5.804599
4715.37946244428  4.909001
4715.5459054075  15.36059
4715.71234837072  17.70037
4715.87879133395  24.96177
4716.04523429717  29.79741
4716.2116772604  44.62012
4716.37812022363  27.61614
4716.54456318685  50.02218
4716.71100615007  38.75455
4716.8774491133  53.38896
4717.04389207653  33.52188
4717.21033503975  19.58944
4717.37677800297  22.46828
4717.5432209662  16.23626
4717.70966392942  10.83398
4717.87610689265  21.45156
4718.04254985588  10.74994
4718.2089928191  37.87016
4718.37543578232  42.25985
4718.54187874555  61.20375
4718.70832170877  39.743
4718.874764672  28.0895
4719.04120763522  32.74803
4719.20765059845  9.566796
4719.37409356168  22.31509
4719.5405365249  38.51605
4719.70697948812  26.73465
4719.87342245135  24.32327
4720.03986541458  47.02539
4720.2063083778  40.0373
4720.37275134103  35.87024
4720.53919430425  22.61474
4720.70563726748  18.25661
4720.8720802307  5.597339
4721.03852319393  18.92486
4721.20496615715  11.28644
4721.37140912037  15.20957
4721.5378520836  25.79337
4721.70429504683  22.09308
4721.87073801005  23.08175
4722.03718097328  -2.80718
4722.2036239365  5.774749
4722.37006689973  11.14267
4722.53650986295  15.74791
4722.70295282617  38.61933
4722.8693957894  25.504
4723.03583875262  28.28225
4723.20228171585  14.50229
4723.36872467907  20.47277
4723.5351676423  27.94299
4723.70161060553  10.38865
4723.86805356875  26.49479
4724.03449653198  22.02181
4724.2009394952  17.28805
4724.36738245842  20.80085
4724.53382542165  21.60909
4724.70026838487  20.89881
4724.8667113481  16.37626
4725.03315431133  -10.77607
4725.19959727455  -13.40193
4725.36604023778  23.0837
4725.532483201  16.83084
4725.69892616422  9.858184
4725.86536912745  17.68988
4726.03181209067  14.71422
4726.1982550539  43.3221
4726.36469801713  40.32973
4726.53114098035  29.749
4726.69758394357  16.06102
4726.8640269068  -6.209375
4727.03046987002  -0.8223348
4727.19691283325  -6.241039
4727.36335579648  14.73286
4727.5297987597  20.25315
4727.69624172293  28.15722
4727.86268468615  32.8861
4728.02912764938  8.757599
4728.1955706126  6.245154
4728.36201357582  29.57133
4728.52845653905  16.26189
4728.69489950227  21.65535
4728.8613424655  39.44756
4729.02778542872  39.02896
4729.19422839195  4.195507
4729.36067135518  -2.815096
4729.5271143184  16.8557
4729.69355728162  27.58677
4729.86000024485  40.43772
4730.02644320807  11.84045
4730.1928861713  11.43206
4730.35932913452  14.84672
4730.52577209775  11.98848
4730.69221506097  19.40371
4730.8586580242  30.18421
4731.02510098743  -2.160294
4731.19154395065  17.67111
4731.35798691387  46.16941
4731.5244298771  -1.911087
4731.69087284033  19.15034
4731.85731580355  13.3527
4732.02375876678  2.887227
4732.19020173  13.31773
4732.35664469322  19.35997
4732.52308765645  16.44445
4732.68953061967  24.84057
4732.8559735829  6.9254
4733.02241654612  -20.97356
4733.18885950935  0.6769436
4733.35530247258  18.87667
4733.5217454358  1.476057
4733.68818839902  0.3129463
4733.85463136225  27.32594
4734.02107432548  2.527896
4734.1875172887  -8.490142
4734.35396025192  -8.137309
4734.52040321515  24.24609
4734.68684617838  10.35852
4734.8532891416  -10.09595
4735.01973210483  30.53163
4735.18617506805  7.852308
4735.35261803127  -1.89927
4735.5190609945  -3.86961
4735.68550395772  28.46488
4735.85194692095  32.18407
4736.01838988418  3.195853
4736.1848328474  10.47569
4736.35127581063  23.26671
4736.51771877385  43.76827
4736.68416173707  -0.9465311
4736.8506047003  -1.991123
4737.01704766352  11.71656
4737.18349062675  4.251503
4737.34993358997  16.29484
4737.5163765532  20.77095
4737.68281951642  11.41676
4737.84926247965  -1.070541
4738.01570544287  18.35944
4738.1821484061  -6.956073
4738.34859136933  -16.20858
4738.51503433255  -7.903251
4738.68147729578  22.32287
4738.847920259  21.9391
4739.01436322223  -30.40854
4739.18080618545  4.919984
4739.34724914867  26.07435
