4569.1867842728  -3.836617
4569.35319193293  7.267952
4569.51959959306  -1.759965
4569.68600725319  33.45216
4569.85241491332  12.92989
4570.01882257345  -7.711648
4570.18523023358  19.85853
4570.35163789372  11.47073
4570.51804555385  -12.96798
4570.68445321398  14.94725
4570.85086087411  28.15644
4571.01726853424  5.645989
4571.18367619437  24.1438
4571.3500838545  25.42315
4571.51649151463  2.071965
4571.68289917476  -13.32955
4571.84930683489  -9.130882
4572.01571449503  3.393901
4572.18212215516  -0.8814162
4572.34852981529  -8.453767
4572.51493747542  -5.933309
4572.68134513555  5.407836
4572.84775279568  4.738238
4573.01416045581  8.456746
4573.18056811594  22.2963
4573.34697577607  -6.738301
4573.5133834362  -14.35575
4573.67979109633  -10.45795
4573.84619875646  -13.59556
4574.01260641659  13.77081
4574.17901407672  -0.1226092
4574.34542173686  -14.19683
4574.51182939699  -12.78702
4574.67823705712  9.535676
4574.84464471725  12.46386
4575.01105237738  15.84235
4575.17746003751  17.2778
4575.34386769764  -7.216563
4575.51027535777  7.824642
4575.6766830179  21.03667
4575.84309067803  0.3358557
4576.00949833816  -6.806952
4576.1759059983  15.42159
4576.34231365843  17.1626
4576.50872131856  2.526176
4576.67512897869  40.48941
4576.84153663882  42.05062
4577.00794429895  4.852965
4577.17435195908  16.26693
4577.34075961921  24.57087
4577.50716727934  -1.092831
4577.67357493947  -4.821211
4577.8399825996  -7.245763
4578.00639025974  -4.480173
4578.17279791987  12.79242
4578.33920558  -7.151076
4578.50561324013  -11.97639
4578.67202090026  -25.47826
4578.83842856039  23.60843
4579.00483622052  26.95063
4579.17124388065  -0.03733714
4579.33765154078  9.401844
4579.50405920091  18.92036
4579.67046686104  11.3861
4579.83687452117  22.51752
4580.00328218131  19.87892
4580.16968984144  -10.97974
4580.33609750157  -1.460612
4580.5025051617  14.27048
4580.66891282183  10.20325
4580.83532048196  10.78944
4581.00172814209  8.389729
4581.16813580222  4.173798
4581.33454346235  -6.924166
4581.50095112248  -17.00635
4581.66735878261  -0.4459342
4581.83376644275  13.34223
4582.00017410288  10.87594
4582.16658176301  13.58614
4582.33298942314  5.839742
4582.49939708327  8.057715
4582.6658047434  25.5394
4582.83221240353  9.407993
4582.99862006366  22.79879
4583.16502772379  -3.215357
4583.33143538392  12.11164
4583.49784304405  21.03655
4583.66425070418  11.24496
4583.83065836432  5.073274
4583.99706602445  -4.736222
4584.16347368458  29.22478
4584.32988134471  12.88868
4584.49628900484  -24.38278
4584.66269666497  6.514033
4584.8291043251  33.71654
4584.99551198523  20.31496
4585.16191964536  22.62755
4585.32832730549  33.32594
4585.49473496562  14.1989
4585.66114262575  1.774486
4585.82755028589  9.300441
4585.99395794602  -4.546109
4586.16036560615  24.49343
4586.32677326628  30.15071
4586.49318092641  24.67
4586.65958858654  4.11704
4586.82599624667  18.16852
4586.9924039068  42.02488
4587.15881156693  32.58865
4587.32521922706  22.10528
4587.49162688719  14.31546
4587.65803454732  17.92683
4587.82444220746  39.11734
4587.99084986759  22.16342
4588.15725752772  15.90627
4588.32366518785  18.92251
4588.49007284798  10.32818
4588.65648050811  3.452505
4588.82288816824  40.74454
4588.98929582837  39.125
4589.1557034885  17.63581
4589.32211114863  28.54512
4589.48851880877  33.18352
4589.6549264689  28.09962
4589.82133412903  22.62574
4589.98774178916  6.719594
4590.15414944929  0.833437
4590.32055710942  17.08586
4590.48696476955  36.64491
4590.65337242968  30.67849
4590.81978008981  15.85497
4590.98618774994  27.63607
4591.15259541007  14.9681
4591.3190030702  28.84751
4591.48541073034  21.31032
4591.65181839047  27.41296
4591.8182260506  40.24512
4591.98463371073  22.13855
4592.15104137086  41.94537
4592.31744903099  30.98523
4592.48385669112  18.59472
4592.65026435125  12.57095
4592.81667201138  -13.11921
4592.98307967151  23.02791
4593.14948733164  34.7033
4593.31589499177  24.40748
4593.48230265191  20.38308
4593.64871031204  23.1279
4593.81511797217  32.04812
4593.9815256323  42.71855
4594.14793329243  39.07196
4594.31434095256  28.59629
4594.48074861269  7.196731
4594.64715627282  13.48773
4594.81356393295  43.85963
4594.97997159308  40.79857
4595.14637925321  9.471227
4595.31278691334  -7.125607
4595.47919457348  8.252546
4595.64560223361  28.91591
4595.81200989374  22.90219
4595.97841755387  11.43834
4596.144825214  11.67903
4596.31123287413  18.96802
4596.47764053426  10.97484
4596.64404819439  19.86517
4596.81045585452  26.25549
4596.97686351465  23.75578
4597.14327117478  19.21444
4597.30967883491  39.02825
4597.47608649505  37.13447
4597.64249415518  25.79788
4597.80890181531  35.16258
4597.97530947544  29.05409
4598.14171713557  8.526853
4598.3081247957  6.439111
4598.47453245583  24.6808
4598.64094011596  21.51467
4598.80734777609  -5.336323
4598.97375543622  11.85485
4599.14016309636  25.12663
4599.30657075649  35.53234
4599.47297841662  41.92294
4599.63938607675  29.33697
4599.80579373688  22.12198
4599.97220139701  30.71223
4600.13860905714  28.06661
4600.30501671727  27.85946
4600.4714243774  27.4189
4600.63783203753  26.1998
4600.80423969766  27.77888
4600.97064735779  16.06805
4601.13705501792  1.826436
4601.30346267806  10.97777
4601.46987033819  30.2843
4601.63627799832  25.54535
4601.80268565845  14.88312
4601.96909331858  16.03379
4602.13550097871  2.683428
4602.30190863884  39.17696
4602.46831629897  46.862
4602.6347239591  18.72055
4602.80113161923  28.12781
4602.96753927936  29.32128
4603.1339469395  8.212943
4603.30035459963  13.34413
4603.46676225976  24.23875
4603.63316991989  34.07413
4603.79957758002  40.39888
4603.96598524015  31.63822
4604.13239290028  28.45397
4604.29880056041  17.32928
4604.46520822054  20.59842
4604.63161588067  43.48586
4604.7980235408  32.62095
4604.96443120094  20.62457
4605.13083886107  13.25408
4605.2972465212  19.07071
4605.46365418133  66.85632
4605.63006184146  41.82965
4605.79646950159  12.31451
4605.96287716172  52.60153
4606.12928482185  23.90523
4606.29569248198  16.92927
4606.46210014211  30.28786
4606.62850780224  18.74068
4606.79491546237  14.08306
4606.9613231225  15.14291
4607.12773078264  0.9516922
4607.29413844277  25.81993
4607.4605461029  36.14896
4607.62695376303  12.58679
4607.79336142316  12.36122
4607.95976908329  8.714944
4608.12617674342  23.22386
4608.29258440355  40.5143
4608.45899206368  21.00315
4608.62539972381  48.01295
4608.79180738394  17.51149
4608.95821504408  4.836769
4609.12462270421  -13.78114
4609.29103036434  34.39022
4609.45743802447  35.83161
4609.6238456846  61.07278
4609.79025334473  22.2302
4609.95666100486  38.1942
4610.12306866499  28.64172
4610.28947632512  37.51038
4610.45588398525  23.42986
4610.62229164538  8.544343
4610.78869930551  29.3189
4610.95510696565  36.29857
4611.12151462578  14.60387
4611.28792228591  15.82086
4611.45432994604  39.60073
4611.62073760617  39.05214
4611.7871452663  36.58989
4611.95355292643  32.06547
4612.11996058656  18.84355
4612.28636824669  37.66478
4612.45277590682  41.76754
4612.61918356695  16.04103
4612.78559122709  26.78188
4612.95199888722  35.68604
4613.11840654735  31.80634
4613.28481420748  22.71428
4613.45122186761  5.954217
4613.61762952774  8.151484
4613.78403718787  32.02004
4613.950444848  22.07047
4614.11685250813  13.11897
4614.28326016826  14.50184
4614.44966782839  35.51165
4614.61607548852  15.49691
4614.78248314865  32.39328
4614.94889080879  54.67233
4615.11529846892  27.02621
4615.28170612905  33.61358
4615.44811378918  31.15872
4615.61452144931  31.59665
4615.78092910944  26.80343
4615.94733676957  39.07025
4616.1137444297  44.98275
4616.28015208983  66.27029
4616.44655974996  37.243
4616.6129674101  20.18683
4616.77937507023  32.47907
4616.94578273036  27.92673
4617.11219039049  31.71279
4617.27859805062  -0.7268254
4617.44500571075  45.74118
4617.61141337088  52.02283
4617.77782103101  50.1031
4617.94422869114  47.94355
4618.11063635127  65.84998
4618.2770440114  41.44399
4618.44345167153  41.90957
4618.60985933167  43.46353
4618.7762669918  40.2576
4618.94267465193  56.1865
4619.10908231206  37.20773
4619.27548997219  24.25754
4619.44189763232  22.93738
4619.60830529245  14.08648
4619.77471295258  21.17233
4619.94112061271  22.28351
4620.10752827284  24.26523
4620.27393593297  34.42265
4620.4403435931  44.23932
4620.60675125324  36.1324
4620.77315891337  26.07099
4620.9395665735  29.80257
4621.10597423363  46.13414
4621.27238189376  25.50597
4621.43878955389  40.68683
4621.60519721402  45.1573
4621.77160487415  45.67046
4621.93801253428  46.51486
4622.10442019441  13.9188
4622.27082785454  16.17347
4622.43723551467  75.71539
4622.60364317481  39.9781
4622.77005083494  22.57877
4622.93645849507  39.44418
4623.1028661552  28.78806
4623.26927381533  43.70689
4623.43568147546  59.20774
4623.60208913559  47.21269
4623.76849679572  38.43541
4623.93490445585  34.11493
4624.10131211598  20.12786
4624.26771977611  30.40434
4624.43412743624  44.06386
4624.60053509638  39.90818
4624.76694275651  62.68752
4624.93335041664  31.94835
4625.09975807677  36.98725
4625.2661657369  23.05495
4625.43257339703  12.28499
4625.59898105716  12.60954
4625.76538871729  32.43324
4625.93179637742  31.52449
4626.09820403755  53.1674
4626.26461169769  42.52087
4626.43101935782  40.14392
4626.59742701795  28.81749
4626.76383467808  32.48103
4626.93024233821  42.27349
4627.09664999834  46.99748
4627.26305765847  35.50869
4627.4294653186  47.77896
4627.59587297873  50.52386
4627.76228063886  41.92127
4627.92868829899  43.26076
4628.09509595912  55.67412
4628.26150361925  49.46608
4628.42791127939  57.68319
4628.59431893952  83.43133
4628.76072659965  52.96186
4628.92713425978  30.92118
4629.09354191991  40.81298
4629.25994958004  30.27496
4629.42635724017  36.78218
4629.5927649003  33.45751
4629.75917256043  21.71714
4629.92558022056  46.44282
4630.09198788069  54.64898
4630.25839554083  82.03592
4630.42480320096  74.26447
4630.59121086109  39.50605
4630.75761852122  57.33826
4630.92402618135  44.79555
4631.09043384148  37.25648
4631.25684150161  51.77033
4631.42324916174  10.58262
4631.58965682187  18.33936
4631.756064482  25.88033
4631.92247214213  11.8784
4632.08887980227  61.21266
4632.2552874624  43.41014
4632.42169512253  34.10934
4632.58810278266  57.41131
4632.75451044279  22.31817
4632.92091810292  17.44234
4633.08732576305  30.42747
4633.25373342318  36.87437
4633.42014108331  48.78887
4633.58654874344  59.61187
4633.75295640357  54.93393
4633.9193640637  31.9856
4634.08577172383  24.34108
4634.25217938397  37.84261
4634.4185870441  55.40112
4634.58499470423  28.68126
4634.75140236436  15.59152
4634.91781002449  39.85413
4635.08421768462  12.7983
4635.25062534475  24.28623
4635.41703300488  28.09807
4635.58344066501  6.717869
4635.74984832514  41.11011
4635.91625598527  28.89094
4636.08266364541  1.728762
4636.24907130554  10.42064
4636.41547896567  44.09881
4636.5818866258  41.4598
4636.74829428593  33.04918
4636.91470194606  60.80466
4637.08110960619  49.8501
4637.24751726632  28.5557
4637.41392492645  32.92506
4637.58033258658  28.86787
4637.74674024671  42.83061
4637.91314790685  28.01416
4638.07955556698  33.14479
4638.24596322711  38.78502
4638.41237088724  58.92015
4638.57877854737  57.71727
4638.7451862075  85.95772
4638.91159386763  68.44751
4639.07800152776  48.51059
4639.24440918789  18.24454
4639.41081684802  41.62758
4639.57722450815  42.58669
4639.74363216828  58.50489
4639.91003982842  42.11258
4640.07644748855  36.92644
4640.24285514868  49.12335
4640.40926280881  45.80491
4640.57567046894  38.34928
4640.74207812907  19.63437
4640.9084857892  28.42642
4641.07489344933  41.79851
4641.24130110946  40.46572
4641.40770876959  61.10686
4641.57411642972  56.86405
4641.74052408985  42.49586
4641.90693174998  42.47401
4642.07333941012  24.72088
4642.23974707025  12.29993
4642.40615473038  30.58448
4642.57256239051  65.83074
4642.73897005064  53.37708
4642.90537771077  32.77208
4643.0717853709  64.20663
4643.23819303103  60.63689
4643.40460069116  39.21766
4643.57100835129  40.24437
4643.73741601143  49.3704
4643.90382367156  57.39433
4644.07023133169  20.06107
4644.23663899182  31.50166
4644.40304665195  77.4908
4644.56945431208  70.74783
4644.73586197221  45.7667
4644.90226963234  45.24675
4645.06867729247  58.34225
4645.2350849526  44.05698
4645.40149261273  46.12205
4645.56790027286  21.93378
4645.734307933  -2.861192
4645.90071559313  28.37972
4646.06712325326  41.58079
4646.23353091339  71.53453
4646.39993857352  59.14314
4646.56634623365  61.55529
4646.73275389378  43.09413
4646.89916155391  62.6981
4647.06556921404  40.84682
4647.23197687417  59.55418
4647.3983845343  31.09802
4647.56479219443  41.70782
4647.73119985457  34.41733
4647.8976075147  45.39597
4648.06401517483  49.02521
4648.23042283496  36.68378
4648.39683049509  26.35411
4648.56323815522  46.47354
4648.72964581535  43.57706
4648.89605347548  28.21188
4649.06246113561  60.2055
4649.22886879574  49.06157
4649.39527645587  56.53978
4649.561684116  60.08206
4649.72809177614  47.45253
4649.89449943627  36.17665
4650.0609070964  48.77743
4650.22731475653  35.7772
4650.39372241666  23.00424
4650.56013007679  56.66333
4650.72653773692  52.67589
4650.89294539705  32.41644
4651.05935305718  20.76532
4651.22576071731  41.76385
4651.39216837744  31.71978
4651.55857603757  -1.112351
4651.72498369771  38.88816
4651.89139135784  58.40057
4652.05779901797  53.52713
4652.2242066781  40.88039
4652.39061433823  28.23695
4652.55702199836  34.7141
4652.72342965849  30.40576
4652.88983731862  49.65878
4653.05624497875  54.49423
4653.22265263888  30.9783
4653.38906029902  40.14461
4653.55546795915  61.32939
4653.72187561928  35.38261
4653.88828327941  19.21327
4654.05469093954  33.0049
4654.22109859967  40.39378
4654.3875062598  49.31355
4654.55391391993  56.84752
4654.72032158006  39.94569
4654.88672924019  32.70347
4655.05313690032  34.27945
4655.21954456045  32.95063
4655.38595222058  45.33035
4655.55235988072  42.17495
4655.71876754085  51.81494
4655.88517520098  57.17106
4656.05158286111  30.21409
4656.21799052124  13.51348
4656.38439818137  24.71543
4656.5508058415  19.96593
4656.71721350163  16.52588
4656.88362116176  32.04061
4657.05002882189  32.90463
4657.21643648202  48.92657
4657.38284414216  70.74474
4657.54925180229  43.35093
4657.71565946242  21.46994
4657.88206712255  63.33758
4658.04847478268  71.8263
4658.21488244281  54.09386
4658.38129010294  56.48506
4658.54769776307  44.59573
4658.7141054232  49.05927
4658.88051308333  56.21978
4659.04692074346  39.8239
4659.2133284036  44.86121
4659.37973606373  58.11036
4659.54614372386  36.37371
4659.71255138399  36.32312
4659.87895904412  52.18524
4660.04536670425  64.36734
4660.21177436438  48.56601
4660.37818202451  42.40206
4660.54458968464  60.34055
4660.71099734477  35.60149
4660.8774050049  9.468827
4661.04381266503  27.25666
4661.21022032516  26.33284
4661.3766279853  38.12711
4661.54303564543  67.44862
4661.70944330556  46.78184
4661.87585096569  28.6329
4662.04225862582  35.15223
4662.20866628595  42.10044
4662.37507394608  33.85157
4662.54148160621  23.25131
4662.70788926634  54.39514
4662.87429692647  59.55202
4663.0407045866  17.57076
4663.20711224674  33.33895
4663.37351990687  67.33131
4663.539927567  52.32922
4663.70633522713  48.97264
4663.87274288726  49.67916
4664.03915054739  2.128122
4664.20555820752  29.6917
4664.37196586765  76.31283
4664.53837352778  64.92344
4664.70478118791  30.33578
4664.87118884804  41.64128
4665.03759650818  60.73323
4665.20400416831  40.09781
4665.37041182844  54.37847
4665.53681948857  28.24739
4665.7032271487  36.03752
4665.86963480883  44.21614
4666.03604246896  47.62819
4666.20245012909  46.26338
4666.36885778922  47.89619
4666.53526544935  41.75848
4666.70167310948  57.38823
4666.86808076962  47.78377
4667.03448842975  42.52312
4667.20089608988  63.63057
4667.36730375001  29.15709
4667.53371141014  38.25012
4667.70011907027  56.25023
4667.8665267304  54.21645
4668.03293439053  69.19305
4668.19934205066  67.57265
4668.36574971079  34.14102
4668.53215737092  21.34066
4668.69856503105  25.68491
4668.86497269118  40.04669
4669.03138035132  41.2001
4669.19778801145  34.56166
4669.36419567158  17.78431
4669.53060333171  38.80967
4669.69701099184  53.38496
4669.86341865197  49.63334
4670.0298263121  55.10424
4670.19623397223  48.68288
4670.36264163236  21.47169
4670.52904929249  32.91223
4670.69545695262  22.65399
4670.86186461276  59.22491
4671.02827227289  56.13758
4671.19467993302  36.43031
4671.36108759315  30.78988
4671.52749525328  41.65771
4671.69390291341  57.50838
4671.86031057354  56.03622
4672.02671823367  62.86403
4672.1931258938  52.96615
4672.35953355393  61.17748
4672.52594121406  36.88594
4672.6923488742  10.88019
4672.85875653433  35.96062
4673.02516419446  -2.603967
4673.19157185459  32.06615
4673.35797951472  62.01754
4673.52438717485  22.56004
4673.69079483498  44.39206
4673.85720249511  40.21546
4674.02361015524  59.38088
4674.19001781537  58.49061
4674.3564254755  38.3852
4674.52283313563  73.40372
4674.68924079576  59.23269
4674.8556484559  40.37675
4675.02205611603  43.15402
4675.18846377616  41.28314
4675.35487143629  42.32432
4675.52127909642  8.888398
4675.68768675655  15.7728
4675.85409441668  27.41512
4676.02050207681  64.69216
4676.18690973694  68.99268
4676.35331739707  36.1984
4676.5197250572  17.23321
4676.68613271733  36.30555
4676.85254037747  67.96088
4677.0189480376  59.91657
4677.18535569773  40.21665
4677.35176335786  27.94587
4677.51817101799  43.66215
4677.68457867812  58.73097
4677.85098633825  38.82431
4678.01739399838  50.68886
4678.18380165851  49.86046
4678.35020931864  45.96085
4678.51661697877  47.2528
4678.68302463891  48.41755
4678.84943229904  43.17803
4679.01583995917  62.6443
4679.1822476193  65.08002
4679.34865527943  64.68488
4679.51506293956  56.16092
4679.68147059969  59.26867
4679.84787825982  51.09628
4680.01428591995  66.25807
4680.18069358008  51.10733
4680.34710124021  39.11844
4680.51350890035  60.29269
4680.67991656048  43.91146
4680.84632422061  39.08556
4681.01273188074  39.44859
4681.17913954087  42.86061
4681.345547201  51.30936
4681.51195486113  42.16869
4681.67836252126  20.19951
4681.84477018139  53.49481
4682.01117784152  61.14549
4682.17758550165  41.44701
4682.34399316178  61.01043
4682.51040082191  65.01208
4682.67680848205  69.7589
4682.84321614218  45.05174
4683.00962380231  56.91927
4683.17603146244  60.89198
4683.34243912257  73.77122
4683.5088467827  54.14737
4683.67525444283  45.78501
4683.84166210296  63.99394
4684.00806976309  75.29379
4684.17447742322  60.65487
4684.34088508335  41.94062
4684.50729274349  57.65921
4684.67370040362  65.09048
4684.84010806375  72.14484
4685.00651572388  74.4131
4685.17292338401  39.59907
4685.33933104414  41.38126
4685.50573870427  62.55328
4685.6721463644  59.82946
4685.83855402453  61.7463
4686.00496168466  46.41545
4686.17136934479  47.63059
4686.33777700493  44.84737
4686.50418466506  65.93259
4686.67059232519  61.8182
4686.83699998532  68.37848
4687.00340764545  28.00465
4687.16981530558  65.83818
4687.33622296571  43.28733
4687.50263062584  62.77681
4687.66903828597  47.48805
4687.8354459461  75.13718
4688.00185360623  53.80227
4688.16826126636  60.42884
4688.3346689265  35.13504
4688.50107658663  55.28601
4688.66748424676  57.32862
4688.83389190689  39.30655
4689.00029956702  19.32764
4689.16670722715  46.15818
4689.33311488728  31.6139
4689.49952254741  39.45897
4689.66593020754  58.13701
4689.83233786767  41.98972
4689.9987455278  37.5594
4690.16515318794  32.64732
4690.33156084807  42.6523
4690.4979685082  33.38864
4690.66437616833  28.20166
4690.83078382846  26.1277
4690.99719148859  20.23091
4691.16359914872  10.3668
4691.33000680885  25.47951
4691.49641446898  46.16283
4691.66282212911  24.83234
4691.82922978924  25.99997
4691.99563744937  46.37186
4692.16204510951  56.79368
4692.32845276964  34.78643
4692.49486042977  50.7573
4692.6612680899  37.38807
4692.82767575003  14.59801
4692.99408341016  24.7778
4693.16049107029  48.13025
4693.32689873042  44.13323
4693.49330639055  72.77849
4693.65971405068  58.63086
4693.82612171081  34.78839
4693.99252937095  25.15293
4694.15893703108  62.04965
4694.32534469121  21.73331
4694.49175235134  31.00478
4694.65816001147  50.14899
4694.8245676716  50.82037
4694.99097533173  63.27462
4695.15738299186  35.98103
4695.32379065199  14.92498
4695.49019831212  37.70058
4695.65660597225  43.07858
4695.82301363238  38.41473
4695.98942129251  41.80502
4696.15582895265  55.49605
4696.32223661278  22.53705
4696.48864427291  30.97765
4696.65505193304  20.64433
4696.82145959317  29.24705
4696.9878672533  42.6994
4697.15427491343  34.06797
4697.32068257356  41.42876
4697.48709023369  55.32807
4697.65349789382  36.87569
4697.81990555395  7.793037
4697.98631321409  36.19862
4698.15272087422  50.40012
4698.31912853435  35.1464
4698.48553619448  23.11067
4698.65194385461  53.59737
4698.81835151474  37.02267
4698.98475917487  46.36968
4699.151166835  37.27007
4699.31757449513  55.38428
4699.48398215526  42.13417
4699.65038981539  1.185216
4699.81679747553  20.96704
4699.98320513566  21.65331
4700.14961279579  12.29925
4700.31602045592  19.46189
4700.48242811605  53.36702
4700.64883577618  29.84204
4700.81524343631  43.28607
4700.98165109644  36.12682
4701.14805875657  39.51078
4701.3144664167  33.60477
4701.48087407683  28.05103
4701.64728173696  18.15206
4701.81368939709  43.72292
4701.98009705723  0.9512883
4702.14650471736  11.07245
4702.31291237749  23.67725
4702.47932003762  39.11467
4702.64572769775  56.21715
4702.81213535788  47.96547
4702.97854301801  32.94304
4703.14495067814  48.55578
4703.31135833827  34.53601
4703.4777659984  11.08953
4703.64417365853  29.51051
4703.81058131866  29.37745
4703.9769889788  23.28031
4704.14339663893  18.39364
4704.30980429906  24.86432
4704.47621195919  26.71207
4704.64261961932  10.01781
4704.80902727945  22.50321
4704.97543493958  29.51194
4705.14184259971  38.36311
4705.30825025984  8.848024
4705.47465791997  29.93934
4705.64106558011  13.3519
4705.80747324024  33.70418
4705.97388090037  31.7954
4706.1402885605  27.92311
4706.30669622063  18.27738
4706.47310388076  4.053023
4706.63951154089  31.45958
4706.80591920102  25.35974
4706.97232686115  23.75263
4707.13873452128  39.33445
4707.30514218141  40.74997
4707.47154984154  31.12962
4707.63795750168  32.8805
4707.80436516181  49.35523
4707.97077282194  1.64131
4708.13718048207  30.75209
4708.3035881422  7.796093
4708.46999580233  -1.356976
4708.63640346246  55.63142
4708.80281112259  43.1834
4708.96921878272  8.163175
4709.13562644285  4.982788
4709.30203410298  3.875448
4709.46844176311  14.17037
4709.63484942324  4.257457
4709.80125708338  -1.133849
4709.96766474351  1.275212
4710.13407240364  22.88662
4710.30048006377  19.25614
4710.4668877239  19.90542
4710.63329538403  38.46097
4710.79970304416  20.4888
4710.96611070429  7.126785
4711.13251836442  8.482988
4711.29892602455  11.42765
4711.46533368468  5.209798
4711.63174134482  37.99738
4711.79814900495  29.32407
4711.96455666508  36.18576
4712.13096432521  21.15197
4712.29737198534  23.81872
4712.46377964547  15.18764
4712.6301873056  29.28985
4712.79659496573  49.37067
4712.96300262586  20.90248
4713.12941028599  5.532262
4713.29581794612  8.243934
4713.46222560626  33.86968
4713.62863326639  35.9742
4713.79504092652  26.45167
4713.96144858665  13.9073
4714.12785624678  18.08168
4714.29426390691  -0.636454
4714.46067156704  17.04768
4714.62707922717  52.9623
4714.7934868873  20.89189
4714.95989454743  30.98693
4715.12630220756  18.83961
4715.29270986769  -13.18154
4715.45911752783  8.459686
4715.62552518796  18.79477
4715.79193284809  23.68513
4715.95834050822  34.54157
4716.12474816835  24.11106
4716.29115582848  5.145623
4716.45756348861  21.41022
4716.62397114874  32.43397
4716.79037880887  15.78213
4716.956786469  22.64675
4717.12319412913  29.62706
4717.28960178927  38.88153
4717.4560094494  31.97065
4717.62241710953  23.69772
4717.78882476966  -0.4816481
4717.95523242979  40.11502
4718.12164008992  21.99427
4718.28804775005  -1.247429
4718.45445541018  2.226422
4718.62086307031  16.88071
4718.78727073044  36.93407
4718.95367839057  28.65191
4719.1200860507  12.17149
4719.28649371084  2.555237
4719.45290137097  38.27634
4719.6193090311  30.61743
4719.78571669123  25.42804
4719.95212435136  8.229405
4720.11853201149  1.794552
4720.28493967162  13.98098
4720.45134733175  9.357854
4720.61775499188  9.458673
4720.78416265201  17.35351
4720.95057031214  16.19946
4721.11697797228  27.53131
4721.28338563241  2.240174
4721.44979329254  15.6292
4721.61620095267  -15.48601
4721.7826086128  6.589755
4721.94901627293  3.713058
4722.11542393306  -15.59758
4722.28183159319  3.478452
4722.44823925332  21.10644
4722.61464691345  23.19979
4722.78105457358  10.8484
4722.94746223371  12.31261
4723.11386989384  20.03879
4723.28027755398  24.87581
4723.44668521411  10.0146
4723.61309287424  18.33409
4723.77950053437  24.60333
4723.9459081945  2.761501
4724.11231585463  7.791574
4724.27872351476  2.065587
4724.44513117489  21.4626
4724.61153883502  21.49863
4724.77794649515  28.25272
4724.94435415529  7.83532
4725.11076181542  6.587834
4725.27716947555  18.07043
4725.44357713568  -18.66145
4725.60998479581  -11.71018
4725.77639245594  28.743
4725.94280011607  5.92726
4726.1092077762  29.21574
4726.27561543633  25.30387
4726.44202309646  16.71333
4726.60843075659  -1.543751
4726.77483841672  -4.565914
4726.94124607686  13.31715
4727.10765373699  5.119442
4727.27406139712  9.044976
4727.44046905725  20.29146
4727.60687671738  33.99736
4727.77328437751  10.24586
4727.93969203764  1.773567
4728.10609969777  36.67194
4728.2725073579  23.14828
4728.43891501803  8.306002
4728.60532267816  6.203678
4728.77173033829  -18.90908
4728.93813799842  -19.38538
4729.10454565856  -1.547005
4729.27095331869  1.111153
4729.43736097882  -1.744725
4729.60376863895  -5.963895
4729.77017629908  11.56924
4729.93658395921  20.79697
4730.10299161934  11.06264
4730.26939927947  20.25597
4730.4358069396  2.79864
4730.60221459973  -0.883972
4730.76862225986  -10.96119
4730.93502992  -4.763667
4731.10143758013  -20.71419
4731.26784524026  21.11365
4731.43425290039  21.42795
4731.60066056052  28.96865
4731.76706822065  9.908293
4731.93347588078  2.20118
4732.09988354091  -0.5643603
4732.26629120104  -9.720402
4732.43269886117  1.87594
4732.5991065213  19.12722
4732.76551418144  24.9794
4732.93192184157  -18.38385
4733.0983295017  -9.144341
4733.26473716183  7.157766
4733.43114482196  18.01542
4733.59755248209  -4.00847
4733.76396014222  -9.622039
4733.93036780235  -10.68721
4734.09677546248  -2.587617
4734.26318312261  36.76354
4734.42959078274  23.44566
4734.59599844287  32.44186
4734.76240610301  -0.2170224
4734.92881376314  -2.48546
4735.09522142327  -0.4623077
4735.2616290834  37.73719
4735.42803674353  11.13271
4735.59444440366  11.13162
4735.76085206379  23.40312
4735.92725972392  30.13798
4736.09366738405  15.61449
4736.26007504418  8.139198
4736.42648270431  17.94346
4736.59289036444  13.89038
4736.75929802457  11.31846
4736.92570568471  -0.4751842
4737.09211334484  7.606697
4737.25852100497  13.05037
4737.4249286651  -17.80565
4737.59133632523  10.78614
4737.75774398536  12.56977
4737.92415164549  12.07822
4738.09055930562  -9.761301
4738.25696696575  8.234359
4738.42337462588  16.90625
4738.58978228601  -15.74265
4738.75618994615  -25.67912
4738.92259760628  -7.281707
4739.08900526641  -35.29223
4739.25541292654  5.912791
4739.42182058667  18.89122
