4569.3197118929  4.806739
4569.48606984305  36.24113
4569.65242779319  4.600106
4569.81878574334  24.47019
4569.98514369349  -0.9461749
4570.15150164363  39.5998
4570.31785959378  41.05393
4570.48421754393  5.913592
4570.65057549408  21.46621
4570.81693344422  42.22334
4570.98329139437  38.78413
4571.14964934452  0.9590597
4571.31600729466  -7.126071
4571.48236524481  2.86901
4571.64872319496  25.13139
4571.81508114511  10.1344
4571.98143909525  20.19322
4572.1477970454  -8.953663
4572.31415499555  -6.938014
4572.48051294569  9.288512
4572.64687089584  11.08599
4572.81322884599  31.10553
4572.97958679613  5.342237
4573.14594474628  -15.64408
4573.31230269643  13.43238
4573.47866064658  -23.0364
4573.64501859672  8.735329
4573.81137654687  31.38004
4573.97773449702  30.17831
4574.14409244716  -17.61157
4574.31045039731  -8.255736
4574.47680834746  16.98432
4574.6431662976  -3.202418
4574.80952424775  -20.68669
4574.9758821979  50.22366
4575.14224014805  77.4217
4575.30859809819  6.183822
4575.47495604834  -0.6486039
4575.64131399849  58.82114
4575.80767194863  47.87013
4575.97402989878  -1.900735
4576.14038784893  23.13073
4576.30674579907  4.186091
4576.47310374922  -20.9594
4576.63946169937  7.45858
4576.80581964951  38.95389
4576.97217759966  17.11943
4577.13853554981  -2.534546
4577.30489349996  -11.69575
4577.4712514501  4.172069
4577.63760940025  22.50151
4577.8039673504  -0.3482374
4577.97032530055  -3.355248
4578.13668325069  17.00699
4578.30304120084  17.86015
4578.46939915098  62.97797
4578.63575710113  45.06027
4578.80211505128  48.80843
4578.96847300143  19.14825
4579.13483095157  25.21349
4579.30118890172  -18.42802
4579.46754685187  -0.2198477
4579.63390480201  20.76365
4579.80026275216  -11.45415
4579.96662070231  -7.441845
4580.13297865245  31.6267
4580.2993366026  28.95443
4580.46569455275  25.42872
4580.6320525029  48.54203
4580.79841045304  3.006486
4580.96476840319  24.6497
4581.13112635334  6.4937
4581.29748430348  35.12283
4581.46384225363  14.20553
4581.63020020378  21.35663
4581.79655815392  26.61888
4581.96291610407  14.26102
4582.12927405422  -1.910117
4582.29563200437  22.26785
4582.46198995451  36.10228
4582.62834790466  23.96336
4582.79470585481  13.83878
4582.96106380495  -21.21145
4583.1274217551  -5.90307
4583.29377970525  5.562898
4583.4601376554  36.62918
4583.62649560554  28.5744
4583.79285355569  57.81133
4583.95921150584  48.30776
4584.12556945598  1.772334
4584.29192740613  17.70167
4584.45828535628  4.636672
4584.62464330642  4.071573
4584.79100125657  -5.35544
4584.95735920672  -6.10046
4585.12371715687  17.84431
4585.29007510701  14.76438
4585.45643305716  23.59118
4585.62279100731  2.650561
4585.78914895745  30.74098
4585.9555069076  22.08286
4586.12186485775  -6.415249
4586.28822280789  32.85276
4586.45458075804  15.83973
4586.62093870819  21.53529
4586.78729665834  24.07479
4586.95365460848  24.43662
4587.12001255863  16.16617
4587.28637050878  40.91639
4587.45272845892  30.93596
4587.61908640907  -1.686894
4587.78544435922  47.14432
4587.95180230936  63.46055
4588.11816025951  20.72939
4588.28451820966  26.35307
4588.45087615981  26.12475
4588.61723410995  19.05897
4588.7835920601  43.45401
4588.94995001025  36.27538
4589.11630796039  28.72393
4589.28266591054  23.03443
4589.44902386069  28.83275
4589.61538181083  24.41555
4589.78173976098  40.31071
4589.94809771113  48.28036
4590.11445566127  38.80023
4590.28081361142  26.90922
4590.44717156157  8.647579
4590.61352951172  8.784931
4590.77988746186  27.76822
4590.94624541201  65.64075
4591.11260336216  34.42014
4591.2789613123  24.74429
4591.44531926245  64.52524
4591.6116772126  32.23695
4591.77803516275  24.71587
4591.94439311289  39.10158
4592.11075106304  -0.6069141
4592.27710901319  19.50124
4592.44346696333  37.34591
4592.60982491348  11.38273
4592.77618286363  17.39218
4592.94254081377  43.65311
4593.10889876392  53.79938
4593.27525671407  50.59848
4593.44161466421  49.25219
4593.60797261436  46.23469
4593.77433056451  17.06675
4593.94068851466  28.05386
4594.1070464648  29.23141
4594.27340441495  65.82957
4594.4397623651  19.81954
4594.60612031524  10.98169
4594.77247826539  47.91484
4594.93883621554  54.15591
4595.10519416568  35.96619
4595.27155211583  63.07826
4595.43791006598  46.71372
4595.60426801613  7.679498
4595.77062596627  34.26422
4595.93698391642  49.22843
4596.10334186657  49.73402
4596.26969981671  37.53382
4596.43605776686  14.26562
4596.60241571701  76.62415
4596.76877366716  28.61078
4596.9351316173  76.25509
4597.10148956745  43.50095
4597.2678475176  50.44705
4597.43420546774  54.53575
4597.60056341789  27.51912
4597.76692136804  56.54946
4597.93327931818  29.89647
4598.09963726833  24.15754
4598.26599521848  55.49751
4598.43235316862  44.30975
4598.59871111877  23.4153
4598.76506906892  15.08306
4598.93142701907  4.867765
4599.09778496921  1.046331
4599.26414291936  49.41579
4599.43050086951  89.78243
4599.59685881965  28.99946
4599.7632167698  37.49438
4599.92957471995  34.70447
4600.0959326701  42.4111
4600.26229062024  48.00648
4600.42864857039  32.5042
4600.59500652054  43.90614
4600.76136447068  85.12517
4600.92772242083  72.10088
4601.09408037098  49.99404
4601.26043832112  51.95651
4601.42679627127  23.97987
4601.59315422142  -1.447404
4601.75951217156  36.53139
4601.92587012171  62.70305
4602.09222807186  28.89034
4602.25858602201  24.81266
4602.42494397215  37.39671
4602.5913019223  39.80235
4602.75765987245  57.29662
4602.92401782259  84.39024
4603.09037577274  40.9647
4603.25673372289  -3.796384
4603.42309167303  21.62957
4603.58944962318  49.70579
4603.75580757333  57.96557
4603.92216552348  72.80142
4604.08852347362  50.97271
4604.25488142377  61.04801
4604.42123937392  73.61294
4604.58759732406  47.74313
4604.75395527421  17.62708
4604.92031322436  37.67485
4605.08667117451  78.92545
4605.25302912465  38.97539
4605.4193870748  30.5851
4605.58574502495  56.6665
4605.75210297509  69.313
4605.91846092524  43.34263
4606.08481887539  71.98981
4606.25117682553  74.21085
4606.41753477568  67.06181
4606.58389272583  48.67093
4606.75025067597  33.64057
4606.91660862612  40.6142
4607.08296657627  55.79191
4607.24932452642  50.24049
4607.41568247656  66.8508
4607.58204042671  74.4483
4607.74839837686  57.46174
4607.914756327  50.5474
4608.08111427715  52.52205
4608.2474722273  33.96983
4608.41383017745  9.922559
4608.58018812759  40.53386
4608.74654607774  63.13686
4608.91290402789  33.39156
4609.07926197803  36.82566
4609.24561992818  56.82404
4609.41197787833  75.666
4609.57833582848  78.16985
4609.74469377862  29.60668
4609.91105172877  41.55982
4610.07740967892  11.55481
4610.24376762906  27.94436
4610.41012557921  27.16387
4610.57648352936  29.28059
4610.7428414795  34.72093
4610.90919942965  47.57571
4611.0755573798  46.44681
4611.24191532994  30.44441
4611.40827328009  45.28187
4611.57463123024  60.00555
4611.74098918039  63.17954
4611.90734713053  75.39172
4612.07370508068  66.27992
4612.24006303083  54.42944
4612.40642098097  42.99639
4612.57277893112  49.87219
4612.73913688127  60.5698
4612.90549483141  9.161555
4613.07185278156  19.43953
4613.23821073171  48.33952
4613.40456868186  58.2299
4613.570926632  45.24888
4613.73728458215  43.5618
4613.9036425323  59.51102
4614.07000048244  70.58481
4614.23635843259  68.44412
4614.40271638274  74.76987
4614.56907433288  56.20835
4614.73543228303  47.17223
4614.90179023318  49.53275
4615.06814818332  79.77403
4615.23450613347  66.55531
4615.40086408362  21.48501
4615.56722203377  27.49606
4615.73357998391  18.60982
4615.89993793406  58.21041
4616.06629588421  78.39095
4616.23265383435  35.93907
4616.3990117845  34.43676
4616.56536973465  51.60912
4616.7317276848  114.7523
4616.89808563494  64.68229
4617.06444358509  44.94983
4617.23080153524  60.60207
4617.39715948538  93.19681
4617.56351743553  79.12875
4617.72987538568  57.37434
4617.89623333582  50.98974
4618.06259128597  81.12722
4618.22894923612  62.38163
4618.39530718627  54.20964
4618.56166513641  39.90176
4618.72802308656  42.20572
4618.89438103671  69.4509
4619.06073898685  93.58584
4619.227096937  76.73385
4619.39345488715  50.49112
4619.55981283729  45.64539
4619.72617078744  55.42092
4619.89252873759  73.37982
4620.05888668774  48.04499
4620.22524463788  96.30506
4620.39160258803  92.24707
4620.55796053818  46.76749
4620.72431848832  50.62775
4620.89067643847  74.97685
4621.05703438862  63.42243
4621.22339233876  111.9312
4621.38975028891  37.48129
4621.55610823906  32.9291
4621.7224661892  39.4503
4621.88882413935  42.04753
4622.0551820895  54.09668
4622.22154003965  73.719
4622.38789798979  73.62
4622.55425593994  81.63461
4622.72061389009  39.33133
4622.88697184023  34.83244
4623.05332979038  73.15859
4623.21968774053  67.44368
4623.38604569068  42.34815
4623.55240364082  55.23404
4623.71876159097  62.60654
4623.88511954112  43.75894
4624.05147749126  36.20632
4624.21783544141  32.57685
4624.38419339156  61.54639
4624.5505513417  64.12287
4624.71690929185  16.85277
4624.883267242  55.27712
4625.04962519214  60.21055
4625.21598314229  52.05681
4625.38234109244  55.23755
4625.54869904259  19.39846
4625.71505699273  -0.9776356
4625.88141494288  58.03217
4626.04777289303  80.30405
4626.21413084317  134.3813
4626.38048879332  64.31519
4626.54684674347  39.33056
4626.71320469361  88.61942
4626.87956264376  62.72916
4627.04592059391  74.33921
4627.21227854406  89.2855
4627.3786364942  88.54918
4627.54499444435  50.70346
4627.7113523945  41.23141
4627.87771034464  65.85105
4628.04406829479  62.95869
4628.21042624494  79.64233
4628.37678419509  60.75274
4628.54314214523  49.61102
4628.70950009538  41.77182
4628.87585804553  28.14397
4629.04221599567  86.0022
4629.20857394582  99.187
4629.37493189597  64.62589
4629.54128984611  63.93459
4629.70764779626  58.8677
4629.87400574641  39.53582
4630.04036369655  55.89816
4630.2067216467  71.07155
4630.37307959685  63.70939
4630.539437547  74.28342
4630.70579549714  80.12685
4630.87215344729  87.2648
4631.03851139744  70.19891
4631.20486934758  58.87311
4631.37122729773  51.15422
4631.53758524788  4.039227
4631.70394319802  41.95121
4631.87030114817  72.00048
4632.03665909832  87.46531
4632.20301704847  103.5746
4632.36937499861  75.78428
4632.53573294876  75.03487
4632.70209089891  84.91872
4632.86844884905  76.30546
4633.0348067992  65.63351
4633.20116474935  90.93902
4633.3675226995  51.96269
4633.53388064964  58.53987
4633.70023859979  87.05294
4633.86659654994  87.70823
4634.03295450008  91.83657
4634.19931245023  62.40842
4634.36567040038  59.32715
4634.53202835052  69.26273
4634.69838630067  42.52819
4634.86474425082  49.68769
4635.03110220097  75.6944
4635.19746015111  59.66785
4635.36381810126  46.46217
4635.53017605141  44.5182
4635.69653400155  24.38672
4635.8628919517  33.96381
4636.02924990185  56.55554
4636.19560785199  61.56376
4636.36196580214  53.71926
4636.52832375229  73.3354
4636.69468170244  64.86227
4636.86103965258  72.20334
4637.02739760273  62.5648
4637.19375555288  100.1975
4637.36011350302  60.06112
4637.52647145317  69.6217
4637.69282940332  42.97481
4637.85918735346  71.1582
4638.02554530361  91.15449
4638.19190325376  57.62614
4638.35826120391  81.59173
4638.52461915405  92.09013
4638.6909771042  58.35225
4638.85733505435  85.68227
4639.02369300449  80.52177
4639.19005095464  47.63179
4639.35640890479  31.59746
4639.52276685493  45.16354
4639.68912480508  47.36172
4639.85548275523  63.14791
4640.02184070537  52.06852
4640.18819865552  57.61163
4640.35455660567  66.45746
4640.52091455582  64.70097
4640.68727250596  80.68193
4640.85363045611  72.25445
4641.01998840626  86.65175
4641.1863463564  82.88383
4641.35270430655  66.64805
4641.5190622567  91.43172
4641.68542020685  77.68275
4641.85177815699  47.46468
4642.01813610714  74.91916
4642.18449405729  73.64471
4642.35085200743  76.82935
4642.51720995758  93.93704
4642.68356790773  84.36179
4642.84992585787  87.01043
4643.01628380802  89.06155
4643.18264175817  61.05954
4643.34899970832  48.25357
4643.51535765846  77.98596
4643.68171560861  65.72758
4643.84807355876  60.00946
4644.0144315089  59.08174
4644.18078945905  40.21728
4644.3471474092  57.61519
4644.51350535934  90.29616
4644.67986330949  71.43946
4644.84622125964  41.14858
4645.01257920979  76.04071
4645.17893715993  82.7652
4645.34529511008  97.65282
4645.51165306023  108.9435
4645.67801101037  74.99953
4645.84436896052  52.09018
4646.01072691067  84.74696
4646.17708486081  75.74631
4646.34344281096  73.32881
4646.50980076111  46.3306
4646.67615871125  87.22878
4646.8425166614  80.93176
4647.00887461155  103.4066
4647.1752325617  79.87672
4647.34159051184  83.14767
4647.50794846199  55.72766
4647.67430641214  63.71889
4647.84066436228  66.55389
4648.00702231243  96.18922
4648.17338026258  74.19292
4648.33973821272  67.56324
4648.50609616287  52.99088
4648.67245411302  42.96961
4648.83881206317  85.41158
4649.00517001331  94.51002
4649.17152796346  69.42787
4649.33788591361  70.9818
4649.50424386375  66.03764
4649.6706018139  61.41938
4649.83695976405  85.20809
4650.0033177142  35.51372
4650.16967566434  48.21211
4650.33603361449  99.10029
4650.50239156464  92.38441
4650.66874951478  55.28365
4650.83510746493  27.35076
4651.00146541508  63.8667
4651.16782336522  72.39511
4651.33418131537  51.44725
4651.50053926552  67.45173
4651.66689721566  79.60936
4651.83325516581  65.06741
4651.99961311596  79.55693
4652.16597106611  83.87384
4652.33232901625  108.7894
4652.4986869664  105.3127
4652.66504491655  52.9931
4652.83140286669  104.1087
4652.99776081684  83.91781
4653.16411876699  53.37683
4653.33047671713  81.70067
4653.49683466728  87.51857
4653.66319261743  105.2128
4653.82955056758  75.2351
4653.99590851772  14.91141
4654.16226646787  61.47399
4654.32862441802  79.1
4654.49498236817  71.4508
4654.66134031831  50.0192
4654.82769826846  55.72742
4654.99405621861  74.37949
4655.16041416875  88.72102
4655.3267721189  80.00646
4655.49313006904  82.59279
4655.65948801919  85.7716
4655.82584596934  63.18905
4655.99220391949  61.54119
4656.15856186963  99.51247
4656.32491981978  75.80653
4656.49127776993  68.13797
4656.65763572008  81.38074
4656.82399367022  94.4932
4656.99035162037  116.8652
4657.15670957052  72.66321
4657.32306752066  45.71289
4657.48942547081  63.37418
4657.65578342096  72.70035
4657.8221413711  45.05978
4657.98849932125  72.30513
4658.1548572714  87.74603
4658.32121522155  92.903
4658.48757317169  116.7879
4658.65393112184  86.79871
4658.82028907199  98.09079
4658.98664702213  92.80899
4659.15300497228  52.43302
4659.31936292243  82.98721
4659.48572087257  100.9302
4659.65207882272  56.02759
4659.81843677287  72.94326
4659.98479472301  88.03111
4660.15115267316  86.09785
4660.31751062331  74.50897
4660.48386857346  64.84643
4660.6502265236  75.96105
4660.81658447375  72.85902
4660.9829424239  69.97452
4661.14930037404  70.28031
4661.31565832419  71.18652
4661.48201627434  78.04636
4661.64837422449  74.11474
4661.81473217463  54.61095
4661.98109012478  52.09972
4662.14744807493  41.13059
4662.31380602507  62.0661
4662.48016397522  94.33747
4662.64652192537  87.91518
4662.81287987551  95.99454
4662.97923782566  82.49493
4663.14559577581  44.42129
4663.31195372596  60.48616
4663.4783116761  84.63343
4663.64466962625  76.41434
4663.8110275764  59.87308
4663.97738552654  71.01237
4664.14374347669  58.67466
4664.31010142684  78.56198
4664.47645937698  77.11111
4664.64281732713  108.422
4664.80917527728  99.33366
4664.97553322743  72.36516
4665.14189117757  49.25235
4665.30824912772  93.51649
4665.47460707787  100.6321
4665.64096502801  39.44419
4665.80732297816  39.94698
4665.97368092831  75.51089
4666.14003887845  77.09074
4666.3063968286  112.5312
4666.47275477875  101.6411
4666.6391127289  69.53782
4666.80547067904  77.36246
4666.97182862919  114.6986
4667.13818657934  84.60787
4667.30454452948  53.37265
4667.47090247963  84.83759
4667.63726042978  65.33949
4667.80361837992  77.71927
4667.96997633007  77.35245
4668.13633428022  80.86033
4668.30269223036  81.91713
4668.46905018051  58.88795
4668.63540813066  64.92493
4668.80176608081  88.19808
4668.96812403095  58.44595
4669.1344819811  39.3266
4669.30083993125  66.00639
4669.46719788139  59.00162
4669.63355583154  74.54939
4669.79991378169  73.2728
4669.96627173184  97.77599
4670.13262968198  78.69063
4670.29898763213  72.6509
4670.46534558228  35.52737
4670.63170353242  102.3954
4670.79806148257  105.723
4670.96441943272  54.04711
4671.13077738286  76.35722
4671.29713533301  103.0707
4671.46349328316  80.50481
4671.6298512333  106.9674
4671.79620918345  78.76935
4671.9625671336  55.31104
4672.12892508375  77.01833
4672.29528303389  97.03748
4672.46164098404  81.54826
4672.62799893419  109.9176
4672.79435688433  66.32485
4672.96071483448  102.7097
4673.12707278463  71.86697
4673.29343073478  83.11008
4673.45978868492  64.70906
4673.62614663507  42.87801
4673.79250458522  69.57058
4673.95886253536  55.57129
4674.12522048551  102.8272
4674.29157843566  98.91196
4674.4579363858  122.6799
4674.62429433595  95.38963
4674.7906522861  55.59531
4674.95701023625  32.67995
4675.12336818639  40.01028
4675.28972613654  68.99928
4675.45608408669  81.93719
4675.62244203683  107.1291
4675.78879998698  81.88777
4675.95515793713  97.17501
4676.12151588727  74.86983
4676.28787383742  75.01465
4676.45423178757  110.8252
4676.62058973771  88.20123
4676.78694768786  89.62927
4676.95330563801  129.9743
4677.11966358816  129.2907
4677.2860215383  99.89603
4677.45237948845  77.71358
4677.6187374386  87.56849
4677.78509538874  73.35886
4677.95145333889  92.9108
4678.11781128904  89.86804
4678.28416923919  74.7983
4678.45052718933  117.4393
4678.61688513948  109.3066
4678.78324308963  97.18761
4678.94960103977  92.63327
4679.11595898992  114.4686
4679.28231694007  101.4815
4679.44867489021  121.8166
4679.61503284036  104.416
4679.78139079051  85.65493
4679.94774874065  81.45807
4680.1141066908  114.5868
4680.28046464095  109.2917
4680.4468225911  130.52
4680.61318054124  121.6656
4680.77953849139  58.06841
4680.94589644154  63.74987
4681.11225439168  77.80892
4681.27861234183  78.26282
4681.44497029198  69.78769
4681.61132824213  98.1019
4681.77768619227  80.52378
4681.94404414242  69.03375
4682.11040209257  112.0319
4682.27676004271  75.93619
4682.44311799286  83.90791
4682.60947594301  87.70789
4682.77583389315  95.90289
4682.9421918433  110.2881
4683.10854979345  59.78927
4683.2749077436  92.24232
4683.44126569374  86.4943
4683.60762364389  73.97712
4683.77398159404  81.99271
4683.94033954418  66.22742
4684.10669749433  82.93155
4684.27305544448  98.16386
4684.43941339462  102.8094
4684.60577134477  114.3285
4684.77212929492  118.122
4684.93848724507  111.9419
4685.10484519521  97.88141
4685.27120314536  96.1926
4685.43756109551  82.64206
4685.60391904565  69.39865
4685.7702769958  91.34562
4685.93663494595  76.7869
4686.10299289609  98.54887
4686.26935084624  60.75765
4686.43570879639  49.15088
4686.60206674654  108.8511
4686.76842469668  83.12547
4686.93478264683  75.79988
4687.10114059698  69.87492
4687.26749854712  98.49496
4687.43385649727  96.91613
4687.60021444742  56.61969
4687.76657239756  58.70119
4687.93293034771  49.05678
4688.09928829786  79.59714
4688.26564624801  71.98812
4688.43200419815  47.25085
4688.5983621483  87.45679
4688.76472009845  93.46069
4688.93107804859  79.81554
4689.09743599874  74.69914
4689.26379394889  73.84795
4689.43015189903  42.67415
4689.59650984918  62.81149
4689.76286779933  52.16077
4689.92922574948  59.10199
4690.09558369962  75.01374
4690.26194164977  48.34482
4690.42829959992  14.14385
4690.59465755006  51.79702
4690.76101550021  73.75924
4690.92737345036  47.964
4691.0937314005  81.30872
4691.26008935065  90.73598
4691.4264473008  79.1208
4691.59280525094  87.80869
4691.75916320109  73.54115
4691.92552115124  28.34547
4692.09187910139  62.5299
4692.25823705153  96.92034
4692.42459500168  82.9507
4692.59095295183  48.76868
4692.75731090197  17.60143
4692.92366885212  52.89882
4693.09002680227  70.5752
4693.25638475241  46.65617
4693.42274270256  64.98991
4693.58910065271  39.89744
4693.75545860286  46.26339
4693.921816553  75.35236
4694.08817450315  57.80105
4694.2545324533  67.44885
4694.42089040344  67.25487
4694.58724835359  60.3436
4694.75360630374  67.47268
4694.91996425389  67.34703
4695.08632220403  26.78281
4695.25268015418  32.54685
4695.41903810433  54.55485
4695.58539605447  39.47659
4695.75175400462  38.54538
4695.91811195477  37.88172
4696.08446990491  64.49411
4696.25082785506  87.51785
4696.41718580521  10.7293
4696.58354375535  45.42613
4696.7499017055  77.33714
4696.91625965565  51.24945
4697.0826176058  63.32343
4697.24897555594  46.62539
4697.41533350609  67.61996
4697.58169145624  58.605
4697.74804940638  44.7913
4697.91440735653  62.53836
4698.08076530668  49.42095
4698.24712325683  35.86133
4698.41348120697  57.48272
4698.57983915712  34.78738
4698.74619710727  28.25318
4698.91255505741  42.30101
4699.07891300756  51.95602
4699.24527095771  53.94276
4699.41162890785  67.42645
4699.577986858  31.40673
4699.74434480815  -1.854792
4699.9107027583  20.36371
4700.07706070844  50.52651
4700.24341865859  35.55202
4700.40977660874  34.40494
4700.57613455888  28.62455
4700.74249250903  21.59849
4700.90885045918  32.86443
4701.07520840932  47.94334
4701.24156635947  36.23503
4701.40792430962  40.48255
4701.57428225977  49.82653
4701.74064020991  43.1082
4701.90699816006  49.95581
4702.07335611021  44.34129
4702.23971406035  53.07726
4702.4060720105  63.34599
4702.57242996065  86.83453
4702.73878791079  53.6416
4702.90514586094  58.42246
4703.07150381109  90.24312
4703.23786176123  56.71246
4703.40421971138  21.61345
4703.57057766153  13.91534
4703.73693561168  35.58821
4703.90329356182  68.55128
4704.06965151197  27.6288
4704.23600946212  35.49648
4704.40236741226  29.04612
4704.56872536241  23.40485
4704.73508331256  52.2367
4704.9014412627  19.24893
4705.06779921285  31.18137
4705.234157163  12.55576
4705.40051511315  73.68132
4705.56687306329  52.3173
4705.73323101344  8.912369
4705.89958896359  22.15678
4706.06594691373  36.04037
4706.23230486388  16.21494
4706.39866281403  7.25089
4706.56502076418  31.55155
4706.73137871432  43.85322
4706.89773666447  30.9824
4707.06409461462  31.54956
4707.23045256476  38.61791
4707.39681051491  26.4245
4707.56316846506  49.65908
4707.7295264152  39.22013
4707.89588436535  29.99746
4708.0622423155  28.19919
4708.22860026565  55.79176
4708.39495821579  28.36123
4708.56131616594  18.62767
4708.72767411609  22.5354
4708.89403206623  32.9016
4709.06039001638  34.86415
4709.22674796653  4.484236
4709.39310591667  23.85753
4709.55946386682  11.35238
4709.72582181697  -1.366274
4709.89217976712  -5.212703
4710.05853771726  57.71043
4710.22489566741  41.91701
4710.39125361756  27.94802
4710.5576115677  27.62856
4710.72396951785  43.41982
4710.890327468  60.12744
4711.05668541814  19.77011
4711.22304336829  10.95526
4711.38940131844  13.69757
4711.55575926859  64.8885
4711.72211721873  21.59152
4711.88847516888  -12.44443
4712.05483311903  44.49682
4712.22119106917  27.82883
4712.38754901932  25.82308
4712.55390696947  19.7203
4712.72026491961  3.219719
4712.88662286976  -12.93205
4713.05298081991  34.99268
4713.21933877005  37.65693
4713.3856967202  45.36497
4713.55205467035  27.30939
4713.7184126205  68.62328
4713.88477057064  27.77649
4714.05112852079  9.050613
4714.21748647094  43.86456
4714.38384442108  44.23391
4714.55020237123  65.92146
4714.71656032138  58.35043
4714.88291827153  36.52992
4715.04927622167  45.83968
4715.21563417182  45.10642
4715.38199212197  9.906308
4715.54835007211  30.25574
4715.71470802226  35.08983
4715.88106597241  20.7975
4716.04742392255  -1.482201
4716.2137818727  31.77294
4716.38013982285  46.68904
4716.546497773  29.69909
4716.71285572314  56.16478
4716.87921367329  47.07325
4717.04557162344  30.60184
4717.21192957358  43.42469
4717.37828752373  12.05309
4717.54464547388  -7.364762
4717.71100342402  6.593791
4717.87736137417  20.15867
4718.04371932432  25.66537
4718.21007727447  50.51926
4718.37643522461  19.05367
4718.54279317476  31.02436
4718.70915112491  57.50197
4718.87550907505  41.29594
4719.0418670252  59.0622
4719.20822497535  56.25632
4719.37458292549  32.01849
4719.54094087564  46.16255
4719.70729882579  31.44028
4719.87365677594  30.86469
4720.04001472608  45.49707
4720.20637267623  37.54677
4720.37273062638  0.9226037
4720.53908857652  -5.862617
4720.70544652667  19.01858
4720.87180447682  19.33587
4721.03816242696  1.90859
4721.20452037711  28.36055
4721.37087832726  28.78139
4721.53723627741  18.24746
4721.70359422755  43.71748
4721.8699521777  1.227967
4722.03631012785  8.222714
4722.20266807799  36.8587
4722.36902602814  4.717613
4722.53538397829  35.27959
4722.70174192843  46.83666
4722.86809987858  18.6644
4723.03445782873  8.017483
4723.20081577888  -3.588255
4723.36717372902  10.70556
4723.53353167917  53.95624
4723.69988962932  -17.99884
4723.86624757946  7.607109
4724.03260552961  37.52896
4724.19896347976  17.90479
4724.3653214299  34.4348
4724.53167938005  39.0091
4724.6980373302  36.6902
4724.86439528034  1.72489
4725.03075323049  11.08085
4725.19711118064  27.99352
4725.36346913079  26.94113
4725.52982708093  12.75583
4725.69618503108  18.55128
4725.86254298123  13.20319
4726.02890093137  10.98347
4726.19525888152  -6.701656
4726.36161683167  1.804955
4726.52797478182  19.66419
4726.69433273196  21.51635
4726.86069068211  22.72451
4727.02704863226  27.87382
4727.1934065824  14.57674
4727.35976453255  32.65016
4727.5261224827  26.50026
4727.69248043284  38.9255
4727.85883838299  16.14898
4728.02519633314  26.72724
4728.19155428328  -6.061363
4728.35791223343  4.995039
4728.52427018358  14.87852
4728.69062813373  15.87761
4728.85698608387  16.71236
4729.02334403402  25.9732
4729.18970198417  30.46715
4729.35605993431  10.04325
4729.52241788446  22.50295
4729.68877583461  37.0592
4729.85513378475  37.17065
4730.0214917349  58.98856
4730.18784968505  17.45035
4730.3542076352  8.135338
4730.52056558534  -0.1402285
4730.68692353549  10.96614
4730.85328148564  -18.11401
4731.01963943578  3.116189
4731.18599738593  11.97565
4731.35235533608  35.94133
4731.51871328623  9.069756
4731.68507123637  13.68332
4731.85142918652  31.17315
4732.01778713667  28.13377
4732.18414508681  19.34849
4732.35050303696  7.453115
4732.51686098711  7.032907
4732.68321893725  -12.99225
4732.8495768874  -23.03952
4733.01593483755  8.951193
4733.1822927877  -12.22112
4733.34865073784  -4.387095
4733.51500868799  12.4001
4733.68136663814  31.10937
4733.84772458828  12.0888
4734.01408253843  -8.73357
4734.18044048858  31.61507
4734.34679843872  5.744952
4734.51315638887  1.017172
4734.67951433902  23.92259
4734.84587228917  9.381918
4735.01223023931  -39.0372
4735.17858818946  -14.43107
4735.34494613961  3.965456
4735.51130408975  1.423411
4735.6776620399  4.73174
4735.84401999005  -3.170477
4736.01037794019  9.611919
4736.17673589034  31.41019
4736.34309384049  4.222475
4736.50945179064  -12.06303
4736.67580974078  24.00318
4736.84216769093  9.508079
4737.00852564107  9.738492
4737.17488359122  11.67241
4737.34124154137  10.48842
4737.50759949152  16.10053
4737.67395744166  28.1213
4737.84031539181  39.79366
4738.00667334196  4.118717
4738.1730312921  28.64741
4738.33938924225  17.9685
4738.5057471924  -3.727607
4738.67210514255  1.313705
4738.83846309269  21.85903
4739.00482104284  -5.457961
4739.17117899299  -14.41142
4739.33753694313  4.838953
4739.50389489328  -15.31618
