4569.1609444434  -0.1554226
4569.32740835781  19.78933
4569.49387227222  8.808943
4569.66033618664  36.58743
4569.82680010105  74.2452
4569.99326401546  67.11725
4570.15972792987  26.9404
4570.32619184428  10.92613
4570.4926557587  43.85648
4570.65911967311  36.31
4570.82558358752  -15.90254
4570.99204750193  2.041309
4571.15851141634  19.16383
4571.32497533076  8.991468
4571.49143924517  22.59826
4571.65790315958  37.07294
4571.82436707399  28.11283
4571.9908309884  45.07459
4572.15729490281  59.34927
4572.32375881722  18.5984
4572.49022273164  -2.335059
4572.65668664605  8.961865
4572.82315056046  8.113944
4572.98961447487  22.80688
4573.15607838928  57.19983
4573.3225423037  54.96494
4573.48900621811  18.37063
4573.65547013252  11.61719
4573.82193404693  6.982591
4573.98839796134  -1.745081
4574.15486187576  9.436601
4574.32132579017  11.75608
4574.48778970458  6.12906
4574.65425361899  11.18889
4574.8207175334  0.5212033
4574.98718144781  -11.91256
4575.15364536223  26.81039
4575.32010927664  55.89481
4575.48657319105  30.88186
4575.65303710546  34.31405
4575.81950101987  44.42495
4575.98596493429  35.23136
4576.1524288487  23.33872
4576.31889276311  63.45625
4576.48535667752  7.766337
4576.65182059193  47.50366
4576.81828450635  27.70692
4576.98474842076  10.45175
4577.15121233517  54.24897
4577.31767624958  55.1078
4577.48414016399  29.61906
4577.65060407841  41.3615
4577.81706799282  63.28078
4577.98353190723  72.35502
4578.14999582164  60.92733
4578.31645973605  36.15265
4578.48292365046  51.1525
4578.64938756488  37.85475
4578.81585147929  11.11355
4578.9823153937  42.6546
4579.14877930811  14.44986
4579.31524322252  -6.377602
4579.48170713694  44.89755
4579.64817105135  75.23154
4579.81463496576  78.89329
4579.98109888017  55.65741
4580.14756279458  21.63638
4580.314026709  38.09472
4580.48049062341  41.15946
4580.64695453782  43.28242
4580.81341845223  14.76329
4580.97988236664  -13.60361
4581.14634628105  32.45887
4581.31281019547  19.29284
4581.47927410988  -19.62782
4581.64573802429  2.176916
4581.8122019387  11.96152
4581.97866585312  23.53597
4582.14512976753  53.81882
4582.31159368194  38.72761
4582.47805759635  41.09861
4582.64452151076  56.00319
4582.81098542517  -12.12024
4582.97744933959  -27.21564
4583.143913254  17.04033
4583.31037716841  45.00346
4583.47684108282  56.18279
4583.64330499723  78.28859
4583.80976891165  29.96307
4583.97623282606  43.45335
4584.14269674047  73.48569
4584.30916065488  81.20225
4584.47562456929  45.29169
4584.6420884837  16.92748
4584.80855239812  15.77052
4584.97501631253  47.04898
4585.14148022694  64.05089
4585.30794414135  27.01777
4585.47440805576  39.00665
4585.64087197018  39.07407
4585.80733588459  81.63461
4585.973799799  60.0491
4586.14026371341  36.67075
4586.30672762782  51.56155
4586.47319154224  65.67982
4586.63965545665  67.68775
4586.80611937106  98.3392
4586.97258328547  60.99216
4587.13904719988  -6.13568
4587.30551111429  22.88384
4587.47197502871  70.15961
4587.63843894312  65.99105
4587.80490285753  61.08814
4587.97136677194  44.90601
4588.13783068635  29.67703
4588.30429460077  28.20598
4588.47075851518  50.41984
4588.63722242959  29.33676
4588.803686344  9.562475
4588.97015025841  69.35786
4589.13661417283  51.9804
4589.30307808724  60.08771
4589.46954200165  33.60078
4589.63600591606  10.1262
4589.80246983047  46.89452
4589.96893374488  94.95696
4590.1353976593  64.13702
4590.30186157371  31.94625
4590.46832548812  78.71606
4590.63478940253  43.63812
4590.80125331694  32.08259
4590.96771723136  83.39201
4591.13418114577  41.29321
4591.30064506018  42.9524
4591.46710897459  81.56557
4591.633572889  65.1101
4591.80003680342  36.13431
4591.96650071783  26.61808
4592.13296463224  53.90352
4592.29942854665  37.51577
4592.46589246106  75.48305
4592.63235637548  104.9917
4592.79882028989  41.58652
4592.9652842043  43.56813
4593.13174811871  71.62146
4593.29821203312  41.02549
4593.46467594753  70.37415
4593.63113986195  76.68567
4593.79760377636  23.94201
4593.96406769077  23.85708
4594.13053160518  47.81974
4594.29699551959  48.81798
4594.46345943401  50.08721
4594.62992334842  47.619
4594.79638726283  64.52744
4594.96285117724  68.20462
4595.12931509165  26.58453
4595.29577900606  51.94551
4595.46224292048  95.55179
4595.62870683489  56.12786
4595.7951707493  19.54665
4595.96163466371  40.24204
4596.12809857812  62.1802
4596.29456249254  54.6856
4596.46102640695  78.62091
4596.62749032136  55.22882
4596.79395423577  71.63448
4596.96041815018  119.0806
4597.1268820646  52.60824
4597.29334597901  97.84651
4597.45980989342  70.49128
4597.62627380783  100.0986
4597.79273772224  62.98994
4597.95920163666  13.7488
4598.12566555107  15.93226
4598.29212946548  61.82643
4598.45859337989  69.57589
4598.6250572943  28.30194
4598.79152120871  53.36402
4598.95798512313  68.35787
4599.12444903754  44.3592
4599.29091295195  22.47464
4599.45737686636  67.46119
4599.62384078077  61.42388
4599.79030469519  37.10275
4599.9567686096  59.40692
4600.12323252401  57.93151
4600.28969643842  58.05821
4600.45616035283  48.53968
4600.62262426725  91.29198
4600.78908818166  101.6987
4600.95555209607  51.05857
4601.12201601048  31.71697
4601.28847992489  60.75351
4601.4549438393  71.02672
4601.62140775372  69.68865
4601.78787166813  77.15382
4601.95433558254  70.73238
4602.12079949695  86.13674
4602.28726341136  80.09547
4602.45372732578  57.68324
4602.62019124019  88.65086
4602.7866551546  66.78078
4602.95311906901  33.13214
4603.11958298342  75.82887
4603.28604689783  79.16988
4603.45251081225  38.39888
4603.61897472666  44.16749
4603.78543864107  66.4125
4603.95190255548  96.14413
4604.11836646989  76.66436
4604.28483038431  39.03401
4604.45129429872  92.57107
4604.61775821313  96.73043
4604.78422212754  55.90734
4604.95068604195  75.27301
4605.11714995637  77.38712
4605.28361387078  145.7531
4605.45007778519  130.7268
4605.6165416996  93.16631
4605.78300561401  99.89528
4605.94946952843  66.95765
4606.11593344284  89.13988
4606.28239735725  88.0437
4606.44886127166  74.91547
4606.61532518607  62.57863
4606.78178910048  89.54765
4606.9482530149  61.59811
4607.11471692931  84.37389
4607.28118084372  108.7449
4607.44764475813  118.9104
4607.61410867254  89.84409
4607.78057258696  30.4482
4607.94703650137  48.30326
4608.11350041578  83.23128
4608.27996433019  78.68253
4608.4464282446  70.66363
4608.61289215902  45.163
4608.77935607343  62.58677
4608.94581998784  82.64256
4609.11228390225  108.4672
4609.27874781666  97.4453
4609.44521173108  64.02777
4609.61167564549  60.48734
4609.7781395599  75.9369
4609.94460347431  58.2067
4610.11106738872  31.90036
4610.27753130313  65.72523
4610.44399521755  62.80004
4610.61045913196  52.94989
4610.77692304637  53.90227
4610.94338696078  30.39215
4611.10985087519  81.29579
4611.27631478961  108.3613
4611.44277870402  87.86998
4611.60924261843  105.8081
4611.77570653284  85.35081
4611.94217044725  86.81599
4612.10863436166  97.2465
4612.27509827608  86.44041
4612.44156219049  79.7758
4612.6080261049  99.19345
4612.77449001931  160.946
4612.94095393372  107.0094
4613.10741784814  74.13989
4613.27388176255  121.5838
4613.44034567696  120.8694
4613.60680959137  83.06812
4613.77327350578  71.26976
4613.93973742019  79.96482
4614.10620133461  62.11618
4614.27266524902  74.52602
4614.43912916343  108.3321
4614.60559307784  105.6918
4614.77205699225  64.99922
4614.93852090667  56.7071
4615.10498482108  92.01257
4615.27144873549  73.85527
4615.4379126499  69.37989
4615.60437656431  118.6613
4615.77084047873  94.83517
4615.93730439314  94.29017
4616.10376830755  89.80833
4616.27023222196  55.88103
4616.43669613637  75.79084
4616.60316005079  58.36047
4616.7696239652  125.9121
4616.93608787961  95.31708
4617.10255179402  55.73922
4617.26901570843  122.9442
4617.43547962285  84.04629
4617.60194353726  88.72407
4617.76840745167  101.4911
4617.93487136608  47.23099
4618.10133528049  71.60966
4618.2677991949  71.08108
4618.43426310932  63.23275
4618.60072702373  49.34712
4618.76719093814  51.54961
4618.93365485255  89.30548
4619.10011876696  119.8681
4619.26658268138  117.5833
4619.43304659579  90.90926
4619.5995105102  65.05415
4619.76597442461  51.24003
4619.93243833902  114.6195
4620.09890225343  140.5761
4620.26536616785  116.2903
4620.43183008226  135.8307
4620.59829399667  116.5851
4620.76475791108  99.28097
4620.93122182549  66.95078
4621.09768573991  102.3231
4621.26414965432  53.60497
4621.43061356873  71.20907
4621.59707748314  66.7523
4621.76354139755  96.71884
4621.93000531197  129.914
4622.09646922638  116.918
4622.26293314079  116.7026
4622.4293970552  134.4126
4622.59586096961  109.9795
4622.76232488403  96.91037
4622.92878879844  87.73962
4623.09525271285  90.20726
4623.26171662726  103.2036
4623.42818054167  104.0798
4623.59464445608  101.5634
4623.7611083705  102.5425
4623.92757228491  74.59409
4624.09403619932  69.60679
4624.26050011373  126.9494
4624.42696402814  114.057
4624.59342794255  99.00612
4624.75989185697  74.34046
4624.92635577138  106.5451
4625.09281968579  128.1038
4625.2592836002  57.20887
4625.42574751462  87.16084
4625.59221142903  117.0471
4625.75867534344  102.5708
4625.92513925785  84.72164
4626.09160317226  68.30577
4626.25806708667  59.91908
4626.42453100109  74.06564
4626.5909949155  140.7258
4626.75745882991  89.24496
4626.92392274432  56.60502
4627.09038665873  78.38612
4627.25685057315  112.2183
4627.42331448756  149.2777
4627.58977840197  111.6341
4627.75624231638  89.06129
4627.92270623079  106.4156
4628.08917014521  109.0838
4628.25563405962  78.44397
4628.42209797403  93.91654
4628.58856188844  128.1784
4628.75502580285  103.5583
4628.92148971726  101.541
4629.08795363168  108.5871
4629.25441754609  92.093
4629.4208814605  99.10545
4629.58734537491  123.6325
4629.75380928932  100.8256
4629.92027320374  91.13113
4630.08673711815  121.9053
4630.25320103256  103.2013
4630.41966494697  111.2608
4630.58612886138  96.09875
4630.75259277579  89.45385
4630.91905669021  105.6801
4631.08552060462  156.5177
4631.25198451903  124.1692
4631.41844843344  116.5591
4631.58491234785  130.5833
4631.75137626227  140.4617
4631.91784017668  137.3727
4632.08430409109  101.0042
4632.2507680055  128.8711
4632.41723191991  145.9259
4632.58369583433  100.9289
4632.75015974874  88.45453
4632.91662366315  99.42899
4633.08308757756  126.1115
4633.24955149197  124.3954
4633.41601540639  97.01859
4633.5824793208  94.92435
4633.74894323521  117.8719
4633.91540714962  125.5912
4634.08187106403  116.2545
4634.24833497845  104.9548
4634.41479889286  114.7765
4634.58126280727  93.408
4634.74772672168  71.79063
4634.91419063609  89.6909
4635.0806545505  100.859
4635.24711846492  129.1699
4635.41358237933  93.02759
4635.58004629374  78.99785
4635.74651020815  99.66166
4635.91297412256  97.17837
4636.07943803698  125.4718
4636.24590195139  119.3239
4636.4123658658  90.87988
4636.57882978021  79.23434
4636.74529369462  130.4219
4636.91175760903  94.26192
4637.07822152345  115.6562
4637.24468543786  122.6512
4637.41114935227  128.4522
4637.57761326668  122.716
4637.7440771811  137.1581
4637.91054109551  112.9222
4638.07700500992  104.0965
4638.24346892433  75.75603
4638.40993283874  111.1869
4638.57639675315  103.6422
4638.74286066757  93.50893
4638.90932458198  83.34401
4639.07578849639  107.4058
4639.2422524108  104.6337
4639.40871632521  115.8433
4639.57518023962  124.581
4639.74164415404  128.9582
4639.90810806845  88.35622
4640.07457198286  106.8762
4640.24103589727  142.5638
4640.40749981169  104.8443
4640.5739637261  78.75747
4640.74042764051  104.5685
4640.90689155492  132.2446
4641.07335546933  158.5041
4641.23981938374  136.8509
4641.40628329815  53.98683
4641.57274721257  104.0318
4641.73921112698  120.5492
4641.90567504139  99.73296
4642.0721389558  155.2776
4642.23860287022  164.1685
4642.40506678463  135.835
4642.57153069904  111.3351
4642.73799461345  114.9134
4642.90445852786  105.6631
4643.07092244227  138.6909
4643.23738635669  136.0587
4643.4038502711  121.2656
4643.57031418551  123.9567
4643.73677809992  99.67947
4643.90324201433  144.9663
4644.06970592875  146.4378
4644.23616984316  100.0113
4644.40263375757  111.2516
4644.56909767198  109.1631
4644.73556158639  105.058
4644.9020255008  124.433
4645.06848941522  177.5904
4645.23495332963  164.7539
4645.40141724404  169.2668
4645.56788115845  119.9503
4645.73434507287  87.24948
4645.90080898728  128.6623
4646.06727290169  136.2684
4646.2337368161  104.5463
4646.40020073051  126.5473
4646.56666464492  130.1494
4646.73312855933  159.8882
4646.89959247375  124.555
4647.06605638816  81.02932
4647.23252030257  87.1969
4647.39898421698  139.8805
4647.5654481314  150.0314
4647.73191204581  113.9634
4647.89837596022  111.0341
4648.06483987463  135.4076
4648.23130378904  100.1601
4648.39776770345  82.69447
4648.56423161787  129.6237
4648.73069553228  161.5973
4648.89715944669  142.0222
4649.0636233611  105.3234
4649.23008727551  82.72365
4649.39655118993  143.3052
4649.56301510434  158.8859
4649.72947901875  127.4907
4649.89594293316  137.0424
4650.06240684757  92.15305
4650.22887076199  110.9902
4650.3953346764  167.8028
4650.56179859081  131.7486
4650.72826250522  95.42428
4650.89472641963  99.02888
4651.06119033405  112.9435
4651.22765424846  147.2109
4651.39411816287  135.5413
4651.56058207728  112.7486
4651.72704599169  125.1181
4651.8935099061  113.9499
4652.05997382052  100.6798
4652.22643773493  117.4912
4652.39290164934  82.21663
4652.55936556375  119.1753
4652.72582947816  144.6366
4652.89229339258  151.6903
4653.05875730699  147.034
4653.2252212214  161.1647
4653.39168513581  126.8415
4653.55814905022  104.6612
4653.72461296463  157.9869
4653.89107687905  165.8042
4654.05754079346  146.0911
4654.22400470787  107.3699
4654.39046862228  135.1866
4654.55693253669  177.2067
4654.72339645111  144.1771
4654.88986036552  122.5161
4655.05632427993  109.314
4655.22278819434  133.243
4655.38925210875  142.6736
4655.55571602317  147.6452
4655.72217993758  83.81102
4655.88864385199  95.43818
4656.0551077664  115.0777
4656.22157168081  129.8438
4656.38803559523  129.141
4656.55449950964  134.137
4656.72096342405  147.2732
4656.88742733846  127.0406
4657.05389125287  148.5472
4657.22035516728  148.3654
4657.3868190817  127.7613
4657.55328299611  107.1796
4657.71974691052  136.3254
4657.88621082493  156.0215
4658.05267473934  139.4728
4658.21913865376  119.1376
4658.38560256817  124.7659
4658.55206648258  140.7168
4658.71853039699  129.0631
4658.8849943114  92.37373
4659.05145822581  77.27435
4659.21792214023  126.1078
4659.38438605464  182.2277
4659.55084996905  180.8925
4659.71731388346  93.86469
4659.88377779787  114.3565
4660.05024171229  190.5259
4660.2167056267  131.6287
4660.38316954111  127.7291
4660.54963345552  147.1338
4660.71609736993  150.2534
4660.88256128435  131.2027
4661.04902519876  81.99783
4661.21548911317  93.29226
4661.38195302758  126.4762
4661.54841694199  159.3495
4661.71488085641  161.8764
4661.88134477082  70.80965
4662.04780868523  74.63351
4662.21427259964  151.7287
4662.38073651405  123.8958
4662.54720042847  152.5538
4662.71366434288  173.3161
4662.88012825729  128.5262
4663.0465921717  97.43208
4663.21305608611  101.7055
4663.37952000052  148.7889
4663.54598391494  165.4974
4663.71244782935  161.4922
4663.87891174376  125.2988
4664.04537565817  103.6103
4664.21183957258  113.6238
4664.37830348699  99.59414
4664.54476740141  114.87
4664.71123131582  162.6009
4664.87769523023  118.4735
4665.04415914464  114.1241
4665.21062305906  137.6902
4665.37708697347  156.63
4665.54355088788  128.827
4665.71001480229  104.3437
4665.8764787167  113.6003
4666.04294263111  131.956
4666.20940654553  133.492
4666.37587045994  136.2526
4666.54233437435  109.6012
4666.70879828876  114.4566
4666.87526220317  85.74989
4667.04172611759  62.68641
4667.208190032  110.1616
4667.37465394641  133.3096
4667.54111786082  99.51132
4667.70758177523  116.6527
4667.87404568965  120.8811
4668.04050960406  128.7838
4668.20697351847  126.4078
4668.37343743288  136.4749
4668.53990134729  115.3458
4668.7063652617  118.5853
4668.87282917612  107.1725
4669.03929309053  107.0095
4669.20575700494  93.83379
4669.37222091935  98.00543
4669.53868483376  138.0141
4669.70514874817  151.5067
4669.87161266259  115.9078
4670.038076577  133.8377
4670.20454049141  112.9433
4670.37100440582  66.43787
4670.53746832023  129.0677
4670.70393223465  109.2154
4670.87039614906  106.7768
4671.03686006347  122.611
4671.20332397788  138.9673
4671.36978789229  109.7576
4671.53625180671  139.9473
4671.70271572112  91.83397
4671.86917963553  87.64326
4672.03564354994  111.3387
4672.20210746435  109.6275
4672.36857137877  114.8895
4672.53503529318  113.5687
4672.70149920759  127.8289
4672.867963122  127.6691
4673.03442703641  131.5336
4673.20089095083  123.9407
4673.36735486524  155.0255
4673.53381877965  120.7628
4673.70028269406  102.7229
4673.86674660847  133.0394
4674.03321052288  121.9938
4674.1996744373  92.7984
4674.36613835171  145.1163
4674.53260226612  138.126
4674.69906618053  161.2712
4674.86553009494  148.0225
4675.03199400936  100.5157
4675.19845792377  131.5471
4675.36492183818  122.5459
4675.53138575259  121.9294
4675.697849667  127.9158
4675.86431358141  140.2513
4676.03077749583  126.7949
4676.19724141024  144.7557
4676.36370532465  116.5644
4676.53016923906  86.84963
4676.69663315347  117.4421
4676.86309706789  157.4338
4677.0295609823  126.0991
4677.19602489671  143.8517
4677.36248881112  138.6435
4677.52895272553  118.8315
4677.69541663995  136.6743
4677.86188055436  160.4063
4678.02834446877  142.1025
4678.19480838318  114.9157
4678.36127229759  120.6132
4678.52773621201  126.5277
4678.69420012642  148.9085
4678.86066404083  163.0548
4679.02712795524  141.5341
4679.19359186965  126.0963
4679.36005578406  141.4009
4679.52651969848  133.2244
4679.69298361289  92.58992
4679.8594475273  113.4043
4680.02591144171  104.5482
4680.19237535612  102.807
4680.35883927054  111.3629
4680.52530318495  155.2862
4680.69176709936  160.5929
4680.85823101377  155.8501
4681.02469492818  137.0274
4681.1911588426  155.4106
4681.35762275701  145.1066
4681.52408667142  93.89019
4681.69055058583  146.3333
4681.85701450024  144.539
4682.02347841465  149.8805
4682.18994232907  161.4698
4682.35640624348  105.8038
4682.52287015789  112.1505
4682.6893340723  194.4022
4682.85579798671  142.5976
4683.02226190113  104.3227
4683.18872581554  125.7205
4683.35518972995  135.2786
4683.52165364436  111.5499
4683.68811755877  117.7742
4683.85458147319  145.3397
4684.0210453876  134.9861
4684.18750930201  115.3675
4684.35397321642  133.6139
4684.52043713083  142.4408
4684.68690104524  133.1165
4684.85336495966  113.9939
4685.01982887407  130.1927
4685.18629278848  116.3957
4685.35275670289  121.3069
4685.5192206173  118.6609
4685.68568453172  130.9693
4685.85214844613  164.0064
4686.01861236054  146.0323
4686.18507627495  140.2851
4686.35154018936  165.3864
4686.51800410377  171.7031
4686.68446801819  129.7484
4686.8509319326  185.0232
4687.01739584701  164.9697
4687.18385976142  156.2781
4687.35032367583  177.3976
4687.51678759025  218.3191
4687.68325150466  176.8862
4687.84971541907  138.9108
4688.01617933348  125.6503
4688.18264324789  129.7978
4688.34910716231  139.908
4688.51557107672  145.2545
4688.68203499113  135.6765
4688.84849890554  132.1577
4689.01496281995  176.6143
4689.18142673437  154.5976
4689.34789064878  114.3661
4689.51435456319  160.2114
4689.6808184776  160.3732
4689.84728239201  111.9679
4690.01374630643  129.1559
4690.18021022084  118.4652
4690.34667413525  132.6972
4690.51313804966  105.039
4690.67960196407  125.4249
4690.84606587848  157.6879
4691.0125297929  112.2173
4691.17899370731  120.4584
4691.34545762172  107.7266
4691.51192153613  91.56893
4691.67838545054  94.38419
4691.84484936496  149.428
4692.01131327937  121.1041
4692.17777719378  115.311
4692.34424110819  114.5373
4692.5107050226  136.5717
4692.67716893701  124.6794
4692.84363285143  135.5714
4693.01009676584  164.3067
4693.17656068025  85.44086
4693.34302459466  125.6082
4693.50948850907  123.8134
4693.67595242349  143.7573
4693.8424163379  140.8712
4694.00888025231  129.1204
4694.17534416672  143.225
4694.34180808113  125.2022
4694.50827199554  121.9943
4694.67473590996  100.59
4694.84119982437  106.9855
4695.00766373878  92.33592
4695.17412765319  142.4043
4695.3405915676  140.4174
4695.50705548202  109.4972
4695.67351939643  87.44118
4695.83998331084  90.1184
4696.00644722525  120.7341
4696.17291113966  132.8151
4696.33937505408  87.92596
4696.50583896849  102.4229
4696.6723028829  104.684
4696.83876679731  122.1216
4697.00523071172  130.0266
4697.17169462614  93.00816
4697.33815854055  102.5994
4697.50462245496  123.6345
4697.67108636937  108.1628
4697.83755028378  104.1545
4698.00401419819  76.44772
4698.17047811261  48.33762
4698.33694202702  85.32204
4698.50340594143  93.65358
4698.66986985584  62.6221
4698.83633377025  62.09027
4699.00279768467  84.82065
4699.16926159908  80.04942
4699.33572551349  71.06005
4699.5021894279  112.8436
4699.66865334231  99.02827
4699.83511725673  69.45238
4700.00158117114  70.77951
4700.16804508555  87.8328
4700.33450899996  88.49888
4700.50097291437  132.3591
4700.66743682878  86.43346
4700.8339007432  85.66197
4701.00036465761  91.15903
4701.16682857202  93.12368
4701.33329248643  53.12886
4701.49975640084  131.0427
4701.66622031526  89.32198
4701.83268422967  49.92814
4701.99914814408  65.72791
4702.16561205849  99.75201
4702.3320759729  77.34402
4702.49853988732  37.2293
4702.66500380173  57.55925
4702.83146771614  84.32264
4702.99793163055  104.4491
4703.16439554496  99.15177
4703.33085945938  82.44783
4703.49732337379  64.35911
4703.6637872882  58.32293
4703.83025120261  100.8071
4703.99671511702  78.17728
4704.16317903143  58.05542
4704.32964294585  73.78304
4704.49610686026  81.09639
4704.66257077467  81.63529
4704.82903468908  72.13165
4704.99549860349  79.7671
4705.16196251791  83.03738
4705.32842643232  48.42889
4705.49489034673  71.83231
4705.66135426114  78.74646
4705.82781817555  84.26933
4705.99428208997  60.49092
4706.16074600438  56.67376
4706.32720991879  42.16022
4706.4936738332  55.11928
4706.66013774761  93.53413
4706.82660166202  75.34557
4706.99306557644  45.39613
4707.15952949085  33.77545
4707.32599340526  69.96383
4707.49245731967  73.16756
4707.65892123408  72.83989
4707.8253851485  87.30276
4707.99184906291  78.35892
4708.15831297732  39.69582
4708.32477689173  40.05185
4708.49124080614  64.48925
4708.65770472056  85.63724
4708.82416863497  94.44014
4708.99063254938  74.1852
4709.15709646379  52.49181
4709.3235603782  36.03242
4709.49002429261  54.73118
4709.65648820703  74.1321
4709.82295212144  81.1606
4709.98941603585  26.31373
4710.15587995026  37.34597
4710.32234386467  81.93639
4710.48880777909  88.26772
4710.6552716935  72.87212
4710.82173560791  33.94367
4710.98819952232  39.38156
4711.15466343673  65.80781
4711.32112735115  23.60181
4711.48759126556  70.11227
4711.65405517997  59.72257
4711.82051909438  36.30128
4711.98698300879  34.70522
4712.15344692321  35.79747
4712.31991083762  65.68362
4712.48637475203  36.6939
4712.65283866644  39.15201
4712.81930258085  27.96538
4712.98576649526  62.89193
4713.15223040968  66.31924
4713.31869432409  36.59908
4713.4851582385  53.81149
4713.65162215291  13.71726
4713.81808606732  40.05864
4713.98454998174  71.70934
4714.15101389615  29.04117
4714.31747781056  78.07911
4714.48394172497  77.96121
4714.65040563938  72.19122
4714.8168695538  56.55811
4714.98333346821  67.69115
4715.14979738262  123.8413
4715.31626129703  98.78437
4715.48272521144  50.6642
4715.64918912585  66.31464
4715.81565304027  63.32838
4715.98211695468  6.250671
4716.14858086909  53.34505
4716.3150447835  30.96546
4716.48150869791  49.00002
4716.64797261233  25.95226
4716.81443652674  38.91127
4716.98090044115  13.89459
4717.14736435556  31.23123
4717.31382826997  44.42049
4717.48029218439  38.60015
4717.6467560988  30.16776
4717.81322001321  50.70431
4717.97968392762  46.39153
4718.14614784203  44.64581
4718.31261175644  63.26142
4718.47907567086  9.130315
4718.64553958527  24.03182
4718.81200349968  87.2058
4718.97846741409  58.70151
4719.1449313285  47.60668
4719.31139524292  17.06829
4719.47785915733  12.45946
4719.64432307174  29.88877
4719.81078698615  69.33561
4719.97725090056  69.8821
4720.14371481498  34.27976
4720.31017872939  52.1311
4720.4766426438  41.18414
4720.64310655821  39.85988
4720.80957047262  34.31044
4720.97603438703  25.84428
4721.14249830144  34.04958
4721.30896221586  45.36568
4721.47542613027  65.22232
4721.64189004468  42.49006
4721.80835395909  47.58834
4721.97481787351  46.28673
4722.14128178792  -4.163392
4722.30774570233  -29.20844
4722.47420961674  11.61311
4722.64067353115  47.21488
4722.80713744556  48.98214
4722.97360135998  31.96289
4723.14006527439  38.3759
4723.3065291888  32.22662
4723.47299310321  32.35121
4723.63945701762  73.21748
4723.80592093204  32.62196
4723.97238484645  18.96808
4724.13884876086  8.932425
4724.30531267527  24.31477
4724.47177658968  66.44238
4724.6382405041  60.19749
4724.80470441851  46.31208
4724.97116833292  18.47063
4725.13763224733  10.85094
4725.30409616174  27.65559
4725.47056007616  26.32035
4725.63702399057  15.86276
4725.80348790498  37.80548
4725.96995181939  5.28473
4726.1364157338  10.01604
4726.30287964821  50.21672
4726.46934356263  23.8389
4726.63580747704  23.96748
4726.80227139145  60.32222
4726.96873530586  21.60472
4727.13519922027  7.586475
4727.30166313469  12.41677
4727.4681270491  31.3755
4727.63459096351  29.8397
4727.80105487792  70.64529
4727.96751879233  43.56965
4728.13398270674  23.21051
4728.30044662116  41.8868
4728.46691053557  27.21596
4728.63337444998  24.37594
4728.79983836439  24.7636
4728.9663022788  18.02816
4729.13276619322  34.57959
4729.29923010763  14.65653
4729.46569402204  47.57537
4729.63215793645  53.17153
4729.79862185086  1.976998
4729.96508576528  10.31792
4730.13154967969  30.93001
4730.2980135941  -6.669956
4730.46447750851  -6.683885
4730.63094142292  4.911453
4730.79740533734  19.27743
4730.96386925175  -20.23898
4731.13033316616  4.179868
4731.29679708057  -12.53398
4731.46326099498  -13.05451
4731.62972490939  -15.20846
4731.79618882381  11.28313
4731.96265273822  40.01724
4732.12911665263  6.99833
4732.29558056704  14.31752
4732.46204448145  4.682101
4732.62850839587  15.33958
4732.79497231028  27.77578
4732.96143622469  37.3834
4733.1279001391  -0.5495214
4733.29436405351  10.17415
4733.46082796793  -4.401112
4733.62729188234  9.600403
4733.79375579675  7.32867
4733.96021971116  5.008252
4734.12668362557  35.7093
4734.29314753998  32.48032
4734.4596114544  16.50797
4734.62607536881  9.087989
4734.79253928322  -19.46504
4734.95900319763  11.31525
4735.12546711204  23.75303
4735.29193102646  9.803121
4735.45839494087  13.90108
4735.62485885528  10.34207
4735.79132276969  17.80861
4735.9577866841  3.779888
4736.12425059852  -9.397383
4736.29071451293  -6.647215
4736.45717842734  13.14808
4736.62364234175  6.539901
4736.79010625616  -2.362377
4736.95657017058  -2.299399
4737.12303408499  38.41003
4737.2894979994  26.5398
4737.45596191381  -13.41343
4737.62242582822  3.307579
4737.78888974263  40.04312
4737.95535365705  51.8346
4738.12181757146  24.21525
4738.28828148587  20.21739
4738.45474540028  34.90171
4738.62120931469  16.23504
4738.7876732291  8.088703
4738.95413714352  40.68931
4739.12060105793  -3.915223
4739.28706497234  -14.33653
4739.45352888675  16.94355
