4569.1309697437  1.34543
4569.29746244188  12.9111
4569.46395514007  41.30154
4569.63044783825  37.8277
4569.79694053644  -18.6636
4569.96343323462  14.94701
4570.12992593281  33.15175
4570.29641863099  -7.883166
4570.46291132918  11.97801
4570.62940402736  16.98955
4570.79589672554  -25.78539
4570.96238942373  -8.778576
4571.12888212191  -1.701744
4571.2953748201  38.70438
4571.46186751828  18.76896
4571.62836021646  24.94956
4571.79485291465  37.16851
4571.96134561283  17.00278
4572.12783831102  -13.42779
4572.2943310092  -6.652534
4572.46082370739  14.72182
4572.62731640557  36.11334
4572.79380910375  24.18097
4572.96030180194  -2.238281
4573.12679450012  -3.690713
4573.29328719831  -22.248
4573.45977989649  -10.2024
4573.62627259467  -0.3571062
4573.79276529286  17.40981
4573.95925799104  25.62746
4574.12575068923  21.44548
4574.29224338741  -2.888814
4574.4587360856  -14.8264
4574.62522878378  32.90053
4574.79172148196  38.43332
4574.95821418015  34.76585
4575.12470687833  54.6138
4575.29119957652  16.22869
4575.4576922747  6.790577
4575.62418497289  43.23462
4575.79067767107  8.522063
4575.95717036925  50.99657
4576.12366306744  25.5572
4576.29015576562  0.5147983
4576.45664846381  9.958676
4576.62314116199  28.18615
4576.78963386018  25.08628
4576.95612655836  19.72872
4577.12261925654  42.95932
4577.28911195473  13.83192
4577.45560465291  -3.994473
4577.6220973511  39.61072
4577.78859004928  33.86499
4577.95508274747  13.60936
4578.12157544565  27.09528
4578.28806814383  54.17491
4578.45456084202  42.90782
4578.6210535402  20.74709
4578.78754623839  31.33629
4578.95403893657  19.70999
4579.12053163476  28.60026
4579.28702433294  32.0811
4579.45351703112  28.30862
4579.62000972931  8.838335
4579.78650242749  12.56016
4579.95299512568  10.69041
4580.11948782386  -18.43403
4580.28598052204  -5.651467
4580.45247322023  10.99128
4580.61896591841  26.10126
4580.7854586166  7.933833
4580.95195131478  32.49
4581.11844401297  18.46936
4581.28493671115  23.93526
4581.45142940933  41.73019
4581.61792210752  27.45651
4581.7844148057  1.853711
4581.95090750389  33.26909
4582.11740020207  44.87589
4582.28389290026  33.60399
4582.45038559844  51.40332
4582.61687829662  49.84364
4582.78337099481  33.25356
4582.94986369299  20.86219
4583.11635639118  4.005966
4583.28284908936  3.694369
4583.44934178755  50.06852
4583.61583448573  36.50039
4583.78232718391  29.77533
4583.9488198821  63.50533
4584.11531258028  37.15369
4584.28180527847  50.43317
4584.44829797665  52.42571
4584.61479067484  28.15254
4584.78128337302  21.43357
4584.9477760712  25.75903
4585.11426876939  48.82729
4585.28076146757  48.65497
4585.44725416576  27.2431
4585.61374686394  29.22296
4585.78023956212  10.34601
4585.94673226031  15.37302
4586.11322495849  -10.88486
4586.27971765668  34.05874
4586.44621035486  57.2127
4586.61270305305  20.29327
4586.77919575123  23.39123
4586.94568844941  50.93204
4587.1121811476  42.34987
4587.27867384578  31.9312
4587.44516654397  46.56416
4587.61165924215  48.22756
4587.77815194034  50.64343
4587.94464463852  74.0755
4588.11113733671  67.15368
4588.27763003489  65.90707
4588.44412273307  53.07717
4588.61061543126  6.909115
4588.77710812944  5.434087
4588.94360082763  34.717
4589.11009352581  23.81811
4589.27658622399  46.0372
4589.44307892218  55.16459
4589.60957162036  44.81445
4589.77606431855  38.0856
4589.94255701673  39.16651
4590.10904971492  46.31934
4590.2755424131  39.82341
4590.44203511128  24.95369
4590.60852780947  26.14876
4590.77502050765  48.0793
4590.94151320584  56.48675
4591.10800590402  39.00885
4591.27449860221  40.12855
4591.44099130039  63.30626
4591.60748399857  69.91206
4591.77397669676  68.42334
4591.94046939494  46.58147
4592.10696209313  45.42825
4592.27345479131  58.21236
4592.4399474895  43.58931
4592.60644018768  45.73265
4592.77293288586  51.82845
4592.93942558405  52.56634
4593.10591828223  66.11679
4593.27241098042  47.63161
4593.4389036786  32.98427
4593.60539637678  20.88286
4593.77188907497  67.25504
4593.93838177315  77.03988
4594.10487447134  49.85738
4594.27136716952  -2.79379
4594.43785986771  31.45366
4594.60435256589  40.11141
4594.77084526407  76.6996
4594.93733796226  69.07293
4595.10383066044  59.6615
4595.27032335863  56.65529
4595.43681605681  48.0093
4595.603308755  46.88274
4595.76980145318  36.26141
4595.93629415136  31.8744
4596.10278684955  37.40806
4596.26927954773  56.71362
4596.43577224592  48.04432
4596.6022649441  68.37054
4596.76875764229  73.8392
4596.93525034047  56.38093
4597.10174303865  50.13732
4597.26823573684  32.22803
4597.43472843502  11.86277
4597.60122113321  33.59794
4597.76771383139  53.17579
4597.93420652957  46.45486
4598.10069922776  52.67662
4598.26719192594  60.36558
4598.43368462413  54.66982
4598.60017732231  49.39904
4598.7666700205  42.3009
4598.93316271868  33.40662
4599.09965541687  29.85268
4599.26614811505  35.22322
4599.43264081323  38.81481
4599.59913351142  58.22159
4599.7656262096  8.620352
4599.93211890779  55.57808
4600.09861160597  91.15392
4600.26510430415  40.82002
4600.43159700234  41.27395
4600.59808970052  50.50341
4600.76458239871  34.1557
4600.93107509689  56.97292
4601.09756779508  56.51464
4601.26406049326  46.73032
4601.43055319144  77.57162
4601.59704588963  61.74345
4601.76353858781  23.04552
4601.930031286  34.82311
4602.09652398418  36.60354
4602.26301668237  50.51537
4602.42950938055  70.14468
4602.59600207873  70.445
4602.76249477692  46.13189
4602.9289874751  27.50485
4603.09548017329  30.97201
4603.26197287147  34.81684
4603.42846556966  65.72124
4603.59495826784  47.22688
4603.76145096602  13.17002
4603.92794366421  61.43204
4604.09443636239  81.48105
4604.26092906058  76.07211
4604.42742175876  49.95638
4604.59391445695  34.73584
4604.76040715513  71.16852
4604.92689985331  70.18234
4605.0933925515  61.54659
4605.25988524968  77.91307
4605.42637794787  83.01345
4605.59287064605  78.02467
4605.75936334424  67.55782
4605.92585604242  78.57839
4606.0923487406  105.401
4606.25884143879  52.37433
4606.42533413697  82.91459
4606.59182683516  72.54704
4606.75831953334  60.49937
4606.92481223152  32.39425
4607.09130492971  42.0215
4607.25779762789  60.19752
4607.42429032608  81.59782
4607.59078302426  62.16993
4607.75727572245  40.8978
4607.92376842063  42.3245
4608.09026111882  45.34591
4608.256753817  69.45869
4608.42324651518  75.31879
4608.58973921337  83.36047
4608.75623191155  57.5023
4608.92272460974  50.95781
4609.08921730792  54.12144
4609.2557100061  71.04498
4609.42220270429  80.20694
4609.58869540247  93.8287
4609.75518810066  76.92627
4609.92168079884  61.39315
4610.08817349703  53.99269
4610.25466619521  84.00741
4610.42115889339  40.3419
4610.58765159158  33.15811
4610.75414428976  31.22367
4610.92063698795  31.79846
4611.08712968613  76.17598
4611.25362238432  62.30331
4611.4201150825  40.90299
4611.58660778068  89.2934
4611.75310047887  86.89785
4611.91959317705  69.74224
4612.08608587524  94.78126
4612.25257857342  51.51495
4612.4190712716  64.42612
4612.58556396979  94.44088
4612.75205666797  70.64792
4612.91854936616  84.41882
4613.08504206434  111.8225
4613.25153476253  89.24644
4613.41802746071  91.95254
4613.58452015889  49.70732
4613.75101285708  28.06662
4613.91750555526  86.61752
4614.08399825345  114.2332
4614.25049095163  53.3166
4614.41698364982  76.69254
4614.583476348  71.23166
4614.74996904619  45.68985
4614.91646174437  78.5882
4615.08295444255  75.60532
4615.24944714074  52.33832
4615.41593983892  68.45699
4615.58243253711  95.41571
4615.74892523529  78.63714
4615.91541793347  56.70017
4616.08191063166  59.19955
4616.24840332984  45.53292
4616.41489602803  48.36731
4616.58138872621  77.69231
4616.7478814244  104.415
4616.91437412258  90.75896
4617.08086682076  38.50947
4617.24735951895  47.92883
4617.41385221713  79.12724
4617.58034491532  88.31582
4617.7468376135  91.68381
4617.91333031169  106.402
4618.07982300987  90.16513
4618.24631570805  91.73942
4618.41280840624  83.92091
4618.57930110442  54.75243
4618.74579380261  72.00886
4618.91228650079  74.55872
4619.07877919897  53.60402
4619.24527189716  44.8796
4619.41176459534  27.25469
4619.57825729353  49.256
4619.74474999171  74.62319
4619.9112426899  85.77119
4620.07773538808  114.3713
4620.24422808627  93.42848
4620.41072078445  103.4469
4620.57721348263  77.21818
4620.74370618082  78.20816
4620.910198879  49.36787
4621.07669157719  98.71526
4621.24318427537  54.73275
4621.40967697355  66.34896
4621.57616967174  55.54397
4621.74266236992  48.33092
4621.90915506811  57.23808
4622.07564776629  73.53601
4622.24214046448  77.90746
4622.40863316266  119.1077
4622.57512586084  89.48209
4622.74161855903  65.25095
4622.90811125721  79.24535
4623.0746039554  55.47213
4623.24109665358  81.09151
4623.40758935177  107.821
4623.57408204995  67.54328
4623.74057474813  70.70968
4623.90706744632  90.4112
4624.0735601445  84.45457
4624.24005284269  89.77757
4624.40654554087  64.45395
4624.57303823906  52.42907
4624.73953093724  76.96813
4624.90602363542  80.34853
4625.07251633361  81.85219
4625.23900903179  88.65034
4625.40550172998  77.08495
4625.57199442816  56.91518
4625.73848712634  67.16919
4625.90497982453  90.23182
4626.07147252271  72.39865
4626.2379652209  66.62936
4626.40445791908  75.05616
4626.57095061727  92.96739
4626.73744331545  80.5491
4626.90393601363  93.61487
4627.07042871182  92.2308
4627.23692141  70.18633
4627.40341410819  97.64782
4627.56990680637  110.437
4627.73639950456  82.68925
4627.90289220274  124.1873
4628.06938490092  132.6227
4628.23587759911  119.174
4628.40237029729  134.899
4628.56886299548  122.8682
4628.73535569366  101.4411
4628.90184839185  98.38156
4629.06834109003  98.09798
4629.23483378821  63.578
4629.4013264864  81.50852
4629.56781918458  93.15996
4629.73431188277  60.55826
4629.90080458095  63.31726
4630.06729727914  100.0729
4630.23378997732  55.46526
4630.4002826755  61.20181
4630.56677537369  76.3018
4630.73326807187  90.7135
4630.89976077006  95.32816
4631.06625346824  73.92667
4631.23274616643  112.5511
4631.39923886461  89.26321
4631.56573156279  87.05414
4631.73222426098  96.55565
4631.89871695916  85.54174
4632.06520965735  91.06854
4632.23170235553  75.67385
4632.39819505372  54.53246
4632.5646877519  68.74844
4632.73118045008  47.5151
4632.89767314827  76.90904
4633.06416584645  107.3999
4633.23065854464  92.65124
4633.39715124282  91.15147
4633.563643941  74.96004
4633.73013663919  91.86169
4633.89662933737  113.9331
4634.06312203556  102.2151
4634.22961473374  92.90781
4634.39610743193  78.905
4634.56260013011  79.15444
4634.72909282829  97.56159
4634.89558552648  85.68655
4635.06207822466  72.7589
4635.22857092285  85.19341
4635.39506362103  65.24844
4635.56155631922  76.52003
4635.7280490174  90.46136
4635.89454171559  75.67072
4636.06103441377  81.21479
4636.22752711195  111.4442
4636.39401981014  138.2307
4636.56051250832  140.903
4636.72700520651  84.36343
4636.89349790469  51.52978
4637.05999060287  130.3425
4637.22648330106  119.1638
4637.39297599924  93.48096
4637.55946869743  92.49579
4637.72596139561  88.92372
4637.8924540938  109.1588
4638.05894679198  123.4331
4638.22543949016  78.18745
4638.39193218835  70.88936
4638.55842488653  65.62109
4638.72491758472  68.64255
4638.8914102829  86.67646
4639.05790298108  70.01962
4639.22439567927  101.5567
4639.39088837745  121.0117
4639.55738107564  123.5279
4639.72387377382  133.7193
4639.89036647201  143.126
4640.05685917019  105.8255
4640.22335186837  84.90677
4640.38984456656  76.48848
4640.55633726474  89.06431
4640.72282996293  124.93
4640.88932266111  127.2949
4641.0558153593  127.0981
4641.22230805748  129.4997
4641.38880075566  125.493
4641.55529345385  93.63857
4641.72178615203  61.06829
4641.88827885022  65.27613
4642.0547715484  73.54732
4642.22126424658  68.57214
4642.38775694477  64.33068
4642.55424964295  60.70384
4642.72074234114  65.47545
4642.88723503932  103.2311
4643.05372773751  102.956
4643.22022043569  97.15296
4643.38671313388  103.7882
4643.55320583206  111.8345
4643.71969853024  106.2276
4643.88619122843  98.87357
4644.05268392661  152.9081
4644.2191766248  87.27185
4644.38566932298  87.41673
4644.55216202117  93.14215
4644.71865471935  111.108
4644.88514741753  95.43312
4645.05164011572  100.2623
4645.2181328139  86.08711
4645.38462551209  86.2559
4645.55111821027  94.12955
4645.71761090845  85.2887
4645.88410360664  62.46202
4646.05059630482  107.5958
4646.21708900301  69.79882
4646.38358170119  68.95206
4646.55007439938  77.11373
4646.71656709756  85.58711
4646.88305979575  101.8267
4647.04955249393  156.7802
4647.21604519211  130.2501
4647.3825378903  99.04831
4647.54903058848  107.9821
4647.71552328667  104.8077
4647.88201598485  102.0103
4648.04850868303  106.1227
4648.21500138122  97.34878
4648.3814940794  76.24179
4648.54798677759  93.59361
4648.71447947577  123.254
4648.88097217395  122.1041
4649.04746487214  126.5834
4649.21395757032  128.8889
4649.38045026851  98.55708
4649.54694296669  102.5931
4649.71343566488  100.5624
4649.87992836306  93.15428
4650.04642106125  127.5419
4650.21291375943  145.8021
4650.37940645761  117.2277
4650.5458991558  97.62551
4650.71239185398  91.93597
4650.87888455217  116.411
4651.04537725035  100.1238
4651.21186994854  84.63172
4651.37836264672  78.38536
4651.5448553449  102.4753
4651.71134804309  121.0431
4651.87784074127  113.1287
4652.04433343946  103.1898
4652.21082613764  99.42295
4652.37731883582  80.88158
4652.54381153401  101.98
4652.71030423219  109.6942
4652.87679693038  138.2474
4653.04328962856  139.1999
4653.20978232675  88.54446
4653.37627502493  107.2455
4653.54276772311  120.0439
4653.7092604213  116.0748
4653.87575311948  153.8674
4654.04224581767  142.7052
4654.20873851585  121.0988
4654.37523121404  93.47346
4654.54172391222  115.2575
4654.7082166104  104.9131
4654.87470930859  100.7044
4655.04120200677  130.1129
4655.20769470496  95.75555
4655.37418740314  80.39935
4655.54068010133  96.24855
4655.70717279951  100.6688
4655.8736654977  135.0855
4656.04015819588  122.2
4656.20665089406  94.59985
4656.37314359225  103.2342
4656.53963629043  100.7972
4656.70612898862  114.6674
4656.8726216868  116.3179
4657.03911438498  114.2838
4657.20560708317  110.2979
4657.37209978135  115.9882
4657.53859247954  114.1095
4657.70508517772  95.27652
4657.8715778759  137.6652
4658.03807057409  145.6537
4658.20456327227  57.11976
4658.37105597046  50.94664
4658.53754866864  143.8515
4658.70404136683  147.4779
4658.87053406501  94.88493
4659.0370267632  116.7775
4659.20351946138  122.8359
4659.37001215956  98.98365
4659.53650485775  116.7212
4659.70299755593  101.9969
4659.86949025412  67.14375
4660.0359829523  110.7898
4660.20247565048  109.5864
4660.36896834867  83.71279
4660.53546104685  111.1045
4660.70195374504  138.7981
4660.86844644322  133.3377
4661.03493914141  138.2745
4661.20143183959  98.53551
4661.36792453777  69.16631
4661.53441723596  98.54486
4661.70090993414  116.5718
4661.86740263233  95.96841
4662.03389533051  73.90472
4662.2003880287  106.7099
4662.36688072688  103.6233
4662.53337342507  123.6782
4662.69986612325  129.2346
4662.86635882143  105.0352
4663.03285151962  89.75146
4663.1993442178  107.9814
4663.36583691599  78.28664
4663.53232961417  64.1151
4663.69882231235  94.13259
4663.86531501054  91.83129
4664.03180770872  113.5499
4664.19830040691  122.2355
4664.36479310509  105.6252
4664.53128580327  107.917
4664.69777850146  126.8709
4664.86427119964  68.0941
4665.03076389783  79.39565
4665.19725659601  108.3472
4665.3637492942  103.9999
4665.53024199238  120.1443
4665.69673469056  103.1672
4665.86322738875  110.7056
4666.02972008693  112.2928
4666.19621278512  84.43603
4666.3627054833  104.385
4666.52919818149  89.03622
4666.69569087967  103.501
4666.86218357786  102.624
4667.02867627604  85.11958
4667.19516897422  102.732
4667.36166167241  88.63201
4667.52815437059  101.126
4667.69464706878  87.26297
4667.86113976696  90.06828
4668.02763246514  109.8212
4668.19412516333  117.2698
4668.36061786151  112.194
4668.5271105597  104.8137
4668.69360325788  104.2242
4668.86009595606  85.47065
4669.02658865425  103.9318
4669.19308135243  154.2565
4669.35957405062  148.6275
4669.5260667488  109.168
4669.69255944699  75.94004
4669.85905214517  117.3593
4670.02554484336  87.79418
4670.19203754154  104.9018
4670.35853023972  77.69184
4670.52502293791  54.07405
4670.69151563609  78.37652
4670.85800833428  85.92482
4671.02450103246  94.88793
4671.19099373065  95.99075
4671.35748642883  95.32092
4671.52397912701  92.55669
4671.6904718252  57.61464
4671.85696452338  109.7097
4672.02345722157  80.94408
4672.18994991975  127.6135
4672.35644261793  112.2673
4672.52293531612  97.83065
4672.6894280143  135.2648
4672.85592071249  112.8307
4673.02241341067  86.84834
4673.18890610886  77.81992
4673.35539880704  90.90637
4673.52189150522  87.93806
4673.68838420341  81.33723
4673.85487690159  76.54301
4674.02136959978  96.74423
4674.18786229796  70.37463
4674.35435499615  63.81651
4674.52084769433  65.2541
4674.68734039251  126.167
4674.8538330907  86.06599
4675.02032578888  111.1633
4675.18681848707  101.7007
4675.35331118525  128.2053
4675.51980388344  127.3697
4675.68629658162  105.8044
4675.85278927981  74.36436
4676.01928197799  88.66753
4676.18577467617  98.43996
4676.35226737436  114.1294
4676.51876007254  109.1388
4676.68525277073  109.0305
4676.85174546891  116.6217
4677.01823816709  118.1092
4677.18473086528  110.7979
4677.35122356346  96.53593
4677.51771626165  115.3272
4677.68420895983  87.87511
4677.85070165801  82.98219
4678.0171943562  92.24879
4678.18368705438  104.5914
4678.35017975257  110.1067
4678.51667245075  85.25743
4678.68316514894  70.72534
4678.84965784712  127.9801
4679.0161505453  111.4512
4679.18264324349  48.041
4679.34913594167  65.26047
4679.51562863986  118.4103
4679.68212133804  148.3342
4679.84861403623  120.716
4680.01510673441  103.2575
4680.18159943259  81.90457
4680.34809213078  96.11362
4680.51458482896  119.6892
4680.68107752715  139.3969
4680.84757022533  122.8017
4681.01406292352  128.218
4681.1805556217  97.8751
4681.34704831988  79.7809
4681.51354101807  91.08255
4681.68003371625  127.5175
4681.84652641444  136.9299
4682.01301911262  100.9954
4682.17951181081  85.24992
4682.34600450899  96.03841
4682.51249720718  81.62062
4682.67898990536  116.4741
4682.84548260354  156.9866
4683.01197530173  97.64861
4683.17846799991  103.4831
4683.3449606981  100.3325
4683.51145339628  105.0169
4683.67794609446  96.74736
4683.84443879265  85.86538
4684.01093149083  89.62728
4684.17742418902  97.68731
4684.3439168872  125.3439
4684.51040958538  139.424
4684.67690228357  114.1602
4684.84339498175  88.15453
4685.00988767994  125.6745
4685.17638037812  134.8461
4685.34287307631  105.2467
4685.50936577449  102.9574
4685.67585847267  95.26957
4685.84235117086  84.15031
4686.00884386904  110.9446
4686.17533656723  92.37286
4686.34182926541  133.6801
4686.5083219636  171.3211
4686.67481466178  135.7774
4686.84130735997  99.09573
4687.00780005815  122.1327
4687.17429275633  115.1809
4687.34078545452  94.18955
4687.5072781527  160.3182
4687.67377085089  148.1052
4687.84026354907  104.9114
4688.00675624725  109.9952
4688.17324894544  90.96912
4688.33974164362  91.74487
4688.50623434181  98.6128
4688.67272703999  101.2114
4688.83921973818  143.8977
4689.00571243636  137.5278
4689.17220513454  102.7821
4689.33869783273  129.9161
4689.50519053091  138.262
4689.6716832291  132.0047
4689.83817592728  109.5978
4690.00466862547  99.21947
4690.17116132365  95.26772
4690.33765402183  108.6942
4690.50414672002  68.84219
4690.6706394182  105.7861
4690.83713211639  139.9611
4691.00362481457  117.1928
4691.17011751276  120.5637
4691.33661021094  135.6449
4691.50310290912  105.9573
4691.66959560731  128.1747
4691.83608830549  110.657
4692.00258100368  122.5186
4692.16907370186  117.1522
4692.33556640004  103.6787
4692.50205909823  116.2294
4692.66855179641  81.46973
4692.8350444946  100.5743
4693.00153719278  110.3462
4693.16802989097  105.019
4693.33452258915  106.2282
4693.50101528733  82.84837
4693.66750798552  114.2165
4693.8340006837  66.28749
4694.00049338189  87.05695
4694.16698608007  112.5898
4694.33347877826  96.42214
4694.49997147644  97.32453
4694.66646417462  110.1052
4694.83295687281  116.0383
4694.99944957099  66.69375
4695.16594226918  90.5965
4695.33243496736  113.3498
4695.49892766555  87.87999
4695.66542036373  98.02364
4695.83191306191  83.52158
4695.9984057601  107.526
4696.16489845828  98.05431
4696.33139115647  67.05933
4696.49788385465  65.38983
4696.66437655284  74.47698
4696.83086925102  85.26568
4696.9973619492  71.36525
4697.16385464739  72.98951
4697.33034734557  82.02593
4697.49684004376  71.73872
4697.66333274194  75.19768
4697.82982544013  54.86493
4697.99631813831  99.7703
4698.16281083649  55.09975
4698.32930353468  38.90594
4698.49579623286  119.042
4698.66228893105  89.48016
4698.82878162923  69.14852
4698.99527432741  71.55112
4699.1617670256  86.30064
4699.32825972378  96.89777
4699.49475242197  108.1794
4699.66124512015  101.5731
4699.82773781834  72.42855
4699.99423051652  53.75564
4700.1607232147  46.96405
4700.32721591289  54.56627
4700.49370861107  61.1328
4700.66020130926  49.28978
4700.82669400744  60.76956
4700.99318670563  105.0382
4701.15967940381  82.08167
4701.32617210199  64.69765
4701.49266480018  47.21093
4701.65915749836  74.6986
4701.82565019655  80.28379
4701.99214289473  43.90671
4702.15863559292  61.20045
4702.3251282911  99.66097
4702.49162098928  65.04627
4702.65811368747  33.87903
4702.82460638565  93.24626
4702.99109908384  72.15103
4703.15759178202  82.77228
4703.32408448021  82.37809
4703.49057717839  72.56764
4703.65706987657  37.25076
4703.82356257476  35.63745
4703.99005527294  80.99208
4704.15654797113  53.85353
4704.32304066931  19.66603
4704.48953336749  28.65162
4704.65602606568  72.17952
4704.82251876386  41.08355
4704.98901146205  48.83795
4705.15550416023  48.52794
4705.32199685842  35.27868
4705.4884895566  79.12841
4705.65498225478  67.16528
4705.82147495297  74.53499
4705.98796765115  38.88054
4706.15446034934  48.58879
4706.32095304752  48.30125
4706.48744574571  34.05168
4706.65393844389  26.41849
4706.82043114208  65.20078
4706.98692384026  89.58711
4707.15341653844  50.09805
4707.31990923663  35.50729
4707.48640193481  52.18822
4707.652894633  37.0194
4707.81938733118  51.02213
4707.98588002936  67.4988
4708.15237272755  38.56652
4708.31886542573  62.56371
4708.48535812392  34.0224
4708.6518508221  35.32902
4708.81834352029  44.84356
4708.98483621847  34.63206
4709.15132891665  50.6171
4709.31782161484  61.56324
4709.48431431302  32.76448
4709.65080701121  54.30811
4709.81729970939  77.02931
4709.98379240758  26.19902
4710.15028510576  45.69229
4710.31677780394  37.59561
4710.48327050213  38.05231
4710.64976320031  49.12156
4710.8162558985  59.71975
4710.98274859668  35.39182
4711.14924129487  41.18876
4711.31573399305  35.84771
4711.48222669123  55.17897
4711.64871938942  10.91241
4711.8152120876  48.05684
4711.98170478579  40.39418
4712.14819748397  42.82271
4712.31469018215  45.13001
4712.48118288034  60.86831
4712.64767557852  57.48966
4712.81416827671  65.37896
4712.98066097489  28.33751
4713.14715367308  41.50196
4713.31364637126  37.99717
4713.48013906944  57.26798
4713.64663176763  33.616
4713.81312446581  16.93394
4713.979617164  22.09752
4714.14610986218  34.77064
4714.31260256037  23.09995
4714.47909525855  12.02906
4714.64558795674  45.60012
4714.81208065492  74.22089
4714.9785733531  75.34558
4715.14506605129  45.22365
4715.31155874947  38.43794
4715.47805144766  39.27105
4715.64454414584  38.14892
4715.81103684402  22.41392
4715.97752954221  27.31078
4716.14402224039  41.38481
4716.31051493858  43.8169
4716.47700763676  9.551593
4716.64350033495  49.15249
4716.80999303313  46.69812
4716.97648573131  23.43708
4717.1429784295  48.86221
4717.30947112768  48.93995
4717.47596382587  25.86406
4717.64245652405  40.74199
4717.80894922224  77.16557
4717.97544192042  31.64498
4718.1419346186  23.08519
4718.30842731679  27.47658
4718.47492001497  64.92754
4718.64141271316  74.71658
4718.80790541134  60.5189
4718.97439810953  56.8916
4719.14089080771  79.20548
4719.30738350589  47.26762
4719.47387620408  61.96684
4719.64036890226  60.27528
4719.80686160045  54.95384
4719.97335429863  71.36182
4720.13984699681  11.20011
4720.306339695  20.0945
4720.47283239318  38.87489
4720.63932509137  23.61027
4720.80581778955  27.93892
4720.97231048774  35.40035
4721.13880318592  46.40026
4721.30529588411  42.47298
4721.47178858229  34.81334
4721.63828128047  19.14628
4721.80477397866  40.52848
4721.97126667684  61.43252
4722.13775937503  36.06552
4722.30425207321  12.66957
4722.47074477139  44.99977
4722.63723746958  39.00546
4722.80373016776  30.80573
4722.97022286595  6.314142
4723.13671556413  42.56882
4723.30320826232  39.85202
4723.4697009605  38.67916
4723.63619365868  -33.88044
4723.80268635687  20.25936
4723.96917905505  50.50797
4724.13567175324  24.0277
4724.30216445142  8.653516
4724.4686571496  32.24644
4724.63514984779  34.78256
4724.80164254597  54.35104
4724.96813524416  14.54976
4725.13462794234  12.54201
4725.30112064053  40.74746
4725.46761333871  41.32746
4725.63410603689  17.33969
4725.80059873508  32.64277
4725.96709143326  48.36131
4726.13358413145  28.70062
4726.30007682963  29.77863
4726.46656952782  30.67722
4726.633062226  20.08722
4726.79955492419  24.68455
4726.96604762237  18.45917
4727.13254032055  12.93713
4727.29903301874  2.329208
4727.46552571692  15.86629
4727.63201841511  47.49231
4727.79851111329  36.07858
4727.96500381148  31.88146
4728.13149650966  27.62933
4728.29798920784  35.68693
4728.46448190603  40.68258
4728.63097460421  12.08098
4728.7974673024  28.8857
4728.96396000058  29.67518
4729.13045269876  15.29126
4729.29694539695  22.80105
4729.46343809513  -15.67047
4729.62993079332  29.72952
4729.7964234915  -27.20542
4729.96291618969  -13.91199
4730.12940888787  40.64796
4730.29590158605  18.20754
4730.46239428424  23.91934
4730.62888698242  37.37041
4730.79537968061  26.53251
4730.96187237879  8.277452
4731.12836507698  -17.00748
4731.29485777516  1.175541
4731.46135047334  -18.9828
4731.62784317153  18.04559
4731.79433586971  -6.649742
4731.9608285679  4.475654
4732.12732126608  32.66375
4732.29381396426  23.45102
4732.46030666245  34.50409
4732.62679936063  30.78797
4732.79329205882  53.19715
4732.959784757  23.45877
4733.12627745519  -0.004431457
4733.29277015337  20.80252
4733.45926285156  -13.59905
4733.62575554974  11.94457
4733.79224824792  -0.3210373
4733.95874094611  -39.40684
4734.12523364429  -37.41896
4734.29172634248  0.963366
4734.45821904066  -6.964483
4734.62471173884  6.491034
4734.79120443703  14.59383
4734.95769713521  16.96282
4735.1241898334  15.44029
4735.29068253158  -3.741715
4735.45717522977  49.90252
4735.62366792795  10.65856
4735.79016062613  -25.17685
4735.95665332432  -6.101038
4736.1231460225  -18.3187
4736.28963872069  34.70903
4736.45613141887  15.39776
4736.62262411706  9.672281
4736.78911681524  27.94492
4736.95560951342  31.63389
4737.12210221161  15.05681
4737.28859490979  0.9060722
4737.45508760798  31.49599
4737.62158030616  15.81538
4737.78807300435  4.851431
4737.95456570253  15.54254
4738.12105840071  30.60104
4738.2875510989  16.57604
4738.45404379708  23.75003
4738.62053649527  28.2378
4738.78702919345  14.6706
4738.95352189164  2.997551
4739.12001458982  12.71073
4739.286507288  60.49525
4739.45299998619  40.92429
