4569.011995304  7.754302
4569.17847374135  3.975487
4569.34495217871  22.10824
4569.51143061606  28.10938
4569.67790905342  2.311851
4569.84438749077  30.71446
4570.01086592812  67.64889
4570.17734436548  52.80113
4570.34382280283  34.72824
4570.51030124018  33.06824
4570.67677967754  37.70827
4570.84325811489  31.62695
4571.00973655224  -2.823912
4571.1762149896  27.36689
4571.34269342695  35.69936
4571.5091718643  11.5829
4571.67565030166  -20.9571
4571.84212873901  -4.468821
4572.00860717637  4.291009
4572.17508561372  34.29806
4572.34156405107  33.12621
4572.50804248843  31.94616
4572.67452092578  25.00588
4572.84099936313  1.334947
4573.00747780049  19.41725
4573.17395623784  27.21444
4573.34043467519  27.60594
4573.50691311255  3.658343
4573.6733915499  62.92414
4573.83986998725  16.61596
4574.00634842461  22.82353
4574.17282686196  30.10475
4574.33930529931  9.893307
4574.50578373667  -5.361302
4574.67226217402  19.06614
4574.83874061138  49.89765
4575.00521904873  39.33592
4575.17169748608  13.16072
4575.33817592344  29.84481
4575.50465436079  43.89573
4575.67113279814  5.831831
4575.8376112355  35.96935
4576.00408967285  9.736937
4576.1705681102  -5.825645
4576.33704654756  -30.77646
4576.50352498491  31.29358
4576.67000342227  53.10223
4576.83648185962  22.05338
4577.00296029697  12.9486
4577.16943873433  22.23445
4577.33591717168  33.26554
4577.50239560903  46.65513
4577.66887404639  51.10028
4577.83535248374  48.34377
4578.00183092109  54.66833
4578.16830935845  55.31768
4578.3347877958  36.84579
4578.50126623315  43.94971
4578.66774467051  48.18245
4578.83422310786  13.14802
4579.00070154522  67.94172
4579.16717998257  51.41956
4579.33365841992  4.644745
4579.50013685728  -7.009065
4579.66661529463  5.282691
4579.83309373198  38.8602
4579.99957216934  54.01719
4580.16605060669  49.99497
4580.33252904404  65.19681
4580.4990074814  68.90144
4580.66548591875  17.7625
4580.83196435611  15.18653
4580.99844279346  38.39426
4581.16492123081  52.52075
4581.33139966817  66.29332
4581.49787810552  66.61713
4581.66435654287  42.12048
4581.83083498023  24.75123
4581.99731341758  19.39309
4582.16379185493  15.72956
4582.33027029229  4.873228
4582.49674872964  25.67253
4582.66322716699  60.87141
4582.82970560435  14.23914
4582.9961840417  5.224765
4583.16266247906  70.23832
4583.32914091641  67.71098
4583.49561935376  27.54906
4583.66209779112  57.31263
4583.82857622847  58.73547
4583.99505466582  57.967
4584.16153310318  44.09063
4584.32801154053  63.60982
4584.49448997788  58.21437
4584.66096841524  18.17194
4584.82744685259  48.34147
4584.99392528995  65.02223
4585.1604037273  42.54916
4585.32688216465  83.1133
4585.49336060201  45.65659
4585.65983903936  24.29998
4585.82631747671  28.51191
4585.99279591407  54.84646
4586.15927435142  85.05399
4586.32575278877  92.13616
4586.49223122613  67.16191
4586.65870966348  35.1166
4586.82518810083  54.08601
4586.99166653819  43.93229
4587.15814497554  44.17698
4587.3246234129  60.49157
4587.49110185025  32.55766
4587.6575802876  29.44136
4587.82405872496  41.14921
4587.99053716231  49.94816
4588.15701559966  84.93906
4588.32349403702  69.36533
4588.48997247437  47.15026
4588.65645091172  62.61534
4588.82292934908  60.32608
4588.98940778643  49.12175
4589.15588622378  37.00501
4589.32236466114  10.66915
4589.48884309849  13.62452
4589.65532153585  44.7317
4589.8217999732  45.4234
4589.98827841055  53.80521
4590.15475684791  74.94447
4590.32123528526  70.00974
4590.48771372261  88.72552
4590.65419215997  72.62812
4590.82067059732  24.32097
4590.98714903467  65.29127
4591.15362747203  96.03172
4591.32010590938  63.13084
4591.48658434674  54.89616
4591.65306278409  59.54031
4591.81954122144  63.61036
4591.9860196588  17.1415
4592.15249809615  43.44921
4592.3189765335  34.52475
4592.48545497086  17.73889
4592.65193340821  78.48007
4592.81841184556  97.15455
4592.98489028292  61.12558
4593.15136872027  48.35669
4593.31784715762  57.42487
4593.48432559498  41.7899
4593.65080403233  69.87358
4593.81728246968  71.52129
4593.98376090704  66.90223
4594.15023934439  41.40835
4594.31671778175  19.49693
4594.4831962191  87.05202
4594.64967465645  110.8922
4594.81615309381  78.60011
4594.98263153116  64.2074
4595.14910996851  69.18195
4595.31558840587  74.00344
4595.48206684322  98.88146
4595.64854528058  104.7699
4595.81502371793  75.59478
4595.98150215528  60.60885
4596.14798059263  25.57076
4596.31445902999  26.61519
4596.48093746734  61.18671
4596.6474159047  129.4238
4596.81389434205  113.6796
4596.9803727794  130.8871
4597.14685121676  123.1228
4597.31332965411  73.12645
4597.47980809146  46.32895
4597.64628652882  44.57704
4597.81276496617  60.80674
4597.97924340353  105.9039
4598.14572184088  107.0419
4598.31220027823  94.38407
4598.47867871559  83.4296
4598.64515715294  43.74451
4598.81163559029  53.09081
4598.97811402765  75.53223
4599.144592465  87.77959
4599.31107090235  96.05951
4599.47754933971  90.0321
4599.64402777706  62.76893
4599.81050621441  60.41356
4599.97698465177  56.18558
4600.14346308912  55.98223
4600.30994152647  88.02544
4600.47641996383  88.06638
4600.64289840118  95.77663
4600.80937683854  99.77446
4600.97585527589  69.98859
4601.14233371324  68.06084
4601.3088121506  77.41592
4601.47529058795  75.82836
4601.6417690253  102.2561
4601.80824746266  103.9452
4601.97472590001  70.35611
4602.14120433736  70.24756
4602.30768277472  62.35098
4602.47416121207  48.1744
4602.64063964943  99.22073
4602.80711808678  65.21149
4602.97359652413  89.16618
4603.14007496149  84.67055
4603.30655339884  67.06474
4603.47303183619  54.18033
4603.63951027355  60.94344
4603.8059887109  82.67458
4603.97246714826  74.63802
4604.13894558561  68.19412
4604.30542402296  70.136
4604.47190246031  97.6329
4604.63838089767  124.7473
4604.80485933502  82.00804
4604.97133777238  62.4757
4605.13781620973  101.9885
4605.30429464708  85.6166
4605.47077308444  45.21242
4605.63725152179  86.40422
4605.80372995914  97.66549
4605.9702083965  90.68651
4606.13668683385  101.5734
4606.3031652712  76.24651
4606.46964370856  103.3759
4606.63612214591  96.49317
4606.80260058327  87.64716
4606.96907902062  86.70406
4607.13555745797  107.1391
4607.30203589533  115.8037
4607.46851433268  97.01006
4607.63499277003  81.38789
4607.80147120739  94.26522
4607.96794964474  90.28145
4608.13442808209  64.04722
4608.30090651945  78.03189
4608.4673849568  78.98978
4608.63386339416  76.76825
4608.80034183151  92.66914
4608.96682026886  86.7719
4609.13329870622  56.7985
4609.29977714357  96.58886
4609.46625558092  84.23215
4609.63273401828  109.3339
4609.79921245563  110.605
4609.96569089298  85.48301
4610.13216933034  108.0411
4610.29864776769  76.14838
4610.46512620504  108.6853
4610.6316046424  126.5094
4610.79808307975  87.56548
4610.9645615171  95.99069
4611.13103995446  114.6945
4611.29751839181  99.57465
4611.46399682917  86.54212
4611.63047526652  79.70433
4611.79695370387  68.31837
4611.96343214123  67.28726
4612.12991057858  83.8989
4612.29638901593  102.2507
4612.46286745329  105.155
4612.62934589064  87.73217
4612.79582432799  107.1049
4612.96230276535  110.6902
4613.1287812027  80.37476
4613.29525964006  95.44616
4613.46173807741  76.74951
4613.62821651476  97.36391
4613.79469495211  113.0436
4613.96117338947  106.7192
4614.12765182682  73.4762
4614.29413026418  75.92733
4614.46060870153  83.56923
4614.62708713888  87.04297
4614.79356557624  106.8134
4614.96004401359  102.8001
4615.12652245094  73.12788
4615.2930008883  54.37859
4615.45947932565  73.33211
4615.62595776301  103.6263
4615.79243620036  94.15295
4615.95891463771  78.46369
4616.12539307507  93.99377
4616.29187151242  117.5595
4616.45834994977  111.826
4616.62482838713  98.67817
4616.79130682448  63.0507
4616.95778526183  95.37939
4617.12426369919  86.64711
4617.29074213654  102.558
4617.4572205739  84.30988
4617.62369901125  119.9858
4617.7901774486  173.7641
4617.95665588596  145.6237
4618.12313432331  100.0073
4618.28961276066  109.5735
4618.45609119802  121.8309
4618.62256963537  110.3166
4618.78904807272  105.3751
4618.95552651008  104.9431
4619.12200494743  117.1749
4619.28848338478  138.0464
4619.45496182214  185.8187
4619.62144025949  233.1125
4619.78791869685  203.077
4619.9543971342  185.4899
4620.12087557155  135.8749
4620.28735400891  100.3908
4620.45383244626  99.75713
4620.62031088361  109.4816
4620.78678932097  83.25253
4620.95326775832  115.6229
4621.11974619567  114.6543
4621.28622463303  85.52689
4621.45270307038  103.5665
4621.61918150773  110.8409
4621.78565994509  121.9742
4621.95213838244  94.84347
4622.1186168198  106.7362
4622.28509525715  125.2166
4622.4515736945  92.18888
4622.61805213186  119.4923
4622.78453056921  136.9085
4622.95100900656  115.023
4623.11748744392  114.1846
4623.28396588127  106.4887
4623.45044431862  115.7188
4623.61692275598  110.7985
4623.78340119333  94.34266
4623.94987963068  105.7019
4624.11635806804  114.6254
4624.28283650539  126.1483
4624.44931494275  72.05361
4624.6157933801  101.9181
4624.78227181745  106.5794
4624.94875025481  109.7572
4625.11522869216  87.68714
4625.28170712951  112.6136
4625.44818556687  107.7719
4625.61466400422  123.2602
4625.78114244157  137.5398
4625.94762087893  128.7234
4626.11409931628  66.4279
4626.28057775363  79.479
4626.44705619099  80.3039
4626.61353462834  63.48896
4626.7800130657  92.95325
4626.94649150305  123.5771
4627.1129699404  137.6217
4627.27944837776  139.7663
4627.44592681511  129.0899
4627.61240525246  103.3457
4627.77888368982  117.8559
4627.94536212717  123.7807
4628.11184056452  107.3266
4628.27831900188  103.9135
4628.44479743923  107.9724
4628.61127587659  138.8062
4628.77775431394  146.6736
4628.94423275129  119.3668
4629.11071118865  126.981
4629.277189626  132.1552
4629.44366806335  112.3818
4629.61014650071  121.7266
4629.77662493806  120.1805
4629.94310337541  97.96015
4630.10958181277  98.09454
4630.27606025012  130.8119
4630.44253868747  141.7682
4630.60901712483  115.2754
4630.77549556218  147.9749
4630.94197399953  106.3212
4631.10845243689  115.7571
4631.27493087424  130.6786
4631.4414093116  138.6973
4631.60788774895  90.27543
4631.7743661863  149.8063
4631.94084462366  159.4184
4632.10732306101  111.4189
4632.27380149836  93.88387
4632.44027993572  105.7454
4632.60675837307  125.7601
4632.77323681042  124.9266
4632.93971524778  148.2381
4633.10619368513  134.9738
4633.27267212249  113.8061
4633.43915055984  166.5444
4633.60562899719  174.4193
4633.77210743455  138.7061
4633.9385858719  141.7052
4634.10506430925  113.1529
4634.27154274661  105.2691
4634.43802118396  136.8901
4634.60449962132  126.6834
4634.77097805867  118.9329
4634.93745649602  126.1291
4635.10393493338  137.7838
4635.27041337073  142.9958
4635.43689180808  133.8093
4635.60337024544  126.0079
4635.76984868279  133.9474
4635.93632712014  127.8855
4636.1028055575  139.7425
4636.26928399485  131.9378
4636.4357624322  158.3509
4636.60224086956  158.9654
4636.76871930691  178.2477
4636.93519774426  139.0533
4637.10167618162  93.51748
4637.26815461897  103.2936
4637.43463305633  146.6465
4637.60111149368  154.4768
4637.76758993103  152.9717
4637.93406836839  147.5425
4638.10054680574  127.4459
4638.26702524309  146.2661
4638.43350368045  137.0718
4638.5999821178  115.8697
4638.76646055515  143.3449
4638.93293899251  152.176
4639.09941742986  127.8472
4639.26589586722  83.69436
4639.43237430457  110.4539
4639.59885274192  150.7533
4639.76533117927  130.2957
4639.93180961663  131.694
4640.09828805398  153.9232
4640.26476649134  161.5759
4640.43124492869  162.6016
4640.59772336604  116.3717
4640.7642018034  106.4824
4640.93068024075  107.9726
4641.09715867811  129.2023
4641.26363711546  102.1436
4641.43011555281  75.22533
4641.59659399017  124.7965
4641.76307242752  145.7308
4641.92955086487  156.4699
4642.09602930223  178.8923
4642.26250773958  167.7132
4642.42898617693  178.2314
4642.59546461429  170.0293
4642.76194305164  126.4389
4642.92842148899  144.7384
4643.09489992635  139.2956
4643.2613783637  147.7207
4643.42785680106  125.2221
4643.59433523841  163.3999
4643.76081367576  154.1532
4643.92729211312  124.8205
4644.09377055047  159.0993
4644.26024898782  160.7637
4644.42672742518  107.5463
4644.59320586253  149.3056
4644.75968429988  135.1983
4644.92616273724  101.5931
4645.09264117459  166.7975
4645.25911961194  120.0131
4645.4255980493  140.0385
4645.59207648665  170.4645
4645.75855492401  172.3516
4645.92503336136  168.9496
4646.09151179871  147.4476
4646.25799023607  139.8482
4646.42446867342  141.3341
4646.59094711077  172.839
4646.75742554813  171.1515
4646.92390398548  152.318
4647.09038242283  126.8089
4647.25686086019  145.9334
4647.42333929754  132.5607
4647.5898177349  115.4474
4647.75629617225  149.9107
4647.9227746096  141.8985
4648.08925304696  145.2039
4648.25573148431  157.7434
4648.42220992166  131.7533
4648.58868835902  168.7085
4648.75516679637  227.0928
4648.92164523372  195.8224
4649.08812367108  139.1997
4649.25460210843  175.0496
4649.42108054578  141.4331
4649.58755898314  147.567
4649.75403742049  123.1327
4649.92051585784  161.094
4650.0869942952  195.1521
4650.25347273255  144.3715
4650.41995116991  148.4968
4650.58642960726  159.836
4650.75290804461  167.6813
4650.91938648197  150.9855
4651.08586491932  137.772
4651.25234335667  173.9771
4651.41882179403  122.2747
4651.58530023138  118.7401
4651.75177866873  146.8594
4651.91825710609  97.63713
4652.08473554344  115.4199
4652.2512139808  154.0268
4652.41769241815  141.1551
4652.5841708555  177.8011
4652.75064929286  187.8569
4652.91712773021  114.6389
4653.08360616756  137.9503
4653.25008460492  150.8714
4653.41656304227  136.4025
4653.58304147962  202.0737
4653.74951991698  193.3423
4653.91599835433  138.9707
4654.08247679168  129.0172
4654.24895522904  135.2204
4654.41543366639  134.0698
4654.58191210375  137.6853
4654.7483905411  130.0686
4654.91486897845  125.1498
4655.08134741581  152.694
4655.24782585316  165.7424
4655.41430429051  160.7869
4655.58078272787  156.7932
4655.74726116522  136.2181
4655.91373960257  119.0618
4656.08021803993  147.6807
4656.24669647728  148.961
4656.41317491464  145.1851
4656.57965335199  171.265
4656.74613178934  141.1886
4656.9126102267  134.3593
4657.07908866405  163.9558
4657.2455671014  143.3905
4657.41204553876  137.8175
4657.57852397611  140.8426
4657.74500241346  138.0855
4657.91148085082  113.8111
4658.07795928817  111.2574
4658.24443772552  151.9392
4658.41091616288  122.637
4658.57739460023  112.7272
4658.74387303758  155.6917
4658.91035147494  177.7755
4659.07682991229  142.179
4659.24330834965  122.2172
4659.409786787  154.0614
4659.57626522435  187.6218
4659.74274366171  174.7917
4659.90922209906  147.1927
4660.07570053641  145.664
4660.24217897377  170.145
4660.40865741112  184.4674
4660.57513584847  161.3253
4660.74161428583  181.0776
4660.90809272318  152.5294
4661.07457116054  100.0119
4661.24104959789  132.9461
4661.40752803524  177.8706
4661.5740064726  169.216
4661.74048490995  167.4306
4661.9069633473  163.4584
4662.07344178466  153.1484
4662.23992022201  153.8783
4662.40639865937  159.4812
4662.57287709672  119.0807
4662.73935553407  95.14822
4662.90583397142  138.9982
4663.07231240878  164.2994
4663.23879084613  159.2165
4663.40526928349  134.9295
4663.57174772084  112.3071
4663.73822615819  144.341
4663.90470459555  162.0107
4664.0711830329  119.4021
4664.23766147025  120.4823
4664.40413990761  170.6672
4664.57061834496  147.1183
4664.73709678231  156.0745
4664.90357521967  162.7847
4665.07005365702  132.5099
4665.23653209438  154.8098
4665.40301053173  127.5954
4665.56948896908  162.4846
4665.73596740644  158.3059
4665.90244584379  165.1948
4666.06892428114  143.3528
4666.2354027185  87.42238
4666.40188115585  139.5193
4666.5683595932  154.1418
4666.73483803056  140.4669
4666.90131646791  184.0811
4667.06779490527  184.2755
4667.23427334262  146.432
4667.40075177997  170.727
4667.56723021733  154.0562
4667.73370865468  133.6479
4667.90018709203  176.2994
4668.06666552939  174.1275
4668.23314396674  147.8569
4668.39962240409  187.8944
4668.56610084145  162.2856
4668.7325792788  142.119
4668.89905771615  151.0279
4669.06553615351  171.0857
4669.23201459086  187.0138
4669.39849302822  193.6412
4669.56497146557  183.0089
4669.73144990292  174.0169
4669.89792834028  165.872
4670.06440677763  156.9142
4670.23088521498  85.2186
4670.39736365234  118.0531
4670.56384208969  173.763
4670.73032052704  139.8417
4670.8967989644  149.3792
4671.06327740175  177.4914
4671.22975583911  188.8414
4671.39623427646  154.7758
4671.56271271381  195.2329
4671.72919115116  209.2045
4671.89566958852  172.2206
4672.06214802587  189.252
4672.22862646323  159.036
4672.39510490058  185.7565
4672.56158333793  171.2619
4672.72806177529  183.6574
4672.89454021264  199.9704
4673.06101864999  156.9276
4673.22749708735  168.9374
4673.3939755247  141.7025
4673.56045396205  158.8967
4673.72693239941  224.1808
4673.89341083676  186.9701
4674.05988927412  152.0693
4674.22636771147  148.9692
4674.39284614882  169.4285
4674.55932458618  186.6074
4674.72580302353  210.0224
4674.89228146088  156.4352
4675.05875989824  172.7768
4675.22523833559  206.1892
4675.39171677294  195.6435
4675.5581952103  196.4182
4675.72467364765  164.2758
4675.891152085  187.596
4676.05763052236  211.0513
4676.22410895971  225.512
4676.39058739707  222.3955
4676.55706583442  222.0893
4676.72354427177  159.8154
4676.89002270913  172.9012
4677.05650114648  196.0287
4677.22297958383  203.3989
4677.38945802119  212.0337
4677.55593645854  195.7633
4677.72241489589  215.4632
4677.88889333325  188.9408
4678.0553717706  184.9511
4678.22185020795  185.9446
4678.38832864531  211.5832
4678.55480708266  200.1393
4678.72128552002  195.9002
4678.88776395737  224.2256
4679.05424239472  212.757
4679.22072083208  203.614
4679.38719926943  210.9321
4679.55367770678  207.9952
4679.72015614414  224.1399
4679.88663458149  225.7761
4680.05311301884  204.2931
4680.2195914562  216.7049
4680.38606989355  243.6242
4680.55254833091  217.4096
4680.71902676826  192.6752
4680.88550520561  184.5998
4681.05198364297  207.5257
4681.21846208032  193.7441
4681.38494051767  202.51
4681.55141895503  196.7055
4681.71789739238  203.383
4681.88437582973  198.2081
4682.05085426709  224.2476
4682.21733270444  172.5516
4682.3838111418  171.3806
4682.55028957915  200.72
4682.7167680165  181.8089
4682.88324645386  207.873
4683.04972489121  226.0703
4683.21620332856  144.3716
4683.38268176592  154.5265
4683.54916020327  174.097
4683.71563864062  143.0056
4683.88211707798  170.1335
4684.04859551533  195.6429
4684.21507395268  164.5691
4684.38155239004  191.1477
4684.54803082739  209.4286
4684.71450926475  208.8633
4684.8809877021  210.6034
4685.04746613945  187.9092
4685.21394457681  176.4811
4685.38042301416  137.227
4685.54690145151  132.6901
4685.71337988887  155.9758
4685.87985832622  149.8248
4686.04633676357  173.0639
4686.21281520093  141.4955
4686.37929363828  113.9729
4686.54577207563  163.3708
4686.71225051299  137.7612
4686.87872895034  177.6727
4687.0452073877  165.9995
4687.21168582505  146.2749
4687.3781642624  138.6301
4687.54464269976  136.93
4687.71112113711  153.1112
4687.87759957446  133.1996
4688.04407801182  108.3309
4688.21055644917  127.659
4688.37703488652  133.5535
4688.54351332388  139.7765
4688.70999176123  160.2599
4688.87647019858  164.4379
4689.04294863594  158.2705
4689.20942707329  102.2562
4689.37590551065  132.4531
4689.542383948  150.5199
4689.70886238535  158.9883
4689.87534082271  143.2891
4690.04181926006  111.0903
4690.20829769741  137.3358
4690.37477613477  148.8696
4690.54125457212  109.3837
4690.70773300947  130.187
4690.87421144683  153.6154
4691.04068988418  186.7871
4691.20716832154  141.5057
4691.37364675889  112.9524
4691.54012519624  137.5535
4691.7066036336  124.258
4691.87308207095  99.33334
4692.0395605083  114.7163
4692.20603894566  107.2552
4692.37251738301  135.9202
4692.53899582036  107.789
4692.70547425772  123.7539
4692.87195269507  99.33424
4693.03843113243  127.9717
4693.20490956978  149.0141
4693.37138800713  186.3347
4693.53786644448  149.9659
4693.70434488184  127.9993
4693.87082331919  98.95545
4694.03730175655  106.4189
4694.2037801939  123.0168
4694.37025863125  103.9022
4694.53673706861  116.1542
4694.70321550596  109.8121
4694.86969394331  109.2489
4695.03617238067  89.95699
4695.20265081802  94.681
4695.36912925537  108.2376
4695.53560769273  124.2513
4695.70208613008  140.095
4695.86856456744  116.236
4696.03504300479  89.83473
4696.20152144214  107.7264
4696.3679998795  123.4401
4696.53447831685  118.7071
4696.7009567542  87.55515
4696.86743519156  113.7625
4697.03391362891  125.2009
4697.20039206626  108.423
4697.36687050362  82.96202
4697.53334894097  120.9836
4697.69982737832  84.33024
4697.86630581568  67.07069
4698.03278425303  89.03113
4698.19926269039  84.20213
4698.36574112774  124.0815
4698.53221956509  115.0862
4698.69869800245  139.2885
4698.8651764398  81.49702
4699.03165487715  86.93208
4699.19813331451  124.9965
4699.36461175186  101.7513
4699.53109018921  113.7685
4699.69756862657  97.56121
4699.86404706392  76.35992
4700.03052550128  119.8327
4700.19700393863  112.813
4700.36348237598  86.67045
4700.52996081334  83.5666
4700.69643925069  83.61353
4700.86291768804  68.31684
4701.0293961254  83.55508
4701.19587456275  107.9857
4701.3623530001  127.8981
4701.52883143746  104.0598
4701.69530987481  110.9377
4701.86178831216  91.05806
4702.02826674952  74.97369
4702.19474518687  73.37724
4702.36122362423  100.2015
4702.52770206158  123.2675
4702.69418049893  125.6052
4702.86065893629  72.6459
4703.02713737364  70.15134
4703.19361581099  103.8704
4703.36009424835  88.71028
4703.5265726857  68.17432
4703.69305112306  65.04674
4703.85952956041  91.22692
4704.02600799776  79.88697
4704.19248643511  130.3527
4704.35896487247  107.8954
4704.52544330982  93.19905
4704.69192174718  99.25928
4704.85840018453  77.54787
4705.02487862188  70.89622
4705.19135705924  92.66267
4705.35783549659  97.95835
4705.52431393394  88.44739
4705.6907923713  96.61048
4705.85727080865  74.31551
4706.023749246  95.71608
4706.19022768336  104.122
4706.35670612071  77.13297
4706.52318455807  73.83125
4706.68966299542  95.44031
4706.85614143277  52.63865
4707.02261987013  25.07557
4707.18909830748  64.48083
4707.35557674483  96.45473
4707.52205518219  50.02036
4707.68853361954  41.55658
4707.85501205689  50.81488
4708.02149049425  75.80263
4708.1879689316  102.5688
4708.35444736896  71.33508
4708.52092580631  84.28638
4708.68740424366  67.6514
4708.85388268102  68.08774
4709.02036111837  77.06043
4709.18683955572  87.46696
4709.35331799308  64.92501
4709.51979643043  83.35284
4709.68627486778  67.33666
4709.85275330514  34.86006
4710.01923174249  69.23789
4710.18571017984  69.9753
4710.3521886172  86.54143
4710.51866705455  89.42811
4710.68514549191  49.88548
4710.85162392926  44.23559
4711.01810236661  56.56457
4711.18458080397  37.17705
4711.35105924132  14.8739
4711.51753767867  29.52217
4711.68401611603  39.03374
4711.85049455338  77.96648
4712.01697299073  44.87943
4712.18345142809  67.56296
4712.34992986544  47.38406
4712.51640830279  42.90623
4712.68288674015  92.1838
4712.8493651775  58.39225
4713.01584361486  55.90994
4713.18232205221  58.78254
4713.34880048956  39.79508
4713.51527892692  86.2144
4713.68175736427  79.94845
4713.84823580162  69.6104
4714.01471423898  72.72182
4714.18119267633  63.29231
4714.34767111368  71.17259
4714.51414955104  102.1356
4714.68062798839  49.81575
4714.84710642575  57.1062
4715.0135848631  61.04282
4715.18006330045  61.44819
4715.34654173781  84.8847
4715.51302017516  81.52246
4715.67949861251  87.61728
4715.84597704987  85.03379
4716.01245548722  70.76492
4716.17893392457  45.54989
4716.34541236193  47.66795
4716.51189079928  38.89284
4716.67836923663  37.25367
4716.84484767399  96.03671
4717.01132611134  66.27287
4717.1778045487  59.5098
4717.34428298605  60.59031
4717.5107614234  32.52189
4717.67723986076  58.84113
4717.84371829811  38.84563
4718.01019673546  57.68011
4718.17667517282  60.22165
4718.34315361017  35.45778
4718.50963204752  37.40839
4718.67611048488  29.83957
4718.84258892223  30.7451
4719.00906735959  45.71876
4719.17554579694  28.12988
4719.34202423429  96.66129
4719.50850267165  58.82132
4719.674981109  50.11506
4719.84145954635  60.35445
4720.00793798371  62.04144
4720.17441642106  74.78735
4720.34089485841  50.33382
4720.50737329577  43.82487
4720.67385173312  39.57773
4720.84033017047  42.21137
4721.00680860783  96.97897
4721.17328704518  81.75145
4721.33976548253  49.49952
4721.50624391989  50.06511
4721.67272235724  47.71719
4721.8392007946  74.29671
4722.00567923195  55.72677
4722.1721576693  43.45568
4722.33863610666  42.85416
4722.50511454401  64.05735
4722.67159298136  70.61511
4722.83807141872  40.64718
4723.00454985607  46.13794
4723.17102829342  20.49147
4723.33750673078  56.26189
4723.50398516813  51.21832
4723.67046360548  71.22572
4723.83694204284  54.99304
4724.00342048019  43.64463
4724.16989891755  55.13367
4724.3363773549  47.02557
4724.50285579225  32.78602
4724.66933422961  44.84839
4724.83581266696  61.07894
4725.00229110431  39.78235
4725.16876954167  43.47322
4725.33524797902  69.95855
4725.50172641638  28.34005
4725.66820485373  52.43442
4725.83468329108  31.811
4726.00116172844  62.14413
4726.16764016579  46.44807
4726.33411860314  32.11398
4726.5005970405  11.85624
4726.66707547785  36.35651
4726.8335539152  54.13271
4727.00003235256  24.30589
4727.16651078991  21.17092
4727.33298922726  18.48576
4727.49946766462  33.84421
4727.66594610197  14.42577
4727.83242453932  10.40171
4727.99890297668  13.37267
4728.16538141403  17.04631
4728.33185985139  45.79787
4728.49833828874  35.57471
4728.66481672609  29.13467
4728.83129516345  19.7145
4728.9977736008  32.30307
4729.16425203815  45.45884
4729.33073047551  56.0763
4729.49720891286  38.93097
4729.66368735022  -3.821118
4729.83016578757  2.862293
4729.99664422492  14.50218
4730.16312266228  7.954156
4730.32960109963  33.03736
4730.49607953698  9.955934
4730.66255797434  22.95407
4730.82903641169  60.09416
4730.99551484904  33.34834
4731.1619932864  27.9006
4731.32847172375  22.30305
4731.4949501611  54.78699
4731.66142859846  58.05951
4731.82790703581  15.1128
4731.99438547316  0.6511178
4732.16086391052  16.14642
4732.32734234787  41.19385
4732.49382078523  21.49479
4732.66029922258  -13.12939
4732.82677765993  13.7644
4732.99325609729  17.65328
4733.15973453464  4.838079
4733.32621297199  -8.246567
4733.49269140935  -18.2129
4733.6591698467  19.14809
4733.82564828405  38.28209
4733.99212672141  15.4094
4734.15860515876  5.029883
4734.32508359611  25.18108
4734.49156203347  16.32755
4734.65804047082  0.2018581
4734.82451890818  -3.987763
4734.99099734553  37.02085
4735.15747578288  35.88145
4735.32395422024  48.34686
4735.49043265759  16.8515
4735.65691109494  20.89332
4735.8233895323  27.6608
4735.98986796965  10.97368
4736.156346407  15.72585
4736.32282484436  53.74255
4736.48930328171  40.30234
4736.65578171907  29.5984
4736.82226015642  33.49839
4736.98873859377  19.52713
4737.15521703113  20.89237
4737.32169546848  -5.937681
4737.48817390583  46.58537
4737.65465234319  41.58918
4737.82113078054  -0.8348275
4737.98760921789  27.01945
4738.15408765525  31.09528
4738.3205660926  35.02528
4738.48704452995  9.564427
4738.65352296731  28.03395
4738.82000140466  0.06112066
4738.98647984202  -19.66543
4739.15295827937  14.09695
4739.31943671672  -1.001043
