4569.4924370276  -3.12349
4569.65865851061  8.152168
4569.82487999362  -6.094007
4569.99110147662  -16.33931
4570.15732295963  3.543068
4570.32354444264  7.815819
4570.48976592565  6.287594
4570.65598740866  -4.849489
4570.82220889167  -3.279473
4570.98843037467  13.00202
4571.15465185768  13.29477
4571.32087334069  11.32618
4571.4870948237  3.145489
4571.65331630671  8.032033
4571.81953778971  -11.17702
4571.98575927272  -2.904884
4572.15198075573  15.27131
4572.31820223874  1.822301
4572.48442372175  -16.98227
4572.65064520475  -18.73687
4572.81686668776  6.428861
4572.98308817077  14.1213
4573.14930965378  2.535889
4573.31553113679  7.69373
4573.4817526198  5.895544
4573.6479741028  -1.717761
4573.81419558581  16.07293
4573.98041706882  19.36591
4574.14663855183  17.56905
4574.31286003484  -2.565354
4574.47908151784  -10.39916
4574.64530300085  16.36245
4574.81152448386  7.335487
4574.97774596687  10.28603
4575.14396744988  11.50085
4575.31018893289  -6.265006
4575.47641041589  4.475885
4575.6426318989  24.96341
4575.80885338191  7.738116
4575.97507486492  -4.724183
4576.14129634793  1.071081
4576.30751783093  -6.351228
4576.47373931394  18.0652
4576.63996079695  -10.61967
4576.80618227996  -0.786365
4576.97240376297  24.0815
4577.13862524597  27.54843
4577.30484672898  32.24334
4577.47106821199  13.13829
4577.637289695  3.671348
4577.80351117801  -5.08243
4577.96973266102  -17.80754
4578.13595414402  1.718931
4578.30217562703  18.66706
4578.46839711004  8.921093
4578.63461859305  15.82913
4578.80084007606  20.02512
4578.96706155906  7.416558
4579.13328304207  20.49536
4579.29950452508  23.6195
4579.46572600809  17.95843
4579.6319474911  6.352332
4579.79816897411  -4.59376
4579.96439045711  -18.32198
4580.13061194012  -0.4078217
4580.29683342313  17.34423
4580.46305490614  5.695994
4580.62927638915  4.915639
4580.79549787215  7.201226
4580.96171935516  -4.379187
4581.12794083817  10.09894
4581.29416232118  28.33737
4581.46038380419  6.747182
4581.6266052872  14.22774
4581.7928267702  -1.97088
4581.95904825321  -4.059139
4582.12526973622  0.5742379
4582.29149121923  5.671111
4582.45771270224  4.95262
4582.62393418524  9.582157
4582.79015566825  10.18228
4582.95637715126  8.616576
4583.12259863427  4.538028
4583.28882011728  3.613345
4583.45504160029  24.49593
4583.62126308329  9.078361
4583.7874845663  3.451995
4583.95370604931  10.88121
4584.11992753232  -0.7881574
4584.28614901533  -0.7633581
4584.45237049833  1.057397
4584.61859198134  -1.337209
4584.78481346435  -6.018273
4584.95103494736  0.7181507
4585.11725643037  14.26751
4585.28347791337  12.26496
4585.44969939638  8.67438
4585.61592087939  21.5647
4585.7821423624  26.34148
4585.94836384541  6.207301
4586.11458532842  -13.45966
4586.28080681142  3.515284
4586.44702829443  20.14676
4586.61324977744  0.5443455
4586.77947126045  23.83887
4586.94569274346  15.05017
4587.11191422646  17.92091
4587.27813570947  18.1034
4587.44435719248  12.15472
4587.61057867549  4.470237
4587.7768001585  -3.438929
4587.94302164151  18.60659
4588.10924312451  27.09196
4588.27546460752  2.573066
4588.44168609053  17.91364
4588.60790757354  28.60038
4588.77412905654  13.47874
4588.94035053955  14.96254
4589.10657202256  4.854827
4589.27279350557  2.219936
4589.43901498858  16.84188
4589.60523647159  20.20685
4589.7714579546  15.63373
4589.9376794376  25.81264
4590.10390092061  2.293742
4590.27012240362  -8.529143
4590.43634388663  6.826178
4590.60256536963  2.972323
4590.76878685264  14.62838
4590.93500833565  31.90011
4591.10122981866  17.1034
4591.26745130167  14.65969
4591.43367278468  2.535321
4591.59989426768  4.929578
4591.76611575069  11.67073
4591.9323372337  -0.4608874
4592.09855871671  14.28607
4592.26478019972  4.947737
4592.43100168272  5.652368
4592.59722316573  3.216034
4592.76344464874  10.38327
4592.92966613175  9.411205
4593.09588761476  1.880105
4593.26210909777  22.8159
4593.42833058077  41.87365
4593.59455206378  30.59048
4593.76077354679  7.737954
4593.9269950298  -1.213625
4594.09321651281  21.08343
4594.25943799581  9.538002
4594.42565947882  1.789093
4594.59188096183  15.70555
4594.75810244484  15.39618
4594.92432392785  14.88278
4595.09054541085  22.50486
4595.25676689386  9.763597
4595.42298837687  14.0555
4595.58920985988  23.79216
4595.75543134289  1.785016
4595.9216528259  -6.406653
4596.0878743089  3.422254
4596.25409579191  -1.629068
4596.42031727492  3.32512
4596.58653875793  16.93123
4596.75276024094  27.76185
4596.91898172394  33.99727
4597.08520320695  22.82174
4597.25142468996  -2.570984
4597.41764617297  6.1722
4597.58386765598  17.44114
4597.75008913899  -2.88104
4597.91631062199  -7.51043
4598.082532105  -4.878865
4598.24875358801  -9.841449
4598.41497507102  4.483359
4598.58119655403  17.0732
4598.74741803703  17.03638
4598.91363952004  26.91059
4599.07986100305  29.91392
4599.24608248606  15.49158
4599.41230396907  8.71035
4599.57852545208  19.94847
4599.74474693508  26.69131
4599.91096841809  -2.56773
4600.0771899011  5.883049
4600.24341138411  -1.422621
4600.40963286712  -2.881018
4600.57585435012  -7.911805
4600.74207583313  5.867083
4600.90829731614  11.89675
4601.07451879915  10.30435
4601.24074028216  8.398172
4601.40696176517  3.579532
4601.57318324817  11.58856
4601.73940473118  10.80369
4601.90562621419  4.494134
4602.0718476972  12.76272
4602.23806918021  4.45137
4602.40429066321  -8.263207
4602.57051214622  -4.54383
4602.73673362923  -6.298186
4602.90295511224  8.998688
4603.06917659525  25.67807
4603.23539807825  28.03128
4603.40161956126  12.9047
4603.56784104427  8.913435
4603.73406252728  4.714735
4603.90028401029  9.895248
4604.06650549329  11.03014
4604.2327269763  23.09101
4604.39894845931  22.06936
4604.56516994232  14.12659
4604.73139142533  17.10873
4604.89761290834  6.914152
4605.06383439134  7.365872
4605.23005587435  9.19801
4605.39627735736  2.804648
4605.56249884037  26.23036
4605.72872032338  23.07173
4605.89494180638  16.35271
4606.06116328939  11.63379
4606.2273847724  21.01627
4606.39360625541  16.56634
4606.55982773842  5.843568
4606.72604922143  32.58941
4606.89227070443  15.02307
4607.05849218744  8.940399
4607.22471367045  13.87752
4607.39093515346  14.07847
4607.55715663647  20.38782
4607.72337811948  2.688383
4607.88959960248  3.685688
4608.05582108549  12.29268
4608.2220425685  10.81684
4608.38826405151  10.95833
4608.55448553452  23.01793
4608.72070701752  30.13064
4608.88692850053  13.7054
4609.05314998354  20.18323
4609.21937146655  8.825602
4609.38559294956  28.70569
4609.55181443256  10.85889
4609.71803591557  14.80247
4609.88425739858  11.84041
4610.05047888159  23.22309
4610.2167003646  21.00982
4610.38292184761  27.55148
4610.54914333061  21.51459
4610.71536481362  22.62636
4610.88158629663  -5.441116
4611.04780777964  21.2743
4611.21402926265  34.79469
4611.38025074565  12.25068
4611.54647222866  16.05737
4611.71269371167  14.75779
4611.87891519468  13.70026
4612.04513667769  15.89499
4612.21135816069  6.702654
4612.3775796437  11.41955
4612.54380112671  0.7155868
4612.71002260972  -1.614867
4612.87624409273  9.652664
4613.04246557574  5.477662
4613.20868705874  10.68667
4613.37490854175  9.370615
4613.54113002476  11.72741
4613.70735150777  21.34241
4613.87357299078  6.95056
4614.03979447378  28.53025
4614.20601595679  16.24813
4614.3722374398  18.57375
4614.53845892281  19.96257
4614.70468040582  17.49281
4614.87090188882  11.26169
4615.03712337183  8.624839
4615.20334485484  -1.055199
4615.36956633785  7.760922
4615.53578782086  16.85024
4615.70200930387  15.57508
4615.86823078687  30.06421
4616.03445226988  28.88406
4616.20067375289  16.63635
4616.3668952359  13.31103
4616.53311671891  19.7789
4616.69933820191  27.65304
4616.86555968492  14.48318
4617.03178116793  14.32339
4617.19800265094  14.48895
4617.36422413395  20.22492
4617.53044561696  30.41092
4617.69666709996  33.92939
4617.86288858297  24.86164
4618.02911006598  -0.5178182
4618.19533154899  5.968087
4618.361553032  27.67805
4618.527774515  14.04221
4618.69399599801  7.763727
4618.86021748102  7.316338
4619.02643896403  25.14123
4619.19266044704  41.38573
4619.35888193005  14.38744
4619.52510341305  4.046007
4619.69132489606  16.72085
4619.85754637907  16.58037
4620.02376786208  17.0212
4620.18998934509  6.733245
4620.35621082809  11.09003
4620.5224323111  24.68105
4620.68865379411  -0.9634091
4620.85487527712  -1.58356
4621.02109676013  21.42308
4621.18731824314  22.17336
4621.35353972614  4.127011
4621.51976120915  22.27361
4621.68598269216  23.07262
4621.85220417517  22.2275
4622.01842565818  27.97238
4622.18464714118  22.32253
4622.35086862419  15.01836
4622.5170901072  18.03291
4622.68331159021  22.0241
4622.84953307322  24.8678
4623.01575455622  19.72819
4623.18197603923  3.143217
4623.34819752224  3.2542
4623.51441900525  29.13387
4623.68064048826  32.94984
4623.84686197127  24.61945
4624.01308345427  31.16605
4624.17930493728  32.60847
4624.34552642029  27.10735
4624.5117479033  21.40759
4624.67796938631  12.57503
4624.84419086931  5.381728
4625.01041235232  5.843628
4625.17663383533  12.37127
4625.34285531834  9.692242
4625.50907680135  14.85182
4625.67529828436  22.93911
4625.84151976736  5.980936
4626.00774125037  17.50306
4626.17396273338  5.063101
4626.34018421639  -1.159999
4626.5064056994  -1.001132
4626.6726271824  30.0955
4626.83884866541  23.9889
4627.00507014842  17.53451
4627.17129163143  3.875604
4627.33751311444  16.22121
4627.50373459744  17.88143
4627.66995608045  32.58994
4627.83617756346  38.11008
4628.00239904647  30.49364
4628.16862052948  16.73354
4628.33484201249  13.99972
4628.50106349549  19.41064
4628.6672849785  -2.462061
4628.83350646151  1.563824
4628.99972794452  12.26311
4629.16594942753  5.364358
4629.33217091053  4.797426
4629.49839239354  18.70347
4629.66461387655  25.79071
4629.83083535956  15.18729
4629.99705684257  13.58397
4630.16327832558  18.18957
4630.32949980858  12.96373
4630.49572129159  13.09847
4630.6619427746  16.45573
4630.82816425761  26.57686
4630.99438574062  38.15033
4631.16060722362  18.10851
4631.32682870663  15.88029
4631.49305018964  15.59171
4631.65927167265  24.27521
4631.82549315566  36.71879
4631.99171463866  29.07279
4632.15793612167  41.2637
4632.32415760468  28.51862
4632.49037908769  22.77023
4632.6566005707  43.71668
4632.82282205371  45.78054
4632.98904353671  16.69383
4633.15526501972  18.43406
4633.32148650273  6.927931
4633.48770798574  22.03839
4633.65392946875  26.7734
4633.82015095175  20.1326
4633.98637243476  15.53787
4634.15259391777  26.81452
4634.31881540078  14.43524
4634.48503688379  12.92679
4634.6512583668  21.03114
4634.8174798498  21.59458
4634.98370133281  5.023462
4635.14992281582  20.83629
4635.31614429883  20.52684
4635.48236578184  3.733468
4635.64858726484  11.64437
4635.81480874785  12.58164
4635.98103023086  17.51713
4636.14725171387  26.76667
4636.31347319688  25.55371
4636.47969467988  23.81549
4636.64591616289  18.15036
4636.8121376459  16.71885
4636.97835912891  19.70811
4637.14458061192  27.03409
4637.31080209493  32.13438
4637.47702357793  29.38194
4637.64324506094  29.51632
4637.80946654395  19.24959
4637.97568802696  19.15686
4638.14190950997  10.15638
4638.30813099298  16.0158
4638.47435247598  39.74408
4638.64057395899  20.45907
4638.806795442  31.47492
4638.97301692501  30.04694
4639.13923840802  16.08055
4639.30545989102  17.46156
4639.47168137403  -3.582704
4639.63790285704  11.94993
4639.80412434005  44.88276
4639.97034582306  19.82933
4640.13656730606  23.103
4640.30278878907  35.70483
4640.46901027208  15.5123
4640.63523175509  12.5177
4640.8014532381  13.76644
4640.96767472111  26.56241
4641.13389620411  26.14276
4641.30011768712  22.60285
4641.46633917013  29.08182
4641.63256065314  23.49782
4641.79878213615  38.36073
4641.96500361915  40.55117
4642.13122510216  20.78071
4642.29744658517  19.69517
4642.46366806818  25.60575
4642.62988955119  18.69688
4642.79611103419  37.21415
4642.9623325172  12.71413
4643.12855400021  20.04688
4643.29477548322  38.86916
4643.46099696623  18.30908
4643.62721844923  17.69133
4643.79343993224  29.84969
4643.95966141525  21.70475
4644.12588289826  10.93498
4644.29210438127  8.821417
4644.45832586428  24.39443
4644.62454734728  27.51155
4644.79076883029  39.08657
4644.9569903133  32.56504
4645.12321179631  18.04871
4645.28943327932  15.81019
4645.45565476233  13.32964
4645.62187624533  17.47285
4645.78809772834  6.044285
4645.95431921135  17.68706
4646.12054069436  37.92606
4646.28676217737  20.50334
4646.45298366037  14.91513
4646.61920514338  27.31213
4646.78542662639  23.16341
4646.9516481094  21.98111
4647.11786959241  28.86042
4647.28409107541  12.87087
4647.45031255842  18.199
4647.61653404143  44.44458
4647.78275552444  24.80247
4647.94897700745  4.239005
4648.11519849046  21.19195
4648.28141997346  23.82012
4648.44764145647  12.34622
4648.61386293948  9.760134
4648.78008442249  21.74288
4648.9463059055  11.71425
4649.1125273885  9.517914
4649.27874887151  26.98149
4649.44497035452  30.08283
4649.61119183753  20.13263
4649.77741332054  30.80525
4649.94363480354  40.93385
4650.10985628655  37.99923
4650.27607776956  36.15914
4650.44229925257  8.33229
4650.60852073558  10.76062
4650.77474221859  5.274466
4650.94096370159  17.51323
4651.1071851846  27.69434
4651.27340666761  23.16377
4651.43962815062  13.78126
4651.60584963363  21.6033
4651.77207111663  29.59817
4651.93829259964  22.4269
4652.10451408265  21.35814
4652.27073556566  18.59571
4652.43695704867  27.43142
4652.60317853168  29.23889
4652.76940001468  17.47054
4652.93562149769  32.67606
4653.1018429807  22.9039
4653.26806446371  10.72614
4653.43428594672  21.95304
4653.60050742972  14.16102
4653.76672891273  35.87569
4653.93295039574  19.50705
4654.09917187875  14.99275
4654.26539336176  17.99916
4654.43161484477  14.48229
4654.59783632777  10.05753
4654.76405781078  27.42597
4654.93027929379  15.37761
4655.0965007768  17.25854
4655.26272225981  30.50285
4655.42894374281  22.97568
4655.59516522582  10.14834
4655.76138670883  18.27424
4655.92760819184  18.28197
4656.09382967485  30.56365
4656.26005115785  25.98939
4656.42627264086  15.54686
4656.59249412387  8.928036
4656.75871560688  24.10105
4656.92493708989  8.389232
4657.09115857289  28.13251
4657.2573800559  21.85595
4657.42360153891  19.93624
4657.58982302192  22.33171
4657.75604450493  7.01091
4657.92226598794  -4.582389
4658.08848747094  15.16721
4658.25470895395  16.04676
4658.42093043696  9.291818
4658.58715191997  1.469194
4658.75337340298  38.85244
4658.91959488599  17.03259
4659.08581636899  8.094001
4659.252037852  6.203232
4659.41825933501  19.17767
4659.58448081802  17.91239
4659.75070230103  18.01302
4659.91692378403  33.949
4660.08314526704  -2.753909
4660.24936675005  8.343465
4660.41558823306  16.5911
4660.58180971607  11.76445
4660.74803119908  -5.871852
4660.91425268208  18.55515
4661.08047416509  26.11725
4661.2466956481  45.72804
4661.41291713111  21.68769
4661.57913861412  8.964534
4661.74536009712  24.2876
4661.91158158013  17.7957
4662.07780306314  23.37846
4662.24402454615  16.70894
4662.41024602916  22.3441
4662.57646751216  22.66588
4662.74268899517  43.0493
4662.90891047818  27.79354
4663.07513196119  36.30125
4663.2413534442  22.28404
4663.4075749272  33.50792
4663.57379641021  17.84147
4663.74001789322  19.51255
4663.90623937623  38.37471
4664.07246085924  12.70956
4664.23868234225  38.52319
4664.40490382525  34.33957
4664.57112530826  16.61818
4664.73734679127  14.46198
4664.90356827428  8.655166
4665.06978975729  18.51209
4665.23601124029  19.25941
4665.4022327233  12.71728
4665.56845420631  22.85953
4665.73467568932  14.47541
4665.90089717233  23.74303
4666.06711865534  14.69986
4666.23334013834  34.32625
4666.39956162135  26.53967
4666.56578310436  17.79335
4666.73200458737  10.09777
4666.89822607038  18.71947
4667.06444755338  21.13366
4667.23066903639  13.666
4667.3968905194  28.7383
4667.56311200241  18.67744
4667.72933348542  44.23169
4667.89555496843  25.15292
4668.06177645143  29.08418
4668.22799793444  37.07373
4668.39421941745  39.31685
4668.56044090046  13.3781
4668.72666238347  24.75843
4668.89288386647  29.64637
4669.05910534948  25.53695
4669.22532683249  22.57542
4669.3915483155  42.34114
4669.55776979851  40.65858
4669.72399128151  23.17923
4669.89021276452  38.68722
4670.05643424753  26.8779
4670.22265573054  30.40125
4670.38887721355  30.36231
4670.55509869655  19.93891
4670.72132017956  10.3923
4670.88754166257  12.83019
4671.05376314558  17.99107
4671.21998462859  22.47305
4671.3862061116  16.27838
4671.5524275946  18.86449
4671.71864907761  20.82679
4671.88487056062  39.2497
4672.05109204363  40.74387
4672.21731352664  6.949867
4672.38353500965  18.16138
4672.54975649265  34.08319
4672.71597797566  23.84035
4672.88219945867  28.20706
4673.04842094168  18.10804
4673.21464242469  14.15337
4673.38086390769  12.12462
4673.5470853907  14.313
4673.71330687371  20.85385
4673.87952835672  18.81566
4674.04574983973  17.70784
4674.21197132274  37.21907
4674.37819280574  23.39422
4674.54441428875  -0.1740087
4674.71063577176  21.19504
4674.87685725477  10.66422
4675.04307873778  5.455621
4675.20930022078  24.41392
4675.37552170379  19.36795
4675.5417431868  28.11894
4675.70796466981  13.84104
4675.87418615282  36.54991
4676.04040763583  47.06663
4676.20662911883  18.01834
4676.37285060184  18.02301
4676.53907208485  21.55122
4676.70529356786  25.56439
4676.87151505086  19.10422
4677.03773653387  28.10578
4677.20395801688  17.60502
4677.37017949989  10.19065
4677.5364009829  30.89831
4677.70262246591  25.52717
4677.86884394891  43.93203
4678.03506543192  19.15179
4678.20128691493  19.1446
4678.36750839794  31.90929
4678.53372988095  28.43334
4678.69995136395  20.75392
4678.86617284696  23.13552
4679.03239432997  28.73568
4679.19861581298  45.946
4679.36483729599  31.77416
4679.531058779  34.51844
4679.697280262  48.60737
4679.86350174501  38.62362
4680.02972322802  26.4008
4680.19594471103  28.34305
4680.36216619404  35.25441
4680.52838767704  35.56516
4680.69460916005  20.5688
4680.86083064306  21.28161
4681.02705212607  38.1753
4681.19327360908  13.76882
4681.35949509209  30.16253
4681.52571657509  37.76638
4681.6919380581  12.56998
4681.85815954111  8.458488
4682.02438102412  40.00248
4682.19060250713  36.18527
4682.35682399013  37.08184
4682.52304547314  43.43745
4682.68926695615  5.317621
4682.85548843916  19.97473
4683.02170992217  25.89171
4683.18793140517  14.82002
4683.35415288818  24.8271
4683.52037437119  44.68894
4683.6865958542  22.70536
4683.85281733721  5.197532
4684.01903882022  18.42801
4684.18526030322  29.95413
4684.35148178623  48.38749
4684.51770326924  37.47654
4684.68392475225  43.33919
4684.85014623526  28.57057
4685.01636771826  24.96332
4685.18258920127  9.460223
4685.34881068428  2.066738
4685.51503216729  37.27304
4685.6812536503  40.64471
4685.84747513331  48.61073
4686.01369661631  30.32662
4686.17991809932  25.55648
4686.34613958233  10.94862
4686.51236106534  19.91489
4686.67858254835  33.32441
4686.84480403135  28.5461
4687.01102551436  30.92137
4687.17724699737  20.45872
4687.34346848038  18.42902
4687.50968996339  11.81237
4687.6759114464  23.19141
4687.8421329294  26.95234
4688.00835441241  23.66376
4688.17457589542  16.18409
4688.34079737843  -1.005904
4688.50701886144  15.36199
4688.67324034444  26.86304
4688.83946182745  12.50599
4689.00568331046  10.32143
4689.17190479347  26.33917
4689.33812627648  32.68567
4689.50434775948  29.14707
4689.67056924249  10.6433
4689.8367907255  9.160362
4690.00301220851  18.46612
4690.16923369152  33.00062
4690.33545517452  30.59939
4690.50167665753  26.29531
4690.66789814054  3.957234
4690.83411962355  5.01114
4691.00034110656  10.7724
4691.16656258957  16.99955
4691.33278407257  13.87857
4691.49900555558  21.732
4691.66522703859  28.87271
4691.8314485216  27.7934
4691.99767000461  27.39826
4692.16389148762  28.76882
4692.33011297062  45.81609
4692.49633445363  16.26307
4692.66255593664  3.244628
4692.82877741965  -6.764854
4692.99499890266  19.32462
4693.16122038566  37.42652
4693.32744186867  15.98363
4693.49366335168  4.965667
4693.65988483469  27.25029
4693.8261063177  24.93681
4693.9923278007  17.04148
4694.15854928371  31.77433
4694.32477076672  44.29782
4694.49099224973  16.97497
4694.65721373274  25.3692
4694.82343521575  9.700935
4694.98965669875  4.481112
4695.15587818176  0.8823493
4695.32209966477  4.231143
4695.48832114778  15.53672
4695.65454263079  12.24229
4695.8207641138  14.29503
4695.9869855968  16.7515
4696.15320707981  32.43541
4696.31942856282  16.60119
4696.48565004583  -8.957712
4696.65187152884  4.936898
4696.81809301184  20.74696
4696.98431449485  -0.2181331
4697.15053597786  10.62271
4697.31675746087  36.12775
4697.48297894388  36.12011
4697.64920042688  11.99039
4697.81542190989  -3.57829
4697.9816433929  6.308624
4698.14786487591  22.07918
4698.31408635892  33.05036
4698.48030784192  7.148057
4698.64652932493  2.486692
4698.81275080794  -3.999265
4698.97897229095  14.59407
4699.14519377396  26.5536
4699.31141525696  1.138832
4699.47763673997  22.36328
4699.64385822298  16.96806
4699.81007970599  17.55341
4699.976301189  6.326441
4700.14252267201  10.20336
4700.30874415501  3.68304
4700.47496563802  19.95462
4700.64118712103  36.94922
4700.80740860404  17.41346
4700.97363008705  2.195637
4701.13985157005  6.981935
4701.30607305306  25.25293
4701.47229453607  10.84538
4701.63851601908  -1.379157
4701.80473750209  -13.49071
4701.9709589851  -2.234627
4702.1371804681  31.48893
4702.30340195111  30.93793
4702.46962343412  21.71099
4702.63584491713  20.16397
4702.80206640014  16.18452
4702.96828788314  28.79613
4703.13450936615  30.58065
4703.30073084916  17.78795
4703.46695233217  30.71992
4703.63317381518  7.909369
4703.79939529819  1.250211
4703.96561678119  19.45817
4704.1318382642  11.72495
4704.29805974721  17.81397
4704.46428123022  3.180544
4704.63050271323  -11.84753
4704.79672419623  12.82825
4704.96294567924  11.87683
4705.12916716225  6.210352
4705.29538864526  10.21529
4705.46161012827  14.69296
4705.62783161127  12.81412
4705.79405309428  12.08014
4705.96027457729  13.26894
4706.1264960603  7.708222
4706.29271754331  11.20955
4706.45893902632  21.06105
4706.62516050932  5.038923
4706.79138199233  11.06753
4706.95760347534  11.4395
4707.12382495835  8.515858
4707.29004644136  14.75331
4707.45626792436  16.85693
4707.62248940737  10.53864
4707.78871089038  3.053756
4707.95493237339  -9.080775
4708.1211538564  25.33905
4708.28737533941  15.25496
4708.45359682241  -0.8688989
4708.61981830542  18.2739
4708.78603978843  9.999075
4708.95226127144  11.16285
4709.11848275445  22.28679
4709.28470423745  13.26259
4709.45092572046  8.384827
4709.61714720347  14.04417
4709.78336868648  7.17675
4709.94959016949  17.72156
4710.11581165249  22.34874
4710.2820331355  13.3303
4710.44825461851  11.88125
4710.61447610152  -10.08755
4710.78069758453  3.415848
4710.94691906754  20.67651
4711.11314055054  2.305288
4711.27936203355  10.40398
4711.44558351656  17.43851
4711.61180499957  8.686885
4711.77802648258  7.704393
4711.94424796558  1.602171
4712.11046944859  3.489417
4712.2766909316  15.29086
4712.44291241461  4.250477
4712.60913389762  -10.24346
4712.77535538063  5.733198
4712.94157686363  -9.770009
4713.10779834664  -0.2807194
4713.27401982965  18.35744
4713.44024131266  22.05582
4713.60646279567  24.54591
4713.77268427867  13.96588
4713.93890576168  7.3581
4714.10512724469  11.55452
4714.2713487277  10.42158
4714.43757021071  7.551813
4714.60379169372  18.62422
4714.77001317672  9.310496
4714.93623465973  -8.945105
4715.10245614274  6.349978
4715.26867762575  22.64563
4715.43489910876  24.68179
4715.60112059176  17.39257
4715.76734207477  6.791065
4715.93356355778  19.5678
4716.09978504079  17.02729
4716.2660065238  11.65432
4716.4322280068  -0.7858671
4716.59844948981  2.271278
4716.76467097282  6.793482
4716.93089245583  7.589516
4717.09711393884  1.052161
4717.26333542185  13.74281
4717.42955690485  14.87669
4717.59577838786  22.5562
4717.76199987087  11.45739
4717.92822135388  11.81642
4718.09444283689  -1.450921
4718.26066431989  10.94609
4718.4268858029  12.53535
4718.59310728591  11.21969
4718.75932876892  13.79935
4718.92555025193  5.607189
4719.09177173494  11.16532
4719.25799321794  24.40068
4719.42421470095  18.05731
4719.59043618396  6.445685
4719.75665766697  -1.703703
4719.92287914998  -0.3081887
4720.08910063298  9.476354
4720.25532211599  22.87368
4720.421543599  25.56955
4720.58776508201  28.42851
4720.75398656502  28.84834
4720.92020804803  -0.4313518
4721.08642953103  -0.1547781
4721.25265101404  8.793937
4721.41887249705  13.39486
4721.58509398006  6.447415
4721.75131546307  2.64695
4721.91753694607  -2.153031
4722.08375842908  9.208535
4722.24997991209  19.11876
4722.4162013951  7.168186
4722.58242287811  15.74651
4722.74864436111  16.24249
4722.91486584412  -1.768628
4723.08108732713  10.14637
4723.24730881014  13.06596
4723.41353029315  9.117564
4723.57975177616  9.127778
4723.74597325916  -4.569598
4723.91219474217  -5.450419
4724.07841622518  7.792383
4724.24463770819  16.8901
4724.4108591912  6.678045
4724.5770806742  3.258838
4724.74330215721  2.359993
4724.90952364022  9.346986
4725.07574512323  10.5104
4725.24196660624  2.884768
4725.40818808925  -0.6055638
4725.57440957225  8.489848
4725.74063105526  18.52028
4725.90685253827  8.578773
4726.07307402128  0.01768608
4726.23929550429  1.464504
4726.40551698729  15.68371
4726.5717384703  -20.66034
4726.73795995331  -4.375425
4726.90418143632  11.81365
4727.07040291933  16.4127
4727.23662440234  1.969103
4727.40284588534  14.68351
4727.56906736835  8.569322
4727.73528885136  15.97982
4727.90151033437  6.787551
4728.06773181738  0.5869739
4728.23395330038  11.28552
4728.40017478339  12.07954
4728.5663962664  1.282499
4728.73261774941  2.502525
4728.89883923242  24.4548
4729.06506071542  9.106972
4729.23128219843  3.527862
4729.39750368144  0.7501143
4729.56372516445  7.243835
4729.72994664746  14.25004
4729.89616813047  9.373866
4730.06238961347  8.54107
4730.22861109648  -8.215961
4730.39483257949  0.8384438
4730.5610540625  -4.586474
4730.72727554551  -4.891256
4730.89349702851  9.211337
4731.05971851152  7.461544
4731.22593999453  0.8600399
4731.39216147754  -8.12438
4731.55838296055  1.528625
4731.72460444355  -4.11241
4731.89082592656  -15.13162
4732.05704740957  8.735416
4732.22326889258  18.33322
4732.38949037559  11.95392
4732.5557118586  8.815044
4732.7219333416  -2.505382
4732.88815482461  1.326776
4733.05437630762  -11.83125
4733.22059779063  10.95152
4733.38681927364  7.926987
4733.55304075665  27.87618
4733.71926223965  29.30882
4733.88548372266  3.021603
4734.05170520567  -0.4977221
4734.21792668868  10.6889
4734.38414817169  -29.04244
4734.55036965469  -7.230807
4734.7165911377  13.18686
4734.88281262071  14.40955
4735.04903410372  2.818704
4735.21525558673  0.04016466
4735.38147706973  16.36326
4735.54769855274  12.78697
4735.71392003575  9.410011
4735.88014151876  8.895443
4736.04636300177  5.94699
4736.21258448478  32.69326
4736.37880596778  20.55549
4736.54502745079  16.47798
4736.7112489338  5.625456
4736.87747041681  0.7018506
4737.04369189982  -4.487792
4737.20991338282  5.762974
4737.37613486583  4.320602
4737.54235634884  -6.915235
4737.70857783185  1.141372
4737.87479931486  -3.713875
4738.04102079786  -24.19003
4738.20724228087  4.03661
4738.37346376388  -3.270166
4738.53968524689  3.357127
4738.7059067299  20.34813
4738.87212821291  7.903711
4739.03834969591  4.176668
4739.20457117892  2.981871
4739.37079266193  -12.69742
4739.53701414494  -16.53032
