4569.1253743244  20.26004
4569.29181171537  -0.9510547
4569.45824910634  40.62712
4569.62468649731  22.20306
4569.79112388828  -12.35197
4569.95756127925  8.386557
4570.12399867022  48.00289
4570.29043606119  26.45741
4570.45687345216  4.257881
4570.62331084313  21.31968
4570.7897482341  44.23918
4570.95618562507  59.92958
4571.12262301605  -2.297939
4571.28906040702  1.835666
4571.45549779799  29.74529
4571.62193518896  4.402519
4571.78837257993  -39.73889
4571.9548099709  -9.880004
4572.12124736187  -13.09949
4572.28768475284  20.79689
4572.45412214381  14.23749
4572.62055953478  -12.69852
4572.78699692575  13.97888
4572.95343431672  34.40467
4573.11987170769  27.96285
4573.28630909866  10.52883
4573.45274648963  21.05883
4573.6191838806  14.65227
4573.78562127157  35.92408
4573.95205866254  16.03439
4574.11849605351  20.55308
4574.28493344448  15.97795
4574.45137083546  29.55245
4574.61780822643  39.85742
4574.7842456174  46.84898
4574.95068300837  17.14394
4575.11712039934  9.924591
4575.28355779031  35.49569
4575.44999518128  11.17533
4575.61643257225  6.372867
4575.78286996322  20.74457
4575.94930735419  54.11234
4576.11574474516  36.18567
4576.28218213613  39.31112
4576.4486195271  37.10605
4576.61505691807  28.28092
4576.78149430904  46.24026
4576.94793170001  30.60289
4577.11436909098  -13.14863
4577.28080648195  -7.726083
4577.44724387292  28.05404
4577.61368126389  16.61372
4577.78011865487  2.034133
4577.94655604584  36.58416
4578.11299343681  44.86463
4578.27943082778  51.35874
4578.44586821875  46.6179
4578.61230560972  21.17657
4578.77874300069  26.17244
4578.94518039166  9.769936
4579.11161778263  22.53049
4579.2780551736  24.26668
4579.44449256457  8.280212
4579.61092995554  15.79855
4579.77736734651  32.68766
4579.94380473748  51.91218
4580.11024212845  60.69109
4580.27667951942  50.29586
4580.44311691039  51.91637
4580.60955430136  41.3572
4580.77599169233  51.28532
4580.94242908331  40.50238
4581.10886647427  40.36736
4581.27530386525  21.22704
4581.44174125622  20.21167
4581.60817864719  -14.12308
4581.77461603816  -0.5620292
4581.94105342913  26.77187
4582.1074908201  40.22269
4582.27392821107  85.3028
4582.44036560204  73.49482
4582.60680299301  17.92466
4582.77324038398  47.17176
4582.93967777495  44.77163
4583.10611516592  -3.798293
4583.27255255689  21.65928
4583.43898994786  21.93665
4583.60542733883  37.07775
4583.7718647298  47.29439
4583.93830212077  62.23728
4584.10473951174  43.82688
4584.27117690272  64.75668
4584.43761429368  62.4686
4584.60405168466  28.54314
4584.77048907563  35.36051
4584.9369264666  60.20499
4585.10336385757  63.90417
4585.26980124854  39.2747
4585.43623863951  9.982903
4585.60267603048  21.45206
4585.76911342145  26.301
4585.93555081242  28.16908
4586.10198820339  77.26335
4586.26842559436  33.2475
4586.43486298533  45.14265
4586.6013003763  21.72766
4586.76773776727  5.107517
4586.93417515824  29.16345
4587.10061254921  50.79562
4587.26704994018  55.13981
4587.43348733115  60.12239
4587.59992472212  59.05859
4587.76636211309  50.02895
4587.93279950407  82.67164
4588.09923689503  97.29143
4588.26567428601  35.20935
4588.43211167698  65.22543
4588.59854906795  85.47748
4588.76498645892  53.80475
4588.93142384989  47.62095
4589.09786124086  89.52305
4589.26429863183  31.45316
4589.4307360228  53.87568
4589.59717341377  65.07044
4589.76361080474  41.35947
4589.93004819571  57.18723
4590.09648558668  57.56164
4590.26292297765  57.39371
4590.42936036862  76.09831
4590.59579775959  59.70247
4590.76223515056  38.15818
4590.92867254153  44.47305
4591.0951099325  -1.894733
4591.26154732347  61.96679
4591.42798471444  77.61095
4591.59442210542  69.44264
4591.76085949639  31.03378
4591.92729688736  21.20565
4592.09373427833  47.87067
4592.2601716693  51.03176
4592.42660906027  35.41519
4592.59304645124  16.89205
4592.75948384221  53.4408
4592.92592123318  100.1332
4593.09235862415  70.68549
4593.25879601512  53.39288
4593.42523340609  59.71158
4593.59167079706  76.99339
4593.75810818803  100.2622
4593.924545579  78.47704
4594.09098296997  23.08205
4594.25742036094  52.66625
4594.42385775191  88.87054
4594.59029514288  110.8133
4594.75673253385  63.68333
4594.92316992483  38.26357
4595.0896073158  90.81169
4595.25604470677  121.6925
4595.42248209774  97.14451
4595.58891948871  63.9752
4595.75535687968  86.37424
4595.92179427065  109.1693
4596.08823166162  50.61999
4596.25466905259  44.08918
4596.42110644356  46.4027
4596.58754383453  24.53983
4596.7539812255  18.95731
4596.92041861647  17.45252
4597.08685600744  30.72919
4597.25329339841  82.5102
4597.41973078938  92.90329
4597.58616818035  33.45045
4597.75260557132  60.71858
4597.91904296229  57.02523
4598.08548035326  32.6955
4598.25191774424  58.64892
4598.41835513521  53.50346
4598.58479252618  48.19017
4598.75122991715  59.7849
4598.91766730812  70.33268
4599.08410469909  97.75342
4599.25054209006  34.47451
4599.41697948103  46.48944
4599.583416872  91.7494
4599.74985426297  76.09626
4599.91629165394  55.43238
4600.08272904491  48.43396
4600.24916643588  63.89767
4600.41560382685  56.25332
4600.58204121782  98.33232
4600.74847860879  93.65002
4600.91491599976  66.05276
4601.08135339073  49.27518
4601.24779078171  54.70436
4601.41422817267  66.33138
4601.58066556365  41.71531
4601.74710295462  23.15028
4601.91354034559  33.86557
4602.07997773656  31.05297
4602.24641512753  40.0892
4602.4128525185  82.50073
4602.57928990947  35.76363
4602.74572730044  41.63728
4602.91216469141  40.77275
4603.07860208238  43.4547
4603.24503947335  93.34285
4603.41147686432  79.25369
4603.57791425529  48.23021
4603.74435164626  72.49023
4603.91078903723  70.72526
4604.0772264282  84.19085
4604.24366381917  103.2946
4604.41010121014  64.9787
4604.57653860111  44.9689
4604.74297599208  58.61518
4604.90941338305  63.72034
4605.07585077403  77.70358
4605.242288165  67.21128
4605.40872555597  60.93252
4605.57516294694  79.03742
4605.74160033791  79.97515
4605.90803772888  76.69401
4606.07447511985  53.37786
4606.24091251082  108.1435
4606.40734990179  78.21739
4606.57378729276  61.13445
4606.74022468373  96.84599
4606.9066620747  48.39084
4607.07309946567  67.64996
4607.23953685664  69.01981
4607.40597424761  47.37894
4607.57241163858  79.68456
4607.73884902955  62.47231
4607.90528642052  54.91504
4608.07172381149  92.90045
4608.23816120246  86.32365
4608.40459859344  64.77478
4608.57103598441  61.88818
4608.73747337538  109.753
4608.90391076635  65.05804
4609.07034815732  54.33263
4609.23678554829  106.707
4609.40322293926  83.38723
4609.56966033023  42.88789
4609.7360977212  93.9269
4609.90253511217  88.62976
4610.06897250314  70.28802
4610.23540989411  68.61443
4610.40184728508  74.63774
4610.56828467605  51.81687
4610.73472206702  74.90138
4610.90115945799  69.59653
4611.06759684896  38.41665
4611.23403423993  66.18128
4611.4004716309  93.09295
4611.56690902187  111.8184
4611.73334641285  111.0592
4611.89978380382  61.40853
4612.06622119479  63.34264
4612.23265858576  70.97694
4612.39909597673  52.61954
4612.5655333677  76.99518
4612.73197075867  72.36271
4612.89840814964  60.45636
4613.06484554061  88.12656
4613.23128293158  91.36163
4613.39772032255  86.22359
4613.56415771352  85.78252
4613.73059510449  86.91738
4613.89703249546  96.5319
4614.06346988643  84.04323
4614.2299072774  99.20866
4614.39634466837  123.0568
4614.56278205934  117.1028
4614.72921945031  71.24823
4614.89565684128  49.19675
4615.06209423226  85.34304
4615.22853162323  113.0029
4615.3949690142  94.40022
4615.56140640517  80.29124
4615.72784379614  97.17347
4615.89428118711  95.08322
4616.06071857808  75.14865
4616.22715596905  61.01182
4616.39359336002  100.7066
4616.56003075099  114.4682
4616.72646814196  100.6682
4616.89290553293  84.68905
4617.0593429239  121.3309
4617.22578031487  121.1918
4617.39221770584  127.6759
4617.55865509681  121.2362
4617.72509248778  96.72749
4617.89152987875  89.80371
4618.05796726972  113.7299
4618.22440466069  104.6481
4618.39084205166  68.32168
4618.55727944264  88.59191
4618.72371683361  89.51144
4618.89015422458  45.21263
4619.05659161555  65.61818
4619.22302900652  131.3369
4619.38946639749  105.9964
4619.55590378846  76.06641
4619.72234117943  101.4121
4619.8887785704  72.62644
4620.05521596137  104.5965
4620.22165335234  100.0689
4620.38809074331  86.71375
4620.55452813428  125.327
4620.72096552525  135.1393
4620.88740291622  90.92973
4621.05384030719  95.80489
4621.22027769816  143.538
4621.38671508913  56.65942
4621.5531524801  61.28103
4621.71958987107  77.88864
4621.88602726204  76.38197
4622.05246465302  103.4157
4622.21890204399  102.1583
4622.38533943496  108.2493
4622.55177682593  96.22985
4622.7182142169  87.34112
4622.88465160787  57.06612
4623.05108899884  83.88349
4623.21752638981  97.41264
4623.38396378078  72.70911
4623.55040117175  93.87685
4623.71683856272  133.9212
4623.88327595369  118.7645
4624.04971334466  83.48627
4624.21615073563  100.8775
4624.3825881266  91.3086
4624.54902551757  105.7129
4624.71546290854  117.4227
4624.88190029951  106.6913
4625.04833769048  109.5182
4625.21477508145  125.4978
4625.38121247243  80.70103
4625.5476498634  61.50288
4625.71408725437  70.39687
4625.88052464534  65.43265
4626.04696203631  104.2978
4626.21339942728  128.9705
4626.37983681825  96.65347
4626.54627420922  91.1612
4626.71271160019  99.27119
4626.87914899116  88.9138
4627.04558638213  102.1885
4627.2120237731  97.41024
4627.37846116407  109.4386
4627.54489855504  105.5189
4627.71133594601  137.7703
4627.87777333698  107.341
4628.04421072795  54.89183
4628.21064811892  86.6758
4628.37708550989  117.4691
4628.54352290086  81.16327
4628.70996029184  101.9572
4628.87639768281  144.0825
4629.04283507378  83.47764
4629.20927246475  76.96484
4629.37570985572  86.39208
4629.54214724669  53.3165
4629.70858463766  113.1097
4629.87502202863  134.501
4630.0414594196  60.03752
4630.20789681057  67.01049
4630.37433420154  76.21857
4630.54077159251  81.09494
4630.70720898348  62.92199
4630.87364637445  109.5769
4631.04008376542  130.1304
4631.20652115639  59.30111
4631.37295854736  102.8786
4631.53939593833  87.1448
4631.7058333293  96.67431
4631.87227072027  120.3007
4632.03870811124  95.95815
4632.20514550222  66.61175
4632.37158289319  81.07829
4632.53802028416  109.3588
4632.70445767513  115.2284
4632.8708950661  112.123
4633.03733245707  65.56693
4633.20376984804  40.91129
4633.37020723901  119.1584
4633.53664462998  69.82825
4633.70308202095  59.52782
4633.86951941192  119.0147
4634.03595680289  98.28035
4634.20239419386  84.87684
4634.36883158483  88.56249
4634.5352689758  106.2611
4634.70170636677  119.6283
4634.86814375774  98.97303
4635.03458114871  90.11487
4635.20101853968  98.0483
4635.36745593065  98.45047
4635.53389332163  85.89804
4635.7003307126  79.05237
4635.86676810357  72.33135
4636.03320549454  109.1936
4636.19964288551  118.2067
4636.36608027648  108.8667
4636.53251766745  121.814
4636.69895505842  98.27606
4636.86539244939  77.2626
4637.03182984036  88.22827
4637.19826723133  119.9558
4637.3647046223  155.0874
4637.53114201327  144.2587
4637.69757940424  114.9788
4637.86401679521  130.5425
4638.03045418618  123.0715
4638.19689157715  114.2328
4638.36332896812  114.8168
4638.52976635909  87.59375
4638.69620375006  59.71518
4638.86264114103  95.81866
4639.02907853201  129.0375
4639.19551592298  102.7868
4639.36195331395  102.1731
4639.52839070492  125.1112
4639.69482809589  97.42697
4639.86126548686  126.3388
4640.02770287783  160.5109
4640.1941402688  126.1075
4640.36057765977  130.0551
4640.52701505074  134.3353
4640.69345244171  71.92101
4640.85988983268  110.3104
4641.02632722365  133.3812
4641.19276461462  100.6457
4641.35920200559  119.5473
4641.52563939656  112.0323
4641.69207678753  96.68348
4641.8585141785  52.6925
4642.02495156947  98.19697
4642.19138896044  150.5691
4642.35782635142  125.6648
4642.52426374239  103.3731
4642.69070113336  95.02003
4642.85713852433  135.3048
4643.0235759153  93.08318
4643.19001330627  112.8968
4643.35645069724  126.6718
4643.52288808821  120.3236
4643.68932547918  162.0939
4643.85576287015  140.3464
4644.02220026112  138.1115
4644.18863765209  100.7772
4644.35507504306  103.9711
4644.52151243403  97.58745
4644.687949825  76.07071
4644.85438721597  115.2972
4645.02082460694  137.3522
4645.18726199791  121.1072
4645.35369938888  138.8716
4645.52013677985  123.3489
4645.68657417083  104.5888
4645.8530115618  98.45035
4646.01944895277  89.33881
4646.18588634374  131.5737
4646.35232373471  138.6987
4646.51876112568  169.7397
4646.68519851665  147.8535
4646.85163590762  105.6172
4647.01807329859  168.8872
4647.18451068956  95.03005
4647.35094808053  143.1814
4647.5173854715  100.9552
4647.68382286247  117.2908
4647.85026025344  98.35384
4648.01669764441  113.1289
4648.18313503538  138.9617
4648.34957242635  128.2837
4648.51600981732  90.47613
4648.68244720829  99.97388
4648.84888459926  108.6643
4649.01532199024  74.32388
4649.18175938121  95.47232
4649.34819677218  148.0317
4649.51463416315  130.964
4649.68107155412  160.2789
4649.84750894509  155.6905
4650.01394633606  94.27229
4650.18038372703  145.9222
4650.346821118  129.3708
4650.51325850897  100.6611
4650.67969589994  90.81263
4650.84613329091  122.4328
4651.01257068188  93.60387
4651.17900807285  100.8311
4651.34544546382  119.7619
4651.51188285479  138.7198
4651.67832024576  119.1009
4651.84475763673  84.04066
4652.0111950277  115.1574
4652.17763241867  145.2954
4652.34406980965  111.9935
4652.51050720062  50.82466
4652.67694459159  116.9995
4652.84338198256  132.429
4653.00981937353  119.2799
4653.1762567645  108.8841
4653.34269415547  117.1134
4653.50913154644  167.7071
4653.67556893741  121.0457
4653.84200632838  107.7478
4654.00844371935  141.5983
4654.17488111032  124.4385
4654.34131850129  109.0913
4654.50775589226  106.0967
4654.67419328323  106.6435
4654.8406306742  90.50822
4655.00706806517  123.0224
4655.17350545614  154.7496
4655.33994284711  140.5302
4655.50638023808  129.9255
4655.67281762906  84.79452
4655.83925502003  94.54581
4656.005692411  116.6978
4656.17212980197  124.0245
4656.33856719294  169.1807
4656.50500458391  128.0914
4656.67144197488  115.3832
4656.83787936585  167.4852
4657.00431675682  143.9033
4657.17075414779  100.5765
4657.33719153876  130.6699
4657.50362892973  145.0224
4657.6700663207  132.2645
4657.83650371167  132.7876
4658.00294110264  110.8704
4658.16937849361  93.57072
4658.33581588458  107.6331
4658.50225327555  127.269
4658.66869066652  105.4419
4658.83512805749  97.00915
4659.00156544847  135.9832
4659.16800283943  157.451
4659.33444023041  105.807
4659.50087762138  128.5562
4659.66731501235  187.1419
4659.83375240332  108.6237
4660.00018979429  99.23753
4660.16662718526  122.9129
4660.33306457623  105.8299
4660.4995019672  128.7061
4660.66593935817  144.8563
4660.83237674914  136.9151
4660.99881414011  157.521
4661.16525153108  157.6438
4661.33168892205  114.9578
4661.49812631302  104.503
4661.66456370399  105.42
4661.83100109496  143.957
4661.99743848593  123.8313
4662.1638758769  101.3222
4662.33031326787  128.3281
4662.49675065884  138.5496
4662.66318804981  107.5782
4662.82962544079  94.53899
4662.99606283176  95.47929
4663.16250022273  84.50148
4663.3289376137  92.61615
4663.49537500467  96.83491
4663.66181239564  113.867
4663.82824978661  75.74045
4663.99468717758  59.22638
4664.16112456855  112.6227
4664.32756195952  132.9411
4664.49399935049  89.50189
4664.66043674146  70.14484
4664.82687413243  109.7186
4664.9933115234  117.2782
4665.15974891437  125.9809
4665.32618630534  126.7172
4665.49262369631  95.6006
4665.65906108728  87.24304
4665.82549847825  110.603
4665.99193586922  122.0796
4666.1583732602  115.8887
4666.32481065117  110.8743
4666.49124804214  123.0848
4666.65768543311  98.91357
4666.82412282408  91.47269
4666.99056021505  109.6104
4667.15699760602  95.81069
4667.32343499699  134.3882
4667.48987238796  118.0891
4667.65630977893  119.2257
4667.8227471699  124.8612
4667.98918456087  101.2571
4668.15562195184  112.6999
4668.32205934281  171.0635
4668.48849673378  118.1905
4668.65493412475  77.51008
4668.82137151572  128.4895
4668.98780890669  142.1028
4669.15424629766  110.2337
4669.32068368863  122.1481
4669.48712107961  162.2297
4669.65355847058  126.4868
4669.81999586155  125.5186
4669.98643325252  120.3841
4670.15287064349  103.0405
4670.31930803446  58.68154
4670.48574542543  140.4197
4670.6521828164  101.7286
4670.81862020737  93.4035
4670.98505759834  147.2299
4671.15149498931  100.8476
4671.31793238028  108.0921
4671.48436977125  86.61684
4671.65080716222  67.80254
4671.81724455319  133.1911
4671.98368194416  127.3665
4672.15011933513  155.288
4672.3165567261  147.0754
4672.48299411707  109.0334
4672.64943150804  138.5157
4672.81586889902  92.54816
4672.98230628999  75.62482
4673.14874368096  106.0479
4673.31518107193  152.6455
4673.4816184629  139.8491
4673.64805585387  159.3763
4673.81449324484  158.2038
4673.98093063581  129.2584
4674.14736802678  130.7221
4674.31380541775  146.6815
4674.48024280872  115.9938
4674.64668019969  113.5776
4674.81311759066  107.6586
4674.97955498163  156.3038
4675.1459923726  110.4004
4675.31242976357  109.0939
4675.47886715454  126.3268
4675.64530454551  130.6871
4675.81174193648  113.9705
4675.97817932745  109.9349
4676.14461671842  149.8612
4676.3110541094  158.8168
4676.47749150037  109.1846
4676.64392889134  125.6742
4676.81036628231  89.11379
4676.97680367328  83.82115
4677.14324106425  101.9186
4677.30967845522  96.94461
4677.47611584619  99.56479
4677.64255323716  150.009
4677.80899062813  136.3637
4677.9754280191  110.3477
4678.14186541007  117.3238
4678.30830280104  91.28574
4678.47474019201  105.1184
4678.64117758298  134.8258
4678.80761497395  140.2919
4678.97405236492  131.6106
4679.14048975589  106.2056
4679.30692714686  135.8597
4679.47336453783  105.3505
4679.6398019288  63.99652
4679.80623931978  101.2205
4679.97267671075  128.594
4680.13911410172  120.6442
4680.30555149269  103.4602
4680.47198888366  126.7754
4680.63842627463  133.0128
4680.8048636656  103.5925
4680.97130105657  106.1282
4681.13773844754  111.8779
4681.30417583851  127.7744
4681.47061322948  101.2465
4681.63705062045  132.1083
4681.80348801142  124.4279
4681.96992540239  145.6384
4682.13636279336  191.4561
4682.30280018433  130.6317
4682.4692375753  128.231
4682.63567496627  143.9339
4682.80211235724  131.9402
4682.96854974821  69.01645
4683.13498713919  131.7533
4683.30142453016  124.0008
4683.46786192113  89.7306
4683.6342993121  104.4496
4683.80073670307  99.40214
4683.96717409404  132.4262
4684.13361148501  142.0314
4684.30004887598  167.3642
4684.46648626695  172.9924
4684.63292365792  165.2963
4684.79936104889  177.6483
4684.96579843986  126.541
4685.13223583083  153.8827
4685.2986732218  152.418
4685.46511061277  110.3845
4685.63154800374  126.3941
4685.79798539471  150.9848
4685.96442278568  164.3914
4686.13086017665  169.468
4686.29729756762  177.864
4686.4637349586  133.9975
4686.63017234957  119.0585
4686.79660974054  134.8312
4686.96304713151  175.1075
4687.12948452248  160.9196
4687.29592191345  166.8839
4687.46235930442  178.2875
4687.62879669539  156.3633
4687.79523408636  103.4374
4687.96167147733  113.2346
4688.1281088683  148.0593
4688.29454625927  154.9503
4688.46098365024  129.5708
4688.62742104121  122.6497
4688.79385843218  145.8635
4688.96029582315  158.5307
4689.12673321412  163.5298
4689.29317060509  98.49007
4689.45960799606  109.0607
4689.62604538703  156.0185
4689.792482778  157.861
4689.95892016897  153.5914
4690.12535755995  107.8368
4690.29179495092  143.0016
4690.45823234189  154.949
4690.62466973286  156.3762
4690.79110712383  152.8095
4690.9575445148  138.9025
4691.12398190577  148.6994
4691.29041929674  143.1329
4691.45685668771  132.2929
4691.62329407868  153.2293
4691.78973146965  129.0254
4691.95616886062  147.083
4692.12260625159  133.4711
4692.28904364256  131.8025
4692.45548103353  99.45802
4692.6219184245  140.5997
4692.78835581547  137.3419
4692.95479320644  109.3129
4693.12123059741  127.8202
4693.28766798838  99.37331
4693.45410537935  157.5412
4693.62054277033  135.6121
4693.7869801613  82.62538
4693.95341755227  121.0675
4694.11985494324  144.9663
4694.28629233421  142.3548
4694.45272972518  113.5833
4694.61916711615  143.9809
4694.78560450712  112.08
4694.95204189809  102.7214
4695.11847928906  103.7557
4695.28491668003  110.137
4695.451354071  137.4311
4695.61779146197  90.87779
4695.78422885294  75.44839
4695.95066624391  76.28239
4696.11710363488  92.09437
4696.28354102585  104.4648
4696.44997841682  90.2926
4696.61641580779  81.61152
4696.78285319876  92.9756
4696.94929058974  110.278
4697.11572798071  113.2824
4697.28216537168  91.80497
4697.44860276265  84.36524
4697.61504015362  33.63135
4697.78147754459  89.34269
4697.94791493556  108.4025
4698.11435232653  68.71894
4698.2807897175  80.5778
4698.44722710847  111.9817
4698.61366449944  80.05705
4698.78010189041  62.65941
4698.94653928138  69.21136
4699.11297667235  117.7577
4699.27941406332  93.25816
4699.44585145429  66.20774
4699.61228884526  110.9317
4699.77872623623  76.74554
4699.9451636272  73.1949
4700.11160101817  97.325
4700.27803840915  86.53959
4700.44447580012  79.39968
4700.61091319109  69.68658
4700.77735058206  67.34332
4700.94378797303  88.28178
4701.110225364  78.76833
4701.27666275497  102.2551
4701.44310014594  100.7583
4701.60953753691  135.9527
4701.77597492788  118.9821
4701.94241231885  89.67158
4702.10884970982  82.32837
4702.27528710079  91.97713
4702.44172449176  84.17319
4702.60816188273  90.44911
4702.7745992737  58.03128
4702.94103666467  84.46916
4703.10747405564  105.9407
4703.27391144661  82.49866
4703.44034883758  92.17354
4703.60678622855  87.72248
4703.77322361953  30.41408
4703.9396610105  80.23441
4704.10609840147  65.78539
4704.27253579244  58.80703
4704.43897318341  67.74564
4704.60541057438  84.33009
4704.77184796535  56.21162
4704.93828535632  63.58672
4705.10472274729  101.4084
4705.27116013826  55.73404
4705.43759752923  84.38354
4705.6040349202  67.57178
4705.77047231117  57.57941
4705.93690970214  82.75481
4706.10334709311  86.92302
4706.26978448408  74.11169
4706.43622187505  69.29845
4706.60265926602  44.6487
4706.769096657  78.57962
4706.93553404796  72.68184
4707.10197143894  74.97201
4707.26840882991  85.42071
4707.43484622088  35.5086
4707.60128361185  98.52164
4707.76772100282  88.23383
4707.93415839379  82.69359
4708.10059578476  38.00125
4708.26703317573  69.25038
4708.4334705667  64.67033
4708.59990795767  94.55026
4708.76634534864  89.44595
4708.93278273961  33.81516
4709.09922013058  59.71852
4709.26565752155  62.19527
4709.43209491252  53.37252
4709.59853230349  53.59249
4709.76496969446  67.39953
4709.93140708543  56.64696
4710.09784447641  77.49213
4710.26428186737  39.12677
4710.43071925835  19.5109
4710.59715664932  31.49755
4710.76359404029  34.48848
4710.93003143126  77.47762
4711.09646882223  66.66317
4711.2629062132  82.48435
4711.42934360417  53.4872
4711.59578099514  39.32195
4711.76221838611  65.68887
4711.92865577708  70.74769
4712.09509316805  59.55862
4712.26153055902  51.53374
4712.42796794999  43.21447
4712.59440534096  48.21679
4712.76084273193  77.55917
4712.9272801229  74.80431
4713.09371751387  76.36244
4713.26015490484  57.46064
4713.42659229582  90.15323
4713.59302968678  26.89425
4713.75946707776  44.10226
4713.92590446873  78.47165
4714.0923418597  24.7278
4714.25877925067  -13.02159
4714.42521664164  14.95662
4714.59165403261  48.99179
4714.75809142358  24.0491
4714.92452881455  32.45724
4715.09096620552  67.62183
4715.25740359649  58.47472
4715.42384098746  40.51336
4715.59027837843  27.54109
4715.7567157694  41.11295
4715.92315316037  38.31615
4716.08959055134  61.61765
4716.25602794231  41.05945
4716.42246533328  38.36684
4716.58890272425  52.846
4716.75534011523  50.60894
4716.9217775062  83.50882
4717.08821489717  72.67455
4717.25465228814  91.16187
4717.42108967911  64.77351
4717.58752707008  67.90959
4717.75396446105  89.34525
4717.92040185202  55.97303
4718.08683924299  61.9883
4718.25327663396  77.98089
4718.41971402493  43.75974
4718.5861514159  24.18886
4718.75258880687  49.08846
4718.91902619784  55.06052
4719.08546358881  53.06327
4719.25190097978  48.49406
4719.41833837075  42.37998
4719.58477576172  39.88293
4719.75121315269  28.73719
4719.91765054366  67.63678
4720.08408793463  37.78598
4720.25052532561  39.12234
4720.41696271657  33.78871
4720.58340010754  24.1091
4720.74983749852  67.5448
4720.91627488949  18.25435
4721.08271228046  28.35717
4721.24914967143  57.87493
4721.4155870624  17.6303
4721.58202445337  18.90147
4721.74846184434  37.80893
4721.91489923531  60.50403
4722.08133662628  -5.184012
4722.24777401725  12.625
4722.41421140822  33.51624
4722.58064879919  38.89085
4722.74708619016  56.41358
4722.91352358113  88.19894
4723.0799609721  81.16412
4723.24639836307  27.37601
4723.41283575404  25.57212
4723.57927314501  37.07506
4723.74571053598  34.20206
4723.91214792695  50.24746
4724.07858531793  19.48214
4724.2450227089  -8.008116
4724.41146009987  1.238966
4724.57789749084  46.70393
4724.74433488181  39.41416
4724.91077227278  45.35291
4725.07720966375  18.73292
4725.24364705472  34.33947
4725.41008444569  16.71102
4725.57652183666  14.64231
4725.74295922763  50.41512
4725.9093966186  34.9712
4726.07583400957  -7.051893
4726.24227140054  32.42372
4726.40870879151  45.20995
4726.57514618248  32.57648
4726.74158357345  15.22232
4726.90802096442  47.43551
4727.07445835539  30.68932
4727.24089574636  17.17027
4727.40733313734  43.25794
4727.57377052831  29.05669
4727.74020791928  19.15187
4727.90664531025  68.61217
4728.07308270122  60.08895
4728.23952009219  44.61383
4728.40595748316  21.8715
4728.57239487413  33.23765
4728.7388322651  60.65947
4728.90526965607  14.06978
4729.07170704704  32.63427
4729.23814443801  33.72873
4729.40458182898  -23.02985
4729.57101921995  3.680201
4729.73745661092  5.493111
4729.90389400189  42.79935
4730.07033139286  26.1128
4730.23676878383  17.06772
4730.4032061748  19.09575
4730.56964356577  19.58029
4730.73608095675  52.38943
4730.90251834772  54.31758
4731.06895573869  27.70113
4731.23539312966  20.66075
4731.40183052063  43.55828
4731.5682679116  3.03951
4731.73470530257  40.07348
4731.90114269354  -4.722014
4732.06758008451  35.28679
4732.23401747548  -9.954528
4732.40045486645  58.39628
4732.56689225742  53.46125
4732.73332964839  26.0468
4732.89976703936  -24.01099
4733.06620443033  30.44935
4733.2326418213  -0.07033024
4733.39907921227  69.1836
4733.56551660324  34.58425
4733.73195399421  11.34705
4733.89839138518  13.45142
4734.06482877616  24.38609
4734.23126616713  15.84658
4734.3977035581  67.90563
4734.56414094907  34.62745
4734.73057834004  -4.248391
4734.89701573101  -14.46984
4735.06345312198  -31.72731
4735.22989051295  -1.09374
4735.39632790392  8.473754
4735.56276529489  28.39266
4735.72920268586  15.48516
4735.89564007683  25.24146
4736.0620774678  -7.335015
4736.22851485877  -23.59619
4736.39495224974  -4.74349
4736.56138964071  2.754204
4736.72782703168  26.27805
4736.89426442265  28.87755
4737.06070181362  -21.25496
4737.2271392046  26.84867
4737.39357659556  17.89291
4737.56001398654  -12.73102
4737.72645137751  6.992934
4737.89288876848  -29.36814
4738.05932615945  16.15904
4738.22576355042  -7.395103
4738.39220094139  -16.32974
4738.55863833236  -11.59915
4738.72507572333  7.202176
4738.8915131143  39.0796
4739.05795050527  6.319139
4739.22438789624  -17.52947
4739.39082528721  -3.38761
