4569.2098167029  5.614769
4569.37623277895  -3.54389
4569.542648855  4.847192
4569.70906493105  -4.376463
4569.8754810071  -3.03036
4570.04189708314  21.16797
4570.20831315919  29.61003
4570.37472923524  1.794533
4570.54114531129  10.56323
4570.70756138734  47.89595
4570.87397746339  17.18695
4571.04039353944  -21.08289
4571.20680961549  -5.082593
4571.37322569154  2.020765
4571.53964176758  5.999677
4571.70605784363  16.38283
4571.87247391968  7.613739
4572.03888999573  5.242653
4572.20530607178  20.74511
4572.37172214783  9.756196
4572.53813822388  -4.373973
4572.70455429993  10.02299
4572.87097037598  20.03836
4573.03738645203  13.07581
4573.20380252807  12.53808
4573.37021860412  10.68174
4573.53663468017  -0.2734047
4573.70305075622  1.818981
4573.86946683227  5.878654
4574.03588290832  11.19847
4574.20229898437  28.23644
4574.36871506042  12.69177
4574.53513113646  25.69533
4574.70154721251  6.809281
4574.86796328856  -27.97372
4575.03437936461  -14.30251
4575.20079544066  13.26404
4575.36721151671  19.20966
4575.53362759276  2.124645
4575.70004366881  -5.877144
4575.86645974486  12.5284
4576.03287582091  -14.23408
4576.19929189695  -14.39853
4576.365707973  2.319617
4576.53212404905  -4.07746
4576.6985401251  0.6921349
4576.86495620115  -0.3807315
4577.0313722772  -4.3257
4577.19778835325  4.960338
4577.3642044293  8.763633
4577.53062050535  12.58268
4577.69703658139  10.43677
4577.86345265744  -0.5361854
4578.02986873349  9.509494
4578.19628480954  -2.764269
4578.36270088559  8.840277
4578.52911696164  6.021513
4578.69553303769  -0.4646837
4578.86194911374  27.10009
4579.02836518979  13.51251
4579.19478126583  31.29382
4579.36119734188  22.22202
4579.52761341793  14.64746
4579.69402949398  26.12694
4579.86044557003  35.46499
4580.02686164608  34.96909
4580.19327772213  6.027213
4580.35969379818  11.60982
4580.52610987423  32.93751
4580.69252595027  11.11606
4580.85894202632  13.28722
4581.02535810237  22.53739
4581.19177417842  36.01632
4581.35819025447  15.55822
4581.52460633052  21.3403
4581.69102240657  33.62714
4581.85743848262  9.408984
4582.02385455867  -11.11176
4582.19027063471  0.3066777
4582.35668671076  20.41276
4582.52310278681  16.15303
4582.68951886286  5.124976
4582.85593493891  32.88167
4583.02235101496  33.62086
4583.18876709101  -11.86495
4583.35518316706  8.813268
4583.52159924311  20.94839
4583.68801531916  -16.15668
4583.8544313952  16.31439
4584.02084747125  5.035261
4584.1872635473  -4.854981
4584.35367962335  7.744041
4584.5200956994  16.71364
4584.68651177545  15.11611
4584.8529278515  8.074539
4585.01934392755  16.49195
4585.1857600036  21.81377
4585.35217607964  11.3402
4585.51859215569  13.83271
4585.68500823174  15.12998
4585.85142430779  -8.400292
4586.01784038384  -6.369205
4586.18425645989  19.58735
4586.35067253594  32.90408
4586.51708861199  25.16863
4586.68350468803  26.60468
4586.84992076408  15.86362
4587.01633684013  11.3563
4587.18275291618  12.74286
4587.34916899223  -0.7279919
4587.51558506828  -3.021106
4587.68200114433  4.581479
4587.84841722038  1.019576
4588.01483329643  12.65163
4588.18124937247  35.65285
4588.34766544853  22.33376
4588.51408152457  -13.61272
4588.68049760062  -11.15996
4588.84691367667  1.938634
4589.01332975272  21.02512
4589.17974582877  3.586887
4589.34616190482  18.80406
4589.51257798087  20.94678
4589.67899405692  9.353443
4589.84541013296  25.31791
4590.01182620901  34.4775
4590.17824228506  9.975138
4590.34465836111  -17.42177
4590.51107443716  8.757158
4590.67749051321  31.86451
4590.84390658926  -14.4473
4591.01032266531  7.449783
4591.17673874135  18.55376
4591.3431548174  10.33708
4591.50957089345  18.09136
4591.6759869695  34.74719
4591.84240304555  26.35699
4592.0088191216  41.90181
4592.17523519765  23.42102
4592.3416512737  -7.24556
4592.50806734975  -4.451937
4592.6744834258  -2.299134
4592.84089950185  11.12977
4593.00731557789  32.5342
4593.17373165394  13.86225
4593.34014772999  -6.22647
4593.50656380604  7.368034
4593.67297988209  13.85629
4593.83939595814  9.721797
4594.00581203419  13.53199
4594.17222811024  2.660641
4594.33864418629  20.68549
4594.50506026233  23.96497
4594.67147633838  25.44398
4594.83789241443  33.86544
4595.00430849048  35.34005
4595.17072456653  16.98212
4595.33714064258  3.475071
4595.50355671863  20.83112
4595.66997279468  39.84804
4595.83638887073  27.04367
4596.00280494677  16.20709
4596.16922102282  36.20795
4596.33563709887  34.90222
4596.50205317492  34.9085
4596.66846925097  23.95341
4596.83488532702  9.454612
4597.00130140307  1.224207
4597.16771747912  7.693091
4597.33413355517  3.160137
4597.50054963121  35.05194
4597.66696570726  19.63771
4597.83338178331  11.26737
4597.99979785936  32.54115
4598.16621393541  29.35698
4598.33263001146  29.10107
4598.49904608751  40.28828
4598.66546216356  32.54225
4598.83187823961  27.3148
4598.99829431565  27.43328
4599.1647103917  13.81019
4599.33112646775  19.31424
4599.4975425438  12.18671
4599.66395861985  47.54954
4599.8303746959  19.91872
4599.99679077195  26.39459
4600.163206848  21.5024
4600.32962292405  17.61196
4600.4960390001  8.94412
4600.66245507614  9.7225
4600.82887115219  -0.4883866
4600.99528722824  19.05292
4601.16170330429  34.34344
4601.32811938034  9.21209
4601.49453545639  14.80516
4601.66095153244  45.39457
4601.82736760849  35.40888
4601.99378368454  10.89481
4602.16019976058  17.38008
4602.32661583663  9.272253
4602.49303191268  11.77
4602.65944798873  28.95478
4602.82586406478  26.87244
4602.99228014083  25.31317
4603.15869621688  21.57212
4603.32511229293  29.05816
4603.49152836898  47.17585
4603.65794444502  35.86982
4603.82436052107  26.67296
4603.99077659712  27.07009
4604.15719267317  15.81645
4604.32360874922  11.84046
4604.49002482527  6.700502
4604.65644090132  7.300504
4604.82285697737  8.338314
4604.98927305342  17.7645
4605.15568912946  56.62223
4605.32210520551  26.93155
4605.48852128156  18.29856
4605.65493735761  5.545901
4605.82135343366  27.8824
4605.98776950971  22.20055
4606.15418558576  20.30124
4606.32060166181  19.35215
4606.48701773786  28.56691
4606.65343381391  32.41618
4606.81984988995  28.53235
4606.986265966  29.10623
4607.15268204205  34.92224
4607.3190981181  24.81015
4607.48551419415  32.32566
4607.6519302702  35.785
4607.81834634625  31.96811
4607.9847624223  37.71235
4608.15117849834  25.41056
4608.31759457439  14.57904
4608.48401065044  -7.539228
4608.65042672649  -1.771323
4608.81684280254  45.62887
4608.98325887859  13.06419
4609.14967495464  7.659006
4609.31609103069  24.08219
4609.48250710674  25.52533
4609.64892318278  22.78207
4609.81533925883  21.74693
4609.98175533488  25.39398
4610.14817141093  31.37227
4610.31458748698  18.74626
4610.48100356303  28.82055
4610.64741963908  35.30228
4610.81383571513  50.78276
4610.98025179118  42.95931
4611.14666786723  14.85599
4611.31308394327  22.29049
4611.47950001932  37.98238
4611.64591609537  33.47609
4611.81233217142  18.89226
4611.97874824747  17.85752
4612.14516432352  22.36463
4612.31158039957  8.21806
4612.47799647562  18.26357
4612.64441255167  5.731922
4612.81082862771  19.17431
4612.97724470376  39.44098
4613.14366077981  31.17299
4613.31007685586  24.72684
4613.47649293191  23.97582
4613.64290900796  11.96891
4613.80932508401  11.5338
4613.97574116006  20.75701
4614.14215723611  19.60498
4614.30857331215  21.81109
4614.4749893882  26.25732
4614.64140546425  17.9831
4614.8078215403  14.14695
4614.97423761635  18.65918
4615.1406536924  16.93982
4615.30706976845  20.10382
4615.4734858445  38.3083
4615.63990192055  58.66967
4615.8063179966  54.95615
4615.97273407264  35.49363
4616.13915014869  38.07576
4616.30556622474  33.28969
4616.47198230079  39.28781
4616.63839837684  21.25904
4616.80481445289  23.81115
4616.97123052894  24.18088
4617.13764660499  28.07574
4617.30406268104  32.85296
4617.47047875708  33.75425
4617.63689483313  20.01363
4617.80331090918  44.95955
4617.96972698523  46.19916
4618.13614306128  22.47282
4618.30255913733  51.9064
4618.46897521338  53.55963
4618.63539128943  37.7585
4618.80180736547  31.82018
4618.96822344152  26.00065
4619.13463951757  24.86323
4619.30105559362  33.71897
4619.46747166967  45.77053
4619.63388774572  33.90532
4619.80030382177  25.72697
4619.96671989782  13.95503
4620.13313597387  25.94512
4620.29955204992  38.54962
4620.46596812596  23.58276
4620.63238420201  34.3073
4620.79880027806  38.46611
4620.96521635411  18.57674
4621.13163243016  46.38808
4621.29804850621  16.47763
4621.46446458226  46.19131
4621.63088065831  41.89634
4621.79729673436  32.8666
4621.9637128104  29.28857
4622.13012888645  21.04228
4622.2965449625  -1.831465
4622.46296103855  20.43487
4622.6293771146  32.13942
4622.79579319065  33.31766
4622.9622092667  27.27403
4623.12862534275  5.406383
4623.2950414188  19.60054
4623.46145749484  50.45224
4623.62787357089  41.64894
4623.79428964694  21.39974
4623.96070572299  19.29986
4624.12712179904  31.51684
4624.29353787509  33.89199
4624.45995395114  8.3952
4624.62637002719  32.05468
4624.79278610324  57.58424
4624.95920217929  26.97227
4625.12561825533  37.95045
4625.29203433138  45.04448
4625.45845040743  62.01248
4625.62486648348  31.89758
4625.79128255953  37.21597
4625.95769863558  43.37083
4626.12411471163  43.47081
4626.29053078768  38.90968
4626.45694686372  26.25244
4626.62336293977  43.09498
4626.78977901582  41.59183
4626.95619509187  37.80383
4627.12261116792  25.68881
4627.28902724397  13.45101
4627.45544332002  37.62564
4627.62185939607  42.41545
4627.78827547212  17.30769
4627.95469154816  33.06765
4628.12110762421  35.80015
4628.28752370026  7.190187
4628.45393977631  21.15856
4628.62035585236  38.65242
4628.78677192841  47.48171
4628.95318800446  48.20882
4629.11960408051  36.75085
4629.28602015656  43.17991
4629.45243623261  39.38211
4629.61885230865  54.16204
4629.7852683847  22.4056
4629.95168446075  23.56316
4630.1181005368  31.23304
4630.28451661285  32.06206
4630.4509326889  43.70148
4630.61734876495  27.06758
4630.783764841  3.271466
4630.95018091705  51.57982
4631.11659699309  38.78061
4631.28301306914  32.00198
4631.44942914519  16.6058
4631.61584522124  16.07503
4631.78226129729  36.48814
4631.94867737334  35.37275
4632.11509344939  34.62672
4632.28150952544  35.26133
4632.44792560148  1.464363
4632.61434167753  6.852708
4632.78075775358  32.0834
4632.94717382963  36.10915
4633.11358990568  34.9097
4633.28000598173  22.68515
4633.44642205778  31.05609
4633.61283813383  48.83006
4633.77925420988  61.64043
4633.94567028593  53.92715
4634.11208636197  25.26935
4634.27850243802  6.067092
4634.44491851407  48.40659
4634.61133459012  69.76249
4634.77775066617  23.43132
4634.94416674222  26.50871
4635.11058281827  40.79121
4635.27699889432  19.90858
4635.44341497037  29.16564
4635.60983104641  62.86296
4635.77624712246  53.85978
4635.94266319851  46.0731
4636.10907927456  56.58456
4636.27549535061  39.78949
4636.44191142666  39.41484
4636.60832750271  54.87355
4636.77474357876  36.20196
4636.94115965481  17.2562
4637.10757573086  21.80831
4637.2739918069  38.02546
4637.44040788295  47.40077
4637.606823959  75.36829
4637.77324003505  35.94036
4637.9396561111  56.82447
4638.10607218715  44.51185
4638.2724882632  45.54319
4638.43890433925  43.33887
4638.6053204153  54.23537
4638.77173649134  61.19267
4638.93815256739  34.90331
4639.10456864344  50.62856
4639.27098471949  19.96923
4639.43740079554  22.52648
4639.60381687159  20.62854
4639.77023294764  31.23579
4639.93664902369  15.4075
4640.10306509974  35.40615
4640.26948117578  57.65556
4640.43589725183  48.0086
4640.60231332788  62.95342
4640.76872940393  41.83888
4640.93514547998  18.44316
4641.10156155603  28.21225
4641.26797763208  48.39571
4641.43439370813  50.51955
4641.60080978418  27.66316
4641.76722586022  25.22747
4641.93364193627  50.81693
4642.10005801232  56.23306
4642.26647408837  47.42144
4642.43289016442  58.66437
4642.59930624047  64.25582
4642.76572231652  40.12675
4642.93213839257  36.30884
4643.09855446862  67.94559
4643.26497054467  56.54784
4643.43138662071  24.46969
4643.59780269676  26.42898
4643.76421877281  41.61564
4643.93063484886  46.97316
4644.09705092491  32.16042
4644.26346700096  28.9126
4644.42988307701  35.63005
4644.59629915306  18.52719
4644.7627152291  41.84909
4644.92913130515  41.55713
4645.0955473812  53.00407
4645.26196345725  47.45053
4645.4283795333  66.65642
4645.59479560935  54.48439
4645.7612116854  50.04248
4645.92762776145  44.70412
4646.0940438375  46.55539
4646.26045991354  33.03178
4646.42687598959  38.54878
4646.59329206564  45.70674
4646.75970814169  37.0849
4646.92612421774  47.75118
4647.09254029379  61.71901
4647.25895636984  51.37448
4647.42537244589  21.76782
4647.59178852194  60.52568
4647.75820459799  49.31424
4647.92462067403  41.10776
4648.09103675008  58.12021
4648.25745282613  64.7421
4648.42386890218  40.26265
4648.59028497823  37.21659
4648.75670105428  60.84137
4648.92311713033  57.231
4649.08953320638  29.048
4649.25594928243  55.77527
4649.42236535847  42.05607
4649.58878143452  23.78082
4649.75519751057  23.56402
4649.92161358662  51.40652
4650.08802966267  65.53442
4650.25444573872  57.11388
4650.42086181477  47.05259
4650.58727789082  48.9532
4650.75369396687  44.82169
4650.92011004291  47.18404
4651.08652611896  54.37156
4651.25294219501  40.95309
4651.41935827106  19.22406
4651.58577434711  31.07966
4651.75219042316  63.24708
4651.91860649921  37.32115
4652.08502257526  24.61646
4652.25143865131  34.63883
4652.41785472736  56.53244
4652.5842708034  45.69677
4652.75068687945  63.59855
4652.9171029555  38.56557
4653.08351903155  45.84051
4653.2499351076  62.77987
4653.41635118365  23.64559
4653.5827672597  23.32075
4653.74918333575  59.77901
4653.9155994118  50.9692
4654.08201548784  35.39955
4654.24843156389  32.98722
4654.41484763994  31.26226
4654.58126371599  31.8527
4654.74767979204  35.81359
4654.91409586809  37.15563
4655.08051194414  53.64251
4655.24692802019  55.81566
4655.41334409624  26.48024
4655.57976017228  21.81276
4655.74617624833  35.87881
4655.91259232438  75.29401
4656.07900840043  58.95976
4656.24542447648  32.70042
4656.41184055253  33.23258
4656.57825662858  53.03219
4656.74467270463  81.2218
4656.91108878068  59.67515
4657.07750485672  48.84344
4657.24392093277  26.83639
4657.41033700882  11.2379
4657.57675308487  19.13545
4657.74316916092  17.39185
4657.90958523697  51.15441
4658.07600131302  64.07282
4658.24241738907  39.52433
4658.40883346512  50.85261
4658.57524954116  58.96166
4658.74166561721  52.59606
4658.90808169326  34.87024
4659.07449776931  43.91672
4659.24091384536  58.29207
4659.40732992141  39.43946
4659.57374599746  17.78752
4659.74016207351  46.29386
4659.90657814956  64.22958
4660.07299422561  48.44337
4660.23941030165  50.1538
4660.4058263777  42.54488
4660.57224245375  37.83582
4660.7386585298  44.53723
4660.90507460585  65.90577
4661.0714906819  86.10596
4661.23790675795  51.12959
4661.404322834  29.97744
4661.57073891005  41.79045
4661.73715498609  54.44183
4661.90357106214  49.82656
4662.06998713819  46.54462
4662.23640321424  63.25164
4662.40281929029  65.59766
4662.56923536634  51.56983
4662.73565144239  44.51832
4662.90206751844  36.4907
4663.06848359448  24.10693
4663.23489967053  38.20854
4663.40131574658  31.43447
4663.56773182263  43.27749
4663.73414789868  49.88668
4663.90056397473  51.44138
4664.06698005078  60.03756
4664.23339612683  56.98679
4664.39981220288  40.1664
4664.56622827893  30.14976
4664.73264435497  45.45076
4664.89906043102  55.6945
4665.06547650707  55.25049
4665.23189258312  36.50546
4665.39830865917  26.52125
4665.56472473522  30.87695
4665.73114081127  41.93561
4665.89755688732  51.27118
4666.06397296337  49.68858
4666.23038903941  47.99934
4666.39680511546  9.736583
4666.56322119151  24.40153
4666.72963726756  32.10616
4666.89605334361  26.2078
4667.06246941966  16.2749
4667.22888549571  35.23734
4667.39530157176  33.98831
4667.56171764781  44.80436
4667.72813372385  46.90528
4667.8945497999  33.35539
4668.06096587595  38.12549
4668.227381952  34.68441
4668.39379802805  44.90145
4668.5602141041  53.22038
4668.72663018015  40.95852
4668.8930462562  51.49957
4669.05946233225  55.7837
4669.2258784083  48.61568
4669.39229448434  56.71502
4669.55871056039  56.33361
4669.72512663644  54.08043
4669.89154271249  31.37088
4670.05795878854  53.53188
4670.22437486459  27.30427
4670.39079094064  -39.1231
4670.55720701669  -4.44809
4670.72362309273  48.67802
4670.89003916878  45.735
4671.05645524483  56.20564
4671.22287132088  48.13979
4671.38928739693  54.09885
4671.55570347298  41.44347
4671.72211954903  44.44507
4671.88853562508  70.05361
4672.05495170113  35.31056
4672.22136777718  28.4944
4672.38778385322  70.67448
4672.55419992927  59.55968
4672.72061600532  41.63356
4672.88703208137  57.87506
4673.05344815742  49.17035
4673.21986423347  30.85659
4673.38628030952  32.77808
4673.55269638557  8.653608
4673.71911246162  44.73924
4673.88552853766  53.32292
4674.05194461371  61.51762
4674.21836068976  48.08933
4674.38477676581  27.96006
4674.55119284186  72.85005
4674.71760891791  35.4448
4674.88402499396  31.81745
4675.05044107001  39.50165
4675.21685714606  20.53061
4675.3832732221  24.86435
4675.54968929815  74.11549
4675.7161053742  65.90395
4675.88252145025  60.77391
4676.0489375263  67.33424
4676.21535360235  57.33353
4676.3817696784  48.35712
4676.54818575445  47.00094
4676.7146018305  15.31169
4676.88101790655  32.94831
4677.04743398259  55.51223
4677.21385005864  57.82261
4677.38026613469  43.39785
4677.54668221074  33.52628
4677.71309828679  40.9457
4677.87951436284  65.76288
4678.04593043889  59.93466
4678.21234651494  39.23235
4678.37876259098  29.26458
4678.54517866703  49.39021
4678.71159474308  46.90043
4678.87801081913  51.05875
4679.04442689518  57.41346
4679.21084297123  51.68786
4679.37725904728  58.4791
4679.54367512333  46.38493
4679.71009119937  69.64513
4679.87650727543  55.80908
4680.04292335147  56.93412
4680.20933942752  74.6446
4680.37575550357  65.2339
4680.54217157962  66.16978
4680.70858765567  44.17557
4680.87500373172  39.92942
4681.04141980777  58.43029
4681.20783588382  46.72013
4681.37425195987  47.70222
4681.54066803591  66.98368
4681.70708411196  67.60162
4681.87350018801  60.92445
4682.03991626406  55.74627
4682.20633234011  44.52285
4682.37274841616  56.07267
4682.53916449221  44.09433
4682.70558056826  37.59394
4682.8719966443  72.13346
4683.03841272035  80.38275
4683.2048287964  63.70812
4683.37124487245  65.9804
4683.5376609485  52.46067
4683.70407702455  42.53071
4683.8704931006  60.49251
4684.03690917665  74.02863
4684.2033252527  39.22245
4684.36974132875  41.48886
4684.53615740479  49.88324
4684.70257348084  48.38406
4684.86898955689  42.82604
4685.03540563294  37.18496
4685.20182170899  41.99253
4685.36823778504  54.83075
4685.53465386109  58.10767
4685.70106993714  65.38747
4685.86748601319  69.88084
4686.03390208923  57.1715
4686.20031816528  64.09753
4686.36673424133  61.53336
4686.53315031738  52.12673
4686.69956639343  48.84655
4686.86598246948  71.04307
4687.03239854553  48.84413
4687.19881462158  57.85191
4687.36523069763  76.20542
4687.53164677367  57.48157
4687.69806284972  54.9137
4687.86447892577  65.97086
4688.03089500182  59.23753
4688.19731107787  52.54268
4688.36372715392  34.06391
4688.53014322997  19.95487
4688.69655930602  35.26194
4688.86297538207  31.39098
4689.02939145812  39.11124
4689.19580753416  58.98553
4689.36222361021  76.47553
4689.52863968626  52.27644
4689.69505576231  45.61554
4689.86147183836  -0.9215235
4690.02788791441  35.62774
4690.19430399046  48.59761
4690.36072006651  61.74644
4690.52713614255  56.25018
4690.6935522186  60.49492
4690.85996829465  40.58899
4691.0263843707  36.97931
4691.19280044675  33.09991
4691.3592165228  21.32758
4691.52563259885  55.52454
4691.6920486749  70.53079
4691.85846475095  57.037
4692.024880827  57.42753
4692.19129690304  45.79876
4692.35771297909  57.64021
4692.52412905514  39.15965
4692.69054513119  31.60734
4692.85696120724  27.1201
4693.02337728329  49.22113
4693.18979335934  45.46385
4693.35620943539  51.45321
4693.52262551144  49.45501
4693.68904158748  79.74212
4693.85545766353  32.20997
4694.02187373958  43.81308
4694.18828981563  55.08477
4694.35470589168  50.45028
4694.52112196773  64.95625
4694.68753804378  41.64417
4694.85395411983  12.69534
4695.02037019588  18.23724
4695.18678627192  42.86098
4695.35320234797  46.52303
4695.51961842402  26.98067
4695.68603450007  7.038663
4695.85245057612  30.53339
4696.01886665217  57.47777
4696.18528272822  6.659936
4696.35169880427  22.708
4696.51811488032  30.70094
4696.68453095637  39.65879
4696.85094703241  36.6976
4697.01736310846  19.21772
4697.18377918451  43.36573
4697.35019526056  54.0703
4697.51661133661  48.61429
4697.68302741266  31.68847
4697.84944348871  37.00725
4698.01585956476  32.26105
4698.18227564081  24.9247
4698.34869171685  35.70031
4698.5151077929  19.93477
4698.68152386895  17.18376
4698.847939945  17.01451
4699.01435602105  41.08225
4699.1807720971  24.32195
4699.34718817315  12.57347
4699.5136042492  19.88459
4699.68002032524  55.28081
4699.84643640129  57.31467
4700.01285247734  11.94934
4700.17926855339  15.09248
4700.34568462944  29.32408
4700.51210070549  28.46858
4700.67851678154  27.27273
4700.84493285759  45.32357
4701.01134893364  41.11286
4701.17776500969  38.74859
4701.34418108573  20.53656
4701.51059716178  33.87456
4701.67701323783  42.28589
4701.84342931388  28.36392
4702.00984538993  39.41319
4702.17626146598  28.50804
4702.34267754203  20.78691
4702.50909361808  30.4706
4702.67550969413  31.66413
4702.84192577017  35.19258
4703.00834184622  15.14338
4703.17475792227  -2.567644
4703.34117399832  11.37237
4703.50759007437  35.48759
4703.67400615042  35.86508
4703.84042222647  31.07452
4704.00683830252  30.05232
4704.17325437857  31.67688
4704.33967045461  59.32765
4704.50608653066  20.77341
4704.67250260671  27.41819
4704.83891868276  38.73787
4705.00533475881  36.01457
4705.17175083486  5.708449
4705.33816691091  16.01951
4705.50458298696  36.05072
4705.67099906301  38.78785
4705.83741513906  31.67103
4706.0038312151  41.06085
4706.17024729115  51.04377
4706.3366633672  35.79128
4706.50307944325  12.64424
4706.6694955193  23.6806
4706.83591159535  44.23136
4707.0023276714  47.00653
4707.16874374745  26.63966
4707.3351598235  16.56226
4707.50157589954  23.83559
4707.66799197559  12.14014
4707.83440805164  56.4441
4708.00082412769  18.35356
4708.16724020374  35.6708
4708.33365627979  17.9098
4708.50007235584  4.078749
4708.66648843189  51.64696
4708.83290450794  23.98126
4708.99932058398  38.98012
4709.16573666003  33.44511
4709.33215273608  28.30434
4709.49856881213  64.77061
4709.66498488818  28.03079
4709.83140096423  -4.650734
4709.99781704028  28.07583
4710.16423311633  22.45891
4710.33064919238  25.556
4710.49706526842  30.67446
4710.66348134447  33.91112
4710.82989742052  19.21958
4710.99631349657  26.90905
4711.16272957262  25.47784
4711.32914564867  9.801829
4711.49556172472  7.842341
4711.66197780077  16.61048
4711.82839387682  23.02673
4711.99480995286  22.28163
4712.16122602891  34.79534
4712.32764210496  11.93805
4712.49405818101  -14.15098
4712.66047425706  -5.440838
4712.82689033311  23.74199
4712.99330640916  20.08662
4713.15972248521  22.71996
4713.32613856126  14.72324
4713.49255463731  23.15857
4713.65897071335  14.60517
4713.8253867894  45.44763
4713.99180286545  29.19291
4714.1582189415  11.32482
4714.32463501755  -4.952576
4714.4910510936  20.37118
4714.65746716965  29.08062
4714.8238832457  19.94252
4714.99029932175  19.34007
4715.15671539779  8.391328
4715.32313147384  19.14061
4715.48954754989  17.05651
4715.65596362594  26.40461
4715.82237970199  32.55137
4715.98879577804  9.830723
4716.15521185409  15.41806
4716.32162793014  15.14784
4716.48804400619  4.754453
4716.65446008223  12.74215
4716.82087615828  24.74727
4716.98729223433  17.48024
4717.15370831038  0.9003306
4717.32012438643  -14.50681
4717.48654046248  26.46987
4717.65295653853  28.528
4717.81937261458  -0.4199516
4717.98578869063  28.56847
4718.15220476667  32.93447
4718.31862084272  33.73785
4718.48503691877  53.56358
4718.65145299482  37.23756
4718.81786907087  13.48173
4718.98428514692  1.293297
4719.15070122297  7.413682
4719.31711729902  -5.19844
4719.48353337507  7.985898
4719.64994945111  31.26324
4719.81636552716  22.71542
4719.98278160321  33.00663
4720.14919767926  36.38523
4720.31561375531  48.70114
4720.48202983136  51.29571
4720.64844590741  17.36492
4720.81486198346  15.60664
4720.98127805951  11.21906
4721.14769413555  14.90296
4721.3141102116  21.61496
4721.48052628765  30.16698
4721.6469423637  24.64492
4721.81335843975  26.74231
4721.9797745158  34.42548
4722.14619059185  17.54372
4722.3126066679  6.79202
4722.47902274395  22.52996
4722.64543881999  27.64577
4722.81185489604  38.64327
4722.97827097209  12.76993
4723.14468704814  4.086404
4723.31110312419  39.80357
4723.47751920024  12.66404
4723.64393527629  3.900639
4723.81035135234  12.90112
4723.97676742839  18.75908
4724.14318350444  1.39275
4724.30959958048  -4.961919
4724.47601565653  25.59974
4724.64243173258  3.039358
4724.80884780863  2.627862
4724.97526388468  32.65204
4725.14167996073  18.23253
4725.30809603678  -2.044919
4725.47451211283  29.35349
4725.64092818888  3.871419
4725.80734426492  26.30115
4725.97376034097  25.40911
4726.14017641702  17.71767
4726.30659249307  12.09362
4726.47300856912  -5.450833
4726.63942464517  -2.075799
4726.80584072122  -1.417671
4726.97225679727  0.00140386
4727.13867287331  -12.58901
4727.30508894936  -4.826675
4727.47150502541  4.970224
4727.63792110146  4.625507
4727.80433717751  6.75731
4727.97075325356  16.81588
4728.13716932961  -23.01451
4728.30358540566  -19.59492
4728.47000148171  -0.8171002
4728.63641755776  40.78381
4728.80283363381  15.8624
4728.96924970985  -9.515653
4729.1356657859  12.50867
4729.30208186195  20.38485
4729.468497938  22.42756
4729.63491401405  19.95655
4729.8013300901  23.62657
4729.96774616615  15.82933
4730.1341622422  29.43644
4730.30057831824  20.88372
4730.46699439429  11.34102
4730.63341047034  17.84291
4730.79982654639  6.518763
4730.96624262244  22.99372
4731.13265869849  26.61842
4731.29907477454  15.27732
4731.46549085059  10.21924
4731.63190692664  27.7495
4731.79832300268  27.97893
4731.96473907873  3.607739
4732.13115515478  -7.058856
4732.29757123083  -1.553422
4732.46398730688  2.61396
4732.63040338293  13.69465
4732.79681945898  -2.368481
4732.96323553503  -11.86942
4733.12965161108  -16.04003
4733.29606768713  9.569923
4733.46248376317  -1.779327
4733.62889983922  -23.46747
4733.79531591527  -12.26565
4733.96173199132  10.81399
4734.12814806737  2.428912
4734.29456414342  8.532944
4734.46098021947  13.7653
4734.62739629552  5.018898
4734.79381237157  15.91786
4734.96022844761  6.900964
4735.12664452366  -4.602586
4735.29306059971  7.829562
4735.45947667576  16.53121
4735.62589275181  -7.387892
4735.79230882786  -11.74203
4735.95872490391  -23.14746
4736.12514097996  13.61564
4736.291557056  8.752013
4736.45797313205  -3.557437
4736.6243892081  6.571639
4736.79080528415  -17.86352
4736.9572213602  5.283751
4737.12363743625  -4.7618
4737.2900535123  -31.00051
4737.45646958835  -13.14231
4737.6228856644  -3.989029
4737.78930174045  29.40792
4737.95571781649  7.273675
4738.12213389254  7.566933
4738.28854996859  -13.55756
4738.45496604464  -14.20106
4738.62138212069  0.7097074
4738.78779819674  -0.3662239
4738.95421427279  10.543
4739.12063034884  6.267108
4739.28704642489  26.67584
4739.45346250093  -0.7725832
