4569.3182934802  46.09426
4569.48465572068  45.20684
4569.65101796117  -14.55635
4569.81738020165  -26.35346
4569.98374244213  -7.850241
4570.15010468262  34.17552
4570.3164669231  19.30876
4570.48282916358  9.80862
4570.64919140406  21.76202
4570.81555364455  19.45807
4570.98191588503  41.01736
4571.14827812551  19.55158
4571.314640366  -11.38774
4571.48100260648  -7.497113
4571.64736484696  20.96307
4571.81372708745  52.99863
4571.98008932793  38.11575
4572.14645156841  27.64669
4572.3128138089  12.55204
4572.47917604938  10.99485
4572.64553828986  31.86573
4572.81190053034  42.89738
4572.97826277083  40.82663
4573.14462501131  35.96884
4573.31098725179  36.01173
4573.47734949228  37.23718
4573.64371173276  8.978378
4573.81007397324  -5.651406
4573.97643621372  -39.87384
4574.14279845421  7.431049
4574.30916069469  29.15556
4574.47552293517  14.72579
4574.64188517566  3.785789
4574.80824741614  -1.741947
4574.97460965662  4.435439
4575.14097189711  50.35541
4575.30733413759  78.61331
4575.47369637807  30.44819
4575.64005861856  -11.7194
4575.80642085904  -5.361553
4575.97278309952  5.921511
4576.13914534  28.56326
4576.30550758049  13.07344
4576.47186982097  63.79656
4576.63823206145  37.07243
4576.80459430194  39.82517
4576.97095654242  50.46047
4577.1373187829  60.39788
4577.30368102339  63.45929
4577.47004326387  18.88075
4577.63640550435  11.08689
4577.80276774484  33.06584
4577.96912998532  24.88002
4578.1354922258  36.47435
4578.30185446628  -14.03912
4578.46821670677  47.53496
4578.63457894725  12.95855
4578.80094118773  24.97748
4578.96730342822  2.942111
4579.1336656687  14.95708
4579.30002790918  19.86234
4579.46639014967  21.88054
4579.63275239015  27.42295
4579.79911463063  39.24425
4579.96547687111  15.92741
4580.1318391116  17.72206
4580.29820135208  76.1913
4580.46456359256  51.56392
4580.63092583305  33.35726
4580.79728807353  8.971254
4580.96365031401  6.78657
4581.1300125545  22.64082
4581.29637479498  17.57693
4581.46273703546  37.82212
4581.62909927595  57.81266
4581.79546151643  4.608983
4581.96182375691  1.808162
4582.1281859974  11.35549
4582.29454823788  -2.919059
4582.46091047836  25.7706
4582.62727271884  21.58893
4582.79363495933  -8.441597
4582.95999719981  21.84234
4583.12635944029  16.52421
4583.29272168078  18.07008
4583.45908392126  -22.43955
4583.62544616174  29.50144
4583.79180840222  36.38891
4583.95817064271  41.54051
4584.12453288319  22.60199
4584.29089512367  34.71709
4584.45725736416  58.63414
4584.62361960464  14.58708
4584.78998184512  22.73049
4584.95634408561  33.30735
4585.12270632609  18.97898
4585.28906856657  59.27229
4585.45543080706  12.0598
4585.62179304754  43.56298
4585.78815528802  25.09252
4585.9545175285  16.0029
4586.12087976899  61.65957
4586.28724200947  52.73137
4586.45360424995  31.89308
4586.61996649044  54.94607
4586.78632873092  50.20308
4586.9526909714  19.89957
4587.11905321189  15.93985
4587.28541545237  7.751081
4587.45177769285  9.14877
4587.61813993333  23.63785
4587.78450217382  7.808273
4587.9508644143  7.056934
4588.11722665478  16.50604
4588.28358889527  13.14246
4588.44995113575  20.00668
4588.61631337623  36.22799
4588.78267561672  67.5761
4588.9490378572  37.54399
4589.11540009768  6.528009
4589.28176233817  -1.571072
4589.44812457865  16.68237
4589.61448681913  21.4384
4589.78084905961  6.206891
4589.9472113001  19.20732
4590.11357354058  38.53687
4590.27993578106  24.8334
4590.44629802155  25.43013
4590.61266026203  48.89075
4590.77902250251  46.54887
4590.945384743  27.58926
4591.11174698348  -8.168938
4591.27810922396  39.79262
4591.44447146445  56.33883
4591.61083370493  38.37315
4591.77719594541  42.15672
4591.94355818589  63.29815
4592.10992042638  39.06192
4592.27628266686  33.24226
4592.44264490734  38.68407
4592.60900714783  30.82035
4592.77536938831  2.06569
4592.94173162879  -18.8956
4593.10809386928  6.483594
4593.27445610976  15.03771
4593.44081835024  22.90918
4593.60718059073  49.95407
4593.77354283121  50.50383
4593.93990507169  30.46429
4594.10626731217  5.521356
4594.27262955266  19.33448
4594.43899179314  0.3696533
4594.60535403362  19.69559
4594.77171627411  45.18022
4594.93807851459  15.97758
4595.10444075507  11.13911
4595.27080299556  15.97472
4595.43716523604  11.73045
4595.60352747652  35.69882
4595.769889717  12.28527
4595.93625195749  -11.06704
4596.10261419797  38.71327
4596.26897643845  8.010987
4596.43533867894  0.4626822
4596.60170091942  17.32614
4596.7680631599  76.99027
4596.93442540039  53.43471
4597.10078764087  36.05544
4597.26714988135  35.66803
4597.43351212184  30.16737
4597.59987436232  4.043718
4597.7662366028  16.5541
4597.93259884328  67.18707
4598.09896108377  26.05809
4598.26532332425  13.24823
4598.43168556473  20.46662
4598.59804780522  4.926853
4598.7644100457  41.44225
4598.93077228618  48.98126
4599.09713452667  56.89522
4599.26349676715  18.52473
4599.42985900763  25.68911
4599.59622124812  -3.544547
4599.7625834886  -16.89242
4599.92894572908  28.27158
4600.09530796956  62.51197
4600.26167021005  50.31305
4600.42803245053  41.32632
4600.59439469101  24.04989
4600.7607569315  24.18064
4600.92711917198  23.24487
4601.09348141246  26.40674
4601.25984365295  35.91566
4601.42620589343  43.84106
4601.59256813391  43.57521
4601.75893037439  28.41837
4601.92529261488  -9.602107
4602.09165485536  -32.87926
4602.25801709584  26.12899
4602.42437933633  41.87606
4602.59074157681  51.26941
4602.75710381729  17.13025
4602.92346605778  38.23031
4603.08982829826  60.34122
4603.25619053874  3.235695
4603.42255277922  71.10924
4603.58891501971  48.27999
4603.75527726019  45.73836
4603.92163950067  56.93535
4604.08800174116  33.51956
4604.25436398164  42.9299
4604.42072622212  56.62875
4604.58708846261  17.97504
4604.75345070309  18.87456
4604.91981294357  49.32418
4605.08617518406  27.75709
4605.25253742454  27.32084
4605.41889966502  21.77268
4605.5852619055  57.51409
4605.75162414599  56.97831
4605.91798638647  45.75686
4606.08434862695  24.51497
4606.25071086744  8.473771
4606.41707310792  32.00632
4606.5834353484  40.5945
4606.74979758889  29.64203
4606.91615982937  25.06756
4607.08252206985  68.86548
4607.24888431034  87.12854
4607.41524655082  75.46216
4607.5816087913  66.09919
4607.74797103178  56.91581
4607.91433327227  38.81942
4608.08069551275  49.52825
4608.24705775323  82.60344
4608.41341999372  73.65261
4608.5797822342  58.69885
4608.74614447468  25.13498
4608.91250671517  -7.633598
4609.07886895565  50.96281
4609.24523119613  83.59122
4609.41159343661  45.77891
4609.5779556771  34.68983
4609.74431791758  71.23944
4609.91068015806  39.05474
4610.07704239855  51.36162
4610.24340463903  34.1396
4610.40976687951  22.31357
4610.57612912  64.73776
4610.74249136048  61.39765
4610.90885360096  77.25446
4611.07521584145  15.42169
4611.24157808193  27.29844
4611.40794032241  93.5216
4611.57430256289  68.5434
4611.74066480338  51.69366
4611.90702704386  0.7640923
4612.07338928434  13.19316
4612.23975152483  53.43901
4612.40611376531  47.10677
4612.57247600579  57.26547
4612.73883824628  55.66207
4612.90520048676  95.7099
4613.07156272724  86.17485
4613.23792496773  44.35119
4613.40428720821  -2.738024
4613.57064944869  -6.04552
4613.73701168917  50.08447
4613.90337392966  46.06002
4614.06973617014  40.61713
4614.23609841062  24.35763
4614.40246065111  42.91294
4614.56882289159  52.93919
4614.73518513207  53.267
4614.90154737256  70.84965
4615.06790961304  43.5428
4615.23427185352  27.49284
4615.40063409401  75.87862
4615.56699633449  65.19801
4615.73335857497  26.75479
4615.89972081545  54.94879
4616.06608305594  43.25075
4616.23244529642  32.38527
4616.3988075369  31.64859
4616.56516977739  34.82313
4616.73153201787  100.1556
4616.89789425835  100.5229
4617.06425649883  50.47968
4617.23061873932  37.41157
4617.3969809798  54.91046
4617.56334322028  44.1887
4617.72970546077  42.75088
4617.89606770125  77.84836
4618.06242994173  42.32834
4618.22879218222  35.84216
4618.3951544227  36.08563
4618.56151666318  49.27459
4618.72787890367  56.80785
4618.89424114415  31.58752
4619.06060338463  43.7807
4619.22696562512  74.02631
4619.3933278656  30.15322
4619.55969010608  -11.79675
4619.72605234656  24.50046
4619.89241458705  58.82655
4620.05877682753  53.40197
4620.22513906801  7.324849
4620.3915013085  24.4911
4620.55786354898  57.21446
4620.72422578946  2.54488
4620.89058802995  64.90746
4621.05695027043  123.2359
4621.22331251091  78.83447
4621.38967475139  -13.37933
4621.55603699188  39.17609
4621.72239923236  47.28721
4621.88876147284  56.35788
4622.05512371333  26.09956
4622.22148595381  68.44286
4622.38784819429  87.58482
4622.55421043478  76.73235
4622.72057267526  87.31884
4622.88693491574  74.39431
4623.05329715623  46.04446
4623.21965939671  75.46256
4623.38602163719  74.16356
4623.55238387767  37.99401
4623.71874611816  40.95414
4623.88510835864  40.80831
4624.05147059912  66.98228
4624.21783283961  90.03722
4624.38419508009  67.97292
4624.55055732057  75.00893
4624.71691956106  61.59679
4624.88328180154  33.30727
4625.04964404202  -17.86045
4625.21600628251  1.393783
4625.38236852299  49.08246
4625.54873076347  70.52735
4625.71509300395  74.15162
4625.88145524444  93.6763
4626.04781748492  85.47349
4626.2141797254  55.7781
4626.38054196588  43.96371
4626.54690420637  48.19098
4626.71326644685  35.29195
4626.87962868734  14.33091
4627.04599092782  8.731295
4627.2123531683  50.41196
4627.37871540878  90.47679
4627.54507764927  63.67868
4627.71143988975  75.61098
4627.87780213023  46.23837
4628.04416437072  44.61379
4628.2105266112  37.52165
4628.37688885168  32.83365
4628.54325109217  61.22673
4628.70961333265  40.0694
4628.87597557313  23.1478
4629.04233781361  28.6129
4629.2087000541  41.87603
4629.37506229458  64.66364
4629.54142453506  60.46404
4629.70778677555  72.19814
4629.87414901603  71.97253
4630.04051125651  65.92877
4630.206873497  98.73131
4630.37323573748  90.40555
4630.53959797796  64.5297
4630.70596021845  42.47841
4630.87232245893  59.33555
4631.03868469941  80.78239
4631.2050469399  41.94007
4631.37140918038  73.76948
4631.53777142086  27.74015
4631.70413366134  57.00098
4631.87049590183  63.271
4632.03685814231  57.56887
4632.20322038279  50.9668
4632.36958262328  73.79477
4632.53594486376  58.9453
4632.70230710424  111.1958
4632.86866934473  57.84981
4633.03503158521  58.62292
4633.20139382569  72.23206
4633.36775606617  85.79126
4633.53411830666  59.04087
4633.70048054714  48.26482
4633.86684278762  104.3382
4634.03320502811  90.54681
4634.19956726859  80.65194
4634.36592950907  85.08202
4634.53229174956  49.95644
4634.69865399004  42.33541
4634.86501623052  49.74215
4635.031378471  74.15777
4635.19774071149  87.7103
4635.36410295197  48.83323
4635.53046519245  53.39278
4635.69682743294  56.554
4635.86318967342  28.59419
4636.0295519139  69.24165
4636.19591415439  74.08536
4636.36227639487  67.92523
4636.52863863535  75.99212
4636.69500087584  77.52162
4636.86136311632  18.44712
4637.0277253568  77.35795
4637.19408759728  86.80939
4637.36044983777  71.62043
4637.52681207825  68.50105
4637.69317431873  62.51595
4637.85953655922  82.22755
4638.0258987997  51.25092
4638.19226104018  48.44129
4638.35862328067  88.62877
4638.52498552115  73.42442
4638.69134776163  29.88461
4638.85771000212  24.91821
4639.0240722426  19.10408
4639.19043448308  44.22163
4639.35679672356  36.45172
4639.52315896405  73.32468
4639.68952120453  82.44221
4639.85588344501  56.55142
4640.0222456855  41.66147
4640.18860792598  21.09344
4640.35497016646  43.64465
4640.52133240695  28.42292
4640.68769464743  35.64434
4640.85405688791  66.54901
4641.02041912839  60.65897
4641.18678136888  67.4939
4641.35314360936  61.31061
4641.51950584984  77.40118
4641.68586809033  78.80747
4641.85223033081  70.63554
4642.01859257129  70.74928
4642.18495481178  77.62761
4642.35131705226  81.23582
4642.51767929274  72.97974
4642.68404153322  40.24044
4642.85040377371  13.33509
4643.01676601419  8.178293
4643.18312825467  58.9081
4643.34949049516  95.74805
4643.51585273564  72.09068
4643.68221497612  82.34422
4643.84857721661  63.78736
4644.01493945709  74.63934
4644.18130169757  70.71986
4644.34766393805  68.53081
4644.51402617854  36.61892
4644.68038841902  68.22742
4644.8467506595  74.90732
4645.01311289999  48.5881
4645.17947514047  88.87344
4645.34583738095  88.46632
4645.51219962144  104.0282
4645.67856186192  93.19481
4645.8449241024  80.10044
4646.01128634288  95.43266
4646.17764858337  93.86864
4646.34401082385  77.44743
4646.51037306434  69.25402
4646.67673530482  65.16098
4646.8430975453  53.55557
4647.00945978578  63.02032
4647.17582202627  83.10634
4647.34218426675  84.63462
4647.50854650723  99.30577
4647.67490874772  56.64745
4647.8412709882  50.09177
4648.00763322868  56.48637
4648.17399546917  117.0434
4648.34035770965  81.04903
4648.50671995013  88.42674
4648.67308219061  75.06274
4648.8394444311  65.40894
4649.00580667158  56.66413
4649.17216891206  36.98632
4649.33853115255  51.03378
4649.50489339303  65.08942
4649.67125563351  67.03982
4649.837617874  77.56075
4650.00398011448  87.39131
4650.17034235496  80.54545
4650.33670459545  70.74505
4650.50306683593  63.79086
4650.66942907641  88.33776
4650.8357913169  57.23154
4651.00215355738  35.11613
4651.16851579786  93.94183
4651.33487803834  79.68664
4651.50124027883  52.10545
4651.66760251931  24.98025
4651.83396475979  29.73993
4652.00032700028  21.01936
4652.16668924076  34.48409
4652.33305148124  63.80846
4652.49941372172  87.10519
4652.66577596221  50.44553
4652.83213820269  51.37144
4652.99850044317  90.69698
4653.16486268366  107.3732
4653.33122492414  98.4398
4653.49758716462  98.86439
4653.66394940511  73.3299
4653.83031164559  84.93953
4653.99667388607  79.20883
4654.16303612655  99.34489
4654.32939836704  75.96825
4654.49576060752  38.96535
4654.662122848  79.76385
4654.82848508849  50.94803
4654.99484732897  51.30791
4655.16120956945  61.68366
4655.32757180994  101.9726
4655.49393405042  70.74866
4655.6602962909  57.37907
4655.82665853139  75.97297
4655.99302077187  50.62178
4656.15938301235  58.82559
4656.32574525284  103.4786
4656.49210749332  113.3249
4656.6584697338  122.816
4656.82483197428  116.3003
4656.99119421477  65.98891
4657.15755645525  65.92313
4657.32391869573  70.77538
4657.49028093622  61.52816
4657.6566431767  56.61143
4657.82300541718  83.60451
4657.98936765767  101.3319
4658.15572989815  79.96648
4658.32209213863  77.78719
4658.48845437911  88.69696
4658.6548166196  44.03092
4658.82117886008  50.80459
4658.98754110056  68.55196
4659.15390334105  48.70973
4659.32026558153  71.38676
4659.48662782201  121.5362
4659.6529900625  105.9449
4659.81935230298  89.20775
4659.98571454346  62.48465
4660.15207678394  105.735
4660.31843902443  116.9501
4660.48480126491  101.1286
4660.65116350539  104.6922
4660.81752574588  66.70957
4660.98388798636  69.27313
4661.15025022684  69.0156
4661.31661246733  61.86387
4661.48297470781  79.21799
4661.64933694829  65.87758
4661.81569918877  84.06046
4661.98206142926  86.9302
4662.14842366974  53.29163
4662.31478591022  72.62376
4662.48114815071  93.73499
4662.64751039119  53.12908
4662.81387263167  61.01014
4662.98023487216  71.39951
4663.14659711264  77.22624
4663.31295935312  80.56721
4663.47932159361  75.84088
4663.64568383409  58.36607
4663.81204607457  82.01749
4663.97840831505  99.54533
4664.14477055554  44.58223
4664.31113279602  38.03821
4664.4774950365  84.43275
4664.64385727699  71.41341
4664.81021951747  107.6204
4664.97658175795  103.7293
4665.14294399844  57.85765
4665.30930623892  61.52644
4665.4756684794  88.86906
4665.64203071989  83.60348
4665.80839296037  86.12814
4665.97475520085  48.62929
4666.14111744134  73.02962
4666.30747968182  75.94686
4666.4738419223  73.03614
4666.64020416278  124.7807
4666.80656640327  70.75198
4666.97292864375  59.12216
4667.13929088423  38.5199
4667.30565312472  42.57304
4667.4720153652  92.07911
4667.63837760568  53.06696
4667.80473984617  48.7187
4667.97110208665  43.3534
4668.13746432713  85.64696
4668.30382656762  81.53873
4668.4701888081  51.15847
4668.63655104858  57.63877
4668.80291328906  60.91475
4668.96927552955  116.5405
4669.13563777003  96.17986
4669.30200001051  76.64983
4669.468362251  77.32738
4669.63472449148  96.2322
4669.80108673196  82.022
4669.96744897244  67.24407
4670.13381121293  100.7643
4670.30017345341  103.122
4670.46653569389  35.35299
4670.63289793438  56.83658
4670.79926017486  78.32895
4670.96562241534  71.12363
4671.13198465583  59.05833
4671.29834689631  54.20478
4671.46470913679  70.40635
4671.63107137728  87.68563
4671.79743361776  58.84023
4671.96379585824  74.31078
4672.13015809872  27.08472
4672.29652033921  100.8399
4672.46288257969  103.0413
4672.62924482017  96.50593
4672.79560706066  71.66873
4672.96196930114  71.23476
4673.12833154162  59.52737
4673.29469378211  59.0523
4673.46105602259  59.7392
4673.62741826307  78.34034
4673.79378050356  74.15202
4673.96014274404  81.7198
4674.12650498452  59.31467
4674.292867225  47.27401
4674.45922946549  91.28358
4674.62559170597  121.5617
4674.79195394645  124.385
4674.95831618694  72.71001
4675.12467842742  55.55492
4675.2910406679  80.63514
4675.45740290839  69.08982
4675.62376514887  76.07835
4675.79012738935  97.92163
4675.95648962984  101.9622
4676.12285187032  68.37827
4676.2892141108  49.00951
4676.45557635128  39.21568
4676.62193859177  88.06253
4676.78830083225  136.7299
4676.95466307273  106.0774
4677.12102531322  95.116
4677.2873875537  109.9533
4677.45374979418  96.29862
4677.62011203466  92.51704
4677.78647427515  88.14931
4677.95283651563  95.66237
4678.11919875611  74.15886
4678.2855609966  92.10477
4678.45192323708  71.96471
4678.61828547756  42.0337
4678.78464771805  84.54321
4678.95100995853  49.20353
4679.11737219901  43.06328
4679.2837344395  79.6072
4679.45009667998  69.91932
4679.61645892046  54.39636
4679.78282116094  77.48946
4679.94918340143  96.28786
4680.11554564191  84.85636
4680.28190788239  99.38934
4680.44827012288  87.3428
4680.61463236336  72.54856
4680.78099460384  143.5866
4680.94735684433  95.63723
4681.11371908481  85.81583
4681.28008132529  97.33064
4681.44644356578  96.16413
4681.61280580626  77.33986
4681.77916804674  72.13799
4681.94553028722  99.38356
4682.11189252771  78.29942
4682.27825476819  67.84998
4682.44461700867  34.09757
4682.61097924916  35.65679
4682.77734148964  82.29826
4682.94370373012  102.9199
4683.11006597061  82.985
4683.27642821109  93.2924
4683.44279045157  98.28963
4683.60915269206  106.0945
4683.77551493254  92.50053
4683.94187717302  109.276
4684.10823941351  79.13045
4684.27460165399  86.4716
4684.44096389447  60.58875
4684.60732613495  37.33286
4684.77368837544  65.15694
4684.94005061592  90.39835
4685.1064128564  79.27869
4685.27277509689  81.84128
4685.43913733737  75.35504
4685.60549957785  84.50811
4685.77186181833  95.57755
4685.93822405882  63.88315
4686.1045862993  91.50952
4686.27094853978  111.2564
4686.43731078027  40.86834
4686.60367302075  42.86549
4686.77003526123  102.5369
4686.93639750172  29.99994
4687.1027597422  91.6727
4687.26912198268  88.25507
4687.43548422317  29.51184
4687.60184646365  49.92826
4687.76820870413  60.472
4687.93457094461  62.53759
4688.1009331851  60.30585
4688.26729542558  100.623
4688.43365766606  85.61362
4688.60001990655  78.74956
4688.76638214703  126.4435
4688.93274438751  81.06628
4689.099106628  95.12671
4689.26546886848  90.56998
4689.43183110896  67.33848
4689.59819334945  62.79461
4689.76455558993  67.22363
4689.93091783041  60.60202
4690.09728007089  72.86009
4690.26364231138  85.29488
4690.43000455186  70.09586
4690.59636679234  52.12904
4690.76272903283  60.69769
4690.92909127331  90.29485
4691.09545351379  129.3125
4691.26181575428  92.74859
4691.42817799476  66.6377
4691.59454023524  35.89143
4691.76090247572  40.29873
4691.92726471621  83.02554
4692.09362695669  60.88379
4692.25998919717  49.67332
4692.42635143766  100.6748
4692.59271367814  76.6754
4692.75907591862  43.72045
4692.92543815911  22.11302
4693.09180039959  91.42236
4693.25816264007  68.70631
4693.42452488056  37.79738
4693.59088712104  49.85461
4693.75724936152  46.60522
4693.923611602  79.87937
4694.08997384249  79.93998
4694.25633608297  63.32609
4694.42269832345  55.53252
4694.58906056394  61.9711
4694.75542280442  30.6129
4694.9217850449  77.52378
4695.08814728539  80.67081
4695.25450952587  76.12754
4695.42087176635  58.44028
4695.58723400683  37.59661
4695.75359624732  39.41686
4695.9199584878  42.85919
4696.08632072828  2.108969
4696.25268296877  52.76841
4696.41904520925  47.05473
4696.58540744973  14.95645
4696.75176969022  26.61692
4696.9181319307  24.6279
4697.08449417118  39.90085
4697.25085641167  67.9309
4697.41721865215  57.10265
4697.58358089263  46.05527
4697.74994313311  66.67475
4697.9163053736  79.73452
4698.08266761408  82.98295
4698.24902985456  90.67993
4698.41539209505  80.11887
4698.58175433553  66.61974
4698.74811657601  90.03078
4698.9144788165  57.69939
4699.08084105698  108.4099
4699.24720329746  54.77306
4699.41356553795  32.59791
4699.57992777843  67.07008
4699.74629001891  20.15657
4699.91265225939  26.54292
4700.07901449988  67.88078
4700.24537674036  38.72905
4700.41173898084  76.01921
4700.57810122133  48.79082
4700.74446346181  20.04239
4700.91082570229  62.83539
4701.07718794278  51.17073
4701.24355018326  21.37361
4701.40991242374  34.20058
4701.57627466422  46.50282
4701.74263690471  28.29426
4701.90899914519  -3.480407
4702.07536138567  40.4581
4702.24172362616  58.44033
4702.40808586664  48.95137
4702.57444810712  59.94853
4702.74081034761  75.43288
4702.90717258809  21.3101
4703.07353482857  35.15625
4703.23989706906  38.25169
4703.40625930954  41.27137
4703.57262155002  73.75932
4703.7389837905  58.65823
4703.90534603099  61.86392
4704.07170827147  56.33033
4704.23807051195  64.77853
4704.40443275244  60.00101
4704.57079499292  31.2764
4704.7371572334  56.14848
4704.90351947389  52.19946
4705.06988171437  56.59071
4705.23624395485  68.94337
4705.40260619533  75.18888
4705.56896843582  24.999
4705.7353306763  33.15292
4705.90169291678  32.60288
4706.06805515727  28.86181
4706.23441739775  55.68835
4706.40077963823  51.26643
4706.56714187872  51.10241
4706.7335041192  32.15895
4706.89986635968  58.89241
4707.06622860016  47.82285
4707.23259084065  -1.584728
4707.39895308113  28.05924
4707.56531532161  25.57947
4707.7316775621  26.80899
4707.89803980258  35.82401
4708.06440204306  53.2234
4708.23076428355  45.81364
4708.39712652403  58.98285
4708.56348876451  59.24023
4708.729851005  63.0172
4708.89621324548  14.91154
4709.06257548596  16.37443
4709.22893772645  35.9934
4709.39529996693  41.1823
4709.56166220741  35.7296
4709.72802444789  26.03366
4709.89438668838  20.03428
4710.06074892886  43.71142
4710.22711116934  41.28925
4710.39347340983  31.75725
4710.55983565031  36.60498
4710.72619789079  35.63528
4710.89256013128  39.87984
4711.05892237176  74.28579
4711.22528461224  88.95248
4711.39164685273  29.08002
4711.55800909321  53.87365
4711.72437133369  77.40271
4711.89073357417  41.71343
4712.05709581466  17.17285
4712.22345805514  37.63164
4712.38982029562  31.48192
4712.55618253611  15.51199
4712.72254477659  64.66774
4712.88890701707  64.1374
4713.05526925755  6.007121
4713.22163149804  48.20704
4713.38799373852  44.71053
4713.554355979  9.9581
4713.72071821949  27.14971
4713.88708045997  62.5168
4714.05344270045  22.99166
4714.21980494094  4.995323
4714.38616718142  27.05558
4714.5525294219  44.87112
4714.71889166238  14.41267
4714.88525390287  3.425227
4715.05161614335  35.59782
4715.21797838384  21.39777
4715.38434062432  16.34305
4715.5507028648  22.29204
4715.71706510528  30.12988
4715.88342734577  19.14235
4716.04978958625  27.7412
4716.21615182673  9.7781
4716.38251406722  3.609027
4716.5488763077  26.87988
4716.71523854818  28.38796
4716.88160078867  53.43401
4717.04796302915  43.71898
4717.21432526963  65.73561
4717.38068751011  24.08306
4717.5470497506  -3.712957
4717.71341199108  33.22627
4717.87977423156  12.76637
4718.04613647205  46.22715
4718.21249871253  52.3003
4718.37886095301  35.42699
4718.5452231935  22.41019
4718.71158543398  10.41858
4718.87794767446  26.73312
4719.04430991494  32.5999
4719.21067215543  57.48085
4719.37703439591  15.79071
4719.54339663639  29.39271
4719.70975887688  7.976664
4719.87612111736  23.38583
4720.04248335784  13.16417
4720.20884559833  1.501067
4720.37520783881  29.47036
4720.54157007929  21.89841
4720.70793231978  13.98556
4720.87429456026  -14.04152
4721.04065680074  17.68247
4721.20701904122  7.596021
4721.37338128171  25.20952
4721.53974352219  8.041391
4721.70610576267  23.80907
4721.87246800316  36.90868
4722.03883024364  20.95376
4722.20519248412  58.30328
4722.37155472461  43.90925
4722.53791696509  -23.66218
4722.70427920557  3.895815
4722.87064144605  -11.73214
4723.03700368654  12.03993
4723.20336592702  42.16589
4723.3697281675  13.40588
4723.53609040799  -18.60962
4723.70245264847  43.57397
4723.86881488895  19.71214
4724.03517712944  -20.27824
4724.20153936992  23.75998
4724.3679016104  46.58257
4724.53426385089  15.19511
4724.70062609137  -5.772266
4724.86698833185  19.35456
4725.03335057233  39.20031
4725.19971281282  -13.68707
4725.3660750533  1.86985
4725.53243729378  40.0275
4725.69879953427  39.55869
4725.86516177475  50.18625
4726.03152401523  33.33799
4726.19788625572  5.341771
4726.3642484962  38.32894
4726.53061073668  6.931989
4726.69697297717  57.39769
4726.86333521765  18.34656
4727.02969745813  32.6507
4727.19605969862  -10.9583
4727.3624219391  31.09568
4727.52878417958  13.69678
4727.69514642006  6.247811
4727.86150866055  -21.03903
4728.02787090103  2.021353
4728.19423314151  47.45406
4728.360595382  31.33087
4728.52695762248  15.15579
4728.69331986296  -10.23805
4728.85968210344  20.06466
4729.02604434393  20.10637
4729.19240658441  24.32289
4729.35876882489  -1.01615
4729.52513106538  -6.933368
4729.69149330586  17.59853
4729.85785554634  -39.23521
4730.02421778683  -2.474085
4730.19058002731  -1.836757
4730.35694226779  -9.599872
4730.52330450828  -7.492106
4730.68966674876  56.86176
4730.85602898924  4.540135
4731.02239122972  -23.35291
4731.18875347021  41.34562
4731.35511571069  50.72718
4731.52147795117  29.84443
4731.68784019166  -0.6286899
4731.85420243214  3.591519
4732.02056467262  30.43953
4732.18692691311  13.3681
4732.35328915359  -11.88637
4732.51965139407  -10.51921
4732.68601363455  -14.63096
4732.85237587504  56.13933
4733.01873811552  3.437685
4733.185100356  2.318521
4733.35146259649  4.602036
4733.51782483697  16.61341
4733.68418707745  31.23366
4733.85054931794  11.16556
4734.01691155842  40.94903
4734.1832737989  -9.199325
4734.34963603939  -6.908709
4734.51599827987  -12.49012
4734.68236052035  -5.530134
4734.84872276083  11.70085
4735.01508500132  35.97201
4735.1814472418  23.99688
4735.34780948228  43.14138
4735.51417172277  12.40586
4735.68053396325  -11.12507
4735.84689620373  23.23061
4736.01325844422  42.70576
4736.1796206847  9.238744
4736.34598292518  -9.429478
4736.51234516567  5.177847
4736.67870740615  16.52529
4736.84506964663  12.84104
4737.01143188711  12.66811
4737.1777941276  20.52939
4737.34415636808  17.5132
4737.51051860856  7.57363
4737.67688084905  0.1912105
4737.84324308953  -23.23457
4738.00960533001  30.04554
4738.17596757049  -18.99336
4738.34232981098  26.76504
4738.50869205146  21.21726
4738.67505429194  -9.489089
4738.84141653243  -37.16531
4739.00777877291  -22.85961
4739.17414101339  -9.602847
4739.34050325388  30.07436
4739.50686549436  22.08578
