4569.2065718584  39.26217
4569.37297455259  -20.87865
4569.53937724679  1.634412
4569.70577994098  -0.2352507
4569.87218263517  33.66015
4570.03858532936  34.91089
4570.20498802356  13.42838
4570.37139071775  31.17797
4570.53779341194  41.82823
4570.70419610614  16.84034
4570.87059880033  22.10477
4571.03700149452  61.3498
4571.20340418872  45.30318
4571.36980688291  36.73185
4571.5362095771  10.00133
4571.7026122713  13.59512
4571.86901496549  31.97429
4572.03541765968  18.32981
4572.20182035387  25.13234
4572.36822304807  64.16624
4572.53462574226  55.22881
4572.70102843645  24.99064
4572.86743113065  33.00325
4573.03383382484  8.463737
4573.20023651903  -10.05049
4573.36663921323  33.39882
4573.53304190742  -37.79216
4573.69944460161  22.52969
4573.8658472958  42.28547
4574.03224999  26.80351
4574.19865268419  35.73018
4574.36505537838  45.85649
4574.53145807258  32.38038
4574.69786076677  28.35008
4574.86426346096  39.62777
4575.03066615515  53.65154
4575.19706884935  53.65478
4575.36347154354  20.49975
4575.52987423773  14.01896
4575.69627693193  48.02808
4575.86267962612  21.52383
4576.02908232031  26.09608
4576.19548501451  4.02478
4576.3618877087  25.90843
4576.52829040289  -12.04147
4576.69469309709  24.9936
4576.86109579128  51.63259
4577.02749848547  31.14854
4577.19390117966  17.85978
4577.36030387386  -4.498183
4577.52670656805  15.69151
4577.69310926224  37.45151
4577.85951195644  -21.76615
4578.02591465063  -1.598949
4578.19231734482  34.07326
4578.35872003902  69.16226
4578.52512273321  12.8625
4578.6915254274  12.8659
4578.85792812159  -1.966445
4579.02433081579  -13.85247
4579.19073350998  -22.08105
4579.35713620417  -5.423656
4579.52353889837  26.02317
4579.68994159256  9.280602
4579.85634428675  11.04406
4580.02274698095  51.09734
4580.18914967514  26.18147
4580.35555236933  19.09574
4580.52195506352  35.68554
4580.68835775772  50.59
4580.85476045191  52.29784
4581.0211631461  69.02869
4581.1875658403  41.69989
4581.35396853449  24.03577
4581.52037122868  61.20982
4581.68677392288  49.60158
4581.85317661707  14.0869
4582.01957931126  48.4873
4582.18598200545  77.79532
4582.35238469965  41.46623
4582.51878739384  18.26877
4582.68519008803  27.26964
4582.85159278223  17.95648
4583.01799547642  -10.62127
4583.18439817061  31.3861
4583.35080086481  56.63435
4583.517203559  14.75067
4583.68360625319  32.82658
4583.85000894738  41.68546
4584.01641164158  42.64736
4584.18281433577  82.23843
4584.34921702996  74.18239
4584.51561972416  27.26501
4584.68202241835  9.119967
4584.84842511254  34.74545
4585.01482780674  84.55537
4585.18123050093  72.71706
4585.34763319512  59.22645
4585.51403588932  61.23456
4585.68043858351  59.08278
4585.8468412777  26.98371
4586.01324397189  45.07975
4586.17964666609  72.63474
4586.34604936028  61.48344
4586.51245205447  44.45758
4586.67885474867  42.18629
4586.84525744286  58.02172
4587.01166013705  45.9125
4587.17806283125  46.17741
4587.34446552544  74.93311
4587.51086821963  72.62112
4587.67727091382  72.02084
4587.84367360802  44.62088
4588.01007630221  59.07528
4588.1764789964  18.10079
4588.3428816906  -11.72523
4588.50928438479  40.16237
4588.67568707898  77.70148
4588.84208977318  67.04441
4589.00849246737  36.91279
4589.17489516156  36.32969
4589.34129785576  24.89756
4589.50770054995  36.60542
4589.67410324414  61.63676
4589.84050593833  40.21138
4590.00690863253  22.04335
4590.17331132672  41.65356
4590.33971402091  65.82909
4590.50611671511  58.6642
4590.6725194093  58.23982
4590.83892210349  88.11012
4591.00532479768  70.07817
4591.17172749188  65.97212
4591.33813018607  109.8161
4591.50453288026  98.22649
4591.67093557446  50.24731
4591.83733826865  46.78453
4592.00374096284  69.80629
4592.17014365704  83.88594
4592.33654635123  72.43677
4592.50294904542  54.11941
4592.66935173961  55.25003
4592.83575443381  67.25056
4593.002157128  61.75076
4593.16855982219  29.14725
4593.33496251639  60.55696
4593.50136521058  94.96951
4593.66776790477  89.47228
4593.83417059897  70.40838
4594.00057329316  71.3836
4594.16697598735  51.63823
4594.33337868154  59.56132
4594.49978137574  50.25372
4594.66618406993  64.42827
4594.83258676412  68.77042
4594.99898945832  51.75516
4595.16539215251  50.07898
4595.3317948467  56.3683
4595.4981975409  59.32507
4595.66460023509  62.93705
4595.83100292928  73.61208
4595.99740562347  51.58737
4596.16380831767  51.61358
4596.33021101186  95.67455
4596.49661370605  53.02018
4596.66301640025  45.75853
4596.82941909444  47.40487
4596.99582178863  62.87811
4597.16222448283  60.11369
4597.32862717702  17.61333
4597.49502987121  50.02287
4597.6614325654  66.8287
4597.8278352596  87.75951
4597.99423795379  106.1873
4598.16064064798  61.26629
4598.32704334218  64.55466
4598.49344603637  68.17307
4598.65984873056  14.92112
4598.82625142476  55.082
4598.99265411895  74.08288
4599.15905681314  33.40622
4599.32545950733  39.64373
4599.49186220153  67.93381
4599.65826489572  45.40038
4599.82466758991  31.29378
4599.99107028411  66.2894
4600.1574729783  37.80283
4600.32387567249  31.64824
4600.49027836669  33.08982
4600.65668106088  69.79076
4600.82308375507  87.31724
4600.98948644926  57.73555
4601.15588914346  34.27986
4601.32229183765  45.83794
4601.48869453184  68.87793
4601.65509722604  74.81013
4601.82149992023  98.40746
4601.98790261442  67.36276
4602.15430530862  81.15556
4602.32070800281  80.29848
4602.487110697  98.26538
4602.65351339119  83.43592
4602.81991608539  61.77983
4602.98631877958  89.8424
4603.15272147377  55.52915
4603.31912416797  45.39343
4603.48552686216  75.57858
4603.65192955635  73.18371
4603.81833225055  62.57665
4603.98473494474  71.19219
4604.15113763893  66.24826
4604.31754033313  36.51804
4604.48394302732  41.96135
4604.65034572151  77.81287
4604.8167484157  75.90311
4604.9831511099  88.02069
4605.14955380409  119.3334
4605.31595649828  97.53824
4605.48235919248  57.47449
4605.64876188667  65.91537
4605.81516458086  57.91209
4605.98156727506  116.2739
4606.14796996925  58.94909
4606.31437266344  42.82507
4606.48077535763  66.03114
4606.64717805183  62.96826
4606.81358074602  58.6101
4606.97998344021  97.21644
4607.14638613441  137.3532
4607.3127888286  93.60204
4607.47919152279  62.72099
4607.64559421698  66.35659
4607.81199691118  75.88604
4607.97839960537  91.86428
4608.14480229956  76.17476
4608.31120499376  107.0608
4608.47760768795  69.27971
4608.64401038214  53.43442
4608.81041307634  71.92119
4608.97681577053  23.24557
4609.14321846472  60.72908
4609.30962115892  95.76602
4609.47602385311  67.60577
4609.6424265473  98.40946
4609.80882924149  87.25523
4609.97523193569  87.78091
4610.14163462988  74.95388
4610.30803732407  55.24915
4610.47444001827  61.73337
4610.64084271246  13.65656
4610.80724540665  41.11485
4610.97364810085  85.77536
4611.14005079504  48.1419
4611.30645348923  49.31974
4611.47285618342  68.84
4611.63925887762  88.08862
4611.80566157181  119.2877
4611.972064266  113.3868
4612.1384669602  70.6116
4612.30486965439  69.33541
4612.47127234858  76.78504
4612.63767504277  91.04407
4612.80407773697  88.62858
4612.97048043116  68.82148
4613.13688312535  66.55762
4613.30328581955  21.33684
4613.46968851374  51.87601
4613.63609120793  34.47753
4613.80249390213  32.05825
4613.96889659632  31.56207
4614.13529929051  59.84497
4614.30170198471  68.76121
4614.4681046789  79.52737
4614.63450737309  62.39172
4614.80091006728  50.51883
4614.96731276148  70.48191
4615.13371545567  59.64596
4615.30011814986  60.8524
4615.46652084406  83.14632
4615.63292353825  112.9086
4615.79932623244  81.4872
4615.96572892664  69.60642
4616.13213162083  93.69823
4616.29853431502  87.06982
4616.46493700921  86.08229
4616.63133970341  139.291
4616.7977423976  96.74285
4616.96414509179  114.7074
4617.13054778599  114.6686
4617.29695048018  116.2515
4617.46335317437  126.0992
4617.62975586857  101.3091
4617.79615856276  48.63655
4617.96256125695  73.12747
4618.12896395115  75.21477
4618.29536664534  48.04802
4618.46176933953  70.78788
4618.62817203372  93.08406
4618.79457472792  83.42461
4618.96097742211  56.93948
4619.1273801163  62.92383
4619.2937828105  90.83015
4619.46018550469  86.39488
4619.62658819888  102.2631
4619.79299089307  91.33772
4619.95939358727  57.63706
4620.12579628146  91.15747
4620.29219897565  94.15951
4620.45860166985  100.3898
4620.62500436404  133.4978
4620.79140705823  48.71047
4620.95780975243  74.78157
4621.12421244662  67.04169
4621.29061514081  115.1794
4621.45701783501  120.9044
4621.6234205292  78.78004
4621.78982322339  79.18327
4621.95622591758  71.40136
4622.12262861178  87.32533
4622.28903130597  87.9926
4622.45543400016  100.0825
4622.62183669435  92.95502
4622.78823938855  86.71136
4622.95464208274  99.19933
4623.12104477694  86.60075
4623.28744747113  78.6134
4623.45385016532  84.46293
4623.62025285951  94.93819
4623.78665555371  94.53209
4623.9530582479  73.94006
4624.11946094209  91.34054
4624.28586363629  96.82698
4624.45226633048  84.41176
4624.61866902467  107.7756
4624.78507171886  88.92905
4624.95147441306  71.07018
4625.11787710725  98.75478
4625.28427980144  136.2413
4625.45068249564  103.2752
4625.61708518983  102.6775
4625.78348788402  72.94231
4625.94989057822  121.8539
4626.11629327241  110.4588
4626.2826959666  75.22032
4626.4490986608  89.74808
4626.61550135499  115.2173
4626.78190404918  51.67025
4626.94830674337  71.68166
4627.11470943757  59.27379
4627.28111213176  53.87192
4627.44751482595  82.95517
4627.61391752015  84.77011
4627.78032021434  35.18274
4627.94672290853  54.65519
4628.11312560273  103.1849
4628.27952829692  109.4164
4628.44593099111  90.55562
4628.6123336853  95.42577
4628.7787363795  113.0951
4628.94513907369  113.7567
4629.11154176788  135.9292
4629.27794446208  111.2189
4629.44434715627  80.46764
4629.61074985046  47.85379
4629.77715254466  90.46063
4629.94355523885  90.54162
4630.10995793304  81.96548
4630.27636062723  62.69698
4630.44276332143  43.34836
4630.60916601562  61.36165
4630.77556870981  98.53594
4630.94197140401  110.7875
4631.1083740982  81.388
4631.27477679239  63.78618
4631.44117948659  86.87999
4631.60758218078  98.20531
4631.77398487497  103.9438
4631.94038756916  71.1223
4632.10679026336  75.53596
4632.27319295755  116.8629
4632.43959565174  125.7826
4632.60599834594  102.0502
4632.77240104013  45.92437
4632.93880373432  106.2112
4633.10520642852  155.3016
4633.27160912271  134.6123
4633.4380118169  99.96532
4633.60441451109  87.14532
4633.77081720529  103.6866
4633.93721989948  91.6938
4634.10362259367  85.87565
4634.27002528787  62.14263
4634.43642798206  45.54227
4634.60283067625  85.14569
4634.76923337045  122.82
4634.93563606464  152.498
4635.10203875883  108.5264
4635.26844145303  62.35883
4635.43484414722  97.63014
4635.60124684141  86.50877
4635.7676495356  62.57589
4635.9340522298  106.0735
4636.10045492399  109.0004
4636.26685761818  44.96055
4636.43326031238  70.04604
4636.59966300657  71.31483
4636.76606570076  91.69032
4636.93246839496  113.8531
4637.09887108915  91.35262
4637.26527378334  129.1586
4637.43167647753  128.3584
4637.59807917173  124.1321
4637.76448186592  102.0016
4637.93088456011  67.86932
4638.09728725431  58.50913
4638.2636899485  89.0574
4638.43009264269  84.75954
4638.59649533689  127.5488
4638.76289803108  110.5864
4638.92930072527  123.3154
4639.09570341946  138.458
4639.26210611366  43.35041
4639.42850880785  98.98796
4639.59491150204  65.82029
4639.76131419624  59.4427
4639.92771689043  74.19273
4640.09411958462  83.40561
4640.26052227882  129.9929
4640.42692497301  91.48183
4640.5933276672  101.6077
4640.75973036139  129.943
4640.92613305559  119.1043
4641.09253574978  93.29411
4641.25893844397  71.88118
4641.42534113817  102.133
4641.59174383236  126.9651
4641.75814652655  101.9798
4641.92454922075  58.62381
4642.09095191494  77.45216
4642.25735460913  123.8712
4642.42375730332  111.1614
4642.59015999752  93.00948
4642.75656269171  107.8332
4642.9229653859  112.9065
4643.0893680801  101.2464
4643.25577077429  135.406
4643.42217346848  135.8114
4643.58857616267  103.3526
4643.75497885687  125.193
4643.92138155106  133.8518
4644.08778424525  118.8543
4644.25418693945  77.21972
4644.42058963364  97.26394
4644.58699232783  87.0843
4644.75339502203  46.06023
4644.91979771622  73.47795
4645.08620041041  89.39178
4645.25260310461  119.4388
4645.4190057988  97.80958
4645.58540849299  117.7362
4645.75181118718  108.7585
4645.91821388138  103.3063
4646.08461657557  114.9032
4646.25101926976  118.1349
4646.41742196396  119.8013
4646.58382465815  60.13484
4646.75022735234  103.3042
4646.91663004654  123.3377
4647.08303274073  113.1558
4647.24943543492  123.4815
4647.41583812912  117.6812
4647.58224082331  89.86813
4647.7486435175  90.82378
4647.91504621169  116.9129
4648.08144890589  177.42
4648.24785160008  126.9373
4648.41425429427  129.851
4648.58065698847  79.86344
4648.74705968266  153.8363
4648.91346237685  158.1747
4649.07986507105  72.03795
4649.24626776524  92.57978
4649.41267045943  118.3112
4649.57907315362  116.363
4649.74547584782  104.8599
4649.91187854201  95.642
4650.0782812362  108.9299
4650.2446839304  112.5957
4650.41108662459  96.07185
4650.57748931878  102.2255
4650.74389201297  74.60533
4650.91029470717  153.8715
4651.07669740136  106.0603
4651.24310009555  127.7272
4651.40950278975  134.5191
4651.57590548394  150.2955
4651.74230817813  117.3476
4651.90871087233  76.76912
4652.07511356652  70.14911
4652.24151626071  87.93897
4652.40791895491  151.1243
4652.5743216491  100.3759
4652.74072434329  91.73798
4652.90712703748  124.3992
4653.07352973168  113.8631
4653.23993242587  106.5931
4653.40633512006  107.9797
4653.57273781426  86.79702
4653.73914050845  67.90034
4653.90554320264  105.7669
4654.07194589684  134.3544
4654.23834859103  160.6513
4654.40475128522  142.4392
4654.57115397941  151.1118
4654.73755667361  138.8996
4654.9039593678  85.26121
4655.07036206199  113.9674
4655.23676475619  136.2004
4655.40316745038  120.3954
4655.56957014457  138.7294
4655.73597283876  87.86987
4655.90237553296  128.4217
4656.06877822715  163.1201
4656.23518092134  72.11979
4656.40158361554  89.86941
4656.56798630973  126.1113
4656.73438900392  132.9335
4656.90079169812  87.93298
4657.06719439231  63.95904
4657.2335970865  122.5436
4657.3999997807  130.6732
4657.56640247489  120.9821
4657.73280516908  97.38757
4657.89920786327  82.16183
4658.06561055747  101.0423
4658.23201325166  100.3899
4658.39841594585  119.0477
4658.56481864005  111.2231
4658.73122133424  75.54996
4658.89762402843  104.7753
4659.06402672262  98.95161
4659.23042941682  98.98436
4659.39683211101  138.9352
4659.5632348052  129.3575
4659.7296374994  98.93383
4659.89604019359  89.87237
4660.06244288778  120.8446
4660.22884558198  104.2608
4660.39524827617  101.1877
4660.56165097036  125.4587
4660.72805366456  113.1704
4660.89445635875  129.3507
4661.06085905294  143.5546
4661.22726174713  104.9786
4661.39366444133  109.4669
4661.56006713552  136.8848
4661.72646982971  108.9381
4661.89287252391  135.7865
4662.0592752181  132.2881
4662.22567791229  103.878
4662.39208060649  124.245
4662.55848330068  143.4302
4662.72488599487  148.1513
4662.89128868906  144.6805
4663.05769138326  118.9524
4663.22409407745  101.2722
4663.39049677164  99.1047
4663.55689946584  96.79719
4663.72330216003  117.5858
4663.88970485422  133.5083
4664.05610754842  131.6567
4664.22251024261  104.2885
4664.3889129368  95.15489
4664.55531563099  68.75597
4664.72171832519  59.9229
4664.88812101938  105.5099
4665.05452371357  128.6452
4665.22092640777  79.98888
4665.38732910196  98.25121
4665.55373179615  126.3805
4665.72013449035  91.78802
4665.88653718454  95.00024
4666.05293987873  77.88189
4666.21934257292  88.62823
4666.38574526712  103.7919
4666.55214796131  103.0639
4666.7185506555  110.0719
4666.8849533497  144.3395
4667.05135604389  94.62221
4667.21775873808  90.58788
4667.38416143228  112.9222
4667.55056412647  112.139
4667.71696682066  117.8799
4667.88336951486  60.78835
4668.04977220905  90.36529
4668.21617490324  124.4962
4668.38257759743  125.0044
4668.54898029163  108.0023
4668.71538298582  91.57631
4668.88178568001  115.809
4669.04818837421  108.4171
4669.2145910684  136.7003
4669.38099376259  133.1506
4669.54739645678  110.9677
4669.71379915098  106.7463
4669.88020184517  107.7404
4670.04660453936  120.9065
4670.21300723356  99.62542
4670.37940992775  34.51467
4670.54581262194  71.88427
4670.71221531614  98.92304
4670.87861801033  79.41858
4671.04502070452  88.86343
4671.21142339871  135.2628
4671.37782609291  103.4745
4671.5442287871  72.87576
4671.7106314813  103.8663
4671.87703417549  98.69972
4672.04343686968  74.0414
4672.20983956387  93.76508
4672.37624225807  171.331
4672.54264495226  108.795
4672.70904764645  103.2819
4672.87545034064  106.7251
4673.04185303484  89.14776
4673.20825572903  106.1257
4673.37465842322  89.51328
4673.54106111742  92.99263
4673.70746381161  115.9891
4673.8738665058  100.8029
4674.0402692  90.92989
4674.20667189419  116.7028
4674.37307458838  152.6514
4674.53947728257  119.8328
4674.70587997677  99.67726
4674.87228267096  99.90594
4675.03868536515  72.6499
4675.20508805935  89.09495
4675.37149075354  130.1516
4675.53789344773  107.5987
4675.70429614193  102.7404
4675.87069883612  132.3991
4676.03710153031  89.76194
4676.2035042245  88.42297
4676.3699069187  116.0339
4676.53630961289  113.6499
4676.70271230708  112.3731
4676.86911500128  102.7073
4677.03551769547  111.3522
4677.20192038966  93.75497
4677.36832308386  116.138
4677.53472577805  131.6063
4677.70112847224  86.89025
4677.86753116644  86.95485
4678.03393386063  136.2746
4678.20033655482  115.1616
4678.36673924901  95.90318
4678.53314194321  122.0482
4678.6995446374  137.6095
4678.86594733159  103.9497
4679.03235002579  129.7022
4679.19875271998  103.3097
4679.36515541417  90.46008
4679.53155810837  123.6868
4679.69796080256  77.86365
4679.86436349675  99.64222
4680.03076619094  126.9963
4680.19716888514  154.1627
4680.36357157933  128.6691
4680.52997427352  112.0967
4680.69637696772  85.82211
4680.86277966191  156.0437
4681.0291823561  143.5332
4681.1955850503  142.493
4681.36198774449  142.2873
4681.52839043868  141.2047
4681.69479313288  123.0707
4681.86119582707  110.9668
4682.02759852126  125.838
4682.19400121545  92.51706
4682.36040390965  114.3898
4682.52680660384  114.3849
4682.69320929803  122.6605
4682.85961199223  128.7046
4683.02601468642  150.2077
4683.19241738061  140.4102
4683.3588200748  104.878
4683.525222769  115.1092
4683.69162546319  131.8144
4683.85802815738  134.3201
4684.02443085158  112.0448
4684.19083354577  94.08393
4684.35723623996  169.7231
4684.52363893416  137.3921
4684.69004162835  96.5341
4684.85644432254  114.5081
4685.02284701673  99.05249
4685.18924971093  62.29642
4685.35565240512  92.17212
4685.52205509931  81.62022
4685.68845779351  148.6776
4685.8548604877  130.2665
4686.02126318189  73.2697
4686.18766587609  91.5236
4686.35406857028  71.49378
4686.52047126447  113.7768
4686.68687395867  120.0881
4686.85327665286  93.88483
4687.01967934705  76.33948
4687.18608204124  106.3857
4687.35248473544  91.49545
4687.51888742963  67.87332
4687.68529012382  100.2128
4687.85169281802  60.16346
4688.01809551221  66.73373
4688.1844982064  111.2673
4688.35090090059  122.5971
4688.51730359479  104.6725
4688.68370628898  92.6881
4688.85010898317  103.0653
4689.01651167737  125.9718
4689.18291437156  65.89462
4689.34931706575  60.2257
4689.51571975995  78.44339
4689.68212245414  125.4823
4689.84852514833  87.60638
4690.01492784252  70.31022
4690.18133053672  81.58289
4690.34773323091  68.78983
4690.5141359251  55.52072
4690.6805386193  65.08461
4690.84694131349  130.7913
4691.01334400768  81.01542
4691.17974670188  72.23616
4691.34614939607  89.39864
4691.51255209026  61.15208
4691.67895478446  73.26273
4691.84535747865  99.45597
4692.01176017284  92.56065
4692.17816286703  61.96153
4692.34456556123  104.6451
4692.51096825542  104.3028
4692.67737094961  74.29312
4692.84377364381  91.46157
4693.010176338  82.39238
4693.17657903219  79.3949
4693.34298172638  77.93304
4693.50938442058  60.97736
4693.67578711477  64.23145
4693.84218980896  92.53385
4694.00859250316  97.07437
4694.17499519735  62.78671
4694.34139789154  143.0248
4694.50780058574  104.9038
4694.67420327993  83.87422
4694.84060597412  77.67474
4695.00700866832  65.95367
4695.17341136251  54.01624
4695.3398140567  37.97809
4695.50621675089  49.1617
4695.67261944509  93.36047
4695.83902213928  137.1288
4696.00542483347  108.4783
4696.17182752767  47.65263
4696.33823022186  61.57246
4696.50463291605  53.76097
4696.67103561025  64.23111
4696.83743830444  101.1456
4697.00384099863  75.73917
4697.17024369282  59.85232
4697.33664638702  59.84272
4697.50304908121  48.1994
4697.6694517754  69.27027
4697.8358544696  36.68009
4698.00225716379  71.63773
4698.16865985798  91.73634
4698.33506255218  47.68851
4698.50146524637  81.69365
4698.66786794056  82.84714
4698.83427063476  47.67063
4699.00067332895  73.06823
4699.16707602314  74.26437
4699.33347871733  67.5451
4699.49988141153  46.01088
4699.66628410572  46.4025
4699.83268679991  55.04176
4699.99908949411  79.59304
4700.1654921883  86.90047
4700.33189488249  66.95871
4700.49829757668  44.35196
4700.66470027088  52.97524
4700.83110296507  57.80453
4700.99750565926  94.89868
4701.16390835346  70.84657
4701.33031104765  61.21534
4701.49671374184  74.79457
4701.66311643604  82.3297
4701.82951913023  102.2865
4701.99592182442  49.95982
4702.16232451862  23.35158
4702.32872721281  54.65894
4702.495129907  88.24557
4702.66153260119  59.76128
4702.82793529539  56.5265
4702.99433798958  76.15834
4703.16074068377  77.91318
4703.32714337797  64.55695
4703.49354607216  61.46576
4703.65994876635  64.38941
4703.82635146054  47.10592
4703.99275415474  52.99576
4704.15915684893  62.88629
4704.32555954312  34.31483
4704.49196223732  43.53065
4704.65836493151  35.19127
4704.8247676257  60.94193
4704.9911703199  117.1545
4705.15757301409  27.96555
4705.32397570828  73.24079
4705.49037840247  108.2461
4705.65678109667  108.4101
4705.82318379086  41.20132
4705.98958648505  50.16263
4706.15598917925  43.93914
4706.32239187344  49.91597
4706.48879456763  64.33589
4706.65519726183  47.18918
4706.82159995602  46.8782
4706.98800265021  70.6151
4707.15440534441  64.11165
4707.3208080386  73.69283
4707.48721073279  80.5825
4707.65361342698  61.57973
4707.82001612118  57.88982
4707.98641881537  76.58504
4708.15282150956  85.60236
4708.31922420376  58.27318
4708.48562689795  34.57487
4708.65202959214  25.16439
4708.81843228634  28.33675
4708.98483498053  86.45395
4709.15123767472  58.71563
4709.31764036891  17.37098
4709.48404306311  44.43752
4709.6504457573  38.9045
4709.81684845149  59.2289
4709.98325114569  46.10143
4710.14965383988  59.8063
4710.31605653407  51.10643
4710.48245922827  54.67743
4710.64886192246  45.13045
4710.81526461665  49.03729
4710.98166731085  41.00777
4711.14807000504  -7.561378
4711.31447269923  46.56328
4711.48087539342  93.81892
4711.64727808762  67.9291
4711.81368078181  -4.891189
4711.980083476  29.53371
4712.1464861702  62.16605
4712.31288886439  -5.086311
4712.47929155858  -14.97785
4712.64569425278  68.76588
4712.81209694697  83.78008
4712.97849964116  39.72382
4713.14490233535  74.9145
4713.31130502955  30.07304
4713.47770772374  65.40827
4713.64411041793  81.46733
4713.81051311213  61.3649
4713.97691580632  65.97285
4714.14331850051  51.80722
4714.3097211947  70.278
4714.4761238889  13.43779
4714.64252658309  3.293742
4714.80892927728  32.60078
4714.97533197148  52.98067
4715.14173466567  51.77765
4715.30813735986  61.37112
4715.47454005406  43.69999
4715.64094274825  46.17244
4715.80734544244  52.40801
4715.97374813664  34.83976
4716.14015083083  39.82237
4716.30655352502  3.901968
4716.47295621921  25.15628
4716.63935891341  62.74492
4716.8057616076  61.82333
4716.97216430179  29.82635
4717.13856699599  24.87012
4717.30496969018  15.38739
4717.47137238437  74.67214
4717.63777507856  44.18455
4717.80417777276  22.39587
4717.97058046695  22.62718
4718.13698316114  54.58097
4718.30338585534  73.53046
4718.46978854953  52.82304
4718.63619124372  62.17626
4718.80259393792  51.68708
4718.96899663211  47.54089
4719.1353993263  34.49722
4719.30180202049  22.02474
4719.46820471469  24.91896
4719.63460740888  50.95015
4719.80101010307  8.358027
4719.96741279727  37.01323
4720.13381549146  67.95853
4720.30021818565  64.87644
4720.46662087985  24.87013
4720.63302357404  5.598944
4720.79942626823  21.56878
4720.96582896242  28.26175
4721.13223165662  47.56944
4721.29863435081  96.82779
4721.465037045  58.18797
4721.6314397392  75.46514
4721.79784243339  58.24515
4721.96424512758  20.72081
4722.13064782178  53.77734
4722.29705051597  42.68508
4722.46345321016  -11.71048
4722.62985590436  -0.3665037
4722.79625859855  62.75655
4722.96266129274  34.83728
4723.12906398693  29.82384
4723.29546668113  45.81102
4723.46186937532  49.25681
4723.62827206951  -1.491591
4723.79467476371  28.38579
4723.9610774579  36.78526
4724.12748015209  60.51733
4724.29388284629  42.09784
4724.46028554048  4.976232
4724.62668823467  55.10427
4724.79309092886  64.49358
4724.95949362306  62.45947
4725.12589631725  -8.523081
4725.29229901144  54.98017
4725.45870170564  61.04215
4725.62510439983  34.52916
4725.79150709402  21.02254
4725.95790978822  25.77551
4726.12431248241  12.33508
4726.2907151766  59.10166
4726.45711787079  30.26147
4726.62352056499  1.496212
4726.78992325918  41.32792
4726.95632595337  51.16358
4727.12272864757  7.898873
4727.28913134176  -0.3994772
4727.45553403595  24.77114
4727.62193673015  27.88457
4727.78833942434  53.81739
4727.95474211853  53.12253
4728.12114481272  52.96696
4728.28754750692  12.01708
4728.45395020111  23.19601
4728.6203528953  -10.1246
4728.7867555895  -16.65588
4728.95315828369  19.91964
4729.11956097788  23.57161
4729.28596367208  37.20738
4729.45236636627  18.13173
4729.61876906046  47.14199
4729.78517175465  7.881663
4729.95157444885  11.77265
4730.11797714304  20.66919
4730.28437983723  -13.15861
4730.45078253143  9.007796
4730.61718522562  58.39031
4730.78358791981  25.48243
4730.94999061401  41.94304
4731.1163933082  9.572294
4731.28279600239  34.09029
4731.44919869659  20.13095
4731.61560139078  45.99941
4731.78200408497  44.90806
4731.94840677916  11.11275
4732.11480947336  18.16801
4732.28121216755  1.354505
4732.44761486174  -1.22193
4732.61401755594  -1.410524
4732.78042025013  37.01418
4732.94682294432  -3.440232
4733.11322563851  29.41645
4733.27962833271  32.23466
4733.4460310269  44.58126
4733.61243372109  46.61974
4733.77883641529  -1.273252
4733.94523910948  4.551532
4734.11164180367  48.88903
4734.27804449787  2.827606
4734.44444719206  52.67765
4734.61084988625  34.89393
4734.77725258044  2.275672
4734.94365527464  0.5265228
4735.11005796883  -24.961
4735.27646066302  -24.80195
4735.44286335722  1.191337
4735.60926605141  18.38955
4735.7756687456  23.96954
4735.9420714398  17.53981
4736.10847413399  -0.09791874
4736.27487682818  -7.497516
4736.44127952238  41.44486
4736.60768221657  8.771207
4736.77408491076  22.64813
4736.94048760495  39.82081
4737.10689029915  15.37401
4737.27329299334  -11.14375
4737.43969568753  -36.45063
4737.60609838173  -31.40116
4737.77250107592  34.22622
4737.93890377011  27.00468
4738.1053064643  41.47419
4738.2717091585  0.156992
4738.43811185269  24.3924
4738.60451454688  -24.52245
4738.77091724108  5.79451
4738.93731993527  22.84992
4739.10372262946  -2.264286
4739.27012532366  -8.54961
4739.43652801785  29.33042
