4568.3351303992  35.00002
4568.50195335905  36.57492
4568.66877631891  -0.4380478
4568.83559927876  -21.15943
4569.00242223861  -19.97643
4569.16924519846  7.068796
4569.33606815832  26.75414
4569.50289111817  -8.579509
4569.66971407803  12.659
4569.83653703788  -3.558668
4570.00335999773  -2.298945
4570.17018295758  6.628186
4570.33700591744  1.875963
4570.50382887729  -4.57238
4570.67065183714  2.541586
4570.837474797  27.54014
4571.00429775685  6.9481
4571.1711207167  -4.177989
4571.33794367656  28.29816
4571.50476663641  53.91278
4571.67158959626  24.33331
4571.83841255612  -15.51734
4572.00523551597  -8.517188
4572.17205847582  14.41342
4572.33888143567  46.25837
4572.50570439553  43.96012
4572.67252735538  26.11348
4572.83935031523  2.621434
4573.00617327509  -8.081366
4573.17299623494  -1.106876
4573.33981919479  2.557624
4573.50664215464  -1.495675
4573.6734651145  -12.28557
4573.84028807435  19.66059
4574.00711103421  7.336083
4574.17393399406  4.585484
4574.34075695391  -9.654713
4574.50757991376  -17.43219
4574.67440287362  14.15802
4574.84122583347  15.3864
4575.00804879332  23.78199
4575.17487175318  42.70389
4575.34169471303  16.17579
4575.50851767288  -2.507922
4575.67534063273  4.517297
4575.84216359259  -10.55574
4576.00898655244  -18.05374
4576.17580951229  4.708559
4576.34263247215  8.143513
4576.509455432  14.69902
4576.67627839185  6.629366
4576.84310135171  -14.82915
4577.00992431156  -0.4638523
4577.17674727141  26.49934
4577.34357023127  18.40604
4577.51039319112  20.1769
4577.67721615097  22.92302
4577.84403911082  18.66052
4578.01086207068  55.72763
4578.17768503053  -3.689361
4578.34450799039  -27.85494
4578.51133095024  -5.955816
4578.67815391009  14.20689
4578.84497686994  5.703422
4579.0117998298  26.58395
4579.17862278965  38.60774
4579.3454457495  9.479296
4579.51226870936  -11.59546
4579.67909166921  -22.75436
4579.84591462906  12.36036
4580.01273758891  17.92659
4580.17956054877  38.40897
4580.34638350862  2.000669
4580.51320646848  23.50818
4580.68002942833  32.1107
4580.84685238818  -2.835176
4581.01367534803  17.83897
4581.18049830789  52.04631
4581.34732126774  17.63979
4581.51414422759  -2.610699
4581.68096718745  36.3812
4581.8477901473  43.77887
4582.01461310715  18.2199
4582.181436067  35.43096
4582.34825902686  35.52194
4582.51508198671  40.92672
4582.68190494656  37.79332
4582.84872790642  5.455585
4583.01555086627  10.32049
4583.18237382612  34.58257
4583.34919678598  30.65173
4583.51601974583  59.10549
4583.68284270568  37.37245
4583.84966566554  59.0333
4584.01648862539  24.22169
4584.18331158524  34.14264
4584.35013454509  35.93935
4584.51695750495  30.79957
4584.6837804648  40.36451
4584.85060342465  22.6503
4585.01742638451  21.92787
4585.18424934436  46.88365
4585.35107230421  22.86139
4585.51789526407  24.86654
4585.68471822392  27.24401
4585.85154118377  21.28278
4586.01836414363  35.58708
4586.18518710348  20.17312
4586.35201006333  2.74043
4586.51883302318  -5.268466
4586.68565598304  15.19916
4586.85247894289  36.47082
4587.01930190274  16.74113
4587.1861248626  12.39061
4587.35294782245  35.59908
4587.5197707823  1.420426
4587.68659374216  -27.76114
4587.85341670201  21.1948
4588.02023966186  43.89547
4588.18706262172  2.213216
4588.35388558157  6.506107
4588.52070854142  26.03267
4588.68753150127  21.51188
4588.85435446113  45.85015
4589.02117742098  37.78662
4589.18800038083  20.23192
4589.35482334069  18.39248
4589.52164630054  1.301177
4589.68846926039  8.29073
4589.85529222025  5.280168
4590.0221151801  7.694324
4590.18893813995  32.3904
4590.35576109981  30.74902
4590.52258405966  -19.91926
4590.68940701951  18.0573
4590.85622997936  66.51824
4591.02305293922  4.498522
4591.18987589907  20.86144
4591.35669885892  6.622329
4591.52352181878  -5.064855
4591.69034477863  15.03057
4591.85716773848  15.76618
4592.02399069834  21.64373
4592.19081365819  7.17801
4592.35763661804  28.18377
4592.5244595779  46.404
4592.69128253775  40.9023
4592.8581054976  18.11376
4593.02492845745  16.5106
4593.19175141731  33.3031
4593.35857437716  45.4818
4593.52539733701  32.87203
4593.69222029687  6.167126
4593.85904325672  -3.389798
4594.02586621657  25.45937
4594.19268917643  33.74206
4594.35951213628  15.55424
4594.52633509613  25.96699
4594.69315805599  37.60501
4594.85998101584  12.63587
4595.02680397569  9.8437
4595.19362693554  37.81753
4595.3604498954  24.91148
4595.52727285525  27.77017
4595.6940958151  36.43809
4595.86091877496  45.55829
4596.02774173481  38.22251
4596.19456469466  9.898756
4596.36138765452  -10.19473
4596.52821061437  19.72896
4596.69503357422  29.52826
4596.86185653408  24.21597
4597.02867949393  42.75476
4597.19550245378  52.43404
4597.36232541363  19.99334
4597.52914837349  16.95683
4597.69597133334  28.28826
4597.86279429319  2.51884
4598.02961725305  30.59015
4598.1964402129  82.02554
4598.36326317275  72.6578
4598.53008613261  23.35763
4598.69690909246  22.78654
4598.86373205231  32.35295
4599.03055501217  24.95724
4599.19737797202  21.3828
4599.36420093187  26.12978
4599.53102389172  65.31135
4599.69784685158  55.24239
4599.86466981143  16.09804
4600.03149277128  6.457787
4600.19831573114  41.01267
4600.36513869099  19.86335
4600.53196165084  -7.952123
4600.6987846107  37.31812
4600.86560757055  56.20422
4601.0324305304  25.945
4601.19925349025  13.37187
4601.36607645011  28.68013
4601.53289940996  44.47224
4601.69972236981  35.46667
4601.86654532967  69.78262
4602.03336828952  40.37539
4602.20019124937  4.548816
4602.36701420923  19.18005
4602.53383716908  54.99871
4602.70066012893  43.42304
4602.86748308879  42.9795
4603.03430604864  13.55089
4603.20112900849  15.44358
4603.36795196834  13.46595
4603.5347749282  33.478
4603.70159788805  49.77054
4603.8684208479  25.6166
4604.03524380776  22.04139
4604.20206676761  26.72095
4604.36888972746  15.35903
4604.53571268732  20.73808
4604.70253564717  53.73623
4604.86935860702  66.11829
4605.03618156688  30.62062
4605.20300452673  32.88073
4605.36982748658  79.96531
4605.53665044643  74.58083
4605.70347340629  28.90553
4605.87029636614  35.7086
4606.03711932599  32.30946
4606.20394228585  40.25844
4606.3707652457  29.09505
4606.53758820555  36.17297
4606.70441116541  54.96087
4606.87123412526  48.50146
4607.03805708511  50.962
4607.20488004497  29.20791
4607.37170300482  11.71586
4607.53852596467  33.53572
4607.70534892452  26.33737
4607.87217188438  20.80233
4608.03899484423  54.797
4608.20581780408  66.93587
4608.37264076394  55.7776
4608.53946372379  71.44812
4608.70628668364  85.70495
4608.8731096435  60.46982
4609.03993260335  47.10283
4609.2067555632  61.14528
4609.37357852306  41.23392
4609.54040148291  13.3323
4609.70722444276  19.94151
4609.87404740261  44.23709
4610.04087036247  57.45198
4610.20769332232  26.04064
4610.37451628217  66.04789
4610.54133924203  52.39135
4610.70816220188  27.87037
4610.87498516173  50.05819
4611.04180812159  51.08783
4611.20863108144  49.05209
4611.37545404129  48.6307
4611.54227700115  34.36118
4611.709099961  21.69482
4611.87592292085  25.0533
4612.0427458807  31.34683
4612.20956884056  28.55312
4612.37639180041  36.38668
4612.54321476026  6.176477
4612.71003772012  20.57948
4612.87686067997  19.1734
4613.04368363982  46.49599
4613.21050659968  58.66078
4613.37732955953  26.62609
4613.54415251938  30.40903
4613.71097547924  35.3029
4613.87779843909  41.85318
4614.04462139894  30.93969
4614.21144435879  38.9789
4614.37826731865  13.26426
4614.5450902785  29.4002
4614.71191323835  63.12434
4614.87873619821  34.82447
4615.04555915806  22.10922
4615.21238211791  46.5353
4615.37920507777  52.33181
4615.54602803762  29.51167
4615.71285099747  34.55774
4615.87967395732  8.739742
4616.04649691718  13.78905
4616.21331987703  73.79446
4616.38014283688  53.07393
4616.54696579674  41.34785
4616.71378875659  74.13514
4616.88061171644  -1.754022
4617.0474346763  3.637189
4617.21425763615  56.46375
4617.381080596  57.25261
4617.54790355586  43.12237
4617.71472651571  29.42231
4617.88154947556  54.64368
4618.04837243542  36.12737
4618.21519539527  35.5741
4618.38201835512  50.9117
4618.54884131497  55.71419
4618.71566427483  42.35192
4618.88248723468  15.40383
4619.04931019453  44.7758
4619.21613315439  46.25335
4619.38295611424  21.14255
4619.54977907409  26.84646
4619.71660203394  27.36164
4619.8834249938  22.07995
4620.05024795365  11.42408
4620.21707091351  56.17309
4620.38389387336  62.5136
4620.55071683321  50.91214
4620.71753979306  20.11501
4620.88436275292  35.18619
4621.05118571277  63.55743
4621.21800867262  47.47412
4621.38483163248  48.18387
4621.55165459233  20.78066
4621.71847755218  41.0021
4621.88530051204  65.2802
4622.05212347189  21.45622
4622.21894643174  52.42285
4622.3857693916  33.81459
4622.55259235145  43.25911
4622.7194153113  70.01936
4622.88623827115  49.1005
4623.05306123101  44.27426
4623.21988419086  51.48039
4623.38670715071  57.03991
4623.55353011057  29.1705
4623.72035307042  41.82254
4623.88717603027  43.38611
4624.05399899013  38.11398
4624.22082194998  53.17096
4624.38764490983  77.34486
4624.55446786968  78.26477
4624.72129082954  53.41714
4624.88811378939  35.26744
4625.05493674924  45.79921
4625.2217597091  49.60688
4625.38858266895  26.01671
4625.5554056288  19.87718
4625.72222858866  50.49243
4625.88905154851  71.11985
4626.05587450836  29.80744
4626.22269746822  15.75337
4626.38952042807  75.43954
4626.55634338792  75.23727
4626.72316634777  5.761065
4626.88998930763  10.77318
4627.05681226748  40.77212
4627.22363522733  44.90662
4627.39045818719  31.48135
4627.55728114704  12.88527
4627.72410410689  40.39765
4627.89092706675  45.92392
4628.0577500266  42.04966
4628.22457298645  43.74899
4628.3913959463  54.39381
4628.55821890616  63.98495
4628.72504186601  49.0006
4628.89186482587  53.63517
4629.05868778572  23.69029
4629.22551074557  15.32504
4629.39233370542  49.11186
4629.55915666528  80.38969
4629.72597962513  60.12886
4629.89280258498  43.4462
4630.05962554484  19.47821
4630.22644850469  18.23611
4630.39327146454  56.03449
4630.56009442439  54.75859
4630.72691738425  28.50292
4630.8937403441  45.60404
4631.06056330396  67.44852
4631.22738626381  34.57499
4631.39420922366  39.9995
4631.56103218351  72.46451
4631.72785514337  45.86081
4631.89467810322  41.69055
4632.06150106307  47.8895
4632.22832402293  60.90857
4632.39514698278  68.98992
4632.56196994263  53.88041
4632.72879290249  45.52868
4632.89561586234  32.20334
4633.06243882219  46.05249
4633.22926178204  34.18785
4633.3960847419  21.86245
4633.56290770175  47.56838
4633.7297306616  48.7127
4633.89655362146  71.2427
4634.06337658131  74.12219
4634.23019954116  54.44725
4634.39702250102  39.30729
4634.56384546087  42.2058
4634.73066842072  55.26006
4634.89749138058  43.95374
4635.06431434043  62.4291
4635.23113730028  74.72585
4635.39796026013  35.53751
4635.56478321999  44.07621
4635.73160617984  70.28217
4635.89842913969  54.06246
4636.06525209955  62.80992
4636.2320750594  57.866
4636.39889801925  104.6328
4636.56572097911  80.19579
4636.73254393896  12.00481
4636.89936689881  53.31923
4637.06618985866  59.12123
4637.23301281852  77.99528
4637.39983577837  26.75171
4637.56665873822  37.82952
4637.73348169808  32.0148
4637.90030465793  59.0407
4638.06712761778  58.59799
4638.23395057764  40.5889
4638.40077353749  27.93922
4638.56759649734  68.83509
4638.7344194572  87.62746
4638.90124241705  66.32944
4639.0680653769  59.18462
4639.23488833675  46.99176
4639.40171129661  49.89982
4639.56853425646  45.8264
4639.73535721632  68.0758
4639.90218017617  65.6498
4640.06900313602  70.1405
4640.23582609587  69.42088
4640.40264905573  47.61609
4640.56947201558  71.09249
4640.73629497543  73.84377
4640.90311793529  48.76525
4641.06994089514  34.23981
4641.23676385499  43.32492
4641.40358681484  41.76212
4641.5704097747  46.86872
4641.73723273455  37.95793
4641.9040556944  69.20509
4642.07087865426  62.18255
4642.23770161411  33.92852
4642.40452457396  77.83519
4642.57134753382  94.9164
4642.73817049367  65.60046
4642.90499345352  67.81606
4643.07181641338  58.43114
4643.23863937323  44.17492
4643.40546233308  58.61024
4643.57228529294  77.06952
4643.73910825279  102.7127
4643.90593121264  81.31529
4644.07275417249  51.83256
4644.23957713235  44.49131
4644.4064000922  35.95332
4644.57322305205  69.9995
4644.74004601191  66.3057
4644.90686897176  54.23746
4645.07369193161  56.83974
4645.24051489147  35.19205
4645.40733785132  54.73483
4645.57416081117  78.43721
4645.74098377102  72.15695
4645.90780673088  68.91945
4646.07462969073  55.54725
4646.24145265058  47.16576
4646.40827561044  67.07052
4646.57509857029  70.32604
4646.74192153014  68.18313
4646.90874449  70.84913
4647.07556744985  53.10346
4647.2423904097  28.13694
4647.40921336956  71.27861
4647.57603632941  61.85256
4647.74285928926  49.92449
4647.90968224911  48.19307
4648.07650520897  37.36225
4648.24332816882  24.69072
4648.41015112867  23.91629
4648.57697408853  39.33958
4648.74379704838  70.55763
4648.91062000823  121.0935
4649.07744296809  116.1693
4649.24426592794  74.53464
4649.41108888779  14.14858
4649.57791184765  22.95215
4649.7447348075  63.39224
4649.91155776735  53.95795
4650.0783807272  55.69197
4650.24520368706  63.77654
4650.41202664691  60.98943
4650.57884960676  61.9473
4650.74567256662  38.07127
4650.91249552647  49.9253
4651.07931848632  76.48948
4651.24614144618  55.49035
4651.41296440603  55.28327
4651.57978736588  59.39062
4651.74661032574  55.92363
4651.91343328559  52.87406
4652.08025624544  80.5518
4652.24707920529  60.55128
4652.41390216515  45.09809
4652.580725125  41.8694
4652.74754808485  46.4146
4652.91437104471  40.85059
4653.08119400456  37.78686
4653.24801696441  30.88047
4653.41483992426  13.15588
4653.58166288412  40.68249
4653.74848584397  67.07355
4653.91530880383  37.4803
4654.08213176368  75.56757
4654.24895472353  85.02199
4654.41577768338  68.18886
4654.58260064324  48.6013
4654.74942360309  33.19524
4654.91624656294  79.15263
4655.0830695228  70.32601
4655.24989248265  58.88134
4655.4167154425  76.0662
4655.58353840236  62.16011
4655.75036136221  66.99284
4655.91718432206  67.35503
4656.08400728192  72.77505
4656.25083024177  60.8872
4656.41765320162  59.60299
4656.58447616147  68.71244
4656.75129912133  66.17499
4656.91812208118  48.90767
4657.08494504103  56.00521
4657.25176800089  73.80032
4657.41859096074  60.30767
4657.58541392059  77.46098
4657.75223688045  69.73994
4657.9190598403  7.211871
4658.08588280015  59.25998
4658.25270576001  70.37032
4658.41952871986  60.13875
4658.58635167971  65.445
4658.75317463956  64.48327
4658.91999759942  55.55067
4659.08682055927  54.60086
4659.25364351912  58.05673
4659.42046647898  50.86485
4659.58728943883  58.32516
4659.75411239868  53.19191
4659.92093535854  61.20306
4660.08775831839  64.58113
4660.25458127824  78.59017
4660.42140423809  46.49249
4660.58822719795  56.05557
4660.7550501578  88.24281
4660.92187311765  103.1252
4661.08869607751  70.94984
4661.25551903736  62.46149
4661.42234199721  31.70974
4661.58916495707  26.70914
4661.75598791692  34.90433
4661.92281087677  43.50787
4662.08963383662  69.68131
4662.25645679648  58.41586
4662.42327975633  47.50846
4662.59010271618  51.03853
4662.75692567604  56.85422
4662.92374863589  87.23624
4663.09057159574  46.90414
4663.2573945556  85.41091
4663.42421751545  71.41902
4663.5910404753  37.17713
4663.75786343516  52.68971
4663.92468639501  66.39155
4664.09150935486  68.73967
4664.25833231471  33.29853
4664.42515527457  23.39581
4664.59197823442  59.91906
4664.75880119427  56.79495
4664.92562415413  53.88062
4665.09244711398  23.88243
4665.25927007383  33.89524
4665.42609303369  63.946
4665.59291599354  57.3266
4665.75973895339  46.66381
4665.92656191325  72.83395
4666.0933848731  95.44751
4666.26020783295  82.38745
4666.42703079281  73.01582
4666.59385375266  88.67904
4666.76067671251  78.32457
4666.92749967236  60.77866
4667.09432263222  80.81953
4667.26114559207  58.18587
4667.42796855192  62.39027
4667.59479151178  68.79524
4667.76161447163  60.97197
4667.92843743148  68.32652
4668.09526039134  71.65696
4668.26208335119  56.84899
4668.42890631104  51.1725
4668.5957292709  54.30851
4668.76255223075  82.08923
4668.9293751906  78.46287
4669.09619815045  43.28056
4669.26302111031  55.2437
4669.42984407016  78.52972
4669.59666703001  53.47863
4669.76348998987  59.00898
4669.93031294972  33.25475
4670.09713590957  33.82692
4670.26395886943  66.01948
4670.43078182928  57.10941
4670.59760478913  69.95855
4670.76442774898  30.87179
4670.93125070884  74.43683
4671.09807366869  43.03303
4671.26489662854  36.86589
4671.4317195884  81.41307
4671.59854254825  67.41171
4671.7653655081  84.98729
4671.93218846796  38.20897
4672.09901142781  59.06566
4672.26583438766  78.85422
4672.43265734752  39.0121
4672.59948030737  68.04939
4672.76630326722  88.63853
4672.93312622707  54.4745
4673.09994918693  61.06446
4673.26677214678  49.5892
4673.43359510663  67.19199
4673.60041806649  85.64137
4673.76724102634  40.99335
4673.93406398619  24.23535
4674.10088694605  42.15761
4674.2677099059  35.48832
4674.43453286575  29.8336
4674.60135582561  54.54792
4674.76817878546  72.54018
4674.93500174531  60.32832
4675.10182470516  64.7056
4675.26864766502  50.31119
4675.43547062487  50.14705
4675.60229358472  71.07088
4675.76911654458  35.99254
4675.93593950443  83.41826
4676.10276246428  91.05002
4676.26958542414  78.42954
4676.43640838399  95.28954
4676.60323134384  78.22477
4676.7700543037  40.33251
4676.93687726355  65.98454
4677.1037002234  75.53799
4677.27052318326  58.47669
4677.43734614311  66.34421
4677.60416910296  99.57374
4677.77099206281  77.11865
4677.93781502267  74.00198
4678.10463798252  99.12942
4678.27146094237  101.6338
4678.43828390223  76.19178
4678.60510686208  57.14784
4678.77192982193  52.22906
4678.93875278179  68.73158
4679.10557574164  96.00337
4679.27239870149  87.00642
4679.43922166134  60.8077
4679.6060446212  51.85571
4679.77286758105  98.23682
4679.9396905409  86.37064
4680.10651350076  86.17191
4680.27333646061  58.48796
4680.44015942046  53.57765
4680.60698238032  65.97067
4680.77380534017  72.771
4680.94062830002  59.03033
4681.10745125987  99.27575
4681.27427421973  90.20919
4681.44109717958  95.48312
4681.60792013943  97.79796
4681.77474309929  78.75946
4681.94156605914  65.97665
4682.10838901899  74.69187
4682.27521197885  66.98093
4682.4420349387  54.45225
4682.60885789855  86.24782
4682.77568085841  83.47562
4682.94250381826  65.8766
4683.10932677811  91.57431
4683.27614973797  101.0428
4683.44297269782  68.94716
4683.60979565767  89.24028
4683.77661861752  71.72974
4683.94344157738  44.9367
4684.11026453723  80.05893
4684.27708749708  63.2949
4684.44391045694  56.24153
4684.61073341679  48.39951
4684.77755637664  65.58123
4684.9443793365  93.59688
4685.11120229635  70.12885
4685.2780252562  52.56639
4685.44484821605  49.86922
4685.61167117591  53.74086
4685.77849413576  50.67034
4685.94531709561  61.05434
4686.11214005547  76.1853
4686.27896301532  58.06568
4686.44578597517  78.91965
4686.61260893503  85.43772
4686.77943189488  87.16951
4686.94625485473  93.84826
4687.11307781459  67.2
4687.27990077444  49.08722
4687.44672373429  59.67001
4687.61354669414  68.9773
4687.780369654  58.58643
4687.94719261385  105.2557
4688.1140155737  79.04812
4688.28083853356  34.83981
4688.44766149341  58.78129
4688.61448445326  55.27432
4688.78130741312  40.55544
4688.94813037297  28.90199
4689.11495333282  36.83303
4689.28177629268  60.80464
4689.44859925253  60.84368
4689.61542221238  78.08378
4689.78224517223  77.20031
4689.94906813209  78.64182
4690.11589109194  52.75747
4690.28271405179  52.33444
4690.44953701165  62.88639
4690.6163599715  79.87339
4690.78318293135  62.2196
4690.95000589121  77.35457
4691.11682885106  45.51791
4691.28365181091  32.82063
4691.45047477077  59.22217
4691.61729773062  56.29302
4691.78412069047  55.15837
4691.95094365032  53.55663
4692.11776661018  42.03285
4692.28458957003  75.55338
4692.45141252988  58.42257
4692.61823548974  25.50615
4692.78505844959  50.36496
4692.95188140944  76.75955
4693.1187043693  98.87189
4693.28552732915  79.78908
4693.452350289  40.53838
4693.61917324886  47.01482
4693.78599620871  76.22389
4693.95281916856  58.47074
4694.11964212841  81.26407
4694.28646508827  75.8841
4694.45328804812  56.45456
4694.62011100797  31.35709
4694.78693396783  38.28442
4694.95375692768  32.7394
4695.12057988753  17.89017
4695.28740284739  7.101253
4695.45422580724  42.75018
4695.62104876709  25.77896
4695.78787172695  32.7628
4695.9546946868  50.26465
4696.12151764665  64.90451
4696.2883406065  52.94632
4696.45516356636  51.52427
4696.62198652621  32.33169
4696.78880948606  52.69788
4696.95563244592  33.76009
4697.12245540577  -4.844157
4697.28927836562  9.575829
4697.45610132548  17.64529
4697.62292428533  52.85347
4697.78974724518  37.55407
4697.95657020504  17.13066
4698.12339316489  41.73175
4698.29021612474  48.48026
4698.45703908459  37.99053
4698.62386204445  34.80129
4698.7906850043  73.53265
4698.95750796415  67.77654
4699.12433092401  50.64845
4699.29115388386  48.7193
4699.45797684371  37.40654
4699.62479980357  40.24365
4699.79162276342  45.9066
4699.95844572327  10.24018
4700.12526868313  58.02455
4700.29209164298  32.70501
4700.45891460283  17.491
4700.62573756268  16.34472
4700.79256052254  47.47261
4700.95938348239  53.33166
4701.12620644224  34.84155
4701.2930294021  68.52126
4701.45985236195  65.99037
4701.6266753218  56.31387
4701.79349828166  16.14244
4701.96032124151  33.81994
4702.12714420136  28.69191
4702.29396716122  51.7724
4702.46079012107  5.707098
4702.62761308092  43.66693
4702.79443604077  19.79632
4702.96125900063  19.00815
4703.12808196048  19.49636
4703.29490492033  20.36724
4703.46172788019  30.13029
4703.62855084004  52.45517
4703.79537379989  10.60733
4703.96219675975  33.89791
4704.1290197196  33.34103
4704.29584267945  50.44141
4704.46266563931  28.83216
4704.62948859916  -3.581454
4704.79631155901  8.843564
4704.96313451886  32.28386
4705.12995747872  13.43178
4705.29678043857  59.31549
4705.46360339842  33.00026
4705.63042635828  24.15546
4705.79724931813  38.2952
4705.96407227798  33.34782
4706.13089523784  23.05385
4706.29771819769  40.43891
4706.46454115754  35.86929
4706.6313641174  29.79565
4706.79818707725  45.13674
4706.9650100371  39.6103
4707.13183299695  33.71633
4707.29865595681  16.04536
4707.46547891666  11.99379
4707.63230187651  27.97726
4707.79912483637  49.84983
4707.96594779622  44.80753
4708.13277075607  20.8652
4708.29959371593  50.94262
4708.46641667578  17.43595
4708.63323963563  23.40685
4708.80006259549  9.637983
4708.96688555534  67.67671
4709.13370851519  34.0651
4709.30053147504  48.89245
4709.4673544349  38.2595
4709.63417739475  18.82868
4709.8010003546  17.17817
4709.96782331446  6.02577
4710.13464627431  37.94154
4710.30146923416  44.16189
4710.46829219402  47.7072
4710.63511515387  26.10411
4710.80193811372  25.55008
4710.96876107358  16.88028
4711.13558403343  33.64759
4711.30240699328  15.97522
4711.46922995313  48.6809
4711.63605291299  20.71134
4711.80287587284  33.22432
4711.96969883269  -3.108744
4712.13652179255  0.6568101
4712.3033447524  27.7817
4712.47016771225  23.07921
4712.6369906721  27.04643
4712.80381363196  31.52942
4712.97063659181  26.11364
4713.13745955167  14.61226
4713.30428251152  -1.418278
4713.47110547137  -6.184587
4713.63792843122  25.28636
4713.80475139108  42.25815
4713.97157435093  35.74039
4714.13839731078  23.35784
4714.30522027064  29.78125
4714.47204323049  27.02455
4714.63886619034  9.023842
4714.80568915019  1.529475
4714.97251211005  12.89067
4715.1393350699  29.29918
4715.30615802976  14.61036
4715.47298098961  2.907904
4715.63980394946  12.37429
4715.80662690931  5.468613
4715.97344986917  14.61589
4716.14027282902  24.84708
4716.30709578887  -3.524839
4716.47391874873  28.342
4716.64074170858  2.159536
4716.80756466843  15.18733
4716.97438762829  12.62688
4717.14121058814  20.34935
4717.30803354799  30.1912
4717.47485650785  17.5652
4717.6416794677  2.786053
4717.80850242755  13.70286
4717.9753253874  20.71016
4718.14214834726  19.25103
4718.30897130711  6.043395
4718.47579426696  -3.314173
4718.64261722682  19.73633
4718.80944018667  48.54905
4718.97626314652  4.550824
4719.14308610638  15.40542
4719.30990906623  39.21478
4719.47673202608  24.95899
4719.64355498594  11.78321
4719.81037794579  29.99351
4719.97720090564  17.84839
4720.14402386549  26.90361
4720.31084682535  39.07011
4720.4776697852  20.53218
4720.64449274505  18.71048
4720.81131570491  16.90542
4720.97813866476  9.292352
4721.14496162461  7.375863
4721.31178458446  41.1824
4721.47860754432  55.06572
4721.64543050417  42.97174
4721.81225346402  33.40527
4721.97907642388  28.11025
4722.14589938373  19.52638
4722.31272234358  45.79955
4722.47954530344  39.56134
4722.64636826329  22.15905
4722.81319122314  4.154519
4722.980014183  9.396938
4723.14683714285  6.946804
4723.3136601027  31.25604
4723.48048306255  27.33578
4723.64730602241  42.98129
4723.81412898226  33.93446
4723.98095194212  40.2441
4724.14777490197  -12.93412
4724.31459786182  -8.22848
4724.48142082167  -1.319934
4724.64824378153  0.1444857
4724.81506674138  3.726868
4724.98188970123  20.81724
4725.14871266109  5.979964
4725.31553562094  3.06156
4725.48235858079  10.2796
4725.64918154064  16.81017
4725.8160045005  -17.62981
4725.98282746035  -28.23759
4726.1496504202  -11.91732
4726.31647338006  16.15113
4726.48329633991  11.2515
4726.65011929976  11.32648
4726.81694225962  8.517448
4726.98376521947  17.49504
4727.15058817932  -26.39178
4727.31741113918  12.40775
4727.48423409903  41.46333
4727.65105705888  29.71308
4727.81788001874  -6.280256
4727.98470297859  3.842082
4728.15152593844  6.744102
4728.31834889829  1.667666
4728.48517185815  16.13307
4728.651994818  13.22864
4728.81881777785  14.91896
4728.98564073771  54.30324
4729.15246369756  2.929922
4729.31928665741  -22.4249
4729.48610961727  -5.404671
4729.65293257712  20.55239
4729.81975553697  17.08984
4729.98657849682  27.27887
4730.15340145668  26.982
4730.32022441653  15.74823
4730.48704737638  1.40399
4730.65387033624  51.47129
4730.82069329609  26.67061
4730.98751625594  -8.854526
4731.1543392158  -1.914261
4731.32116217565  21.1737
4731.4879851355  55.39679
4731.65480809536  -2.144068
4731.82163105521  8.845624
4731.98845401506  19.37663
4732.15527697491  -2.117491
4732.32209993477  -6.977632
4732.48892289462  18.88506
4732.65574585447  15.81133
4732.82256881433  1.486699
4732.98939177418  34.92751
4733.15621473403  10.69112
4733.32303769389  -7.979976
4733.48986065374  7.134213
4733.65668361359  10.23728
4733.82350657345  1.517555
4733.9903295333  -4.733509
4734.15715249315  4.764196
4734.323975453  23.63064
4734.49079841286  23.58383
4734.65762137271  11.74162
4734.82444433256  25.34066
4734.99126729242  18.51672
4735.15809025227  14.57886
4735.32491321212  6.618346
4735.49173617198  30.57313
4735.65855913183  -15.42155
4735.82538209168  -29.62028
4735.99220505154  -2.954091
4736.15902801139  -6.538501
4736.32585097124  -6.83496
4736.49267393109  39.91536
4736.65949689095  25.89542
4736.8263198508  -27.64367
4736.99314281065  -31.91915
4737.15996577051  -14.25648
4737.32678873036  -0.8520918
4737.49361169021  -18.14444
4737.66043465007  -8.019057
4737.82725760992  6.427714
4737.99408056977  -15.90879
4738.16090352963  22.38406
4738.32772648948  -1.708385
4738.49454944933  -2.14027
4738.66137240918  14.87286
4738.82819536904  18.09258
4738.99501832889  37.27042
