4569.2386331076  -6.682653
4569.40502047244  11.10762
4569.57140783727  -12.94314
4569.73779520211  -0.6849942
4569.90418256694  16.41158
4570.07056993177  16.89259
4570.23695729661  10.00379
4570.40334466144  -10.22422
4570.56973202628  -9.120728
4570.73611939111  22.01359
4570.90250675595  20.63814
4571.06889412078  4.214176
4571.23528148562  23.13627
4571.40166885045  13.16412
4571.56805621529  14.56049
4571.73444358012  8.406847
4571.90083094496  6.057953
4572.06721830979  2.300306
4572.23360567463  -6.932534
4572.39999303946  -2.566769
4572.5663804043  -13.79057
4572.73276776913  -10.19297
4572.89915513397  7.799231
4573.0655424988  1.400954
4573.23192986363  3.070752
4573.39831722847  5.64959
4573.5647045933  4.219474
4573.73109195814  12.73354
4573.89747932297  0.2629117
4574.06386668781  16.7513
4574.23025405264  34.92636
4574.39664141748  8.070772
4574.56302878231  -11.06976
4574.72941614715  -1.957974
4574.89580351198  1.332658
4575.06219087682  -10.44663
4575.22857824165  2.764846
4575.39496560649  7.089847
4575.56135297132  -11.32892
4575.72774033616  22.2795
4575.89412770099  23.20346
4576.06051506583  14.45533
4576.22690243066  3.414681
4576.3932897955  16.5182
4576.55967716033  23.39721
4576.72606452517  30.66622
4576.89245189  24.20935
4577.05883925483  -0.3904883
4577.22522661967  -8.042933
4577.3916139845  -5.146608
4577.55800134934  -6.443586
4577.72438871417  0.4648611
4577.89077607901  6.356493
4578.05716344384  18.51148
4578.22355080868  33.13071
4578.38993817351  -9.630437
4578.55632553835  -15.15477
4578.72271290318  15.78806
4578.88910026802  -11.28476
4579.05548763285  7.306723
4579.22187499769  8.021781
4579.38826236252  18.72686
4579.55464972736  22.1233
4579.72103709219  4.325643
4579.88742445703  12.62563
4580.05381182186  25.64232
4580.2201991867  29.04845
4580.38658655153  47.11477
4580.55297391636  32.55377
4580.7193612812  -0.4226145
4580.88574864603  10.38387
4581.05213601087  -12.91698
4581.2185233757  0.3183591
4581.38491074054  6.805074
4581.55129810537  19.49788
4581.71768547021  14.30414
4581.88407283504  -4.328897
4582.05046019988  -12.24484
4582.21684756471  4.171415
4582.38323492955  8.269206
4582.54962229438  8.456064
4582.71600965922  28.9632
4582.88239702405  21.73311
4583.04878438889  17.98912
4583.21517175372  7.051488
4583.38155911856  10.67923
4583.54794648339  21.77947
4583.71433384823  7.892499
4583.88072121306  13.0195
4584.0471085779  -16.40177
4584.21349594273  -9.278722
4584.37988330756  -2.795171
4584.5462706724  33.64627
4584.71265803723  31.0607
4584.87904540207  6.28595
4585.0454327669  18.45807
4585.21182013174  -1.539084
4585.37820749657  7.248627
4585.54459486141  18.02198
4585.71098222624  19.62273
4585.87736959108  1.255189
4586.04375695591  -13.41269
4586.21014432075  11.13605
4586.37653168558  13.20484
4586.54291905042  30.63521
4586.70930641525  35.36304
4586.87569378009  23.02181
4587.04208114492  15.03098
4587.20846850976  15.19931
4587.37485587459  20.67487
4587.54124323942  12.05748
4587.70763060426  11.56205
4587.87401796909  33.6932
4588.04040533393  32.7113
4588.20679269876  32.32328
4588.3731800636  3.471591
4588.53956742843  13.20683
4588.70595479327  16.76244
4588.8723421581  15.5516
4589.03872952294  22.62363
4589.20511688777  4.787945
4589.37150425261  21.78693
4589.53789161744  32.55116
4589.70427898228  14.98344
4589.87066634711  18.97818
4590.03705371195  16.61844
4590.20344107678  9.272279
4590.36982844162  21.38846
4590.53621580645  10.54599
4590.70260317129  11.41726
4590.86899053612  24.26422
4591.03537790096  26.27772
4591.20176526579  34.37757
4591.36815263062  55.49419
4591.53453999546  29.06071
4591.70092736029  9.524167
4591.86731472513  8.968772
4592.03370208996  -5.250436
4592.2000894548  5.50985
4592.36647681963  30.17805
4592.53286418447  24.61693
4592.6992515493  4.785486
4592.86563891414  15.60889
4593.03202627897  40.26028
4593.19841364381  33.37528
4593.36480100864  23.00667
4593.53118837348  31.75208
4593.69757573831  25.81946
4593.86396310315  -10.38751
4594.03035046798  21.0501
4594.19673783282  18.39771
4594.36312519765  21.08788
4594.52951256249  26.56865
4594.69589992732  31.39367
4594.86228729215  11.04054
4595.02867465699  5.12695
4595.19506202182  7.430894
4595.36144938666  3.183028
4595.52783675149  7.174048
4595.69422411633  13.33304
4595.86061148116  17.96055
4596.026998846  14.34819
4596.19338621083  11.84385
4596.35977357567  32.70792
4596.5261609405  38.38748
4596.69254830534  22.3451
4596.85893567017  17.3758
4597.02532303501  27.22868
4597.19171039984  40.0874
4597.35809776468  22.59616
4597.52448512951  20.60841
4597.69087249435  11.71056
4597.85725985918  27.08678
4598.02364722402  54.59547
4598.19003458885  57.36176
4598.35642195369  32.24462
4598.52280931852  25.10436
4598.68919668335  35.3213
4598.85558404819  21.84533
4599.02197141303  18.15059
4599.18835877786  13.14374
4599.35474614269  25.49005
4599.52113350753  8.326033
4599.68752087236  19.37226
4599.8539082372  7.488855
4600.02029560203  -3.91376
4600.18668296687  24.47094
4600.3530703317  37.24681
4600.51945769654  17.0634
4600.68584506137  36.37654
4600.85223242621  22.34062
4601.01861979104  5.440253
4601.18500715588  32.6837
4601.35139452071  34.65765
4601.51778188555  16.832
4601.68416925038  17.52033
4601.85055661522  18.44592
4602.01694398005  24.93311
4602.18333134489  25.82942
4602.34971870972  13.60139
4602.51610607455  18.04854
4602.68249343939  17.95341
4602.84888080422  37.64375
4603.01526816906  3.370004
4603.18165553389  8.881455
4603.34804289873  16.92884
4603.51443026356  34.57261
4603.6808176284  22.38519
4603.84720499323  19.60878
4604.01359235807  17.00355
4604.1799797229  36.76407
4604.34636708774  49.51242
4604.51275445257  20.02946
4604.67914181741  0.7801449
4604.84552918224  17.19629
4605.01191654708  37.39676
4605.17830391191  39.7621
4605.34469127675  47.75346
4605.51107864158  35.54056
4605.67746600641  26.94547
4605.84385337125  32.53844
4606.01024073608  45.68349
4606.17662810092  46.62675
4606.34301546575  39.92252
4606.50940283059  28.32393
4606.67579019542  18.86286
4606.84217756026  40.30351
4607.00856492509  65.78391
4607.17495228993  50.25765
4607.34133965476  24.14217
4607.5077270196  20.0166
4607.67411438443  39.49231
4607.84050174927  48.55748
4608.0068891141  17.49768
4608.17327647894  8.667809
4608.33966384377  36.98203
4608.50605120861  15.00116
4608.67243857344  -0.9759144
4608.83882593828  33.16791
4609.00521330311  12.92333
4609.17160066794  21.02823
4609.33798803278  17.45552
4609.50437539762  29.49518
4609.67076276245  53.90123
4609.83715012728  53.17661
4610.00353749212  32.36223
4610.16992485695  9.963951
4610.33631222179  43.67379
4610.50269958662  31.33846
4610.66908695146  17.16025
4610.83547431629  11.52709
4611.00186168113  -6.439878
4611.16824904596  4.98365
4611.3346364108  26.47549
4611.50102377563  15.58004
4611.66741114047  23.63024
4611.8337985053  51.2454
4612.00018587014  35.04314
4612.16657323497  31.92356
4612.33296059981  30.92314
4612.49934796464  30.11478
4612.66573532948  15.7096
4612.83212269431  25.45201
4612.99851005914  12.78104
4613.16489742398  -7.642516
4613.33128478882  32.78727
4613.49767215365  42.12421
4613.66405951848  31.20351
4613.83044688332  27.83643
4613.99683424815  36.87681
4614.16322161299  25.28146
4614.32960897782  23.15224
4614.49599634266  -1.441311
4614.66238370749  11.875
4614.82877107233  45.02279
4614.99515843716  34.89132
4615.161545802  42.27814
4615.32793316683  30.03121
4615.49432053167  1.279595
4615.6607078965  11.56418
4615.82709526134  6.245775
4615.99348262617  33.01238
4616.15986999101  24.90109
4616.32625735584  11.22896
4616.49264472067  11.18301
4616.65903208551  33.5737
4616.82541945034  57.39494
4616.99180681518  28.20847
4617.15819418001  16.13064
4617.32458154485  54.41039
4617.49096890968  32.66793
4617.65735627452  24.08213
4617.82374363935  18.29504
4617.99013100419  41.91445
4618.15651836902  30.88532
4618.32290573386  44.04596
4618.48929309869  54.18553
4618.65568046353  37.34697
4618.82206782836  34.84601
4618.9884551932  45.14457
4619.15484255803  40.25618
4619.32122992287  38.93712
4619.4876172877  42.76874
4619.65400465254  27.79251
4619.82039201737  30.31113
4619.9867793822  34.43037
4620.15316674704  40.1369
4620.31955411187  26.16104
4620.48594147671  16.84867
4620.65232884154  30.6718
4620.81871620638  21.20881
4620.98510357121  2.886706
4621.15149093605  23.42706
4621.31787830088  35.0305
4621.48426566572  41.59901
4621.65065303055  34.5805
4621.81704039539  32.85004
4621.98342776022  28.23201
4622.14981512506  27.00654
4622.31620248989  28.4447
4622.48258985473  18.79685
4622.64897721956  40.13788
4622.8153645844  48.72913
4622.98175194923  57.26546
4623.14813931407  40.15206
4623.3145266789  13.05774
4623.48091404374  31.62718
4623.64730140857  45.86923
4623.81368877341  30.72516
4623.98007613824  18.31478
4624.14646350307  7.425653
4624.31285086791  9.403723
4624.47923823274  12.14492
4624.64562559758  -3.185026
4624.81201296241  32.51199
4624.97840032725  18.47355
4625.14478769208  44.76887
4625.31117505692  12.08886
4625.47756242175  16.00317
4625.64394978659  26.94426
4625.81033715142  38.02332
4625.97672451626  52.56221
4626.14311188109  48.43364
4626.30949924593  41.9451
4626.47588661076  54.78078
4626.6422739756  47.98564
4626.80866134043  42.65063
4626.97504870527  35.78012
4627.1414360701  14.27665
4627.30782343493  21.62483
4627.47421079977  40.44944
4627.64059816461  41.79467
4627.80698552944  42.35342
4627.97337289427  27.42977
4628.13976025911  12.79481
4628.30614762394  30.39378
4628.47253498878  54.98262
4628.63892235361  33.3093
4628.80530971845  20.92659
4628.97169708328  25.78073
4629.13808444812  20.77501
4629.30447181295  53.06726
4629.47085917779  53.08127
4629.63724654262  35.00875
4629.80363390746  26.37336
4629.97002127229  44.29511
4630.13640863713  41.85048
4630.30279600196  18.74591
4630.4691833668  43.78455
4630.63557073163  25.91668
4630.80195809647  31.28968
4630.9683454613  50.44392
4631.13473282613  27.05447
4631.30112019097  10.89966
4631.4675075558  26.56132
4631.63389492064  21.20701
4631.80028228547  31.58737
4631.96666965031  71.91659
4632.13305701514  66.72872
4632.29944437998  35.73797
4632.46583174481  31.62961
4632.63221910965  33.70403
4632.79860647448  22.37677
4632.96499383932  20.73896
4633.13138120415  60.3005
4633.29776856899  67.98405
4633.46415593382  41.69941
4633.63054329866  13.61603
4633.79693066349  26.51262
4633.96331802833  35.53495
4634.12970539316  36.2677
4634.296092758  35.8194
4634.46248012283  28.56636
4634.62886748767  36.48837
4634.7952548525  30.40491
4634.96164221734  19.113
4635.12802958217  27.84092
4635.294416947  35.99639
4635.46080431184  29.89633
4635.62719167667  19.55738
4635.79357904151  25.25481
4635.95996640634  29.71961
4636.12635377118  22.71514
4636.29274113601  46.27048
4636.45912850085  36.84562
4636.62551586568  11.9911
4636.79190323052  43.72269
4636.95829059535  56.98371
4637.12467796019  17.83924
4637.29106532502  6.323833
4637.45745268986  53.87269
4637.62384005469  35.94205
4637.79022741953  32.21768
4637.95661478436  39.45662
4638.1230021492  43.06405
4638.28938951403  30.97425
4638.45577687886  34.7183
4638.6221642437  30.20802
4638.78855160853  28.5416
4638.95493897337  10.95339
4639.1213263382  20.45197
4639.28771370304  31.45831
4639.45410106787  23.35528
4639.62048843271  53.82177
4639.78687579754  59.66671
4639.95326316238  72.34254
4640.11965052721  51.51849
4640.28603789205  29.99818
4640.45242525688  39.23535
4640.61881262172  63.84737
4640.78519998655  69.9836
4640.95158735139  58.91975
4641.11797471622  43.08636
4641.28436208106  21.2035
4641.45074944589  42.63379
4641.61713681072  47.94189
4641.78352417556  39.331
4641.9499115404  41.18496
4642.11629890523  29.15276
4642.28268627007  29.70139
4642.4490736349  44.19252
4642.61546099973  47.13993
4642.78184836457  41.86179
4642.9482357294  38.47738
4643.11462309424  60.8638
4643.28101045907  56.46996
4643.44739782391  21.29537
4643.61378518874  41.5629
4643.78017255358  27.91996
4643.94655991841  35.56261
4644.11294728325  38.85341
4644.27933464808  34.65328
4644.44572201292  59.52892
4644.61210937775  46.07801
4644.77849674259  49.70821
4644.94488410742  36.24773
4645.11127147226  13.80677
4645.27765883709  36.51943
4645.44404620193  36.31122
4645.61043356676  37.19779
4645.77682093159  37.25138
4645.94320829643  37.47561
4646.10959566126  40.36036
4646.2759830261  41.81772
4646.44237039093  34.35188
4646.60875775577  56.80173
4646.7751451206  47.95926
4646.94153248544  44.98159
4647.10791985027  32.80154
4647.27430721511  9.511031
4647.44069457994  34.86668
4647.60708194478  33.85015
4647.77346930961  32.34898
4647.93985667445  41.906
4648.10624403928  44.69158
4648.27263140412  30.98213
4648.43901876895  44.71441
4648.60540613379  64.24884
4648.77179349862  55.31954
4648.93818086346  3.11399
4649.10456822829  21.5785
4649.27095559313  32.67296
4649.43734295796  41.31043
4649.60373032279  32.41274
4649.77011768763  38.16604
4649.93650505246  42.14238
4650.1028924173  33.07217
4650.26927978213  38.54362
4650.43566714697  34.59318
4650.6020545118  47.78063
4650.76844187664  34.87164
4650.93482924147  28.89111
4651.10121660631  45.3322
4651.26760397114  52.09069
4651.43399133598  52.18944
4651.60037870081  47.58152
4651.76676606565  44.22171
4651.93315343048  28.17543
4652.09954079532  42.9339
4652.26592816015  33.57526
4652.43231552499  39.90013
4652.59870288982  10.71707
4652.76509025465  22.38078
4652.93147761949  42.17637
4653.09786498432  47.83971
4653.26425234916  10.11591
4653.43063971399  17.87224
4653.59702707883  55.71108
4653.76341444366  34.65134
4653.9298018085  37.28872
4654.09618917333  61.82209
4654.26257653817  59.06727
4654.428963903  23.14396
4654.59535126784  5.540184
4654.76173863267  9.405146
4654.92812599751  52.86106
4655.09451336234  53.06149
4655.26090072718  50.35004
4655.42728809201  52.37238
4655.59367545685  41.40458
4655.76006282168  44.61
4655.92645018651  49.94012
4656.09283755135  44.69169
4656.25922491619  55.50208
4656.42561228102  40.12873
4656.59199964586  32.01896
4656.75838701069  32.91956
4656.92477437552  34.57232
4657.09116174036  38.61265
4657.25754910519  37.44384
4657.42393647003  51.27102
4657.59032383486  50.64036
4657.7567111997  54.36044
4657.92309856453  44.82201
4658.08948592937  24.95138
4658.2558732942  35.25994
4658.42226065904  41.78189
4658.58864802387  36.13915
4658.75503538871  35.10976
4658.92142275354  54.93477
4659.08781011838  61.25548
4659.25419748321  39.06903
4659.42058484805  42.82383
4659.58697221288  37.91119
4659.75335957772  30.83788
4659.91974694255  36.2139
4660.08613430738  49.85693
4660.25252167222  19.46412
4660.41890903705  32.42849
4660.58529640189  45.52805
4660.75168376672  42.23619
4660.91807113156  38.91398
4661.08445849639  44.03024
4661.25084586123  69.06208
4661.41723322606  41.74492
4661.5836205909  12.301
4661.75000795573  37.67035
4661.91639532057  69.21594
4662.0827826854  52.03088
4662.24917005024  32.92962
4662.41555741507  34.97646
4662.58194477991  32.13295
4662.74833214474  53.04973
4662.91471950958  49.86523
4663.08110687441  23.95309
4663.24749423925  43.97553
4663.41388160408  48.26091
4663.58026896892  42.97912
4663.74665633375  56.65056
4663.91304369858  36.55602
4664.07943106342  32.92928
4664.24581842825  30.1289
4664.41220579309  28.77941
4664.57859315792  49.15092
4664.74498052276  49.28631
4664.91136788759  39.57481
4665.07775525243  29.4173
4665.24414261726  29.52016
4665.4105299821  34.18136
4665.57691734693  27.74947
4665.74330471177  26.42214
4665.9096920766  41.01918
4666.07607944144  50.28092
4666.24246680627  63.81629
4666.40885417111  46.52417
4666.57524153594  17.73618
4666.74162890078  33.56313
4666.90801626561  33.39081
4667.07440363045  49.53704
4667.24079099528  44.42086
4667.40717836012  43.56333
4667.57356572495  24.72095
4667.73995308978  32.78584
4667.90634045462  32.83364
4668.07272781945  26.20289
4668.23911518429  36.76556
4668.40550254912  31.2698
4668.57188991396  23.82758
4668.73827727879  32.47864
4668.90466464363  57.87808
4669.07105200846  42.83471
4669.2374393733  44.85568
4669.40382673813  45.87025
4669.57021410297  32.59363
4669.7366014678  69.6855
4669.90298883264  55.63053
4670.06937619747  37.61122
4670.23576356231  45.1799
4670.40215092714  29.53992
4670.56853829198  23.93278
4670.73492565681  39.78328
4670.90131302165  41.91861
4671.06770038648  22.86287
4671.23408775131  27.86602
4671.40047511615  43.97038
4671.56686248098  40.06865
4671.73324984582  59.82311
4671.89963721065  22.70117
4672.06602457549  58.6437
4672.23241194032  53.12759
4672.39879930516  48.67583
4672.56518666999  50.17117
4672.73157403483  47.3826
4672.89796139966  10.67866
4673.0643487645  36.19013
4673.23073612933  33.36233
4673.39712349417  61.5812
4673.563510859  81.24277
4673.72989822384  42.61045
4673.89628558867  53.40163
4674.06267295351  52.21869
4674.22906031834  39.94944
4674.39544768317  39.09605
4674.56183504801  31.43863
4674.72822241284  37.19101
4674.89460977768  47.82333
4675.06099714251  34.46023
4675.22738450735  46.41189
4675.39377187218  52.09795
4675.56015923702  27.22445
4675.72654660185  34.37195
4675.89293396669  70.60475
4676.05932133152  55.82753
4676.22570869636  19.46864
4676.39209606119  34.14286
4676.55848342603  31.78784
4676.72487079086  39.70173
4676.8912581557  59.08805
4677.05764552053  52.85601
4677.22403288537  28.12824
4677.3904202502  51.9334
4677.55680761504  72.45285
4677.72319497987  57.06101
4677.88958234471  58.04171
4678.05596970954  39.92903
4678.22235707437  56.42727
4678.38874443921  61.01277
4678.55513180404  70.34012
4678.72151916888  53.3077
4678.88790653371  54.69645
4679.05429389855  64.7412
4679.22068126338  61.21987
4679.38706862822  51.50937
4679.55345599305  59.52877
4679.71984335789  55.96842
4679.88623072272  48.93506
4680.05261808756  43.72286
4680.21900545239  25.1116
4680.38539281723  49.62953
4680.55178018206  69.24156
4680.7181675469  62.28138
4680.88455491173  33.29343
4681.05094227657  30.95341
4681.2173296414  26.57409
4681.38371700624  28.40773
4681.55010437107  60.73521
4681.7164917359  44.41443
4681.88287910074  43.67352
4682.04926646557  48.44114
4682.21565383041  35.74162
4682.38204119524  50.02958
4682.54842856008  57.68122
4682.71481592491  34.49361
4682.88120328975  41.73909
4683.04759065458  24.63969
4683.21397801942  27.04559
4683.38036538425  48.38546
4683.54675274909  68.40634
4683.71314011392  51.82904
4683.87952747876  40.84111
4684.04591484359  27.34313
4684.21230220843  44.73526
4684.37868957326  63.78967
4684.5450769381  46.6894
4684.71146430293  28.92055
4684.87785166777  49.66707
4685.0442390326  74.88238
4685.21062639743  64.79092
4685.37701376227  44.85216
4685.5434011271  49.21469
4685.70978849194  64.07995
4685.87617585677  57.43258
4686.04256322161  57.29369
4686.20895058644  26.2469
4686.37533795128  39.57611
4686.54172531611  70.3797
4686.70811268095  44.42721
4686.87450004578  64.58778
4687.04088741062  62.24346
4687.20727477545  67.1226
4687.37366214029  49.29988
4687.54004950512  48.71793
4687.70643686996  53.74383
4687.87282423479  44.10398
4688.03921159963  58.18471
4688.20559896446  49.37894
4688.3719863293  32.52132
4688.53837369413  28.09775
4688.70476105896  69.82732
4688.8711484238  56.72729
4689.03753578864  59.03648
4689.20392315347  67.16008
4689.3703105183  31.94124
4689.53669788314  46.34689
4689.70308524797  40.19839
4689.86947261281  41.15153
4690.03585997764  68.36517
4690.20224734248  40.91202
4690.36863470731  30.30555
4690.53502207215  43.93083
4690.70140943698  39.54361
4690.86779680182  40.18342
4691.03418416665  51.83458
4691.20057153149  15.56517
4691.36695889632  27.52626
4691.53334626116  31.57493
4691.69973362599  52.84873
4691.86612099083  28.60055
4692.03250835566  46.19129
4692.1988957205  50.01543
4692.36528308533  46.29065
4692.53167045016  30.11185
4692.698057815  37.6741
4692.86444517983  40.86226
4693.03083254467  16.50552
4693.1972199095  14.1238
4693.36360727434  49.49357
4693.52999463917  62.47662
4693.69638200401  61.92816
4693.86276936884  55.13947
4694.02915673368  16.75156
4694.19554409851  26.63394
4694.36193146335  46.13903
4694.52831882818  46.27956
4694.69470619302  28.2646
4694.86109355785  57.33054
4695.02748092269  74.34834
4695.19386828752  48.8406
4695.36025565236  44.54235
4695.52664301719  23.51087
4695.69303038203  20.38463
4695.85941774686  44.67176
4696.0258051117  68.36349
4696.19219247653  45.65266
4696.35857984137  37.10778
4696.5249672062  57.28257
4696.69135457103  37.08496
4696.85774193587  53.21096
4697.0241293007  42.47562
4697.19051666554  52.40633
4697.35690403037  30.52722
4697.52329139521  33.71769
4697.68967876004  9.249539
4697.85606612488  31.29317
4698.02245348971  33.66468
4698.18884085455  54.63133
4698.35522821938  45.70295
4698.52161558422  9.971371
4698.68800294905  47.21358
4698.85439031389  24.6851
4699.02077767872  29.19695
4699.18716504356  31.69796
4699.35355240839  26.69835
4699.51993977323  25.78103
4699.68632713806  19.75302
4699.85271450289  41.80314
4700.01910186773  33.44424
4700.18548923257  3.160259
4700.3518765974  20.28579
4700.51826396223  39.2588
4700.68465132707  28.86535
4700.8510386919  46.36134
4701.01742605674  44.05251
4701.18381342157  22.3539
4701.35020078641  21.81876
4701.51658815124  25.84089
4701.68297551608  5.568528
4701.84936288091  30.59633
4702.01575024575  59.01367
4702.18213761058  42.42153
4702.34852497542  33.14367
4702.51491234025  34.53526
4702.68129970509  19.09906
4702.84768706992  24.01304
4703.01407443476  24.53972
4703.18046179959  37.14955
4703.34684916443  26.12216
4703.51323652926  26.01819
4703.67962389409  8.607619
4703.84601125893  14.6988
4704.01239862376  18.94955
4704.1787859886  8.225554
4704.34517335343  19.84935
4704.51156071827  -5.538433
4704.6779480831  31.30715
4704.84433544794  28.74524
4705.01072281277  23.28647
4705.17711017761  2.115134
4705.34349754244  27.43364
4705.50988490728  3.775563
4705.67627227211  17.4012
4705.84265963695  8.54895
4706.00904700178  -1.174985
4706.17543436662  6.994368
4706.34182173145  21.40297
4706.50820909629  16.11859
4706.67459646112  9.977647
4706.84098382595  12.9206
4707.00737119079  17.82261
4707.17375855562  9.706548
4707.34014592046  55.43324
4707.50653328529  35.73244
4707.67292065013  16.19786
4707.83930801496  -2.523237
4708.0056953798  34.28395
4708.17208274463  25.27749
4708.33847010947  6.750812
4708.5048574743  16.42472
4708.67124483914  12.99326
4708.83763220397  12.65994
4709.00401956881  14.1837
4709.17040693364  20.40003
4709.33679429848  6.773146
4709.50318166331  42.71481
4709.66956902815  28.39243
4709.83595639298  29.9834
4710.00234375782  38.58296
4710.16873112265  4.084278
4710.33511848749  15.23008
4710.50150585232  7.842505
4710.66789321716  21.66973
4710.83428058199  36.50671
4711.00066794682  18.44098
4711.16705531166  21.10657
4711.33344267649  8.815247
4711.49983004133  14.62625
4711.66621740616  25.68221
4711.832604771  -3.909144
4711.99899213583  9.405817
4712.16537950067  25.73975
4712.3317668655  3.672778
4712.49815423034  5.667482
4712.66454159517  -2.255615
4712.83092896001  15.27413
4712.99731632484  28.17813
4713.16370368968  5.557178
4713.33009105451  12.5328
4713.49647841935  11.91134
4713.66286578418  23.13651
4713.82925314902  -3.589367
4713.99564051385  4.92205
4714.16202787868  3.669187
4714.32841524352  1.625448
4714.49480260835  -11.91655
4714.66118997319  8.650566
4714.82757733802  22.49006
4714.99396470286  14.98348
4715.16035206769  41.99753
4715.32673943253  22.73783
4715.49312679736  24.55698
4715.6595141622  21.99991
4715.82590152703  4.199748
4715.99228889187  25.23316
4716.1586762567  14.40414
4716.32506362154  -0.7737899
4716.49145098637  26.88236
4716.65783835121  36.19302
4716.82422571604  30.46783
4716.99061308088  -18.76204
4717.15700044571  1.287576
4717.32338781055  22.02518
4717.48977517538  24.36269
4717.65616254022  22.84842
4717.82254990505  20.83837
4717.98893726988  26.05724
4718.15532463472  2.604097
4718.32171199955  23.7366
4718.48809936439  18.08633
4718.65448672922  2.356698
4718.82087409406  23.62194
4718.98726145889  6.89957
4719.15364882373  21.37715
4719.32003618856  26.37826
4719.4864235534  18.37344
4719.65281091823  12.1292
4719.81919828307  28.32558
4719.9855856479  14.48788
4720.15197301274  -4.014117
4720.31836037757  26.73818
4720.48474774241  24.34603
4720.65113510724  15.16584
4720.81752247208  -2.197153
4720.98390983691  16.63518
4721.15029720174  2.844029
4721.31668456658  27.3024
4721.48307193141  23.85953
4721.64945929625  30.06707
4721.81584666109  14.10614
4721.98223402592  20.58839
4722.14862139075  15.32152
4722.31500875559  21.94705
4722.48139612042  15.04325
4722.64778348526  25.09146
4722.81417085009  26.79116
4722.98055821493  -7.10857
4723.14694557976  12.17475
4723.3133329446  -1.34488
4723.47972030943  7.722652
4723.64610767427  43.67382
4723.8124950391  13.28105
4723.97888240394  1.275927
4724.14526976877  8.50362
4724.31165713361  -15.41963
4724.47804449844  -2.467712
4724.64443186328  16.62007
4724.81081922811  16.1511
4724.97720659295  34.15998
4725.14359395778  30.43366
4725.30998132261  -15.78669
4725.47636868745  39.49115
4725.64275605228  9.218048
4725.80914341712  24.8416
4725.97553078195  5.90609
4726.14191814679  8.77933
4726.30830551162  23.23516
4726.47469287646  3.573286
4726.64108024129  20.85922
4726.80746760613  35.39017
4726.97385497096  21.8003
4727.1402423358  7.233438
4727.30662970063  17.28788
4727.47301706547  16.85332
4727.6394044303  7.327589
4727.80579179514  31.78895
4727.97217915997  2.575496
4728.13856652481  -9.819551
4728.30495388964  5.315593
4728.47134125447  16.89509
4728.63772861931  7.157999
4728.80411598415  31.18771
4728.97050334898  46.48731
4729.13689071382  13.86897
4729.30327807865  26.05094
4729.46966544348  16.49619
4729.63605280832  22.86228
4729.80244017315  10.3576
4729.96882753799  16.53185
4730.13521490282  19.07481
4730.30160226766  11.80891
4730.46798963249  0.8600892
4730.63437699733  12.38482
4730.80076436216  -10.28157
4730.967151727  -2.648017
4731.13353909183  10.19063
4731.29992645667  8.300237
4731.4663138215  -7.068012
4731.63270118634  -1.906209
4731.79908855117  3.243201
4731.96547591601  -5.169755
4732.13186328084  16.10487
4732.29825064568  9.874666
4732.46463801051  15.51951
4732.63102537535  11.09091
4732.79741274018  10.26779
4732.96380010501  26.97597
4733.13018746985  9.572429
4733.29657483468  15.63052
4733.46296219952  2.17836
4733.62934956435  -11.9629
4733.79573692919  0.143145
4733.96212429402  18.63803
4734.12851165886  26.30418
4734.29489902369  -2.700293
4734.46128638853  38.30869
4734.62767375336  -12.62977
4734.7940611182  4.60699
4734.96044848303  17.01936
4735.12683584787  3.069773
4735.2932232127  -24.3049
4735.45961057753  -4.13805
4735.62599794237  31.55795
4735.7923853072  -20.19724
4735.95877267204  -15.24245
4736.12516003688  7.46192
4736.29154740171  5.094136
4736.45793476654  11.54784
4736.62432213138  13.45218
4736.79070949621  9.258559
4736.95709686105  16.81512
4737.12348422588  0.8915392
4737.28987159072  15.50027
4737.45625895555  1.091424
4737.62264632039  -1.083465
4737.78903368522  11.07913
4737.95542105006  14.4766
4738.12180841489  0.554285
4738.28819577973  -6.316536
4738.45458314456  -5.433241
4738.6209705094  -2.36163
4738.78735787423  -14.22005
4738.95374523907  11.87967
4739.1201326039  22.70145
4739.28651996874  0.116792
4739.45290733357  15.70132
