4569.2702090343  -7.125674
4569.43658782641  45.5919
4569.60296661852  22.91137
4569.76934541063  -16.31605
4569.93572420273  -42.77559
4570.10210299484  32.65908
4570.26848178695  77.39101
4570.43486057906  15.20914
4570.60123937117  8.465117
4570.76761816328  25.0996
4570.93399695539  3.677382
4571.1003757475  31.62575
4571.2667545396  -6.856718
4571.43313333171  -0.08464818
4571.59951212382  -0.8431108
4571.76589091593  16.58428
4571.93226970804  35.44108
4572.09864850015  13.0748
4572.26502729226  1.898965
4572.43140608437  20.51751
4572.59778487647  5.890992
4572.76416366858  31.56618
4572.93054246069  9.069396
4573.0969212528  -68.74892
4573.26330004491  -1.747883
4573.42967883702  41.15599
4573.59605762913  -3.846889
4573.76243642124  4.231998
4573.92881521334  36.0337
4574.09519400545  18.57648
4574.26157279756  12.15914
4574.42795158967  -4.841085
4574.59433038178  -14.75778
4574.76070917389  30.20079
4574.927087966  13.23167
4575.09346675811  8.786673
4575.25984555021  6.415919
4575.42622434232  -40.42773
4575.59260313443  13.7296
4575.75898192654  49.60133
4575.92536071865  27.74224
4576.09173951076  35.0112
4576.25811830287  22.98818
4576.42449709497  -8.81534
4576.59087588708  41.591
4576.75725467919  17.82263
4576.9236334713  44.27578
4577.09001226341  50.61741
4577.25639105552  22.61369
4577.42276984763  23.02825
4577.58914863974  36.14874
4577.75552743184  18.7257
4577.92190622395  5.289748
4578.08828501606  52.19282
4578.25466380817  38.63089
4578.42104260028  39.43254
4578.58742139239  116.1196
4578.7538001845  46.05335
4578.92017897661  -18.91692
4579.08655776871  39.89137
4579.25293656082  6.457451
4579.41931535293  37.08692
4579.58569414504  33.37359
4579.75207293715  -2.598904
4579.91845172926  28.75027
4580.08483052137  53.05202
4580.25120931348  39.81377
4580.41758810558  28.3972
4580.58396689769  44.06866
4580.7503456898  -6.588913
4580.91672448191  -6.211255
4581.08310327402  91.84648
4581.24948206613  62.78062
4581.41586085824  0.7108958
4581.58223965035  -10.07069
4581.74861844245  -33.03323
4581.91499723456  56.42694
4582.08137602667  62.3411
4582.24775481878  28.30109
4582.41413361089  89.55884
4582.580512403  67.26337
4582.74689119511  4.378851
4582.91326998721  18.10016
4583.07964877932  12.37821
4583.24602757143  27.11803
4583.41240636354  10.64012
4583.57878515565  33.18897
4583.74516394776  -4.077638
4583.91154273987  108.7334
4584.07792153198  34.78456
4584.24430032409  26.30301
4584.41067911619  54.74681
4584.5770579083  36.67729
4584.74343670041  -14.61134
4584.90981549252  -20.36907
4585.07619428463  40.5473
4585.24257307674  75.45978
4585.40895186885  82.61068
4585.57533066095  4.356463
4585.74170945306  -7.561088
4585.90808824517  32.78003
4586.07446703728  16.02459
4586.24084582939  16.50679
4586.4072246215  31.38319
4586.57360341361  69.55522
4586.73998220572  22.85788
4586.90636099782  25.21949
4587.07273978993  36.02406
4587.23911858204  93.41399
4587.40549737415  69.4949
4587.57187616626  -5.613911
4587.73825495837  46.4953
4587.90463375048  52.58448
4588.07101254259  63.80529
4588.23739133469  58.63877
4588.4037701268  23.24097
4588.57014891891  -3.944014
4588.73652771102  42.24163
4588.90290650313  34.25923
4589.06928529524  74.62846
4589.23566408735  89.39733
4589.40204287945  43.23765
4589.56842167156  34.64119
4589.73480046367  21.39338
4589.90117925578  0.4981238
4590.06755804789  8.409266
4590.23393684  3.650357
4590.40031563211  -0.1384599
4590.56669442422  -4.835864
4590.73307321632  -19.81005
4590.89945200843  22.10401
4591.06583080054  9.149359
4591.23220959265  38.56476
4591.39858838476  31.18968
4591.56496717687  39.03031
4591.73134596898  7.628189
4591.89772476109  37.13393
4592.06410355319  -8.597106
4592.2304823453  35.13427
4592.39686113741  49.60229
4592.56323992952  5.392946
4592.72961872163  12.33953
4592.89599751374  48.18286
4593.06237630585  57.935
4593.22875509796  35.60758
4593.39513389006  46.32944
4593.56151268217  -5.605898
4593.72789147428  31.65585
4593.89427026639  87.60915
4594.0606490585  85.38593
4594.22702785061  102.5793
4594.39340664272  52.04361
4594.55978543483  34.48488
4594.72616422693  9.76964
4594.89254301904  61.52215
4595.05892181115  24.16373
4595.22530060326  -7.101235
4595.39167939537  51.69281
4595.55805818748  29.3043
4595.72443697959  1.950818
4595.89081577169  44.62107
4596.0571945638  51.1757
4596.22357335591  57.39212
4596.38995214802  60.99924
4596.55633094013  94.88176
4596.72270973224  49.07575
4596.88908852435  68.34842
4597.05546731646  47.55446
4597.22184610857  71.65469
4597.38822490067  54.17269
4597.55460369278  88.58585
4597.72098248489  27.01602
4597.887361277  32.85477
4598.05374006911  61.67286
4598.22011886122  47.36557
4598.38649765333  51.22095
4598.55287644543  34.08029
4598.71925523754  37.41771
4598.88563402965  45.20129
4599.05201282176  4.092787
4599.21839161387  28.08602
4599.38477040598  46.24983
4599.55114919809  33.19531
4599.7175279902  17.47558
4599.8839067823  70.05311
4600.05028557441  56.8126
4600.21666436652  47.39869
4600.38304315863  46.79588
4600.54942195074  29.21076
4600.71580074285  -24.844
4600.88217953496  44.03617
4601.04855832707  100.2879
4601.21493711917  49.43123
4601.38131591128  3.900439
4601.54769470339  46.67897
4601.7140734955  60.76097
4601.88045228761  -26.40758
4602.04683107972  2.092249
4602.21320987183  65.80301
4602.37958866394  51.48237
4602.54596745604  83.18055
4602.71234624815  82.61902
4602.87872504026  34.6509
4603.04510383237  52.43645
4603.21148262448  67.5835
4603.37786141659  35.31953
4603.5442402087  32.35291
4603.71061900081  27.18106
4603.87699779291  26.78725
4604.04337658502  88.35869
4604.20975537713  107.6205
4604.37613416924  71.35819
4604.54251296135  43.18324
4604.70889175346  56.14243
4604.87527054557  82.7492
4605.04164933768  59.1034
4605.20802812978  57.04726
4605.37440692189  75.83868
4605.540785714  67.43938
4605.70716450611  68.32778
4605.87354329822  55.69254
4606.03992209033  90.63534
4606.20630088244  90.14455
4606.37267967454  86.30736
4606.53905846665  38.26968
4606.70543725876  7.036378
4606.87181605087  76.76585
4607.03819484298  99.71787
4607.20457363509  131.7405
4607.3709524272  81.4958
4607.53733121931  88.5594
4607.70371001141  96.67499
4607.87008880352  67.7486
4608.03646759563  65.18278
4608.20284638774  19.12696
4608.36922517985  43.16535
4608.53560397196  50.43919
4608.70198276407  40.86708
4608.86836155617  107.9973
4609.03474034828  51.9459
4609.20111914039  16.81426
4609.3674979325  54.56446
4609.53387672461  34.87749
4609.70025551672  53.29416
4609.86663430883  49.28891
4610.03301310094  40.67926
4610.19939189305  77.16537
4610.36577068515  47.08244
4610.53214947726  98.70955
4610.69852826937  48.63503
4610.86490706148  37.32257
4611.03128585359  33.79862
4611.1976646457  61.60918
4611.36404343781  92.18891
4611.53042222991  25.55984
4611.69680102202  39.4674
4611.86317981413  67.10297
4612.02955860624  48.7594
4612.19593739835  51.67753
4612.36231619046  72.30653
4612.52869498257  79.41334
4612.69507377468  48.74195
4612.86145256678  49.38956
4613.02783135889  74.53773
4613.194210151  57.97781
4613.36058894311  33.94117
4613.52696773522  22.69795
4613.69334652733  80.73818
4613.85972531944  73.77283
4614.02610411155  28.87444
4614.19248290365  37.17772
4614.35886169576  71.18247
4614.52524048787  62.55803
4614.69161927998  48.69076
4614.85799807209  98.25973
4615.0243768642  127.2909
4615.19075565631  103.0239
4615.35713444841  55.37386
4615.52351324052  53.46106
4615.68989203263  66.35873
4615.85627082474  7.537416
4616.02264961685  33.97485
4616.18902840896  14.09791
4616.35540720107  100.143
4616.52178599318  22.17605
4616.68816478529  31.51727
4616.85454357739  124.3237
4617.0209223695  107.3121
4617.18730116161  92.67947
4617.35367995372  48.62926
4617.52005874583  65.83335
4617.68643753794  -11.2011
4617.85281633005  43.07301
4618.01919512215  135.5207
4618.18557391426  124.2178
4618.35195270637  102.8035
4618.51833149848  25.49838
4618.68471029059  -24.66451
4618.8510890827  74.03585
4619.01746787481  113.9254
4619.18384666692  27.13097
4619.35022545902  42.59504
4619.51660425113  89.25859
4619.68298304324  56.71137
4619.84936183535  54.01776
4620.01574062746  18.82094
4620.18211941957  52.94759
4620.34849821168  127.2195
4620.51487700379  86.75946
4620.68125579589  101.8289
4620.847634588  129.2525
4621.01401338011  94.28711
4621.18039217222  101.1085
4621.34677096433  95.11089
4621.51314975644  76.31437
4621.67952854855  80.70374
4621.84590734066  129.1618
4622.01228613276  81.60461
4622.17866492487  51.66751
4622.34504371698  59.62408
4622.51142250909  83.47254
4622.6778013012  86.80338
4622.84418009331  75.25907
4623.01055888542  8.731317
4623.17693767753  -24.35554
4623.34331646963  65.72642
4623.50969526174  113.8005
4623.67607405385  100.0987
4623.84245284596  98.59779
4624.00883163807  46.22919
4624.17521043018  25.35496
4624.34158922229  45.5457
4624.5079680144  49.39521
4624.6743468065  72.40899
4624.84072559861  21.2642
4625.00710439072  46.97039
4625.17348318283  53.49184
4625.33986197494  30.01284
4625.50624076705  10.20602
4625.67261955916  38.84428
4625.83899835127  65.30511
4626.00537714337  69.14858
4626.17175593548  53.42783
4626.33813472759  142.9756
4626.5045135197  84.57502
4626.67089231181  16.11037
4626.83727110392  55.5149
4627.00364989603  30.25924
4627.17002868813  18.96473
4627.33640748024  53.10989
4627.50278627235  45.58176
4627.66916506446  23.30314
4627.83554385657  48.38812
4628.00192264868  102.3559
4628.16830144079  118.1603
4628.3346802329  113.0614
4628.501059025  119.0443
4628.66743781711  123.7057
4628.83381660922  56.27584
4629.00019540133  -0.3824579
4629.16657419344  72.55452
4629.33295298555  119.3897
4629.49933177766  48.09286
4629.66571056976  13.92214
4629.83208936187  114.4165
4629.99846815398  91.81774
4630.16484694609  64.93964
4630.3312257382  70.64868
4630.49760453031  106.9705
4630.66398332242  100.0981
4630.83036211453  55.93405
4630.99674090663  60.82074
4631.16311969874  124.7718
4631.32949849085  95.42807
4631.49587728296  79.37251
4631.66225607507  57.03791
4631.82863486718  87.08169
4631.99501365929  75.2285
4632.1613924514  98.45736
4632.3277712435  89.74654
4632.49415003561  18.49228
4632.66052882772  47.82928
4632.82690761983  112.614
4632.99328641194  117.8577
4633.15966520405  108.353
4633.32604399616  49.05535
4633.49242278827  58.39396
4633.65880158037  127.5989
4633.82518037248  93.88969
4633.99155916459  97.26987
4634.1579379567  103.2286
4634.32431674881  104.9773
4634.49069554092  89.39162
4634.65707433303  44.52182
4634.82345312513  72.12273
4634.98983191724  78.41415
4635.15621070935  64.98762
4635.32258950146  91.43625
4635.48896829357  108.3811
4635.65534708568  76.0472
4635.82172587779  55.85313
4635.9881046699  79.15634
4636.15448346201  113.0841
4636.32086225411  106.9764
4636.48724104622  56.90391
4636.65361983833  19.7149
4636.81999863044  105.5713
4636.98637742255  120.1232
4637.15275621466  171.7222
4637.31913500677  44.1845
4637.48551379888  46.72054
4637.65189259098  71.16534
4637.81827138309  119.5428
4637.9846501752  118.9659
4638.15102896731  110.0648
4638.31740775942  82.66085
4638.48378655153  55.70382
4638.65016534364  56.52982
4638.81654413574  102.0433
4638.98292292785  81.40722
4639.14930171996  73.04628
4639.31568051207  63.12349
4639.48205930418  125.9376
4639.64843809629  125.6241
4639.8148168884  103.7775
4639.98119568051  134.7355
4640.14757447262  91.37844
4640.31395326472  69.28649
4640.48033205683  92.91952
4640.64671084894  111.5411
4640.81308964105  126.0684
4640.97946843316  159.8777
4641.14584722527  117.1268
4641.31222601738  101.6238
4641.47860480948  83.37817
4641.64498360159  65.80296
4641.8113623937  47.56639
4641.97774118581  90.49012
4642.14411997792  76.84184
4642.31049877003  75.34238
4642.47687756214  107.8895
4642.64325635425  77.65953
4642.80963514635  86.87374
4642.97601393846  85.83779
4643.14239273057  95.1498
4643.30877152268  50.09541
4643.47515031479  69.31966
4643.6415291069  122.1383
4643.80790789901  100.0933
4643.97428669112  68.72391
4644.14066548323  92.98896
4644.30704427533  156.265
4644.47342306744  75.9132
4644.63980185955  56.65432
4644.80618065166  120.7213
4644.97255944377  129.027
4645.13893823588  97.76292
4645.30531702799  88.94393
4645.47169582009  81.06592
4645.6380746122  99.88553
4645.80445340431  125.1412
4645.97083219642  96.84163
4646.13721098853  22.546
4646.30358978064  67.62693
4646.46996857275  167.3567
4646.63634736485  204.2819
4646.80272615696  159.9587
4646.96910494907  166.3079
4647.13548374118  115.4697
4647.30186253329  131.864
4647.4682413254  68.69321
4647.63462011751  70.49691
4647.80099890962  66.65655
4647.96737770172  20.60355
4648.13375649383  118.769
4648.30013528594  80.95348
4648.46651407805  97.97775
4648.63289287016  150.5983
4648.79927166227  152.7632
4648.96565045438  81.48595
4649.13202924649  88.96606
4649.29840803859  129.7994
4649.4647868307  102.6974
4649.63116562281  120.4627
4649.79754441492  93.81454
4649.96392320703  76.0012
4650.13030199914  80.07217
4650.29668079125  115.022
4650.46305958335  85.79392
4650.62943837546  78.22552
4650.79581716757  48.48936
4650.96219595968  104.6452
4651.12857475179  176.2862
4651.2949535439  142.8616
4651.46133233601  113.6356
4651.62771112812  94.97556
4651.79408992022  107.5199
4651.96046871233  71.5454
4652.12684750444  92.99969
4652.29322629655  59.2966
4652.45960508866  71.20436
4652.62598388077  106.5263
4652.79236267288  81.22874
4652.95874146499  125.1252
4653.12512025709  113.1504
4653.2914990492  66.55054
4653.45787784131  111.8716
4653.62425663342  89.21466
4653.79063542553  61.83347
4653.95701421764  91.4369
4654.12339300975  143.9923
4654.28977180186  49.81263
4654.45615059396  39.29378
4654.62252938607  82.41566
4654.78890817818  97.63581
4654.95528697029  107.7838
4655.1216657624  124.2376
4655.28804455451  103.7112
4655.45442334662  131.5441
4655.62080213873  59.53011
4655.78718093083  93.16971
4655.95355972294  139.2513
4656.11993851505  172.0516
4656.28631730716  151.137
4656.45269609927  107.5125
4656.61907489138  80.86979
4656.78545368349  86.66773
4656.9518324756  109.9789
4657.1182112677  57.60303
4657.28459005981  24.76045
4657.45096885192  91.43018
4657.61734764403  72.09013
4657.78372643614  96.38345
4657.95010522825  173.6131
4658.11648402036  126.7617
4658.28286281247  122.57
4658.44924160457  119.9408
4658.61562039668  78.09878
4658.78199918879  98.71248
4658.9483779809  75.79486
4659.11475677301  59.00724
4659.28113556512  98.99358
4659.44751435723  94.36955
4659.61389314934  99.7795
4659.78027194144  115.9384
4659.94665073355  89.18781
4660.11302952566  122.6815
4660.27940831777  80.00246
4660.44578710988  44.86839
4660.61216590199  55.39688
4660.7785446941  20.79898
4660.94492348621  5.961746
4661.11130227831  98.07738
4661.27768107042  102.8325
4661.44405986253  42.22575
4661.61043865464  79.88006
4661.77681744675  112.7318
4661.94319623886  107.2787
4662.10957503097  105.4422
4662.27595382308  87.37926
4662.44233261518  83.37054
4662.60871140729  37.3163
4662.7750901994  73.46364
4662.94146899151  98.39927
4663.10784778362  99.69279
4663.27422657573  165.9081
4663.44060536784  68.40132
4663.60698415995  82.11408
4663.77336295205  164.2686
4663.93974174416  167.6646
4664.10612053627  135.8974
4664.27249932838  113.801
4664.43887812049  106.1377
4664.6052569126  83.7866
4664.77163570471  125.7103
4664.93801449681  120.1421
4665.10439328892  88.07996
4665.27077208103  122.9192
4665.43715087314  101.8693
4665.60352966525  53.10379
4665.76990845736  83.26212
4665.93628724947  91.39887
4666.10266604158  160.7752
4666.26904483368  141.7924
4666.43542362579  65.13319
4666.6018024179  100.2293
4666.76818121001  100.8219
4666.93456000212  106.6673
4667.10093879423  161.124
4667.26731758634  93.6564
4667.43369637844  85.51734
4667.60007517055  168.8365
4667.76645396266  206.8203
4667.93283275477  51.82499
4668.09921154688  72.06245
4668.26559033899  133.1713
4668.4319691311  77.84851
4668.59834792321  81.87957
4668.76472671531  159.1467
4668.93110550742  66.19459
4669.09748429953  74.62363
4669.26386309164  102.8386
4669.43024188375  110.5395
4669.59662067586  89.63204
4669.76299946797  79.11166
4669.92937826007  115.5517
4670.09575705218  151.003
4670.26213584429  107.6769
4670.4285146364  32.59245
4670.59489342851  142.381
4670.76127222062  85.67265
4670.92765101273  47.39281
4671.09402980484  78.71577
4671.26040859695  103.2653
4671.42678738905  113.251
4671.59316618116  139.9611
4671.75954497327  101.3995
4671.92592376538  89.48422
4672.09230255749  145.6295
4672.2586813496  162.3921
4672.42506014171  140.8921
4672.59143893382  65.46629
4672.75781772592  92.53616
4672.92419651803  120.1883
4673.09057531014  88.8171
4673.25695410225  56.06343
4673.42333289436  58.31924
4673.58971168647  1.053167
4673.75609047858  91.57701
4673.92246927068  100.0844
4674.08884806279  91.27026
4674.2552268549  150.4586
4674.42160564701  85.0154
4674.58798443912  92.91744
4674.75436323123  85.83581
4674.92074202334  114.6781
4675.08712081545  173.6113
4675.25349960756  130.8068
4675.41987839966  108.0229
4675.58625719177  129.9557
4675.75263598388  127.3653
4675.91901477599  77.4369
4676.0853935681  55.90917
4676.25177236021  52.87532
4676.41815115232  68.3962
4676.58452994442  69.40815
4676.75090873653  52.61399
4676.91728752864  129.6941
4677.08366632075  69.4786
4677.25004511286  96.99269
4677.41642390497  174.6864
4677.58280269708  92.09784
4677.74918148919  38.72084
4677.91556028129  79.94359
4678.0819390734  172.1987
4678.24831786551  168.5725
4678.41469665762  147.1084
4678.58107544973  116.6203
4678.74745424184  107.656
4678.91383303395  118.2697
4679.08021182606  181.2468
4679.24659061817  129.18
4679.41296941027  124.242
4679.57934820238  137.8226
4679.74572699449  147.6194
4679.9121057866  75.10254
4680.07848457871  180.6862
4680.24486337082  159.1451
4680.41124216293  113.2721
4680.57762095503  170.5616
4680.74399974714  142.8723
4680.91037853925  106.7969
4681.07675733136  100.4008
4681.24313612347  93.12775
4681.40951491558  153.7737
4681.57589370769  120.9304
4681.74227249979  150.293
4681.9086512919  95.44277
4682.07503008401  106.7663
4682.24140887612  138.3334
4682.40778766823  130.7243
4682.57416646034  113.7252
4682.74054525245  131.2739
4682.90692404456  115.4715
4683.07330283667  149.6674
4683.23968162877  197.7956
4683.40606042088  174.5246
4683.57243921299  121.4303
4683.7388180051  51.66603
4683.90519679721  82.26588
4684.07157558932  160.7323
4684.23795438143  168.3475
4684.40433317353  117.0516
4684.57071196564  94.82616
4684.73709075775  104.8079
4684.90346954986  145.4748
4685.06984834197  133.1688
4685.23622713408  125.1654
4685.40260592619  171.4969
4685.5689847183  190.6307
4685.7353635104  176.6023
4685.90174230251  117.8067
4686.06812109462  96.88175
4686.23449988673  96.72208
4686.40087867884  111.6499
4686.56725747095  79.36269
4686.73363626306  143.5533
4686.90001505516  61.8815
4687.06639384727  87.77881
4687.23277263938  105.0974
4687.39915143149  162.7421
4687.5655302236  104.9979
4687.73190901571  119.3565
4687.89828780782  100.5655
4688.06466659993  125.3054
4688.23104539203  101.9309
4688.39742418414  97.56515
4688.56380297625  83.31013
4688.73018176836  34.49296
4688.89656056047  103.9638
4689.06293935258  144.4631
4689.22931814469  62.33799
4689.3956969368  77.41416
4689.5620757289  8.818798
4689.72845452101  59.11364
4689.89483331312  106.8637
4690.06121210523  132.6361
4690.22759089734  79.40965
4690.39396968945  49.66423
4690.56034848156  158.0508
4690.72672727367  94.14144
4690.89310606577  21.47424
4691.05948485788  61.62493
4691.22586364999  22.3609
4691.3922424421  41.93995
4691.55862123421  84.98264
4691.72500002632  57.23039
4691.89137881843  57.07067
4692.05775761054  67.176
4692.22413640264  87.99968
4692.39051519475  101.4363
4692.55689398686  16.65931
4692.72327277897  81.7785
4692.88965157108  107.4744
4693.05603036319  24.53435
4693.2224091553  30.76982
4693.3887879474  60.12925
4693.55516673951  41.69348
4693.72154553162  -14.00893
4693.88792432373  51.9994
4694.05430311584  137.3479
4694.22068190795  71.93334
4694.38706070006  99.57822
4694.55343949217  114.0947
4694.71981828428  58.51535
4694.88619707638  52.74171
4695.05257586849  65.95529
4695.2189546606  78.99014
4695.38533345271  83.19733
4695.55171224482  80.58852
4695.71809103693  92.77579
4695.88446982904  72.35481
4696.05084862115  71.06116
4696.21722741325  83.12298
4696.38360620536  28.96744
4696.54998499747  42.61784
4696.71636378958  68.7998
4696.88274258169  113.1646
4697.0491213738  82.4817
4697.21550016591  117.2382
4697.38187895801  47.66069
4697.54825775012  92.61922
4697.71463654223  57.34511
4697.88101533434  34.31605
4698.04739412645  17.27781
4698.21377291856  71.48642
4698.38015171067  116.6719
4698.54653050278  91.56396
4698.71290929489  92.54408
4698.87928808699  77.4222
4699.0456668791  79.73983
4699.21204567121  43.29195
4699.37842446332  109.1019
4699.54480325543  89.84998
4699.71118204754  70.52436
4699.87756083965  46.17193
4700.04393963175  22.49872
4700.21031842386  -2.473277
4700.37669721597  35.44627
4700.54307600808  55.54087
4700.70945480019  43.5751
4700.8758335923  95.6956
4701.04221238441  83.26858
4701.20859117652  59.77083
4701.37496996862  44.48486
4701.54134876073  80.3279
4701.70772755284  74.14134
4701.87410634495  29.11804
4702.04048513706  115.8389
4702.20686392917  150.5781
4702.37324272128  115.2532
4702.53962151339  85.10527
4702.70600030549  70.31161
4702.8723790976  84.23019
4703.03875788971  71.27538
4703.20513668182  6.893496
4703.37151547393  37.89184
4703.53789426604  59.63725
4703.70427305815  25.28738
4703.87065185025  46.60286
4704.03703064236  76.24242
4704.20340943447  92.08939
4704.36978822658  70.16726
4704.53616701869  83.46007
4704.7025458108  142.8967
4704.86892460291  47.10636
4705.03530339502  42.47696
4705.20168218712  69.70881
4705.36806097923  27.53585
4705.53443977134  77.06552
4705.70081856345  75.82561
4705.86719735556  12.81286
4706.03357614767  24.6601
4706.19995493978  23.03168
4706.36633373189  87.34907
4706.53271252399  -0.4126863
4706.6990913161  2.010948
4706.86547010821  6.019436
4707.03184890032  23.83543
4707.19822769243  68.53316
4707.36460648454  99.42442
4707.53098527665  94.52798
4707.69736406876  33.01817
4707.86374286086  17.99392
4708.03012165297  95.51847
4708.19650044508  39.50846
4708.36287923719  42.78569
4708.5292580293  13.59618
4708.69563682141  44.90421
4708.86201561352  59.03784
4709.02839440562  81.99165
4709.19477319773  37.08911
4709.36115198984  9.865953
4709.52753078195  55.92688
4709.69390957406  98.33027
4709.86028836617  91.46664
4710.02666715828  21.14506
4710.19304595038  44.50446
4710.35942474249  45.39153
4710.5258035346  11.02314
4710.69218232671  16.75739
4710.85856111882  21.90088
4711.02493991093  13.84849
4711.19131870304  56.13493
4711.35769749515  0.4060102
4711.52407628726  5.418435
4711.69045507936  15.01371
4711.85683387147  42.06659
4712.02321266358  40.83621
4712.18959145569  4.845042
4712.3559702478  49.96048
4712.52234903991  42.34363
4712.68872783202  66.6126
4712.85510662413  45.38385
4713.02148541623  12.95227
4713.18786420834  -13.36138
4713.35424300045  16.07433
4713.52062179256  72.37699
4713.68700058467  82.29833
4713.85337937678  70.602
4714.01975816889  43.90787
4714.18613696099  100.6517
4714.3525157531  89.04502
4714.51889454521  55.04573
4714.68527333732  42.01472
4714.85165212943  37.20343
4715.01803092154  28.63275
4715.18440971365  32.33787
4715.35078850576  37.68729
4715.51716729787  33.3558
4715.68354608997  44.10911
4715.84992488208  5.722061
4716.01630367419  73.67409
4716.1826824663  87.91414
4716.34906125841  59.06709
4716.51544005052  18.79114
4716.68181884263  29.2366
4716.84819763473  6.052518
4717.01457642684  21.93608
4717.18095521895  36.51029
4717.34733401106  76.8889
4717.51371280317  100.7074
4717.68009159528  7.250755
4717.84647038739  -35.4061
4718.0128491795  -29.90342
4718.17922797161  -13.04779
4718.34560676371  -3.031147
4718.51198555582  11.44175
4718.67836434793  63.00762
4718.84474314004  78.60667
4719.01112193215  75.46503
4719.17750072426  47.15664
4719.34387951637  49.79879
4719.51025830847  35.70415
4719.67663710058  2.662268
4719.84301589269  -14.82415
4720.0093946848  -46.89799
4720.17577347691  -1.068817
4720.34215226902  41.7066
4720.50853106113  18.53282
4720.67490985324  48.27145
4720.84128864534  -28.79918
4721.00766743745  -5.482289
4721.17404622956  8.380206
4721.34042502167  63.20369
4721.50680381378  38.08335
4721.67318260589  94.20799
4721.839561398  31.85002
4722.00594019011  22.59217
4722.17231898221  9.915931
4722.33869777432  81.03832
4722.50507656643  149.0364
4722.67145535854  87.28158
4722.83783415065  23.04033
4723.00421294276  -15.15734
4723.17059173487  45.44717
4723.33697052698  16.82844
4723.50334931908  -1.073555
4723.66972811119  8.84369
4723.8361069033  13.94189
4724.00248569541  45.02628
4724.16886448752  19.14829
4724.33524327963  -18.31056
4724.50162207174  -15.82886
4724.66800086384  0.002193956
4724.83437965595  17.00757
4725.00075844806  -31.44517
4725.16713724017  10.69573
4725.33351603228  41.99745
4725.49989482439  -12.54435
4725.6662736165  -30.41315
4725.8326524086  -11.96783
4725.99903120071  -7.559566
4726.16540999282  -42.44733
4726.33178878493  18.27676
4726.49816757704  -11.88431
4726.66454636915  -6.178583
4726.83092516126  0.3066311
4726.99730395337  76.95336
4727.16368274548  38.6112
4727.33006153758  59.20633
4727.49644032969  20.87731
4727.6628191218  -7.101541
4727.82919791391  -16.3102
4727.99557670602  -19.62927
4728.16195549813  14.4763
4728.32833429024  34.22918
4728.49471308234  73.8139
4728.66109187445  68.60215
4728.82747066656  -39.10269
4728.99384945867  55.97862
4729.16022825078  27.2511
4729.32660704289  -45.90858
4729.492985835  7.095275
4729.65936462711  6.083827
4729.82574341921  37.79097
4729.99212221132  -6.040426
4730.15850100343  -17.01131
4730.32487979554  59.12308
4730.49125858765  10.01685
4730.65763737976  -8.847376
4730.82401617187  14.50654
4730.99039496398  42.66079
4731.15677375609  -13.16734
4731.32315254819  1.890363
4731.4895313403  -21.8899
4731.65591013241  35.93198
4731.82228892452  51.89528
4731.98866771663  64.00976
4732.15504650874  55.29056
4732.32142530085  21.20021
4732.48780409295  24.88445
4732.65418288506  57.92766
4732.82056167717  -4.959796
4732.98694046928  7.879088
4733.15331926139  40.50046
4733.3196980535  -34.94931
4733.48607684561  29.04094
4733.65245563772  39.90914
4733.81883442982  7.607522
4733.98521322193  38.81036
4734.15159201404  41.11227
4734.31797080615  -6.450237
4734.48434959826  62.22523
4734.65072839037  2.140531
4734.81710718248  -23.82836
4734.98348597459  5.88569
4735.14986476669  10.64742
4735.3162435588  -9.923263
4735.48262235091  -17.44766
4735.64900114302  42.59475
4735.81537993513  -42.65485
4735.98175872724  -16.14092
4736.14813751935  45.26185
4736.31451631146  48.16983
4736.48089510356  1.238851
4736.64727389567  -1.797529
4736.81365268778  -24.53798
4736.98003147989  -6.709263
4737.146410272  18.28711
4737.31278906411  45.23989
4737.47916785622  43.96781
4737.64554664833  60.18838
4737.81192544043  77.13004
4737.97830423254  55.36864
4738.14468302465  41.50581
4738.31106181676  44.15339
4738.47744060887  3.70418
4738.64381940098  -28.81051
4738.81019819309  29.08414
4738.97657698519  62.77226
4739.1429557773  54.87377
4739.30933456941  74.70213
4739.47571336152  44.75663
