4569.4407852752  50.91641
4569.60710103618  33.61292
4569.77341679717  41.56551
4569.93973255815  -8.837317
4570.10604831913  9.789208
4570.27236408011  3.269581
4570.4386798411  0.6304359
4570.60499560208  36.67362
4570.77131136306  47.1847
4570.93762712405  49.49813
4571.10394288503  41.77335
4571.27025864601  9.292667
4571.436574407  3.511165
4571.60289016798  -11.04963
4571.76920592896  8.814664
4571.93552168994  38.71285
4572.10183745093  17.84046
4572.26815321191  95.98064
4572.43446897289  115.0814
4572.60078473387  41.24726
4572.76710049486  31.6119
4572.93341625584  44.45433
4573.09973201682  15.67144
4573.26604777781  19.29196
4573.43236353879  24.32166
4573.59867929977  -3.859422
4573.76499506075  15.33099
4573.93131082174  17.40093
4574.09762658272  74.80232
4574.2639423437  44.9957
4574.43025810469  57.62095
4574.59657386567  79.88582
4574.76288962665  10.66312
4574.92920538764  -3.038761
4575.09552114862  31.57786
4575.2618369096  32.03954
4575.42815267058  46.17989
4575.59446843157  63.29631
4575.76078419255  38.18476
4575.92709995353  2.867703
4576.09341571451  -2.780697
4576.2597314755  46.10306
4576.42604723648  79.65453
4576.59236299746  69.55757
4576.75867875844  22.75643
4576.92499451943  41.80874
4577.09131028041  44.55043
4577.25762604139  28.56826
4577.42394180238  27.9392
4577.59025756336  34.94513
4577.75657332434  69.37871
4577.92288908532  85.50529
4578.08920484631  37.70663
4578.25552060729  28.67829
4578.42183636827  58.78119
4578.58815212926  21.57923
4578.75446789024  29.1847
4578.92078365122  59.2496
4579.08709941221  61.23274
4579.25341517319  9.190627
4579.41973093417  13.35643
4579.58604669515  61.84258
4579.75236245614  98.73088
4579.91867821712  68.87225
4580.0849939781  77.93935
4580.25130973908  136.7122
4580.41762550007  88.07657
4580.58394126105  41.47749
4580.75025702203  32.39986
4580.91657278302  48.64109
4581.082888544  65.43483
4581.24920430498  98.28122
4581.41552006596  67.14941
4581.58183582695  17.14496
4581.74815158793  14.61144
4581.91446734891  19.633
4582.0807831099  60.32977
4582.24709887088  100.8897
4582.41341463186  71.90625
4582.57973039285  53.68667
4582.74604615383  73.97475
4582.91236191481  63.38759
4583.07867767579  52.12335
4583.24499343678  31.2967
4583.41130919776  51.55339
4583.57762495874  54.74646
4583.74394071972  46.9737
4583.91025648071  6.535995
4584.07657224169  33.9648
4584.24288800267  75.45643
4584.40920376366  69.29351
4584.57551952464  87.12076
4584.74183528562  77.93966
4584.9081510466  29.4112
4585.07446680759  38.44819
4585.24078256857  77.96201
4585.40709832955  88.95249
4585.57341409054  79.65348
4585.73972985152  77.04343
4585.9060456125  112.522
4586.07236137348  99.51022
4586.23867713447  59.13598
4586.40499289545  68.01496
4586.57130865643  52.2246
4586.73762441742  61.0132
4586.9039401784  51.28224
4587.07025593938  51.7564
4587.23657170036  61.69721
4587.40288746135  55.51754
4587.56920322233  66.06274
4587.73551898331  70.47272
4587.9018347443  46.15527
4588.06815050528  47.00094
4588.23446626626  73.98326
4588.40078202724  71.74605
4588.56709778823  68.55388
4588.73341354921  63.80327
4588.89972931019  76.33437
4589.06604507118  64.68078
4589.23236083216  111.1281
4589.39867659314  76.04875
4589.56499235412  39.92058
4589.73130811511  51.06733
4589.89762387609  74.7084
4590.06393963707  81.93298
4590.23025539806  84.43107
4590.39657115904  54.96101
4590.56288692002  18.35407
4590.729202681  97.58389
4590.89551844199  86.62259
4591.06183420297  100.3671
4591.22814996395  70.06221
4591.39446572494  44.90432
4591.56078148592  53.62088
4591.7270972469  75.09892
4591.89341300788  63.24721
4592.05972876887  90.73701
4592.22604452985  144.8262
4592.39236029083  154.9372
4592.55867605181  73.54692
4592.7249918128  89.74203
4592.89130757378  153.7866
4593.05762333476  134.6596
4593.22393909575  145.6326
4593.39025485673  86.25037
4593.55657061771  76.00155
4593.72288637869  70.64164
4593.88920213968  134.214
4594.05551790066  77.28539
4594.22183366164  49.12234
4594.38814942263  120.6014
4594.55446518361  100.0574
4594.72078094459  48.77104
4594.88709670557  65.97493
4595.05341246656  95.64671
4595.21972822754  137.8047
4595.38604398852  132.3324
4595.55235974951  95.17345
4595.71867551049  76.31
4595.88499127147  67.4922
4596.05130703245  97.73186
4596.21762279344  92.67367
4596.38393855442  95.27901
4596.5502543154  101.1227
4596.71657007639  77.59365
4596.88288583737  79.59495
4597.04920159835  27.90737
4597.21551735934  81.52647
4597.38183312032  90.70305
4597.5481488813  71.14723
4597.71446464228  146.4607
4597.88078040327  108.3631
4598.04709616425  81.37795
4598.21341192523  83.97234
4598.37972768621  82.38264
4598.5460434472  112.6274
4598.71235920818  85.10372
4598.87867496916  57.12522
4599.04499073015  83.72237
4599.21130649113  114.287
4599.37762225211  72.69333
4599.54393801309  58.14742
4599.71025377408  63.91405
4599.87656953506  87.57883
4600.04288529604  95.20391
4600.20920105703  117.5965
4600.37551681801  107.0641
4600.54183257899  101.0363
4600.70814833997  123.2451
4600.87446410096  126.1848
4601.04077986194  116.5347
4601.20709562292  113.372
4601.37341138391  82.08898
4601.53972714489  115.6262
4601.70604290587  168.0117
4601.87235866685  112.897
4602.03867442784  87.34254
4602.20499018882  83.89471
4602.3713059498  125.6848
4602.53762171078  134.5006
4602.70393747177  117.1262
4602.87025323275  143.5107
4603.03656899373  70.84812
4603.20288475472  47.36581
4603.3692005157  59.17126
4603.53551627668  143.9717
4603.70183203767  103.1165
4603.86814779865  58.72537
4604.03446355963  81.99879
4604.20077932061  47.35739
4604.3670950816  28.90899
4604.53341084258  73.397
4604.69972660356  109.0273
4604.86604236454  113.3226
4605.03235812553  91.7777
4605.19867388651  89.09664
4605.36498964749  92.08157
4605.53130540848  101.1316
4605.69762116946  133.5993
4605.86393693044  112.5083
4606.03025269142  144.352
4606.19656845241  82.73196
4606.36288421339  73.58611
4606.52919997437  92.87458
4606.69551573536  75.26231
4606.86183149634  89.34766
4607.02814725732  100.97
4607.19446301831  102.8689
4607.36077877929  110.7865
4607.52709454027  109.377
4607.69341030125  115.4091
4607.85972606224  125.4561
4608.02604182322  91.82207
4608.1923575842  108.3817
4608.35867334518  181.8914
4608.52498910617  177.3964
4608.69130486715  155.5619
4608.85762062813  95.32494
4609.02393638912  102.7775
4609.1902521501  102.6243
4609.35656791108  113.8622
4609.52288367206  127.9654
4609.68919943305  166.7636
4609.85551519403  131.0224
4610.02183095501  170.9099
4610.188146716  112.0086
4610.35446247698  118.2057
4610.52077823796  168.7079
4610.68709399895  130.8922
4610.85340975993  106.8022
4611.01972552091  137.5843
4611.18604128189  156.1585
4611.35235704288  127.7659
4611.51867280386  113.9085
4611.68498856484  139.4834
4611.85130432582  99.00094
4612.01762008681  44.78354
4612.18393584779  129.4142
4612.35025160877  173.5171
4612.51656736976  76.85863
4612.68288313074  142.8011
4612.84919889172  132.4334
4613.0155146527  150.3434
4613.18183041369  83.42565
4613.34814617467  177.3132
4613.51446193565  138.9673
4613.68077769663  110.9567
4613.84709345762  78.06147
4614.0134092186  91.8813
4614.17972497958  99.26453
4614.34604074057  106.2881
4614.51235650155  156.5257
4614.67867226253  110.817
4614.84498802352  73.98473
4615.0113037845  105.7236
4615.17761954548  136.9422
4615.34393530646  132.2868
4615.51025106745  87.151
4615.67656682843  109.4327
4615.84288258941  147.9951
4616.0091983504  125.6322
4616.17551411138  119.462
4616.34182987236  148.9955
4616.50814563334  165.9827
4616.67446139433  90.80248
4616.84077715531  109.6447
4617.00709291629  178.5688
4617.17340867728  153.1758
4617.33972443826  165.1605
4617.50604019924  100.3321
4617.67235596022  93.95781
4617.83867172121  118.408
4618.00498748219  145.7038
4618.17130324317  146.7682
4618.33761900416  127.2681
4618.50393476514  121.444
4618.67025052612  161.8628
4618.8365662871  128.4916
4619.00288204809  108.1899
4619.16919780907  95.53246
4619.33551357005  97.30254
4619.50182933104  132.8148
4619.66814509202  76.06878
4619.834460853  76.92059
4620.00077661398  150.9682
4620.16709237497  147.7624
4620.33340813595  132.497
4620.49972389693  172.909
4620.66603965791  173.5679
4620.8323554189  129.34
4620.99867117988  134.6272
4621.16498694086  118.8766
4621.33130270185  156.7241
4621.49761846283  131.2996
4621.66393422381  178.3146
4621.83024998479  222.8926
4621.99656574578  151.4415
4622.16288150676  107.9626
4622.32919726774  105.6972
4622.49551302873  107.8469
4622.66182878971  187.0921
4622.82814455069  220.2791
4622.99446031168  184.2865
4623.16077607266  91.32836
4623.32709183364  114.1282
4623.49340759462  186.8895
4623.65972335561  157.6413
4623.82603911659  107.8425
4623.99235487757  158.1711
4624.15867063856  180.1607
4624.32498639954  121.0566
4624.49130216052  151.6947
4624.6576179215  136.9019
4624.82393368249  148.7522
4624.99024944347  197.2822
4625.15656520445  150.0884
4625.32288096543  167.7624
4625.48919672642  146.5668
4625.6555124874  134.7017
4625.82182824838  199.6564
4625.98814400937  119.483
4626.15445977035  134.4412
4626.32077553133  116.2641
4626.48709129231  138.2759
4626.6534070533  164.1662
4626.81972281428  175.0106
4626.98603857526  121.9328
4627.15235433625  146.1386
4627.31867009723  191.2415
4627.48498585821  184.5771
4627.65130161919  160.1291
4627.81761738018  117.3876
4627.98393314116  115.1883
4628.15024890214  130.6599
4628.31656466313  120.7859
4628.48288042411  125.0789
4628.64919618509  110.6025
4628.81551194607  132.1312
4628.98182770706  182.1615
4629.14814346804  136.7105
4629.31445922902  102.8342
4629.48077499001  134.1742
4629.64709075099  133.5629
4629.81340651197  138.5158
4629.97972227295  153.4146
4630.14603803394  163.4616
4630.31235379492  195.9338
4630.4786695559  214.5481
4630.64498531689  172.8999
4630.81130107787  132.1671
4630.97761683885  122.5317
4631.14393259983  192.5915
4631.31024836082  150.1108
4631.4765641218  165.8678
4631.64287988278  185.1238
4631.80919564376  170.7129
4631.97551140475  107.0179
4632.14182716573  153.9349
4632.30814292671  174.647
4632.4744586877  173.4544
4632.64077444868  157.8853
4632.80709020966  142.7771
4632.97340597065  141.8012
4633.13972173163  192.7811
4633.30603749261  126.5189
4633.47235325359  130.0588
4633.63866901458  135.3702
4633.80498477556  98.75931
4633.97130053654  136.1641
4634.13761629752  147.4181
4634.30393205851  177.6799
4634.47024781949  194.2466
4634.63656358047  163.0104
4634.80287934146  136.2561
4634.96919510244  140.093
4635.13551086342  148.1357
4635.3018266244  163.801
4635.46814238539  172.1844
4635.63445814637  137.8223
4635.80077390735  158.5377
4635.96708966834  220.4937
4636.13340542932  222.1069
4636.2997211903  187.9545
4636.46603695129  190.0561
4636.63235271227  195.2005
4636.79866847325  211.2668
4636.96498423423  170.0016
4637.13129999522  162.0258
4637.2976157562  183.2361
4637.46393151718  150.7537
4637.63024727816  205.1625
4637.79656303915  213.4776
4637.96287880013  152.0445
4638.12919456111  153.5656
4638.2955103221  166.3485
4638.46182608308  152.9987
4638.62814184406  135.7585
4638.79445760504  143.1105
4638.96077336603  203.9814
4639.12708912701  203.3794
4639.29340488799  166.2618
4639.45972064898  205.1173
4639.62603640996  186.3884
4639.79235217094  185.3338
4639.95866793192  187.8175
4640.12498369291  195.3776
4640.29129945389  226.2344
4640.45761521487  181.6661
4640.62393097586  173.0102
4640.79024673684  142.9154
4640.95656249782  124.5004
4641.1228782588  178.6575
4641.28919401979  225.2637
4641.45550978077  192.3458
4641.62182554175  194.3777
4641.78814130274  178.7465
4641.95445706372  157.8298
4642.1207728247  149.9528
4642.28708858568  182.653
4642.45340434667  173.8104
4642.61972010765  187.695
4642.78603586863  202.1087
4642.95235162962  173.0326
4643.1186673906  164.6588
4643.28498315158  148.426
4643.45129891256  148.0822
4643.61761467355  232.3856
4643.78393043453  257.4317
4643.95024619551  194.412
4644.1165619565  177.6043
4644.28287771748  162.2124
4644.44919347846  169.3933
4644.61550923944  177.8782
4644.78182500043  172.5371
4644.94814076141  143.0847
4645.11445652239  166.5285
4645.28077228338  193.0869
4645.44708804436  191.8628
4645.61340380534  197.5063
4645.77971956632  179.6931
4645.94603532731  173.8673
4646.11235108829  159.3585
4646.27866684927  139.5734
4646.44498261025  142.2541
4646.61129837124  187.5884
4646.77761413222  191.6355
4646.9439298932  190.7925
4647.11024565419  203.1861
4647.27656141517  216.9609
4647.44287717615  188.4945
4647.60919293713  251.7983
4647.77550869812  258.0814
4647.9418244591  169.4772
4648.10814022008  165.6255
4648.27445598107  201.8908
4648.44077174205  139.7763
4648.60708750303  196.6453
4648.77340326401  228.5346
4648.939719025  203.9928
4649.10603478598  179.8436
4649.27235054696  187.7479
4649.43866630795  172.6633
4649.60498206893  169.6118
4649.77129782991  167.8728
4649.93761359089  181.2326
4650.10392935188  208.7163
4650.27024511286  160.0321
4650.43656087384  124.0176
4650.60287663483  170.7737
4650.76919239581  196.4338
4650.93550815679  208.3816
4651.10182391777  188.7421
4651.26813967876  218.7563
4651.43445543974  134.8779
4651.60077120072  162.0506
4651.76708696171  228.0581
4651.93340272269  226.0058
4652.09971848367  198.0289
4652.26603424465  185.7968
4652.43235000564  169.253
4652.59866576662  198.1667
4652.7649815276  221.7687
4652.93129728859  171.0049
4653.09761304957  121.9149
4653.26392881055  171.0451
4653.43024457153  166.253
4653.59656033252  183.0945
4653.7628760935  191.4035
4653.92919185448  229.0991
4654.09550761547  178.996
4654.26182337645  166.8374
4654.42813913743  230.1614
4654.59445489841  246.6232
4654.7607706594  142.3488
4654.92708642038  96.24617
4655.09340218136  145.7947
4655.25971794235  198.2702
4655.42603370333  216.0389
4655.59234946431  238.618
4655.75866522529  180.5588
4655.92498098628  159.2335
4656.09129674726  155.5741
4656.25761250824  127.6167
4656.42392826923  170.4712
4656.59024403021  151.2317
4656.75655979119  120.9512
4656.92287555217  141.1477
4657.08919131316  143.9759
4657.25550707414  193.0509
4657.42182283512  219.1335
4657.58813859611  156.5392
4657.75445435709  195.0186
4657.92077011807  256.6559
4658.08708587905  206.262
4658.25340164004  180.1585
4658.41971740102  162.0037
4658.586033162  197.4053
4658.75234892299  237.1502
4658.91866468397  259.9277
4659.08498044495  234.6703
4659.25129620593  184.3725
4659.41761196692  159.3395
4659.5839277279  175.3163
4659.75024348888  258.9931
4659.91655924986  230.4342
4660.08287501085  173.5292
4660.24919077183  195.7565
4660.41550653281  176.2615
4660.5818222938  168.3891
4660.74813805478  183.2366
4660.91445381576  154.7546
4661.08076957675  163.9397
4661.24708533773  185.9937
4661.41340109871  159.0687
4661.57971685969  170.4251
4661.74603262068  166.2402
4661.91234838166  170.1532
4662.07866414264  223.5734
4662.24497990362  175.0591
4662.41129566461  136.6719
4662.57761142559  146.0973
4662.74392718657  183.0017
4662.91024294756  226.6482
4663.07655870854  191.7462
4663.24287446952  140.2053
4663.4091902305  202.4582
4663.57550599149  226.7916
4663.74182175247  159.9675
4663.90813751345  173.4024
4664.07445327444  192.1195
4664.24076903542  224.6201
4664.4070847964  219.2859
4664.57340055739  224.6363
4664.73971631837  164.2997
4664.90603207935  191.1444
4665.07234784033  233.5032
4665.23866360132  187.7826
4665.4049793623  149.451
4665.57129512328  181.8141
4665.73761088427  193.2888
4665.90392664525  146.0961
4666.07024240623  237.8769
4666.23655816721  186.0721
4666.4028739282  182.1909
4666.56918968918  178.4811
4666.73550545016  169.2482
4666.90182121114  166.7402
4667.06813697213  163.8482
4667.23445273311  200.7808
4667.40076849409  183.3255
4667.56708425508  222.165
4667.73340001606  224.0104
4667.89971577704  233.7733
4668.06603153803  186.2424
4668.23234729901  201.2505
4668.39866305999  188.8041
4668.56497882097  186.9104
4668.73129458196  163.9923
4668.89761034294  118.3961
4669.06392610392  179.1801
4669.2302418649  130.6489
4669.39655762589  202.4742
4669.56287338687  175.9834
4669.72918914785  211.846
4669.89550490884  291.2299
4670.06182066982  199.1191
4670.2281364308  124.9425
4670.39445219178  182.8571
4670.56076795277  79.71479
4670.72708371375  188.3265
4670.89339947473  222.9534
4671.05971523572  183.257
4671.2260309967  190.5798
4671.39234675768  234.8721
4671.55866251867  226.0428
4671.72497827965  223.4503
4671.89129404063  200.3718
4672.05760980161  203.3235
4672.2239255626  220.4686
4672.39024132358  225.5209
4672.55655708456  174.8575
4672.72287284554  240.2626
4672.88918860653  228.5387
4673.05550436751  171.743
4673.22182012849  192.9945
4673.38813588947  210.3198
4673.55445165046  140.686
4673.72076741144  147.571
4673.88708317242  179.7279
4674.05339893341  215.8552
4674.21971469439  237.4807
4674.38603045537  191.3732
4674.55234621635  192.4529
4674.71866197734  144.0918
4674.88497773832  146.8285
4675.0512934993  171.0777
4675.21760926029  220.0553
4675.38392502127  236.073
4675.55024078225  198.4151
4675.71655654324  192.7539
4675.88287230422  171.7097
4676.0491880652  165.6589
4676.21550382618  164.3914
4676.38181958717  180.5072
4676.54813534815  156.1755
4676.71445110913  183.2311
4676.88076687011  236.6217
4677.0470826311  221.5561
4677.21339839208  183.1239
4677.37971415306  172.6759
4677.54602991405  197.9556
4677.71234567503  172.11
4677.87866143601  189.6435
4678.04497719699  217.458
4678.21129295798  207.2771
4678.37760871896  272.0345
4678.54392447994  240.9816
4678.71024024093  239.6671
4678.87655600191  263.1413
4679.04287176289  194.3586
4679.20918752388  226.9928
4679.37550328486  216.7929
4679.54181904584  222.1891
4679.70813480682  262.3045
4679.87445056781  192.0867
4680.04076632879  202.1788
4680.20708208977  252.6
4680.37339785075  235.3407
4680.53971361174  203.2776
4680.70602937272  245.2123
4680.8723451337  200.1823
4681.03866089469  190.4706
4681.20497665567  205.3604
4681.37129241665  223.7378
4681.53760817763  193.7464
4681.70392393862  242.7836
4681.8702396996  184.9592
4682.03655546058  199.6984
4682.20287122157  175.0501
4682.36918698255  197.8563
4682.53550274353  247.6069
4682.70181850451  244.362
4682.8681342655  208.4756
4683.03445002648  253.7283
4683.20076578746  194.2706
4683.36708154845  156.0504
4683.53339730943  198.1659
4683.69971307041  225.4097
4683.86602883139  207.84
4684.03234459238  174.1288
4684.19866035336  253.3773
4684.36497611434  264.8921
4684.53129187533  231.2787
4684.69760763631  255.6461
4684.86392339729  251.0152
4685.03023915827  216.3491
4685.19655491926  175.9516
4685.36287068024  281.3322
4685.52918644122  310.6203
4685.69550220221  247.2438
4685.86181796319  180.8473
4686.02813372417  236.2904
4686.19444948515  253.1231
4686.36076524614  183.5292
4686.52708100712  203.8901
4686.6933967681  225.0029
4686.85971252909  226.1887
4687.02602829007  213.6008
4687.19234405105  176.199
4687.35865981203  195.7758
4687.52497557302  168.3737
4687.691291334  166.9861
4687.85760709498  221.2049
4688.02392285597  168.7267
4688.19023861695  196.4782
4688.35655437793  212.8844
4688.52287013891  180.5746
4688.6891858999  223.2853
4688.85550166088  224.9927
4689.02181742186  212.7169
4689.18813318285  156.0297
4689.35444894383  219.0285
4689.52076470481  198.8756
4689.68708046579  223.2751
4689.85339622678  189.0493
4690.01971198776  210.1989
4690.18602774874  186.4922
4690.35234350972  159.5142
4690.51865927071  227.2968
4690.68497503169  234.5242
4690.85129079267  176.8122
4691.01760655366  171.5352
4691.18392231464  133.1845
4691.35023807562  140.7217
4691.5165538366  183.452
4691.68286959759  194.9236
4691.84918535857  182.832
4692.01550111955  182.7891
4692.18181688054  210.5474
4692.34813264152  231.7598
4692.5144484025  166.2429
4692.68076416349  158.3704
4692.84707992447  218.7459
4693.01339568545  188.8816
4693.17971144643  205.3666
4693.34602720742  221.1646
4693.5123429684  169.3722
4693.67865872938  154.1127
4693.84497449037  202.4138
4694.01129025135  167.1731
4694.17760601233  197.6614
4694.34392177331  151.1985
4694.5102375343  188.4962
4694.67655329528  178.7216
4694.84286905626  112.8465
4695.00918481724  122.1327
4695.17550057823  104.0096
4695.34181633921  157.4364
4695.50813210019  204.6053
4695.67444786118  174.5968
4695.84076362216  142.1832
4696.00707938314  155.5842
4696.17339514412  164.5114
4696.33971090511  163.6956
4696.50602666609  218.4545
4696.67234242707  204.2912
4696.83865818806  209.1905
4697.00497394904  136.965
4697.17128971002  108.0445
4697.337605471  106.2719
4697.50392123199  104.1321
4697.67023699297  195.4122
4697.83655275395  134.6445
4698.00286851494  151.1423
4698.16918427592  141.1203
4698.3355000369  105.9729
4698.50181579788  125.1245
4698.66813155887  136.7744
4698.83444731985  115.7585
4699.00076308083  121.3279
4699.16707884181  103.7943
4699.3333946028  155.1752
4699.49971036378  168.2206
4699.66602612476  110.0302
4699.83234188575  114.6748
4699.99865764673  147.1664
4700.16497340771  99.61736
4700.3312891687  119.4241
4700.49760492968  125.0244
4700.66392069066  110.7867
4700.83023645164  145.3518
4700.99655221263  155.4678
4701.16286797361  121.6692
4701.32918373459  94.09502
4701.49549949557  89.5391
4701.66181525656  69.84545
4701.82813101754  76.71888
4701.99444677852  121.7049
4702.16076253951  113.4631
4702.32707830049  93.00231
4702.49339406147  113.8222
4702.65970982245  95.36938
4702.82602558344  81.67404
4702.99234134442  61.26787
4703.1586571054  59.9317
4703.32497286639  126.8643
4703.49128862737  147.4302
4703.65760438835  92.53805
4703.82392014934  100.9132
4703.99023591032  91.8774
4704.1565516713  144.0174
4704.32286743228  136.6867
4704.48918319327  140.8485
4704.65549895425  186.1086
4704.82181471523  116.1603
4704.98813047621  60.23495
4705.1544462372  103.3208
4705.32076199818  105.2769
4705.48707775916  135.9687
4705.65339352015  144.0662
4705.81970928113  171.1928
4705.98602504211  98.2674
4706.15234080309  106.7071
4706.31865656408  130.4808
4706.48497232506  134.4227
4706.65128808604  88.81537
4706.81760384703  78.93524
4706.98391960801  141.7865
4707.15023536899  130.8637
4707.31655112998  112.4874
4707.48286689096  98.04028
4707.64918265194  60.10804
4707.81549841292  90.41446
4707.98181417391  95.79008
4708.14812993489  88.99201
4708.31444569587  76.71286
4708.48076145685  99.4975
4708.64707721784  80.56001
4708.81339297882  100.9233
4708.9797087398  39.82174
4709.14602450079  82.10398
4709.31234026177  154.9861
4709.47865602275  106.4805
4709.64497178373  81.47452
4709.81128754472  104.4104
4709.9776033057  87.57234
4710.14391906668  68.6199
4710.31023482766  77.23096
4710.47655058865  161.5502
4710.64286634963  88.25143
4710.80918211061  76.27801
4710.9754978716  127.9105
4711.14181363258  110.0116
4711.30812939356  139.5678
4711.47444515455  125.8653
4711.64076091553  50.02695
4711.80707667651  71.0307
4711.97339243749  88.67484
4712.13970819848  53.50607
4712.30602395946  53.51748
4712.47233972044  106.7529
4712.63865548143  119.3429
4712.80497124241  113.8882
4712.97128700339  117.4108
4713.13760276437  67.81997
4713.30391852536  92.86568
4713.47023428634  31.96105
4713.63655004732  54.61432
4713.80286580831  111.1626
4713.96918156929  98.81741
4714.13549733027  83.07565
4714.30181309125  128.8262
4714.46812885224  91.01191
4714.63444461322  29.52119
4714.8007603742  29.21537
4714.96707613519  72.84254
4715.13339189617  23.23062
4715.29970765715  70.52354
4715.46602341813  76.43793
4715.63233917912  109.3979
4715.7986549401  138.7288
4715.96497070108  58.79307
4716.13128646207  18.27815
4716.29760222305  95.56234
4716.46391798403  98.92386
4716.63023374501  68.78783
4716.796549506  28.81849
4716.96286526698  33.06687
4717.12918102796  57.61128
4717.29549678894  90.92746
4717.46181254993  73.62573
4717.62812831091  39.9386
4717.79444407189  88.22903
4717.96075983288  82.39689
4718.12707559386  71.3708
4718.29339135484  15.07837
4718.45970711582  92.53576
4718.62602287681  85.25228
4718.79233863779  34.40218
4718.95865439877  23.78749
4719.12497015976  66.23573
4719.29128592074  50.80576
4719.45760168172  97.30209
4719.62391744271  64.15396
4719.79023320369  81.02649
4719.95654896467  74.86864
4720.12286472565  86.33569
4720.28918048664  19.15133
4720.45549624762  -10.15204
4720.6218120086  90.61253
4720.78812776959  121.1751
4720.95444353057  101.8143
4721.12075929155  88.19858
4721.28707505253  46.03122
4721.45339081352  33.79475
4721.6197065745  78.76485
4721.78602233548  64.45265
4721.95233809646  57.15653
4722.11865385745  35.98079
4722.28496961843  51.2944
4722.45128537941  78.78367
4722.6176011404  107.9616
4722.78391690138  50.12941
4722.95023266236  52.03905
4723.11654842334  86.43524
4723.28286418433  29.88218
4723.44917994531  61.69746
4723.61549570629  42.17908
4723.78181146728  50.34254
4723.94812722826  48.20626
4724.11444298924  50.05643
4724.28075875022  21.70608
4724.44707451121  44.6917
4724.61339027219  59.49689
4724.77970603317  52.33524
4724.94602179416  37.05655
4725.11233755514  -5.523208
4725.27865331612  16.51428
4725.4449690771  -4.381313
4725.61128483809  63.59534
4725.77760059907  118.4645
4725.94391636005  57.68581
4726.11023212104  45.17834
4726.27654788202  47.24139
4726.442863643  35.8063
4726.60917940398  18.7127
4726.77549516497  -6.563829
4726.94181092595  -18.04155
4727.10812668693  49.09673
4727.27444244792  46.63793
4727.4407582089  62.42186
4727.60707396988  50.27511
4727.77338973086  20.51497
4727.93970549185  49.11589
4728.10602125283  25.4204
4728.27233701381  17.04608
4728.4386527748  22.91539
4728.60496853578  49.98608
4728.77128429676  40.74642
4728.93760005774  25.56792
4729.10391581873  44.48122
4729.27023157971  5.911198
4729.43654734069  23.86115
4729.60286310168  28.18081
4729.76917886266  30.16021
4729.93549462364  71.46919
4730.10181038462  87.81018
4730.26812614561  -2.189346
4730.43444190659  9.807143
4730.60075766757  44.33582
4730.76707342855  23.85318
4730.93338918954  75.05025
4731.09970495052  31.38735
4731.2660207115  -1.215614
4731.43233647249  67.9203
4731.59865223347  82.61959
4731.76496799445  -4.315367
4731.93128375543  10.79892
4732.09759951642  75.11926
4732.2639152774  35.9721
4732.43023103838  -1.130997
4732.59654679937  33.18132
4732.76286256035  -28.95678
4732.92917832133  36.52399
4733.09549408231  44.92109
4733.2618098433  12.73152
4733.42812560428  -34.38625
4733.59444136526  6.691324
4733.76075712625  17.56729
4733.92707288723  -0.7437188
4734.09338864821  -6.808234
4734.25970440919  -1.026789
4734.42602017018  78.22538
4734.59233593116  48.08025
4734.75865169214  59.70084
4734.92496745313  27.63513
4735.09128321411  20.2521
4735.25759897509  3.870027
4735.42391473607  11.10609
4735.59023049706  -16.19305
4735.75654625804  -8.879801
4735.92286201902  81.15103
4736.08917778001  57.34178
4736.25549354099  42.93156
4736.42180930197  33.51791
4736.58812506295  10.49774
4736.75444082394  64.52905
4736.92075658492  45.70832
4737.0870723459  50.18386
4737.25338810689  52.08073
4737.41970386787  25.08336
4737.58601962885  54.96369
4737.75233538983  -7.008283
4737.91865115082  -5.397033
4738.0849669118  37.98542
4738.25128267278  42.54932
4738.41759843377  20.56633
4738.58391419475  41.07926
4738.75022995573  36.77173
4738.91654571671  38.75613
4739.0828614777  19.61699
4739.24917723868  -24.90433
4739.41549299966  -0.05946125
4739.58180876065  -24.90907
