4568.2183951447  -11.18474
4568.38531607557  -15.16942
4568.55223700644  -1.501084
4568.71915793731  -4.045182
4568.88607886818  -0.8607503
4569.05299979905  18.42881
4569.21992072992  29.38048
4569.38684166079  27.46181
4569.55376259166  -2.784009
4569.72068352253  16.31128
4569.88760445341  36.0714
4570.05452538428  36.19256
4570.22144631515  56.01967
4570.38836724602  53.13913
4570.55528817689  -24.6979
4570.72220910776  -53.41774
4570.88913003863  13.27286
4571.0560509695  28.67197
4571.22297190037  -6.986924
4571.38989283124  -9.323433
4571.55681376211  28.3711
4571.72373469298  38.72499
4571.89065562385  1.579041
4572.05757655472  -9.314813
4572.22449748559  17.93799
4572.39141841646  -0.2594573
4572.55833934733  9.814978
4572.7252602782  14.11522
4572.89218120908  9.35423
4573.05910213995  49.36978
4573.22602307082  58.3968
4573.39294400169  18.92993
4573.55986493256  -17.38126
4573.72678586343  15.8695
4573.8937067943  37.88683
4574.06062772517  32.21439
4574.22754865604  36.1598
4574.39446958691  28.72527
4574.56139051778  1.877578
4574.72831144865  7.253705
4574.89523237952  29.96774
4575.06215331039  64.5004
4575.22907424126  38.54754
4575.39599517213  11.87799
4575.562916103  3.59676
4575.72983703387  -13.72552
4575.89675796475  -11.35416
4576.06367889562  16.06618
4576.23059982649  8.355198
4576.39752075736  -16.23622
4576.56444168823  25.46974
4576.7313626191  -17.39184
4576.89828354997  -35.4809
4577.06520448084  11.94816
4577.23212541171  28.67843
4577.39904634258  33.86316
4577.56596727345  46.66193
4577.73288820432  10.73173
4577.89980913519  20.89964
4578.06673006606  -9.675421
4578.23365099693  -3.059979
4578.4005719278  37.5044
4578.56749285868  6.530141
4578.73441378955  0.7027406
4578.90133472042  38.45352
4579.06825565129  20.19538
4579.23517658216  0.420088
4579.40209751303  -7.206657
4579.5690184439  17.26063
4579.73593937477  5.538759
4579.90286030564  13.16166
4580.06978123651  39.10852
4580.23670216738  31.47925
4580.40362309825  38.75134
4580.57054402912  43.88137
4580.73746495999  25.65078
4580.90438589086  45.42785
4581.07130682173  42.14323
4581.2382277526  19.64884
4581.40514868347  26.01023
4581.57206961435  -1.983205
4581.73899054522  -3.292134
4581.90591147609  1.624244
4582.07283240696  0.04742327
4582.23975333783  23.88849
4582.4066742687  41.06855
4582.57359519957  42.69378
4582.74051613044  48.8445
4582.90743706131  5.54337
4583.07435799218  -16.77527
4583.24127892305  14.67855
4583.40819985392  41.24061
4583.57512078479  35.05996
4583.74204171566  36.4908
4583.90896264653  42.93497
4584.0758835774  45.75675
4584.24280450827  23.1049
4584.40972543914  31.45807
4584.57664637002  55.82215
4584.74356730089  0.5423446
4584.91048823176  10.74726
4585.07740916263  23.36956
4585.2443300935  34.85069
4585.41125102437  4.395985
4585.57817195524  18.95667
4585.74509288611  30.74995
4585.91201381698  42.99604
4586.07893474785  38.78082
4586.24585567872  25.87647
4586.41277660959  28.12
4586.57969754046  49.2695
4586.74661847133  82.50307
4586.9135394022  52.43324
4587.08046033307  7.275041
4587.24738126394  52.06851
4587.41430219481  72.49896
4587.58122312569  19.84269
4587.74814405656  5.726635
4587.91506498743  22.43596
4588.0819859183  25.79141
4588.24890684917  1.279885
4588.41582778004  -2.254293
4588.58274871091  16.12405
4588.74966964178  29.60219
4588.91659057265  35.80287
4589.08351150352  9.538641
4589.25043243439  6.713311
4589.41735336526  25.04594
4589.58427429613  39.58918
4589.751195227  31.83771
4589.91811615787  10.32978
4590.08503708874  12.44525
4590.25195801961  43.59413
4590.41887895049  69.17377
4590.58579988136  39.40357
4590.75272081223  21.73274
4590.9196417431  42.10068
4591.08656267397  58.45943
4591.25348360484  49.13745
4591.42040453571  -4.920122
4591.58732546658  -23.04734
4591.75424639745  18.07302
4591.92116732832  37.42508
4592.08808825919  32.79202
4592.25500919006  69.40614
4592.42193012093  61.88733
4592.5888510518  41.08356
4592.75577198267  15.26844
4592.92269291354  15.9933
4593.08961384441  -3.331854
4593.25653477529  10.14906
4593.42345570615  30.19928
4593.59037663703  23.24728
4593.7572975679  49.85246
4593.92421849877  64.3642
4594.09113942964  47.94908
4594.25806036051  38.10999
4594.42498129138  12.75582
4594.59190222225  0.4225152
4594.75882315312  86.01556
4594.92574408399  42.95952
4595.09266501486  42.69999
4595.25958594573  40.08871
4595.4265068766  75.9081
4595.59342780747  22.30838
4595.76034873834  34.40582
4595.92726966921  57.95383
4596.09419060009  47.52826
4596.26111153096  41.95037
4596.42803246183  12.14276
4596.5949533927  13.23764
4596.76187432357  21.53337
4596.92879525444  -4.392157
4597.09571618531  35.5958
4597.26263711618  70.65918
4597.42955804705  44.9618
4597.59647897792  40.29157
4597.76339990879  33.10538
4597.93032083966  27.33066
4598.09724177053  48.3381
4598.2641627014  87.99665
4598.43108363227  56.98037
4598.59800456314  50.58602
4598.76492549401  57.943
4598.93184642488  17.08758
4599.09876735575  38.45686
4599.26568828663  43.06292
4599.4326092175  37.55837
4599.59953014837  60.52005
4599.76645107924  35.76059
4599.93337201011  34.59028
4600.10029294098  48.15758
4600.26721387185  21.44927
4600.43413480272  -3.16957
4600.60105573359  40.91319
4600.76797666446  64.53094
4600.93489759533  8.443722
4601.1018185262  12.67217
4601.26873945707  51.88321
4601.43566038794  56.53063
4601.60258131881  18.77254
4601.76950224968  48.92128
4601.93642318055  58.69159
4602.10334411143  42.20212
4602.2702650423  20.52943
4602.43718597317  27.63363
4602.60410690404  33.51514
4602.77102783491  33.78942
4602.93794876578  20.15768
4603.10486969665  27.41565
4603.27179062752  66.47186
4603.43871155839  58.3916
4603.60563248926  44.59694
4603.77255342013  21.45399
4603.939474351  -4.801665
4604.10639528187  39.33538
4604.27331621274  52.27231
4604.44023714361  22.90948
4604.60715807448  -1.63296
4604.77407900535  25.79705
4604.94099993623  54.21376
4605.1079208671  21.29637
4605.27484179797  49.39087
4605.44176272884  48.70972
4605.60868365971  61.93482
4605.77560459058  67.72328
4605.94252552145  36.71664
4606.10944645232  36.71152
4606.27636738319  63.71497
4606.44328831406  57.65056
4606.61020924493  45.4159
4606.7771301758  45.52275
4606.94405110667  41.99372
4607.11097203754  58.07938
4607.27789296841  36.42403
4607.44481389928  17.53141
4607.61173483015  66.50211
4607.77865576102  30.99496
4607.9455766919  21.90491
4608.11249762277  48.06911
4608.27941855364  35.5531
4608.44633948451  35.81648
4608.61326041538  79.84214
4608.78018134625  77.24234
4608.94710227712  60.7609
4609.11402320799  16.56108
4609.28094413886  26.39008
4609.44786506973  13.45852
4609.6147860006  26.24816
4609.78170693147  59.36968
4609.94862786234  49.5538
4610.11554879321  23.74511
4610.28246972408  39.77802
4610.44939065495  39.41076
4610.61631158582  51.99014
4610.78323251669  57.34234
4610.95015344757  62.863
4611.11707437844  50.83776
4611.28399530931  31.18599
4611.45091624018  53.30666
4611.61783717105  34.83491
4611.78475810192  14.87381
4611.95167903279  53.78687
4612.11859996366  70.75311
4612.28552089453  82.87209
4612.4524418254  73.44159
4612.61936275627  92.7495
4612.78628368714  116.8104
4612.95320461801  71.63951
4613.12012554888  75.92013
4613.28704647975  63.50251
4613.45396741062  98.22811
4613.62088834149  35.62688
4613.78780927236  37.01258
4613.95473020324  49.05766
4614.12165113411  64.82964
4614.28857206498  32.65781
4614.45549299585  35.388
4614.62241392672  6.924278
4614.78933485759  -4.066568
4614.95625578846  57.32206
4615.12317671933  85.76761
4615.2900976502  58.70721
4615.45701858107  18.33706
4615.62393951194  0.1291742
4615.79086044281  32.02021
4615.95778137368  26.60638
4616.12470230455  28.10644
4616.29162323542  47.37887
4616.45854416629  34.56504
4616.62546509716  64.78481
4616.79238602804  64.73751
4616.95930695891  22.15855
4617.12622788978  45.80362
4617.29314882065  70.63792
4617.46006975152  68.89541
4617.62699068239  38.48871
4617.79391161326  34.67486
4617.96083254413  54.8112
4618.127753475  35.24554
4618.29467440587  37.98999
4618.46159533674  57.34541
4618.62851626761  19.08564
4618.79543719848  25.74972
4618.96235812935  59.87547
4619.12927906022  33.97029
4619.29619999109  47.70502
4619.46312092196  68.78957
4619.63004185283  55.0918
4619.79696278371  31.53031
4619.96388371458  3.830425
4620.13080464545  19.63593
4620.29772557632  40.67799
4620.46464650719  54.95564
4620.63156743806  32.72552
4620.79848836893  62.07266
4620.9654092998  48.66561
4621.13233023067  17.55628
4621.29925116154  48.26976
4621.46617209241  49.77335
4621.63309302328  35.19509
4621.80001395415  82.94685
4621.96693488502  70.08887
4622.13385581589  56.46523
4622.30077674676  72.21941
4622.46769767763  52.75098
4622.63461860851  32.82287
4622.80153953938  31.72538
4622.96846047025  69.50175
4623.13538140112  70.91613
4623.30230233199  70.88042
4623.46922326286  92.54996
4623.63614419373  82.60851
4623.8030651246  44.08311
4623.96998605547  32.82663
4624.13690698634  104.7975
4624.30382791721  102.401
4624.47074884808  59.17086
4624.63766977895  69.32976
4624.80459070982  91.93381
4624.97151164069  87.16768
4625.13843257156  39.25953
4625.30535350243  63.12093
4625.4722744333  55.40063
4625.63919536418  79.20708
4625.80611629505  68.87634
4625.97303722592  78.82738
4626.13995815679  47.2075
4626.30687908766  34.00504
4626.47380001853  44.23657
4626.6407209494  83.94458
4626.80764188027  65.50117
4626.97456281114  67.1666
4627.14148374201  30.76146
4627.30840467288  55.61545
4627.47532560375  55.60437
4627.64224653462  17.84783
4627.80916746549  59.16256
4627.97608839636  50.54956
4628.14300932723  32.68886
4628.3099302581  55.01024
4628.47685118898  41.92808
4628.64377211985  22.78189
4628.81069305072  55.29791
4628.97761398159  62.52634
4629.14453491246  52.61208
4629.31145584333  38.54577
4629.4783767742  32.61462
4629.64529770507  53.47279
4629.81221863594  58.31681
4629.97913956681  57.84293
4630.14606049768  62.91345
4630.31298142855  71.38243
4630.47990235942  63.6281
4630.64682329029  53.43966
4630.81374422116  64.58787
4630.98066515203  44.64466
4631.1475860829  29.21946
4631.31450701377  72.57275
4631.48142794464  69.3156
4631.64834887552  35.61368
4631.81526980639  60.31797
4631.98219073726  56.19138
4632.14911166813  51.49303
4632.316032599  23.05097
4632.48295352987  37.58221
4632.64987446074  50.20528
4632.81679539161  85.98882
4632.98371632248  89.58275
4633.15063725335  77.12265
4633.31755818422  22.59451
4633.48447911509  80.24153
4633.65140004596  41.78483
4633.81832097683  34.17802
4633.9852419077  67.30951
4634.15216283857  89.15639
4634.31908376945  57.49227
4634.48600470032  36.23321
4634.65292563119  56.65146
4634.81984656206  52.35263
4634.98676749293  47.97511
4635.1536884238  71.29561
4635.32060935467  82.10764
4635.48753028554  79.72095
4635.65445121641  73.02005
4635.82137214728  72.62945
4635.98829307815  87.56949
4636.15521400902  54.13546
4636.32213493989  42.49847
4636.48905587076  49.91459
4636.65597680163  28.69684
4636.8228977325  50.18433
4636.98981866338  66.13344
4637.15673959424  78.05035
4637.32366052512  78.14883
4637.49058145599  55.08589
4637.65750238686  38.63103
4637.82442331773  49.33034
4637.9913442486  39.58741
4638.15826517947  39.30151
4638.32518611034  64.30246
4638.49210704121  61.68926
4638.65902797208  80.0846
4638.82594890295  62.48255
4638.99286983382  41.42109
4639.15979076469  63.3117
4639.32671169556  59.901
4639.49363262643  52.87796
4639.6605535573  62.772
4639.82747448817  61.78855
4639.99439541904  57.01183
4640.16131634992  66.1328
4640.32823728079  52.80165
4640.49515821166  48.84603
4640.66207914253  91.58232
4640.8290000734  116.3072
4640.99592100427  89.75004
4641.16284193514  84.50474
4641.32976286601  103.1367
4641.49668379688  88.34177
4641.66360472775  65.46947
4641.83052565862  62.87684
4641.99744658949  93.87069
4642.16436752036  95.10113
4642.33128845123  90.89394
4642.4982093821  111.8463
4642.66513031297  123.468
4642.83205124384  100.2473
4642.99897217472  59.25475
4643.16589310558  65.95448
4643.33281403646  91.44761
4643.49973496733  88.20582
4643.6666558982  96.34334
4643.83357682907  71.17805
4644.00049775994  108.4757
4644.16741869081  68.09377
4644.33433962168  44.15649
4644.50126055255  41.86988
4644.66818148342  86.43412
4644.83510241429  104.5834
4645.00202334516  92.32547
4645.16894427603  84.75819
4645.3358652069  68.10755
4645.50278613777  72.29219
4645.66970706864  104.9137
4645.83662799951  88.53349
4646.00354893039  85.86617
4646.17046986126  71.50344
4646.33739079213  63.33173
4646.504311723  59.23075
4646.67123265387  75.49616
4646.83815358474  54.85011
4647.00507451561  59.35513
4647.17199544648  74.77407
4647.33891637735  50.41434
4647.50583730822  82.51684
4647.67275823909  58.68811
4647.83967916996  33.20542
4648.00660010083  49.41432
4648.1735210317  50.68502
4648.34044196257  68.89059
4648.50736289344  63.83606
4648.67428382432  75.85445
4648.84120475518  90.55547
4649.00812568606  107.8503
4649.17504661693  69.18299
4649.3419675478  58.88407
4649.50888847867  56.60241
4649.67580940954  92.50805
4649.84273034041  58.33211
4650.00965127128  33.41553
4650.17657220215  49.22578
4650.34349313302  46.2476
4650.51041406389  42.47557
4650.67733499476  31.29272
4650.84425592563  47.7529
4651.0111768565  38.62194
4651.17809778737  14.8228
4651.34501871824  103.3811
4651.51193964911  59.52016
4651.67886057998  69.13467
4651.84578151085  61.20201
4652.01270244173  106.4969
4652.1796233726  59.20719
4652.34654430347  59.32557
4652.51346523434  54.23469
4652.68038616521  82.28259
4652.84730709608  101.9642
4653.01422802695  75.00657
4653.18114895782  65.07763
4653.34806988869  81.46469
4653.51499081956  55.12641
4653.68191175043  62.66948
4653.8488326813  53.56611
4654.01575361217  45.94133
4654.18267454304  67.15148
4654.34959547391  81.13621
4654.51651640478  80.2048
4654.68343733565  99.64658
4654.85035826652  54.59767
4655.0172791974  74.66925
4655.18420012827  70.16982
4655.35112105914  87.67482
4655.51804199001  114.1877
4655.68496292088  98.0574
4655.85188385175  48.37716
4656.01880478262  47.52208
4656.18572571349  61.45785
4656.35264664436  53.56497
4656.51956757523  83.93927
4656.6864885061  90.67982
4656.85340943697  61.41605
4657.02033036784  65.69907
4657.18725129871  97.01954
4657.35417222958  94.467
4657.52109316045  98.072
4657.68801409133  93.65155
4657.8549350222  114.1692
4658.02185595307  121.9076
4658.18877688394  93.72064
4658.35569781481  74.69698
4658.52261874568  96.08801
4658.68953967655  88.09277
4658.85646060742  70.26804
4659.02338153829  61.68591
4659.19030246916  45.79825
4659.35722340003  34.9034
4659.5241443309  71.64519
4659.69106526177  93.83004
4659.85798619264  51.45272
4660.02490712351  72.22942
4660.19182805438  67.09202
4660.35874898525  74.90132
4660.52566991612  90.42228
4660.692590847  97.97301
4660.85951177787  66.90525
4661.02643270874  87.36597
4661.19335363961  59.43001
4661.36027457048  57.35021
4661.52719550135  29.8186
4661.69411643222  79.47117
4661.86103736309  60.98885
4662.02795829396  88.32848
4662.19487922483  87.83421
4662.3618001557  53.07642
4662.52872108657  84.45
4662.69564201744  28.24905
4662.86256294831  50.08905
4663.02948387918  60.58822
4663.19640481005  57.6044
4663.36332574092  45.72143
4663.5302466718  16.95585
4663.69716760267  51.72276
4663.86408853354  86.562
4664.03100946441  41.20339
4664.19793039528  94.01412
4664.36485132615  104.3832
4664.53177225702  57.84504
4664.69869318789  9.970094
4664.86561411876  56.76694
4665.03253504963  34.7435
4665.1994559805  52.09714
4665.36637691137  93.99007
4665.53329784224  113.3988
4665.70021877311  110.447
4665.86713970398  88.96703
4666.03406063485  62.41642
4666.20098156572  100.3886
4666.36790249659  85.24973
4666.53482342747  31.47959
4666.70174435834  71.63334
4666.86866528921  73.86729
4667.03558622008  76.07896
4667.20250715095  46.63171
4667.36942808182  54.29166
4667.53634901269  87.93659
4667.70326994356  72.34541
4667.87019087443  66.47552
4668.0371118053  34.728
4668.20403273617  81.22998
4668.37095366704  129.0881
4668.53787459791  105.9348
4668.70479552878  90.43326
4668.87171645965  55.57557
4669.03863739052  43.26838
4669.20555832139  106.9322
4669.37247925227  122.1754
4669.53940018314  79.54362
4669.70632111401  59.45502
4669.87324204488  91.57396
4670.04016297575  98.28718
4670.20708390662  71.45858
4670.37400483749  84.06282
4670.54092576836  74.33402
4670.70784669923  39.20181
4670.8747676301  80.16037
4671.04168856097  92.14544
4671.20860949184  41.39403
4671.37553042271  45.12183
4671.54245135358  66.20189
4671.70937228445  80.77175
4671.87629321532  94.6612
4672.04321414619  73.90862
4672.21013507706  71.00921
4672.37705600794  105.1637
4672.54397693881  112.6487
4672.71089786968  76.11705
4672.87781880055  17.10043
4673.04473973142  39.59187
4673.21166066229  54.80472
4673.37858159316  89.22426
4673.54550252403  135.0698
4673.7124234549  95.8508
4673.87934438577  88.43444
4674.04626531664  48.66098
4674.21318624751  48.62308
4674.38010717838  84.16209
4674.54702810925  79.30675
4674.71394904012  75.39197
4674.88086997099  103.0328
4675.04779090186  86.14533
4675.21471183274  89.53967
4675.38163276361  71.77782
4675.54855369448  84.02661
4675.71547462535  87.64478
4675.88239555622  53.22646
4676.04931648709  58.90471
4676.21623741796  104.468
4676.38315834883  70.0551
4676.5500792797  77.07024
4676.71700021057  59.10589
4676.88392114144  87.93921
4677.05084207231  131.6861
4677.21776300318  117.3242
4677.38468393405  59.17546
4677.55160486492  85.10009
4677.71852579579  67.842
4677.88544672666  76.01601
4678.05236765753  90.56073
4678.2192885884  96.50214
4678.38620951928  101.2977
4678.55313045015  111.9674
4678.72005138102  97.94939
4678.88697231189  55.29751
4679.05389324276  107.6393
4679.22081417363  111.7513
4679.3877351045  104.3993
4679.55465603537  129.1495
4679.72157696624  116.3353
4679.88849789711  125.7934
4680.05541882798  118.8565
4680.22233975885  113.4566
4680.38926068972  68.50228
4680.55618162059  97.095
4680.72310255146  96.02285
4680.89002348233  101.4507
4681.05694441321  130.5762
4681.22386534408  115.715
4681.39078627494  117.8397
4681.55770720582  85.64149
4681.72462813669  121.6627
4681.89154906756  131.2696
4682.05846999843  114.9869
4682.2253909293  50.63201
4682.39231186017  63.80409
4682.55923279104  103.247
4682.72615372191  134.8089
4682.89307465278  132.8215
4683.05999558365  72.04967
4683.22691651452  73.80362
4683.39383744539  77.67551
4683.56075837626  59.67979
4683.72767930713  47.84961
4683.894600238  78.55998
4684.06152116888  62.49401
4684.22844209975  70.26431
4684.39536303062  67.04102
4684.56228396149  75.76386
4684.72920489236  68.28424
4684.89612582323  44.17591
4685.0630467541  77.90929
4685.22996768497  125.5149
4685.39688861584  92.5991
4685.56380954671  38.20086
4685.73073047758  36.74238
4685.89765140845  66.93216
4686.06457233932  72.01592
4686.23149327019  88.72085
4686.39841420106  109.6576
4686.56533513193  109.2766
4686.7322560628  75.44792
4686.89917699368  67.96917
4687.06609792455  93.24517
4687.23301885542  120.6849
4687.39993978629  80.87634
4687.56686071716  45.46838
4687.73378164803  52.8739
4687.9007025789  84.63944
4688.06762350977  60.5509
4688.23454444064  80.77094
4688.40146537151  62.13551
4688.56838630238  97.10401
4688.73530723325  99.16537
4688.90222816412  68.85257
4689.06914909499  81.62423
4689.23607002586  68.54443
4689.40299095673  65.51067
4689.5699118876  89.51248
4689.73683281847  95.92873
4689.90375374934  68.12265
4690.07067468022  75.03827
4690.23759561109  105.1817
4690.40451654196  112.5279
4690.57143747283  84.26638
4690.7383584037  67.9425
4690.90527933457  34.15123
4691.07220026544  45.39289
4691.23912119631  63.71243
4691.40604212718  49.01215
4691.57296305805  63.91887
4691.73988398892  68.11562
4691.90680491979  70.57197
4692.07372585066  70.59286
4692.24064678153  63.33948
4692.4075677124  67.22301
4692.57448864327  67.63168
4692.74140957414  38.75423
4692.90833050502  79.31673
4693.07525143589  43.03666
4693.24217236676  53.08371
4693.40909329763  65.40198
4693.5760142285  58.23883
4693.74293515937  35.57756
4693.90985609024  58.65652
4694.07677702111  93.40643
4694.24369795198  96.09335
4694.41061888285  107.6646
4694.57753981372  56.49343
4694.74446074459  46.40972
4694.91138167546  66.71018
4695.07830260633  42.77262
4695.2452235372  39.11486
4695.41214446807  24.66077
4695.57906539894  61.74646
4695.74598632982  84.6599
4695.91290726069  36.27639
4696.07982819156  18.93369
4696.24674912243  47.64112
4696.4136700533  68.80107
4696.58059098417  27.97002
4696.74751191504  16.4334
4696.91443284591  73.33118
4697.08135377678  52.37566
4697.24827470765  19.92196
4697.41519563852  49.06606
4697.58211656939  60.07026
4697.74903750026  102.7222
4697.91595843113  86.99772
4698.082879362  75.74603
4698.24980029287  36.51022
4698.41672122374  39.91513
4698.58364215462  36.92937
4698.75056308549  49.00225
4698.91748401636  69.42768
4699.08440494723  61.71636
4699.2513258781  49.67621
4699.41824680897  27.69855
4699.58516773984  63.50147
4699.75208867071  42.18344
4699.91900960158  50.3923
4700.08593053245  45.75186
4700.25285146332  39.97976
4700.41977239419  40.10961
4700.58669332506  66.47007
4700.75361425593  9.635744
4700.9205351868  42.10471
4701.08745611767  56.53879
4701.25437704854  14.63698
4701.42129797942  22.8591
4701.58821891028  18.56133
4701.75513984116  31.22089
4701.92206077203  25.29681
4702.0889817029  25.34953
4702.25590263377  49.12857
4702.42282356464  43.52554
4702.58974449551  25.822
4702.75666542638  50.60969
4702.92358635725  35.91687
4703.09050728812  14.49216
4703.25742821899  58.15865
4703.42434914986  31.0948
4703.59127008073  21.18028
4703.7581910116  32.97779
4703.92511194247  55.78848
4704.09203287334  78.49525
4704.25895380421  58.47509
4704.42587473508  27.81668
4704.59279566596  35.97441
4704.75971659683  66.62428
4704.9266375277  55.15466
4705.09355845857  8.948944
4705.26047938944  52.53497
4705.42740032031  26.81331
4705.59432125118  13.73056
4705.76124218205  42.90189
4705.92816311292  88.48441
4706.09508404379  65.19649
4706.26200497466  34.16787
4706.42892590553  22.5715
4706.5958468364  1.781309
4706.76276776727  49.10781
4706.92968869814  63.17857
4707.09660962901  35.23542
4707.26353055988  19.60675
4707.43045149076  -3.645481
4707.59737242163  3.284486
4707.7642933525  67.5796
4707.93121428337  35.99368
4708.09813521424  21.17974
4708.26505614511  34.97434
4708.43197707598  34.76807
4708.59889800685  38.11609
4708.76581893772  -2.801303
4708.93273986859  33.18571
4709.09966079946  67.90347
4709.26658173033  22.76936
4709.4335026612  37.75668
4709.60042359207  45.2262
4709.76734452294  53.45098
4709.93426545381  52.13804
4710.10118638468  26.18392
4710.26810731556  18.72021
4710.43502824643  29.74119
4710.6019491773  55.50692
4710.76887010817  26.52808
4710.93579103904  16.9367
4711.10271196991  -1.837471
4711.26963290078  36.89249
4711.43655383165  36.2111
4711.60347476252  -12.94606
4711.77039569339  9.002556
4711.93731662426  34.05408
4712.10423755513  7.391152
4712.271158486  36.68141
4712.43807941687  39.17329
4712.60500034774  -1.809877
4712.77192127861  23.45873
4712.93884220948  48.15025
4713.10576314036  18.52288
4713.27268407122  -0.7628083
4713.4396050021  -10.61767
4713.60652593297  45.07611
4713.77344686384  17.61798
4713.94036779471  39.07899
4714.10728872558  71.27932
4714.27420965645  44.84568
4714.44113058732  28.62846
4714.60805151819  32.00908
4714.77497244906  21.77356
4714.94189337993  48.94456
4715.1088143108  30.27342
4715.27573524167  5.289337
4715.44265617254  35.3229
4715.60957710341  48.17597
4715.77649803428  9.196511
4715.94341896515  -11.93676
4716.11033989602  35.67882
4716.27726082689  42.57207
4716.44418175777  4.534792
4716.61110268864  -8.572995
4716.77802361951  30.43427
4716.94494455038  60.71715
4717.11186548125  34.35992
4717.27878641212  -14.07667
4717.44570734299  23.81984
4717.61262827386  1.022878
4717.77954920473  8.978851
4717.9464701356  38.71823
4718.11339106647  -2.562723
4718.28031199734  7.497365
4718.44723292821  3.580723
4718.61415385908  42.73853
4718.78107478995  41.38213
4718.94799572082  27.36522
4719.1149166517  36.80305
4719.28183758257  4.065224
4719.44875851343  40.43468
4719.61567944431  57.90484
4719.78260037518  12.0034
4719.94952130605  3.34618
4720.11644223692  41.03021
4720.28336316779  21.6479
4720.45028409866  24.95513
4720.61720502953  32.14958
4720.7841259604  3.515065
4720.95104689127  -7.137548
4721.11796782214  47.13358
4721.28488875301  32.86531
4721.45180968388  31.19398
4721.61873061475  35.61086
4721.78565154562  48.49166
4721.95257247649  15.62309
4722.11949340737  49.10093
4722.28641433824  24.54679
4722.45333526911  5.337172
4722.62025619998  1.577403
4722.78717713085  43.61219
4722.95409806172  2.622098
4723.12101899259  -0.5847409
4723.28793992346  17.46382
4723.45486085433  40.60707
4723.6217817852  -7.500551
4723.78870271607  14.81655
4723.95562364694  22.60939
4724.12254457781  0.3468418
4724.28946550868  11.44377
4724.45638643955  -8.9714
4724.62330737042  -11.64517
4724.79022830129  -15.23044
4724.95714923217  47.8518
4725.12407016304  31.0371
4725.29099109391  -6.975527
4725.45791202478  13.46787
4725.62483295565  36.08325
4725.79175388652  2.11678
4725.95867481739  19.58387
4726.12559574826  38.47272
4726.29251667913  24.1383
4726.45943761  35.80393
4726.62635854087  59.40666
4726.79327947174  12.47808
4726.96020040261  7.796104
4727.12712133348  13.58045
4727.29404226435  0.1951863
4727.46096319522  10.53116
4727.62788412609  31.19857
4727.79480505696  5.936739
4727.96172598783  -3.086662
4728.12864691871  23.17921
4728.29556784958  5.072437
4728.46248878045  7.419848
4728.62940971132  9.415423
4728.79633064219  4.338869
4728.96325157306  3.521615
4729.13017250393  -0.7051597
4729.2970934348  6.718436
4729.46401436567  -5.851397
4729.63093529654  38.72293
4729.79785622741  32.97309
4729.96477715828  2.231979
4730.13169808915  5.485159
4730.29861902002  20.64495
4730.46553995089  18.80792
4730.63246088176  26.52232
4730.79938181263  25.51233
4730.96630274351  13.15194
4731.13322367437  27.18287
4731.30014460525  19.22305
4731.46706553612  23.69736
4731.63398646699  20.76672
4731.80090739786  -26.00942
4731.96782832873  1.066388
4732.1347492596  34.06294
4732.30167019047  5.228887
4732.46859112134  22.60238
4732.63551205221  -16.5807
4732.80243298308  -13.42974
4732.96935391395  37.52078
4733.13627484482  12.91307
4733.30319577569  8.284339
4733.47011670656  7.411429
4733.63703763743  -18.19594
4733.80395856831  0.389433
4733.97087949918  12.29751
4734.13780043005  13.85039
4734.30472136092  17.92727
4734.47164229179  50.23604
4734.63856322266  16.36449
4734.80548415353  0.9488361
4734.9724050844  24.73999
4735.13932601527  34.94714
4735.30624694614  13.05581
4735.47316787701  2.981966
4735.64008880788  7.042407
4735.80700973875  10.37029
4735.97393066962  22.76963
4736.14085160049  -19.39537
4736.30777253136  -2.939063
4736.47469346223  3.292036
4736.64161439311  11.45705
4736.80853532398  -5.684277
4736.97545625485  -16.496
4737.14237718572  33.31176
4737.30929811659  -14.30697
4737.47621904746  -0.01648447
4737.64313997833  12.5772
4737.8100609092  -10.3036
4737.97698184007  -1.728628
4738.14390277094  7.919083
4738.31082370181  16.12916
4738.47774463268  10.88293
4738.64466556355  19.79962
4738.81158649442  21.04017
4738.97850742529  -4.288753
