4568.9856467693  2.739554
4569.15213275028  22.25637
4569.31861873127  3.986882
4569.48510471225  -8.626431
4569.65159069324  -13.13402
4569.81807667422  32.89543
4569.98456265521  28.41336
4570.15104863619  -2.812338
4570.31753461718  34.36755
4570.48402059816  63.28535
4570.65050657915  45.29836
4570.81699256013  31.13534
4570.98347854112  10.47734
4571.1499645221  16.03742
4571.31645050309  -1.075677
4571.48293648407  18.23818
4571.64942246505  29.85063
4571.81590844604  26.09607
4571.98239442702  16.60365
4572.14888040801  -14.24707
4572.31536638899  -37.44271
4572.48185236998  7.685341
4572.64833835096  20.80035
4572.81482433195  5.217032
4572.98131031293  40.50253
4573.14779629392  5.49261
4573.3142822749  8.031275
4573.48076825589  4.416681
4573.64725423687  18.86428
4573.81374021785  -2.319196
4573.98022619884  -6.200264
4574.14671217982  -2.409598
4574.31319816081  -3.411336
4574.47968414179  40.31988
4574.64617012278  40.98083
4574.81265610376  12.73992
4574.97914208475  31.97196
4575.14562806573  50.36616
4575.31211404672  55.73126
4575.4786000277  48.09962
4575.64508600869  28.074
4575.81157198967  45.01484
4575.97805797065  13.03782
4576.14454395164  -16.43502
4576.31102993262  12.76709
4576.47751591361  43.29351
4576.64400189459  51.31173
4576.81048787558  42.06569
4576.97697385656  53.48857
4577.14345983755  44.58127
4577.30994581853  5.54006
4577.47643179952  3.07197
4577.6429177805  24.27971
4577.80940376149  38.76247
4577.97588974247  25.83837
4578.14237572345  -21.63913
4578.30886170444  -28.09653
4578.47534768542  -18.96287
4578.64183366641  24.89031
4578.80831964739  13.55607
4578.97480562838  26.13915
4579.14129160936  50.77027
4579.30777759035  45.64494
4579.47426357133  44.92079
4579.64074955232  43.46022
4579.8072355333  12.48903
4579.97372151429  20.00914
4580.14020749527  53.43611
4580.30669347626  7.846731
4580.47317945724  23.97064
4580.63966543823  27.51204
4580.80615141921  14.45161
4580.97263740019  18.80882
4581.13912338118  45.50801
4581.30560936216  60.83358
4581.47209534315  27.67417
4581.63858132413  15.42516
4581.80506730512  28.28615
4581.9715532861  21.02699
4582.13803926709  -12.88761
4582.30452524807  -0.9819109
4582.47101122906  38.13211
4582.63749721004  -3.680838
4582.80398319103  11.90172
4582.97046917201  41.44552
4583.136955153  -21.2156
4583.30344113398  -12.04283
4583.46992711496  27.42549
4583.63641309595  14.18905
4583.80289907693  39.37215
4583.96938505792  22.31527
4584.1358710389  26.86023
4584.30235701989  56.82327
4584.46884300087  42.00915
4584.63532898186  18.26754
4584.80181496284  30.01146
4584.96830094383  61.08146
4585.13478692481  65.24131
4585.3012729058  48.14971
4585.46775888678  47.38597
4585.63424486777  39.83811
4585.80073084875  25.17179
4585.96721682973  -2.78333
4586.13370281072  11.77988
4586.3001887917  24.83165
4586.46667477269  14.37779
4586.63316075367  37.79123
4586.79964673466  63.42618
4586.96613271564  47.44479
4587.13261869663  39.74465
4587.29910467761  48.15652
4587.4655906586  41.25352
4587.63207663958  47.83321
4587.79856262057  62.52029
4587.96504860155  61.31032
4588.13153458253  53.03195
4588.29802056352  32.08623
4588.4645065445  -5.134844
4588.63099252549  41.71541
4588.79747850647  31.31295
4588.96396448746  27.29384
4589.13045046844  55.83199
4589.29693644943  39.05749
4589.46342243041  9.82364
4589.6299084114  27.91754
4589.79639439238  60.43631
4589.96288037336  42.79617
4590.12936635435  54.48407
4590.29585233534  100.603
4590.46233831632  45.56853
4590.6288242973  78.64854
4590.79531027829  61.79546
4590.96179625927  68.68561
4591.12828224026  48.71678
4591.29476822124  32.3863
4591.46125420223  66.77335
4591.62774018321  26.87144
4591.7942261642  42.84347
4591.96071214518  71.25261
4592.12719812617  56.06733
4592.29368410715  62.8642
4592.46017008814  62.02291
4592.62665606912  55.04953
4592.7931420501  63.59788
4592.95962803109  60.87392
4593.12611401207  73.02401
4593.29259999306  38.18922
4593.45908597404  42.55338
4593.62557195503  79.45299
4593.79205793601  17.49411
4593.958543917  31.07371
4594.12502989798  67.93827
4594.29151587897  59.14002
4594.45800185995  45.17287
4594.62448784094  20.41748
4594.79097382192  44.26812
4594.95745980291  76.57381
4595.12394578389  84.33154
4595.29043176487  69.67886
4595.45691774586  36.36131
4595.62340372684  27.87137
4595.78988970783  23.26622
4595.95637568881  14.215
4596.1228616698  14.29184
4596.28934765078  36.4777
4596.45583363177  53.49657
4596.62231961275  13.38542
4596.78880559374  67.59985
4596.95529157472  59.82092
4597.12177755571  38.05264
4597.28826353669  34.10379
4597.45474951768  42.11185
4597.62123549866  82.08416
4597.78772147964  79.44256
4597.95420746063  39.78405
4598.12069344161  5.525383
4598.2871794226  35.73283
4598.45366540358  58.05129
4598.62015138457  15.71503
4598.78663736555  64.70078
4598.95312334654  55.38097
4599.11960932752  57.7345
4599.28609530851  86.29604
4599.45258128949  76.25822
4599.61906727048  61.31675
4599.78555325146  20.9518
4599.95203923244  31.03989
4600.11852521343  39.4254
4600.28501119441  35.40529
4600.4514971754  26.35861
4600.61798315638  51.33394
4600.78446913737  75.91904
4600.95095511835  64.21153
4601.11744109934  59.54536
4601.28392708032  67.65765
4601.45041306131  52.13781
4601.61689904229  33.23143
4601.78338502328  40.11416
4601.94987100426  38.22775
4602.11635698524  28.37862
4602.28284296623  50.05201
4602.44932894721  37.11687
4602.6158149282  18.28894
4602.78230090918  64.97807
4602.94878689017  67.85389
4603.11527287115  74.54482
4603.28175885214  30.83702
4603.44824483312  18.95663
4603.61473081411  37.811
4603.78121679509  41.06377
4603.94770277608  48.56915
4604.11418875706  41.62021
4604.28067473804  64.79826
4604.44716071903  75.35735
4604.61364670001  28.2883
4604.780132681  54.7768
4604.94661866198  92.32896
4605.11310464297  62.6249
4605.27959062395  61.8585
4605.44607660494  95.67779
4605.61256258592  58.81999
4605.77904856691  101.147
4605.94553454789  59.24434
4606.11202052888  70.08598
4606.27850650986  49.84195
4606.44499249085  48.45011
4606.61147847183  23.19061
4606.77796445282  72.04571
4606.9444504338  74.2328
4607.11093641479  45.60123
4607.27742239577  28.57075
4607.44390837675  33.12738
4607.61039435774  56.17414
4607.77688033872  44.44136
4607.94336631971  43.88825
4608.10985230069  54.66718
4608.27633828168  57.39627
4608.44282426266  97.94195
4608.60931024365  90.24424
4608.77579622463  54.60535
4608.94228220562  67.47185
4609.1087681866  67.1836
4609.27525416759  63.31514
4609.44174014857  17.44399
4609.60822612955  54.96548
4609.77471211054  96.37178
4609.94119809152  65.77415
4610.10768407251  35.24273
4610.27417005349  56.50534
4610.44065603448  86.45982
4610.60714201546  55.46391
4610.77362799645  40.59063
4610.94011397743  60.92429
4611.10659995842  56.89214
4611.2730859394  30.06402
4611.43957192039  36.99866
4611.60605790137  62.37738
4611.77254388235  54.69143
4611.93902986334  70.20225
4612.10551584432  40.96149
4612.27200182531  85.78664
4612.43848780629  51.82729
4612.60497378728  68.68365
4612.77145976826  66.15179
4612.93794574925  13.00927
4613.10443173023  53.86366
4613.27091771122  57.67913
4613.4374036922  74.15921
4613.60388967319  104.0103
4613.77037565417  68.05173
4613.93686163516  78.73769
4614.10334761614  74.99459
4614.26983359712  61.62474
4614.43631957811  54.41486
4614.60280555909  67.90173
4614.76929154008  72.23992
4614.93577752106  69.81309
4615.10226350205  75.68343
4615.26874948303  70.51582
4615.43523546402  79.98114
4615.601721445  42.07169
4615.76820742599  59.49756
4615.93469340697  60.36258
4616.10117938796  59.28671
4616.26766536894  81.00711
4616.43415134993  75.61776
4616.60063733091  78.80844
4616.76712331189  34.9682
4616.93360929288  66.30572
4617.10009527386  100.6437
4617.26658125485  77.25726
4617.43306723583  94.38361
4617.59955321682  103.9739
4617.7660391978  82.27126
4617.93252517879  81.58848
4618.09901115977  80.00795
4618.26549714076  86.44434
4618.43198312174  82.51553
4618.59846910272  92.36163
4618.76495508371  84.12881
4618.93144106469  43.64955
4619.09792704568  30.63163
4619.26441302666  39.62231
4619.43089900765  66.05393
4619.59738498863  94.56859
4619.76387096962  96.25778
4619.9303569506  44.66858
4620.09684293159  72.68346
4620.26332891257  39.92364
4620.42981489356  56.2014
4620.59630087454  98.00561
4620.76278685553  63.03899
4620.92927283651  65.03198
4621.09575881749  111.4758
4621.26224479848  77.47795
4621.42873077947  41.16261
4621.59521676045  73.73402
4621.76170274143  79.20002
4621.92818872242  125.1909
4622.0946747034  96.04868
4622.26116068439  74.55262
4622.42764666537  73.22961
4622.59413264636  91.94583
4622.76061862734  75.60151
4622.92710460833  56.25981
4623.09359058931  82.74275
4623.2600765703  79.95847
4623.42656255128  83.54513
4623.59304853227  87.05518
4623.75953451325  84.60059
4623.92602049423  125.2208
4624.09250647522  117.7421
4624.2589924562  112.1214
4624.42547843719  98.52931
4624.59196441817  70.19184
4624.75845039916  84.01754
4624.92493638014  64.71714
4625.09142236113  112.8524
4625.25790834211  160.447
4625.4243943231  83.54263
4625.59088030408  79.22777
4625.75736628507  65.71143
4625.92385226605  77.91178
4626.09033824703  119.2639
4626.25682422802  81.42757
4626.423310209  111.9696
4626.58979618999  104.262
4626.75628217097  103.0005
4626.92276815196  90.8076
4627.08925413294  62.15271
4627.25574011393  69.88142
4627.42222609491  102.8661
4627.5887120759  124.3943
4627.75519805688  114.7489
4627.92168403787  97.11147
4628.08817001885  107.6915
4628.25465599983  116.676
4628.42114198082  98.15327
4628.5876279618  89.43871
4628.75411394279  68.11219
4628.92059992377  62.36092
4629.08708590476  112.9356
4629.25357188574  109.5529
4629.42005786673  113.8245
4629.58654384771  111.4792
4629.7530298287  71.63412
4629.91951580968  90.41875
4630.08600179067  47.62849
4630.25248777165  91.56618
4630.41897375264  108.4708
4630.58545973362  85.77799
4630.7519457146  67.72647
4630.91843169559  93.80122
4631.08491767657  114.3542
4631.25140365756  113.763
4631.41788963854  55.44893
4631.58437561953  102.3081
4631.75086160051  123.9143
4631.9173475815  125.6837
4632.08383356248  84.07143
4632.25031954347  99.08583
4632.41680552445  101.8555
4632.58329150544  124.4753
4632.74977748642  103.9721
4632.91626346741  133.1228
4633.08274944839  86.66764
4633.24923542937  53.03426
4633.41572141036  104.3562
4633.58220739134  124.2315
4633.74869337233  98.87666
4633.91517935331  85.17728
4634.0816653343  84.26582
4634.24815131528  89.90956
4634.41463729627  86.30157
4634.58112327725  65.25426
4634.74760925824  110.1778
4634.91409523922  116.1048
4635.08058122021  67.86892
4635.24706720119  98.06371
4635.41355318217  109.9938
4635.58003916316  103.2059
4635.74652514414  108.5247
4635.91301112513  117.1154
4636.07949710611  131.1182
4636.2459830871  123.939
4636.41246906808  92.12973
4636.57895504907  73.66225
4636.74544103005  111.5019
4636.91192701104  112.8378
4637.07841299202  88.14707
4637.24489897301  92.5816
4637.41138495399  107.8935
4637.57787093498  117.4915
4637.74435691596  120.1542
4637.91084289695  84.21748
4638.07732887793  65.32997
4638.24381485891  112.5601
4638.4103008399  136.5775
4638.57678682088  95.47338
4638.74327280187  116.0721
4638.90975878285  92.79803
4639.07624476384  96.27781
4639.24273074482  111.7781
4639.40921672581  70.4028
4639.57570270679  61.28133
4639.74218868778  86.42619
4639.90867466876  144.5072
4640.07516064975  105.1013
4640.24164663073  73.89249
4640.40813261172  129.0419
4640.5746185927  98.20901
4640.74110457368  90.51868
4640.90759055467  100.6289
4641.07407653565  84.56861
4641.24056251664  96.02709
4641.40704849762  97.89873
4641.57353447861  75.26183
4641.74002045959  79.02862
4641.90650644058  98.77846
4642.07299242156  129.6505
4642.23947840255  144.3722
4642.40596438353  94.56688
4642.57245036452  96.03303
4642.7389363455  92.18513
4642.90542232648  64.78107
4643.07190830747  60.00196
4643.23839428845  85.4101
4643.40488026944  115.2195
4643.57136625042  139.5912
4643.73785223141  120.9406
4643.90433821239  106.8884
4644.07082419338  65.94808
4644.23731017436  119.4131
4644.40379615535  146.6039
4644.57028213633  87.76794
4644.73676811732  108.8378
4644.9032540983  160.5479
4645.06974007929  102.7002
4645.23622606027  122.8496
4645.40271204125  136.1701
4645.56919802224  109.4965
4645.73568400322  137.84
4645.90216998421  129.9081
4646.06865596519  122.0874
4646.23514194618  76.17
4646.40162792716  114.7885
4646.56811390815  98.04019
4646.73459988913  97.41586
4646.90108587012  107.8143
4647.0675718511  119.8294
4647.23405783208  103.3968
4647.40054381307  58.57618
4647.56702979405  70.2005
4647.73351577504  89.47076
4647.90000175602  98.31496
4648.06648773701  91.73589
4648.23297371799  50.04319
4648.39945969898  110.3407
4648.56594567996  115.8403
4648.73243166095  102.1714
4648.89891764193  103.7076
4649.06540362292  80.66505
4649.2318896039  91.48052
4649.39837558489  104.7298
4649.56486156587  71.62846
4649.73134754686  109.3867
4649.89783352784  101.0995
4650.06431950882  93.02501
4650.23080548981  96.65071
4650.39729147079  89.67173
4650.56377745178  81.25397
4650.73026343276  115.5999
4650.89674941375  138.9052
4651.06323539473  93.07397
4651.22972137572  124.2859
4651.3962073567  114.3704
4651.56269333769  120.3615
4651.72917931867  86.15929
4651.89566529966  108.2004
4652.06215128064  118.0455
4652.22863726163  112.0928
4652.39512324261  87.89179
4652.56160922359  77.31571
4652.72809520458  95.12961
4652.89458118556  120.9901
4653.06106716655  104.7534
4653.22755314753  80.48209
4653.39403912852  102.4504
4653.5605251095  108.9702
4653.72701109049  98.06739
4653.89349707147  121.906
4654.05998305246  109.9157
4654.22646903344  118.0533
4654.39295501442  106.2181
4654.55944099541  85.31784
4654.7259269764  90.16097
4654.89241295738  102.2637
4655.05889893836  145.8542
4655.22538491935  119.1483
4655.39187090033  97.17953
4655.55835688132  79.68464
4655.7248428623  70.97603
4655.89132884329  96.13062
4656.05781482427  111.3515
4656.22430080526  109.9817
4656.39078678624  109.6717
4656.55727276723  124.7678
4656.72375874821  119.2151
4656.89024472919  119.258
4657.05673071018  116.5754
4657.22321669116  108.5293
4657.38970267215  85.33964
4657.55618865313  104.1965
4657.72267463412  126.4269
4657.8891606151  113.917
4658.05564659609  125.6671
4658.22213257707  148.3484
4658.38861855806  108.6681
4658.55510453904  91.88958
4658.72159052003  145.5361
4658.88807650101  102.7293
4659.054562482  84.80171
4659.22104846298  94.26815
4659.38753444396  90.87694
4659.55402042495  103.7127
4659.72050640593  97.03366
4659.88699238692  134.3422
4660.0534783679  113.3666
4660.21996434889  73.9675
4660.38645032987  71.02943
4660.55293631086  130.4671
4660.71942229184  180.92
4660.88590827283  119.1057
4661.05239425381  91.19797
4661.2188802348  103.4927
4661.38536621578  124.0025
4661.55185219676  120.6263
4661.71833817775  80.15049
4661.88482415873  71.192
4662.05131013972  80.32344
4662.2177961207  82.40759
4662.38428210169  95.63813
4662.55076808267  85.27903
4662.71725406366  111.4588
4662.88374004464  130.9791
4663.05022602563  74.79079
4663.21671200661  55.38561
4663.3831979876  87.55196
4663.54968396858  108.2356
4663.71616994956  62.97663
4663.88265593055  75.4313
4664.04914191154  107.0411
4664.21562789252  94.39185
4664.3821138735  96.80762
4664.54859985449  96.87357
4664.71508583547  81.46761
4664.88157181646  98.67756
4665.04805779744  100.1463
4665.21454377843  89.66125
4665.38102975941  97.84628
4665.5475157404  104.4361
4665.71400172138  117.9052
4665.88048770237  120.9182
4666.04697368335  116.8954
4666.21345966434  109.2949
4666.37994564532  106.6559
4666.54643162631  128.4672
4666.71291760729  95.50476
4666.87940358827  86.59772
4667.04588956926  108.4797
4667.21237555024  112.4298
4667.37886153123  103.1605
4667.54534751221  108.8234
4667.7118334932  95.77403
4667.87831947418  120.9271
4668.04480545517  120.7669
4668.21129143615  105.3856
4668.37777741714  79.32259
4668.54426339812  85.75948
4668.71074937911  125.6395
4668.87723536009  110.7316
4669.04372134107  97.01285
4669.21020732206  113.4749
4669.37669330304  132.1814
4669.54317928403  103.8077
4669.70966526501  108.4708
4669.876151246  112.0291
4670.04263722698  128.164
4670.20912320797  47.50454
4670.37560918895  63.22819
4670.54209516994  90.46754
4670.70858115092  92.99912
4670.87506713191  96.39813
4671.04155311289  66.92573
4671.20803909387  113.8793
4671.37452507486  129.0956
4671.54101105584  95.85921
4671.70749703683  83.69958
4671.87398301781  68.48392
4672.0404689988  75.63693
4672.20695497978  58.31406
4672.37344096077  129.0617
4672.53992694175  107.157
4672.70641292274  92.75186
4672.87289890372  77.36325
4673.03938488471  124.9245
4673.20587086569  143.3697
4673.37235684668  134.5432
4673.53884282766  121.3585
4673.70532880864  116.6275
4673.87181478963  110.2082
4674.03830077061  100.0847
4674.2047867516  78.96079
4674.37127273258  97.3578
4674.53775871357  153.7348
4674.70424469455  95.38293
4674.87073067554  87.49683
4675.03721665652  106.5053
4675.20370263751  99.09557
4675.37018861849  141.7746
4675.53667459948  126.0293
4675.70316058046  134.9926
4675.86964656144  141.915
4676.03613254243  95.86429
4676.20261852341  103.0308
4676.3691045044  109.4073
4676.53559048538  160.1585
4676.70207646637  119.3218
4676.86856244735  104.5523
4677.03504842834  129.9686
4677.20153440932  147.6086
4677.36802039031  162.8211
4677.53450637129  137.7519
4677.70099235228  112.0147
4677.86747833326  114.327
4678.03396431425  137.2453
4678.20045029523  111.0448
4678.36693627621  121.7118
4678.5334222572  157.5563
4678.69990823819  136.5645
4678.86639421917  122.1219
4679.03288020015  173.8645
4679.19936618114  172.7633
4679.36585216212  159.8233
4679.53233814311  137.798
4679.69882412409  123.9581
4679.86531010508  102.8735
4680.03179608606  79.40148
4680.19828206705  107.3701
4680.36476804803  108.2933
4680.53125402902  135.726
4680.69774001  131.6813
4680.86422599098  131.2253
4681.03071197197  148.5588
4681.19719795295  188.4343
4681.36368393394  126.9912
4681.53016991492  128.4776
4681.69665589591  172.71
4681.86314187689  126.3823
4682.02962785788  128.6111
4682.19611383886  157.0746
4682.36259981985  140.2391
4682.52908580083  130.3595
4682.69557178182  130.7351
4682.8620577628  131.4994
4683.02854374379  143.1326
4683.19502972477  141.4811
4683.36151570575  117.9352
4683.52800168674  167.3051
4683.69448766772  104.401
4683.86097364871  131.9754
4684.02745962969  125.1729
4684.19394561068  123.1091
4684.36043159166  127.0542
4684.52691757265  121.2606
4684.69340355363  146.6762
4684.85988953462  138.5705
4685.0263755156  108.0917
4685.19286149659  118.8131
4685.35934747757  112.2012
4685.52583345855  141.2993
4685.69231943954  131.9059
4685.85880542052  115.8058
4686.02529140151  115.0266
4686.19177738249  99.22966
4686.35826336348  113.1414
4686.52474934446  124.1116
4686.69123532545  121.7704
4686.85772130643  149.9604
4687.02420728742  129.5019
4687.1906932684  87.02837
4687.35717924939  157.4106
4687.52366523037  145.9681
4687.69015121136  143.128
4687.85663719234  142.7845
4688.02312317332  107.5491
4688.18960915431  123.5319
4688.35609513529  133.2
4688.52258111628  105.9272
4688.68906709726  87.91299
4688.85555307825  105.8788
4689.02203905923  131.4167
4689.18852504022  131.1604
4689.3550110212  162.3286
4689.52149700219  160.7311
4689.68798298317  105.2793
4689.85446896416  117.4188
4690.02095494514  108.5339
4690.18744092613  89.16376
4690.35392690711  105.8947
4690.52041288809  122.9249
4690.68689886908  86.24097
4690.85338485006  65.24671
4691.01987083105  75.01673
4691.18635681203  81.18894
4691.35284279302  100.7779
4691.519328774  88.90308
4691.68581475499  76.3785
4691.85230073597  95.90075
4692.01878671696  132.5265
4692.18527269794  115.0478
4692.35175867893  67.51858
4692.51824465991  113.7318
4692.68473064089  95.99204
4692.85121662188  107.499
4693.01770260286  109.2269
4693.18418858385  81.16874
4693.35067456483  76.21107
4693.51716054582  105.4805
4693.6836465268  89.41129
4693.85013250779  56.59044
4694.01661848877  90.00233
4694.18310446976  134.3731
4694.34959045074  110.8834
4694.51607643173  99.05891
4694.68256241271  105.1057
4694.84904839369  85.25469
4695.01553437468  109.3217
4695.18202035566  104.8804
4695.34850633665  86.2355
4695.51499231763  106.0227
4695.68147829862  99.78762
4695.8479642796  61.79426
4696.01445026059  139.8138
4696.18093624157  120.5751
4696.34742222256  70.93774
4696.51390820354  68.16381
4696.68039418453  105.4282
4696.84688016551  110.5252
4697.0133661465  97.39474
4697.17985212748  84.47256
4697.34633810847  107.507
4697.51282408945  65.91814
4697.67931007043  69.04927
4697.84579605142  85.45286
4698.0122820324  106.914
4698.17876801339  90.39901
4698.34525399437  36.63158
4698.51173997536  80.97784
4698.67822595634  70.72956
4698.84471193733  97.1682
4699.01119791831  111.0043
4699.1776838993  90.35339
4699.34416988028  94.75272
4699.51065586126  72.85556
4699.67714184225  68.85317
4699.84362782323  48.91483
4700.01011380422  50.95414
4700.1765997852  74.58208
4700.34308576619  80.66279
4700.50957174717  65.1885
4700.67605772816  74.58511
4700.84254370914  88.25811
4701.00902969013  83.1238
4701.17551567111  34.1627
4701.3420016521  69.74897
4701.50848763308  59.17374
4701.67497361407  44.11047
4701.84145959505  52.9905
4702.00794557604  57.0347
4702.17443155702  45.41793
4702.340917538  63.07295
4702.50740351899  78.86693
4702.67388949997  74.4485
4702.84037548096  79.00384
4703.00686146194  77.56393
4703.17334744293  89.85046
4703.33983342391  74.92007
4703.5063194049  37.92622
4703.67280538588  51.31351
4703.83929136687  96.30487
4704.00577734785  77.09011
4704.17226332884  48.7577
4704.33874930982  92.21185
4704.5052352908  37.01908
4704.67172127179  55.38651
4704.83820725277  68.47486
4705.00469323376  66.0222
4705.17117921474  43.92284
4705.33766519573  51.56652
4705.50415117671  41.41104
4705.6706371577  68.8314
4705.83712313868  54.53712
4706.00360911967  25.94617
4706.17009510065  30.68056
4706.33658108164  59.14635
4706.50306706262  46.97196
4706.66955304361  37.68802
4706.83603902459  65.46494
4707.00252500558  86.72581
4707.16901098656  88.75238
4707.33549696754  87.07306
4707.50198294853  24.82638
4707.66846892951  33.20705
4707.8349549105  77.71193
4708.00144089148  54.38734
4708.16792687247  100.5366
4708.33441285345  57.12205
4708.50089883444  98.24967
4708.66738481542  75.74446
4708.83387079641  85.0886
4709.00035677739  57.36442
4709.16684275838  34.46132
4709.33332873936  81.33951
4709.49981472034  68.90377
4709.66630070133  94.75719
4709.83278668231  54.88929
4709.9992726633  46.35666
4710.16575864428  56.00821
4710.33224462527  78.70968
4710.49873060625  63.74094
4710.66521658724  16.17169
4710.83170256822  56.34992
4710.99818854921  83.63387
4711.16467453019  50.0234
4711.33116051118  40.07901
4711.49764649216  61.13096
4711.66413247314  42.68174
4711.83061845413  47.6044
4711.99710443511  32.19529
4712.1635904161  18.84332
4712.33007639708  48.92791
4712.49656237807  50.64297
4712.66304835905  52.29924
4712.82953434004  68.92987
4712.99602032102  32.62503
4713.16250630201  32.59807
4713.32899228299  101.1034
4713.49547826398  87.80103
4713.66196424496  48.8383
4713.82845022594  81.62819
4713.99493620693  78.81312
4714.16142218791  31.74038
4714.3279081689  59.67842
4714.49439414988  52.64804
4714.66088013087  69.12823
4714.82736611185  60.2937
4714.99385209284  29.72554
4715.16033807382  41.15472
4715.32682405481  77.50577
4715.49331003579  56.65722
4715.65979601678  32.55356
4715.82628199776  87.162
4715.99276797875  42.20553
4716.15925395973  -9.43861
4716.32573994072  24.53913
4716.4922259217  9.702144
4716.65871190268  38.59153
4716.82519788367  31.233
4716.99168386465  -26.5302
4717.15816984564  25.57941
4717.32465582662  42.2113
4717.49114180761  56.06506
4717.65762778859  68.23192
4717.82411376958  60.51593
4717.99059975056  9.418424
4718.15708573155  16.67923
4718.32357171253  47.12827
4718.49005769352  48.56501
4718.6565436745  29.90854
4718.82302965548  35.98252
4718.98951563647  27.77137
4719.15600161745  20.8867
4719.32248759844  42.43476
4719.48897357942  24.45125
4719.65545956041  41.75905
4719.82194554139  37.71215
4719.98843152238  13.9924
4720.15491750336  52.26989
4720.32140348435  51.00769
4720.48788946533  40.15309
4720.65437544632  36.36729
4720.8208614273  66.4202
4720.98734740828  17.46422
4721.15383338927  25.67371
4721.32031937026  42.44494
4721.48680535124  84.67857
4721.65329133222  22.5703
4721.81977731321  11.01171
4721.98626329419  15.70896
4722.15274927518  21.77164
4722.31923525616  1.61091
4722.48572123715  25.15724
4722.65220721813  14.53212
4722.81869319912  1.695946
4722.9851791801  -7.082662
4723.15166516108  -1.054983
4723.31815114207  40.96576
4723.48463712305  77.90942
4723.65112310404  36.78332
4723.81760908502  36.32414
4723.98409506601  24.04517
4724.15058104699  29.39437
4724.31706702798  48.54225
4724.48355300896  18.37689
4724.65003898995  23.97575
4724.81652497093  24.17356
4724.98301095192  45.81892
4725.1494969329  30.72431
4725.31598291389  20.03453
4725.48246889487  18.58755
4725.64895487586  15.57115
4725.81544085684  37.43889
4725.98192683783  54.5681
4726.14841281881  48.85638
4726.31489879979  7.935831
4726.48138478078  2.140801
4726.64787076176  59.0084
4726.81435674275  0.7112896
4726.98084272373  17.28088
4727.14732870472  50.69419
4727.3138146857  29.44724
4727.48030066669  45.66717
4727.64678664767  7.297231
4727.81327262866  24.3392
4727.97975860964  61.45506
4728.14624459063  10.79666
4728.31273057161  1.180602
4728.47921655259  67.7522
4728.64570253358  13.44851
4728.81218851456  -6.352283
4728.97867449555  30.55142
4729.14516047653  7.496229
4729.31164645752  13.49718
4729.4781324385  10.60987
4729.64461841949  3.897866
4729.81110440047  22.38878
4729.97759038146  14.63263
4730.14407636244  22.34642
4730.31056234343  20.76947
4730.47704832441  68.06345
4730.6435343054  16.4807
4730.81002028638  -8.018916
4730.97650626736  27.05881
4731.14299224835  34.24366
4731.30947822933  52.36916
4731.47596421032  39.81961
4731.6424501913  38.54597
4731.80893617229  34.23499
4731.97542215327  12.33183
4732.14190813426  6.594372
4732.30839411524  32.83393
4732.47488009623  11.26389
4732.64136607721  4.457697
4732.8078520582  -14.88888
4732.97433803918  -12.82581
4733.14082402016  -8.464271
4733.30731000115  -7.736178
4733.47379598213  -9.829127
4733.64028196312  17.13984
4733.8067679441  6.798996
4733.97325392509  10.35158
4734.13973990607  -6.128497
4734.30622588706  1.795123
4734.47271186804  17.24099
4734.63919784903  -20.49166
4734.80568383001  32.90941
4734.972169811  24.49389
4735.13865579198  47.14714
4735.30514177296  20.95605
4735.47162775395  16.86934
4735.63811373493  -15.12587
4735.80459971592  19.81981
4735.97108569691  -10.19383
4736.13757167789  13.36355
4736.30405765887  -9.420622
4736.47054363986  1.966574
4736.63702962084  -2.959755
4736.80351560183  11.79603
4736.97000158281  33.78654
4737.1364875638  36.94471
4737.30297354478  16.43668
4737.46945952577  -17.29066
4737.63594550675  -26.06003
4737.80243148773  -6.322459
4737.96891746872  19.29062
4738.1354034497  -14.73312
4738.30188943069  1.097516
4738.46837541167  2.07434
4738.63486139266  3.121016
4738.80134737364  -22.09714
4738.96783335463  -24.17909
4739.13431933561  -7.265193
4739.3008053166  66.91237
