4569.1349362619  12.74973
4569.30134940605  12.88885
4569.46776255021  7.43432
4569.63417569436  7.748182
4569.80058883852  -8.449732
4569.96700198267  11.29406
4570.13341512682  24.33569
4570.29982827098  -3.330017
4570.46624141513  5.04666
4570.63265455928  23.82082
4570.79906770344  7.158712
4570.96548084759  5.102458
4571.13189399175  -8.161302
4571.2983071359  16.62533
4571.46472028005  27.29957
4571.63113342421  -2.250194
4571.79754656836  -1.962775
4571.96395971252  -1.044503
4572.13037285667  9.213929
4572.29678600082  24.68945
4572.46319914498  -2.316248
4572.62961228913  -11.46039
4572.79602543329  15.47393
4572.96243857744  3.442904
4573.12885172159  2.721233
4573.29526486575  36.75383
4573.4616780099  6.777257
4573.62809115405  5.70582
4573.79450429821  8.610146
4573.96091744236  0.165999
4574.12733058652  4.855049
4574.29374373067  29.31996
4574.46015687482  16.75099
4574.62657001898  -5.756176
4574.79298316313  2.120295
4574.95939630729  24.62298
4575.12580945144  14.74022
4575.29222259559  -2.307204
4575.45863573975  3.820352
4575.6250488839  -2.918551
4575.79146202805  1.888704
4575.95787517221  11.76418
4576.12428831636  8.858416
4576.29070146052  2.186074
4576.45711460467  0.9912771
4576.62352774882  8.040729
4576.78994089298  18.36339
4576.95635403713  19.05264
4577.12276718129  13.04573
4577.28918032544  18.03705
4577.45559346959  1.754492
4577.62200661375  -16.27941
4577.7884197579  11.56599
4577.95483290205  29.58425
4578.12124604621  11.47591
4578.28765919036  6.472151
4578.45407233452  19.65097
4578.62048547867  23.98722
4578.78689862282  25.46815
4578.95331176698  23.71123
4579.11972491113  21.8122
4579.28613805529  26.16299
4579.45255119944  19.99702
4579.61896434359  12.24392
4579.78537748775  13.40498
4579.9517906319  30.0731
4580.11820377606  23.58284
4580.28461692021  -3.916221
4580.45103006436  5.547865
4580.61744320852  5.090205
4580.78385635267  4.946287
4580.95026949682  4.046782
4581.11668264098  1.75393
4581.28309578513  21.85884
4581.44950892929  20.63172
4581.61592207344  0.03702042
4581.78233521759  16.64157
4581.94874836175  12.84831
4582.1151615059  1.819578
4582.28157465006  17.30242
4582.44798779421  11.15091
4582.61440093836  -2.381938
4582.78081408252  10.18809
4582.94722722667  16.24463
4583.11364037082  19.45615
4583.28005351498  6.694657
4583.44646665913  8.188687
4583.61287980329  0.9181097
4583.77929294744  -15.08381
4583.94570609159  5.238542
4584.11211923575  13.0932
4584.2785323799  23.83418
4584.44494552406  26.97411
4584.61135866821  18.51239
4584.77777181236  12.75292
4584.94418495652  14.83937
4585.11059810067  10.52131
4585.27701124482  15.76104
4585.44342438898  29.41783
4585.60983753313  7.855063
4585.77625067729  23.68311
4585.94266382144  32.90083
4586.10907696559  21.99163
4586.27549010975  0.5123399
4586.4419032539  2.78064
4586.60831639806  -0.2373475
4586.77472954221  20.99582
4586.94114268636  18.79199
4587.10755583052  19.88435
4587.27396897467  24.23888
4587.44038211883  20.78414
4587.60679526298  23.47335
4587.77320840713  17.18482
4587.93962155129  9.951914
4588.10603469544  10.29599
4588.27244783959  7.579331
4588.43886098375  18.13435
4588.6052741279  23.2523
4588.77168727206  4.304801
4588.93810041621  -0.1866399
4589.10451356036  6.472778
4589.27092670452  4.588487
4589.43733984867  20.6017
4589.60375299282  30.84474
4589.77016613698  10.62614
4589.93657928113  9.719705
4590.10299242529  -0.08763808
4590.26940556944  -0.8791288
4590.43581871359  20.89062
4590.60223185775  10.12215
4590.7686450019  18.16261
4590.93505814606  14.13565
4591.10147129021  24.24545
4591.26788443436  26.51309
4591.43429757852  -1.054524
4591.60071072267  26.4826
4591.76712386683  16.76584
4591.93353701098  17.28672
4592.09995015513  7.632256
4592.26636329929  24.24526
4592.43277644344  21.17019
4592.5991895876  16.35602
4592.76560273175  16.67133
4592.9320158759  17.48795
4593.09842902006  18.85749
4593.26484216421  1.126787
4593.43125530836  -0.6370153
4593.59766845252  7.905209
4593.76408159667  20.36939
4593.93049474083  -8.042287
4594.09690788498  21.912
4594.26332102913  21.60512
4594.42973417329  23.77411
4594.59614731744  19.16555
4594.76256046159  34.87053
4594.92897360575  19.04266
4595.0953867499  8.238722
4595.26179989406  36.70294
4595.42821303821  40.75435
4595.59462618236  9.615757
4595.76103932652  2.217086
4595.92745247067  21.77498
4596.09386561483  23.41801
4596.26027875898  15.75625
4596.42669190313  18.82092
4596.59310504729  6.227078
4596.75951819144  16.03135
4596.92593133559  11.11437
4597.09234447975  16.61237
4597.2587576239  11.73239
4597.42517076806  35.7382
4597.59158391221  8.166589
4597.75799705636  13.28393
4597.92441020052  26.6516
4598.09082334467  27.52354
4598.25723648883  21.80319
4598.42364963298  10.70359
4598.59006277713  8.221313
4598.75647592129  31.24206
4598.92288906544  44.01416
4599.0893022096  14.28347
4599.25571535375  8.164351
4599.4221284979  23.31106
4599.58854164206  17.86551
4599.75495478621  5.565241
4599.92136793037  15.92741
4600.08778107452  13.68131
4600.25419421867  11.60001
4600.42060736283  3.326609
4600.58702050698  24.58491
4600.75343365113  35.74387
4600.91984679529  38.08964
4601.08625993944  26.87517
4601.25267308359  16.86501
4601.41908622775  10.2863
4601.5854993719  9.383265
4601.75191251606  20.99188
4601.91832566021  18.44781
4602.08473880437  2.132874
4602.25115194852  5.548743
4602.41756509267  26.25587
4602.58397823683  23.77282
4602.75039138098  -1.218788
4602.91680452513  -9.242039
4603.08321766929  18.80313
4603.24963081344  22.80355
4603.4160439576  24.59026
4603.58245710175  11.54302
4603.7488702459  11.16804
4603.91528339006  33.66977
4604.08169653421  32.07243
4604.24810967836  42.61612
4604.41452282252  43.81537
4604.58093596667  30.18753
4604.74734911083  25.98228
4604.91376225498  30.45048
4605.08017539913  26.80374
4605.24658854329  15.06127
4605.41300168744  36.56686
4605.5794148316  50.76527
4605.74582797575  40.30725
4605.9122411199  12.68302
4606.07865426406  16.90885
4606.24506740821  29.17496
4606.41148055237  52.04049
4606.57789369652  33.70759
4606.74430684067  28.57813
4606.91071998483  25.77495
4607.07713312898  14.70035
4607.24354627313  11.69265
4607.40995941729  6.816844
4607.57637256144  21.72835
4607.74278570559  19.02395
4607.90919884975  14.43097
4608.0756119939  30.32942
4608.24202513806  21.72426
4608.40843828221  10.98764
4608.57485142636  24.16468
4608.74126457052  36.14649
4608.90767771467  35.80972
4609.07409085883  30.03318
4609.24050400298  37.26622
4609.40691714714  11.46076
4609.57333029129  41.44156
4609.73974343544  37.34077
4609.9061565796  20.2061
4610.07256972375  -1.232924
4610.2389828679  32.26133
4610.40539601206  15.484
4610.57180915621  6.386727
4610.73822230037  23.86387
4610.90463544452  5.508646
4611.07104858867  9.786244
4611.23746173283  27.96297
4611.40387487698  21.87224
4611.57028802113  29.08745
4611.73670116529  26.33863
4611.90311430944  14.69524
4612.0695274536  27.63419
4612.23594059775  23.79411
4612.4023537419  21.30834
4612.56876688606  28.81298
4612.73518003021  37.8113
4612.90159317437  31.49762
4613.06800631852  20.53698
4613.23441946267  38.597
4613.40083260683  49.01617
4613.56724575098  26.36689
4613.73365889513  17.70091
4613.90007203929  48.84415
4614.06648518344  37.18868
4614.2328983276  16.30391
4614.39931147175  40.68522
4614.5657246159  51.99045
4614.73213776006  38.86306
4614.89855090421  41.02207
4615.06496404836  23.75714
4615.23137719252  14.86423
4615.39779033667  10.63428
4615.56420348083  7.252498
4615.73061662498  14.58022
4615.89702976913  9.680798
4616.06344291329  35.61195
4616.22985605744  14.69905
4616.3962692016  13.85395
4616.56268234575  22.43344
4616.7290954899  40.74006
4616.89550863406  32.44418
4617.06192177821  24.40239
4617.22833492237  20.51058
4617.39474806652  30.24817
4617.56116121067  44.51972
4617.72757435483  36.06675
4617.89398749898  20.32615
4618.06040064314  29.79356
4618.22681378729  43.86521
4618.39322693144  46.59146
4618.5596400756  27.37059
4618.72605321975  17.61812
4618.8924663639  27.4502
4619.05887950806  26.43681
4619.22529265221  21.74975
4619.39170579637  36.04826
4619.55811894052  48.78137
4619.72453208467  35.00389
4619.89094522883  21.21161
4620.05735837298  35.26301
4620.22377151713  27.69751
4620.39018466129  -0.4873029
4620.55659780544  30.41542
4620.7230109496  30.0121
4620.88942409375  11.18488
4621.05583723791  31.91045
4621.22225038206  25.70998
4621.38866352621  26.62479
4621.55507667037  24.25902
4621.72148981452  34.52691
4621.88790295867  24.84885
4622.05431610283  40.04377
4622.22072924698  42.3913
4622.38714239114  34.43349
4622.55355553529  29.1687
4622.71996867944  37.91949
4622.8863818236  36.15134
4623.05279496775  10.45129
4623.2192081119  12.82426
4623.38562125606  33.40114
4623.55203440021  31.21505
4623.71844754437  39.37295
4623.88486068852  44.07174
4624.05127383267  34.11919
4624.21768697683  35.3715
4624.38410012098  26.43373
4624.55051326514  33.23965
4624.71692640929  37.29681
4624.88333955344  26.61257
4625.0497526976  47.72547
4625.21616584175  30.22679
4625.3825789859  38.59272
4625.54899213006  37.03585
4625.71540527421  48.03576
4625.88181841837  17.54619
4626.04823156252  34.92434
4626.21464470667  33.97243
4626.38105785083  24.95355
4626.54747099498  0.4760062
4626.71388413914  7.942264
4626.88029728329  37.24767
4627.04671042744  17.23682
4627.2131235716  33.23695
4627.37953671575  49.75798
4627.5459498599  42.44724
4627.71236300406  28.05553
4627.87877614821  31.81544
4628.04518929237  46.65629
4628.21160243652  44.78319
4628.37801558067  40.62387
4628.54442872483  13.20074
4628.71084186898  8.05688
4628.87725501314  33.12741
4629.04366815729  35.51817
4629.21008130144  29.91241
4629.3764944456  32.19892
4629.54290758975  56.4369
4629.70932073391  45.98857
4629.87573387806  24.15771
4630.04214702221  43.18783
4630.20856016637  40.23334
4630.37497331052  48.75342
4630.54138645467  33.36832
4630.70779959883  42.84121
4630.87421274298  27.41615
4631.04062588714  48.68984
4631.20703903129  31.02643
4631.37345217544  36.31676
4631.5398653196  40.84348
4631.70627846375  21.67724
4631.87269160791  47.86031
4632.03910475206  49.69646
4632.20551789621  6.24653
4632.37193104037  23.72939
4632.53834418452  27.05618
4632.70475732868  33.3236
4632.87117047283  38.81328
4633.03758361698  46.22114
4633.20399676114  44.57686
4633.37040990529  38.6483
4633.53682304944  23.06798
4633.7032361936  24.87578
4633.86964933775  40.70054
4634.03606248191  43.00117
4634.20247562606  28.60118
4634.36888877021  31.64283
4634.53530191437  40.55976
4634.70171505852  44.24283
4634.86812820267  31.30391
4635.03454134683  21.4826
4635.20095449098  33.60534
4635.36736763514  27.15777
4635.53378077929  31.83929
4635.70019392344  42.59864
4635.8666070676  28.94962
4636.03302021175  25.05481
4636.19943335591  49.62852
4636.36584650006  47.48123
4636.53225964421  39.05059
4636.69867278837  19.30711
4636.86508593252  25.32562
4637.03149907668  46.63369
4637.19791222083  57.05079
4637.36432536498  31.89739
4637.53073850914  41.16811
4637.69715165329  31.43567
4637.86356479744  36.22042
4638.0299779416  38.75089
4638.19639108575  19.13853
4638.36280422991  40.11739
4638.52921737406  63.03331
4638.69563051821  33.65806
4638.86204366237  23.1339
4639.02845680652  45.16219
4639.19486995068  61.68711
4639.36128309483  35.60384
4639.52769623898  23.65664
4639.69410938314  37.4118
4639.86052252729  47.92855
4640.02693567145  24.98203
4640.1933488156  39.59792
4640.35976195975  53.75306
4640.52617510391  32.14271
4640.69258824806  30.55151
4640.85900139221  35.22961
4641.02541453637  42.80074
4641.19182768052  44.80751
4641.35824082468  29.38324
4641.52465396883  26.13268
4641.69106711298  40.26029
4641.85748025714  44.17126
4642.02389340129  41.94809
4642.19030654544  50.59124
4642.3567196896  60.98332
4642.52313283375  36.46169
4642.68954597791  19.78279
4642.85595912206  47.28787
4643.02237226621  44.76921
4643.18878541037  21.72172
4643.35519855452  25.93047
4643.52161169868  43.41902
4643.68802484283  55.45571
4643.85443798698  38.56573
4644.02085113114  30.70676
4644.18726427529  58.34816
4644.35367741945  53.42916
4644.5200905636  40.13572
4644.68650370775  51.95985
4644.85291685191  50.59367
4645.01932999606  45.14664
4645.18574314021  31.57504
4645.35215628437  30.14772
4645.51856942852  25.01931
4645.68498257268  51.67833
4645.85139571683  54.91009
4646.01780886098  48.01114
4646.18422200514  48.04907
4646.35063514929  71.17545
4646.51704829344  46.44781
4646.6834614376  29.75871
4646.84987458175  19.15733
4647.01628772591  20.40538
4647.18270087006  38.44776
4647.34911401421  48.58748
4647.51552715837  37.59708
4647.68194030252  28.76922
4647.84835344668  22.97195
4648.01476659083  64.06742
4648.18117973498  54.96111
4648.34759287914  39.61071
4648.51400602329  31.57276
4648.68041916745  59.51809
4648.8468323116  40.15973
4649.01324545575  44.32402
4649.17965859991  51.36499
4649.34607174406  32.92726
4649.51248488822  40.18789
4649.67889803237  31.24254
4649.84531117652  45.76882
4650.01172432068  35.36308
4650.17813746483  24.18627
4650.34455060898  41.53117
4650.51096375314  38.99841
4650.67737689729  36.28999
4650.84379004145  41.1145
4651.0102031856  36.16101
4651.17661632975  40.67926
4651.34302947391  48.6376
4651.50944261806  61.77454
4651.67585576222  48.1155
4651.84226890637  60.18608
4652.00868205052  37.9794
4652.17509519468  27.16193
4652.34150833883  53.33462
4652.50792148298  33.45807
4652.67433462714  46.71148
4652.84074777129  61.45027
4653.00716091545  46.92109
4653.1735740596  36.00146
4653.33998720375  31.36709
4653.50640034791  50.0499
4653.67281349206  56.32289
4653.83922663621  47.39541
4654.00563978037  30.09602
4654.17205292452  32.95279
4654.33846606868  42.38182
4654.50487921283  40.7483
4654.67129235698  46.5268
4654.83770550114  43.94855
4655.00411864529  47.46616
4655.17053178945  55.4427
4655.3369449336  23.96318
4655.50335807775  30.3554
4655.66977122191  43.29506
4655.83618436606  48.81839
4656.00259751022  45.52941
4656.16901065437  37.6235
4656.33542379852  15.41933
4656.50183694268  43.78461
4656.66825008683  57.26218
4656.83466323099  56.38061
4657.00107637514  59.98428
4657.16748951929  21.26876
4657.33390266345  27.66765
4657.5003158076  47.20036
4657.66672895175  41.02442
4657.83314209591  42.0517
4657.99955524006  42.91653
4658.16596838422  38.12997
4658.33238152837  39.43754
4658.49879467252  39.34837
4658.66520781668  39.67441
4658.83162096083  57.93208
4658.99803410499  38.93212
4659.16444724914  22.93953
4659.33086039329  34.50945
4659.49727353745  44.72889
4659.6636866816  56.44336
4659.83009982575  54.65713
4659.99651296991  39.20237
4660.16292611406  47.0913
4660.32933925822  51.51967
4660.49575240237  55.20888
4660.66216554652  59.11228
4660.82857869068  35.62378
4660.99499183483  52.30967
4661.16140497899  62.03852
4661.32781812314  46.8409
4661.49423126729  57.82009
4661.66064441145  66.86282
4661.8270575556  27.85397
4661.99347069975  29.53754
4662.15988384391  46.63556
4662.32629698806  41.44807
4662.49271013222  35.83261
4662.65912327637  57.43147
4662.82553642052  62.93597
4662.99194956468  45.33426
4663.15836270883  39.60147
4663.32477585299  30.21778
4663.49118899714  43.26094
4663.65760214129  50.78065
4663.82401528545  46.59206
4663.9904284296  46.97334
4664.15684157375  57.42698
4664.32325471791  45.57621
4664.48966786206  30.8707
4664.65608100622  25.51368
4664.82249415037  33.04366
4664.98890729452  28.53219
4665.15532043868  30.94584
4665.32173358283  38.37306
4665.48814672698  32.45704
4665.65455987114  37.41303
4665.82097301529  34.76936
4665.98738615945  41.24882
4666.1537993036  19.14138
4666.32021244776  43.41352
4666.48662559191  59.33305
4666.65303873606  24.11284
4666.81945188022  45.55381
4666.98586502437  57.54877
4667.15227816852  42.17877
4667.31869131268  26.98619
4667.48510445683  40.04226
4667.65151760099  28.89298
4667.81793074514  21.09179
4667.98434388929  45.95649
4668.15075703345  57.57961
4668.3171701776  33.25314
4668.48358332175  31.74144
4668.64999646591  50.97186
4668.81640961006  57.17129
4668.98282275422  29.81183
4669.14923589837  46.94403
4669.31564904252  46.35245
4669.48206218668  16.37174
4669.64847533083  22.06908
4669.81488847499  62.50229
4669.98130161914  47.68687
4670.14771476329  40.32759
4670.31412790745  29.50367
4670.4805410516  36.58884
4670.64695419576  50.05341
4670.81336733991  57.48152
4670.97978048406  41.63913
4671.14619362822  35.57257
4671.31260677237  38.98268
4671.47901991653  40.02649
4671.64543306068  32.48789
4671.81184620483  48.02296
4671.97825934899  29.3272
4672.14467249314  40.29485
4672.31108563729  52.07141
4672.47749878145  45.7087
4672.6439119256  38.21877
4672.81032506976  48.17377
4672.97673821391  37.67682
4673.14315135806  43.68837
4673.30956450222  38.86539
4673.47597764637  33.01636
4673.64239079052  33.26396
4673.80880393468  49.08804
4673.97521707883  33.10085
4674.14163022299  42.62497
4674.30804336714  41.60315
4674.47445651129  45.48306
4674.64086965545  51.70472
4674.8072827996  55.7184
4674.97369594376  39.10879
4675.14010908791  34.25086
4675.30652223206  39.70515
4675.47293537622  66.1367
4675.63934852037  60.93878
4675.80576166452  39.86784
4675.97217480868  38.79824
4676.13858795283  43.94957
4676.30500109699  39.6334
4676.47141424114  43.74944
4676.63782738529  71.16946
4676.80424052945  59.68319
4676.9706536736  56.49932
4677.13706681775  60.51119
4677.30347996191  63.10043
4677.46989310606  47.2099
4677.63630625022  48.83124
4677.80271939437  43.50089
4677.96913253853  50.72523
4678.13554568268  45.11761
4678.30195882683  35.70252
4678.46837197099  43.01968
4678.63478511514  34.85292
4678.8011982593  37.91445
4678.96761140345  59.73514
4679.1340245476  40.5565
4679.30043769176  25.6977
4679.46685083591  56.15115
4679.63326398006  61.60924
4679.79967712422  41.68742
4679.96609026837  54.72241
4680.13250341252  76.40258
4680.29891655668  52.94373
4680.46532970083  48.03434
4680.63174284499  41.52538
4680.79815598914  30.29109
4680.96456913329  25.55459
4681.13098227745  59.167
4681.2973954216  64.20892
4681.46380856576  63.63388
4681.63022170991  59.29884
4681.79663485406  43.77544
4681.96304799822  70.01038
4682.12946114237  46.68027
4682.29587428653  47.28535
4682.46228743068  57.4856
4682.62870057483  43.27471
4682.79511371899  47.92526
4682.96152686314  38.4797
4683.12794000729  60.64632
4683.29435315145  61.33987
4683.4607662956  54.51554
4683.62717943976  24.07448
4683.79359258391  35.33131
4683.96000572806  52.98605
4684.12641887222  68.30819
4684.29283201637  63.58694
4684.45924516052  62.00912
4684.62565830468  54.83832
4684.79207144883  66.61084
4684.95848459299  68.55598
4685.12489773714  54.33709
4685.2913108813  56.13859
4685.45772402545  37.97679
4685.6241371696  38.93904
4685.79055031376  53.02819
4685.95696345791  33.32647
4686.12337660206  50.18112
4686.28978974622  58.21589
4686.45620289037  44.54932
4686.62261603453  48.5477
4686.78902917868  33.99889
4686.95544232283  54.63508
4687.12185546699  53.59822
4687.28826861114  41.17021
4687.45468175529  57.4152
4687.62109489945  52.41642
4687.7875080436  88.08814
4687.95392118776  95.74053
4688.12033433191  79.19719
4688.28674747606  68.49817
4688.45316062022  52.42714
4688.61957376437  34.24805
4688.78598690853  46.72531
4688.95240005268  64.6132
4689.11881319683  50.88087
4689.28522634099  55.21657
4689.45163948514  44.61246
4689.6180526293  52.74499
4689.78446577345  35.32822
4689.9508789176  17.67931
4690.11729206176  49.90329
4690.28370520591  40.76273
4690.45011835006  31.35084
4690.61653149422  37.24218
4690.78294463837  46.58405
4690.94935778253  47.50419
4691.11577092668  51.36833
4691.28218407083  36.21014
4691.44859721499  45.22141
4691.61501035914  65.96326
4691.7814235033  38.77504
4691.94783664745  32.22079
4692.1142497916  53.54106
4692.28066293576  54.03625
4692.44707607991  46.91247
4692.61348922406  47.56348
4692.77990236822  57.21692
4692.94631551237  19.15621
4693.11272865653  20.01025
4693.27914180068  47.45439
4693.44555494483  55.34715
4693.61196808899  54.29289
4693.77838123314  54.28881
4693.9447943773  46.82046
4694.11120752145  30.21236
4694.2776206656  33.74754
4694.44403380976  43.01641
4694.61044695391  38.29019
4694.77686009806  46.73006
4694.94327324222  25.00133
4695.10968638637  28.88344
4695.27609953053  31.10729
4695.44251267468  28.90714
4695.60892581883  27.60588
4695.77533896299  17.53585
4695.94175210714  28.57255
4696.1081652513  33.15652
4696.27457839545  42.9408
4696.4409915396  14.13434
4696.60740468376  44.22961
4696.77381782791  56.1306
4696.94023097207  17.01788
4697.10664411622  9.020468
4697.27305726037  30.82796
4697.43947040453  37.62256
4697.60588354868  23.7055
4697.77229669283  22.92154
4697.93870983699  33.23801
4698.10512298114  28.31789
4698.2715361253  48.21086
4698.43794926945  27.80878
4698.6043624136  14.82887
4698.77077555776  18.84188
4698.93718870191  26.39913
4699.10360184606  17.97912
4699.27001499022  14.49288
4699.43642813437  28.91857
4699.60284127853  33.01992
4699.76925442268  35.4071
4699.93566756683  21.7555
4700.10208071099  23.26057
4700.26849385514  21.94453
4700.4349069993  11.5243
4700.60132014345  33.71763
4700.7677332876  38.69728
4700.93414643176  31.81132
4701.10055957591  20.70244
4701.26697272007  2.256063
4701.43338586422  14.28697
4701.59979900837  31.31551
4701.76621215253  27.57842
4701.93262529668  41.77945
4702.09903844083  19.649
4702.26545158499  32.28251
4702.43186472914  23.50609
4702.5982778733  25.59122
4702.76469101745  37.129
4702.9311041616  38.61794
4703.09751730576  16.79353
4703.26393044991  17.82889
4703.43034359407  23.67193
4703.59675673822  25.42514
4703.76316988237  27.06254
4703.92958302653  9.815683
4704.09599617068  33.45629
4704.26240931483  28.25689
4704.42882245899  32.8772
4704.59523560314  30.31615
4704.7616487473  31.73745
4704.92806189145  28.39987
4705.0944750356  19.05499
4705.26088817976  8.034019
4705.42730132391  10.14584
4705.59371446807  37.5284
4705.76012761222  50.43681
4705.92654075637  41.28958
4706.09295390053  27.83866
4706.25936704468  27.23724
4706.42578018884  16.86199
4706.59219333299  20.295
4706.75860647714  33.23606
4706.9250196213  34.07014
4707.09143276545  21.85525
4707.2578459096  15.39108
4707.42425905376  13.51902
4707.59067219791  23.6587
4707.75708534206  49.37053
4707.92349848622  38.72293
4708.08991163037  28.16413
4708.25632477453  8.199557
4708.42273791868  1.068537
4708.58915106284  23.86456
4708.75556420699  45.13747
4708.92197735114  34.91114
4709.0883904953  30.79219
4709.25480363945  7.525523
4709.4212167836  1.098329
4709.58762992776  20.03016
4709.75404307191  30.1486
4709.92045621607  13.6581
4710.08686936022  9.966646
4710.25328250437  2.453031
4710.41969564853  10.15127
4710.58610879268  23.69572
4710.75252193684  42.17162
4710.91893508099  32.48623
4711.08534822514  17.024
4711.2517613693  -1.273638
4711.41817451345  15.20525
4711.5845876576  50.73932
4711.75100080176  48.53913
4711.91741394591  17.36278
4712.08382709007  24.96924
4712.25024023422  12.29081
4712.41665337837  13.9548
4712.58306652253  10.09776
4712.74947966668  27.48514
4712.91589281084  27.0097
4713.08230595499  9.874269
4713.24871909914  33.65483
4713.4151322433  35.98981
4713.58154538745  25.9196
4713.7479585316  3.008681
4713.91437167576  12.95896
4714.08078481991  13.98413
4714.24719796407  5.954133
4714.41361110822  24.03693
4714.58002425237  31.18949
4714.74643739653  19.84579
4714.91285054068  30.39354
4715.07926368483  55.05553
4715.24567682899  32.62737
4715.41208997314  11.90633
4715.5785031173  12.24457
4715.74491626145  14.02078
4715.91132940561  10.45874
4716.07774254976  18.51551
4716.24415569391  17.90544
4716.41056883807  6.106861
4716.57698198222  -1.006787
4716.74339512637  12.11612
4716.90980827053  32.37982
4717.07622141468  26.62817
4717.24263455884  20.40059
4717.40904770299  8.132898
4717.57546084714  -1.224517
4717.7418739913  7.662676
4717.90828713545  15.58239
4718.07470027961  20.21588
4718.24111342376  34.27124
4718.40752656791  14.65044
4718.57393971207  14.07963
4718.74035285622  9.220398
4718.90676600037  18.01349
4719.07317914453  35.94578
4719.23959228868  -9.677485
4719.40600543284  -2.342947
4719.57241857699  5.927376
4719.73883172114  9.5744
4719.9052448653  15.78099
4720.07165800945  7.585106
4720.23807115361  23.62681
4720.40448429776  27.06367
4720.57089744191  26.1322
4720.73731058607  5.844881
4720.90372373022  11.10352
4721.07013687438  13.61248
4721.23655001853  1.844927
4721.40296316268  2.071928
4721.56937630684  27.30273
4721.73578945099  15.14282
4721.90220259514  9.789914
4722.0686157393  9.716675
4722.23502888345  32.62866
4722.40144202761  14.73919
4722.56785517176  16.69688
4722.73426831591  32.00633
4722.90068146007  16.81185
4723.06709460422  20.51605
4723.23350774837  26.31196
4723.39992089253  -6.436684
4723.56633403668  12.39597
4723.73274718084  34.59891
4723.89916032499  9.000504
4724.06557346914  -0.6010257
4724.2319866133  3.539015
4724.39839975745  8.04934
4724.56481290161  12.09108
4724.73122604576  21.08344
4724.89763918991  19.85489
4725.06405233407  8.898757
4725.23046547822  2.735131
4725.39687862237  1.119526
4725.56329176653  -10.14576
4725.72970491068  -6.268692
4725.89611805484  3.235043
4726.06253119899  5.54216
4726.22894434314  32.54806
4726.3953574873  23.31274
4726.56177063145  18.02384
4726.7281837756  -3.229456
4726.89459691976  9.6621
4727.06101006391  13.37247
4727.22742320807  9.722837
4727.39383635222  1.772881
4727.56024949638  5.470826
4727.72666264053  10.26223
4727.89307578468  26.74146
4728.05948892884  17.88184
4728.22590207299  1.657531
4728.39231521714  2.476386
4728.5587283613  4.259391
4728.72514150545  15.95249
4728.89155464961  30.6524
4729.05796779376  1.315192
4729.22438093791  -3.892856
4729.39079408207  7.930731
4729.55720722622  19.41186
4729.72362037037  -9.901836
4729.89003351453  8.413266
4730.05644665868  7.837312
4730.22285980284  6.544928
4730.38927294699  7.932155
4730.55568609114  10.8596
4730.7220992353  22.93687
4730.88851237945  3.309437
4731.05492552361  5.087276
4731.22133866776  -11.34269
4731.38775181191  -12.73106
4731.55416495607  16.54906
4731.72057810022  -2.036174
4731.88699124438  11.76022
4732.05340438853  7.928643
4732.21981753268  7.024215
4732.38623067684  3.855706
4732.55264382099  -4.576333
4732.71905696515  10.66729
4732.8854701093  9.04996
4733.05188325345  15.3238
4733.21829639761  20.84018
4733.38470954176  3.5533
4733.55112268591  -2.004929
4733.71753583007  12.35534
4733.88394897422  -2.029746
4734.05036211837  8.464422
4734.21677526253  12.7866
4734.38318840668  0.3593961
4734.54960155084  -17.09227
4734.71601469499  13.96454
4734.88242783914  24.82905
4735.0488409833  0.5347071
4735.21525412745  15.44715
4735.38166727161  12.80155
4735.54808041576  2.121665
4735.71449355991  -11.83788
4735.88090670407  13.7976
4736.04731984822  29.56824
4736.21373299238  28.06544
4736.38014613653  23.89247
4736.54655928068  10.51028
4736.71297242484  13.03992
4736.87938556899  10.83036
4737.04579871314  -2.871148
4737.2122118573  -13.13982
4737.37862500145  -0.9032096
4737.54503814561  3.775605
4737.71145128976  -11.6468
4737.87786443391  -1.809395
4738.04427757807  5.047874
4738.21069072222  7.907517
4738.37710386638  24.04874
4738.54351701053  12.80571
4738.70993015468  25.27672
4738.87634329884  28.25781
4739.04275644299  19.72571
4739.20916958715  22.2633
4739.3755827313  14.92154
