4568.9608847711  -8.125575
4569.12738713354  -20.34775
4569.29388949598  4.598705
4569.46039185842  16.9885
4569.62689422086  23.13348
4569.79339658329  4.414133
4569.95989894573  7.179144
4570.12640130817  38.22629
4570.29290367061  46.74829
4570.45940603305  7.760382
4570.62590839549  -32.00663
4570.79241075793  -15.07944
4570.95891312037  -17.54992
4571.12541548281  -33.21144
4571.29191784525  10.38677
4571.45842020769  19.12173
4571.62492257012  42.87226
4571.79142493256  13.73951
4571.957927295  11.26557
4572.12442965744  22.84461
4572.29093201988  -30.35928
4572.45743438232  -2.956462
4572.62393674476  21.04671
4572.7904391072  -38.29351
4572.95694146964  20.53567
4573.12344383208  48.61552
4573.28994619452  11.1425
4573.45644855696  29.94562
4573.62295091939  23.81367
4573.78945328183  10.27703
4573.95595564427  -13.50665
4574.12245800671  -5.907818
4574.28896036915  24.60108
4574.45546273159  11.28407
4574.62196509403  -43.20258
4574.78846745647  3.248067
4574.95496981891  21.43348
4575.12147218134  -35.97446
4575.28797454378  14.51029
4575.45447690622  5.935918
4575.62097926866  5.502619
4575.7874816311  -54.13308
4575.95398399354  4.86856
4576.12048635598  70.28693
4576.28698871842  18.21082
4576.45349108086  31.12019
4576.6199934433  30.15787
4576.78649580574  35.71621
4576.95299816818  58.38316
4577.11950053061  -1.525413
4577.28600289305  -12.92292
4577.45250525549  31.37216
4577.61900761793  -17.15459
4577.78550998037  8.001635
4577.95201234281  41.94317
4578.11851470525  23.27913
4578.28501706769  28.14337
4578.45151943013  31.4249
4578.61802179257  12.4853
4578.784524155  -6.258072
4578.95102651744  -18.1048
4579.11752887988  -29.33137
4579.28403124232  -31.745
4579.45053360476  -29.38153
4579.6170359672  1.515853
4579.78353832964  35.14337
4579.95004069208  12.875
4580.11654305452  6.419941
4580.28304541696  43.04231
4580.4495477794  30.18238
4580.61605014183  -4.533345
4580.78255250427  4.754617
4580.94905486671  21.43322
4581.11555722915  3.002153
4581.28205959159  5.843692
4581.44856195403  27.9107
4581.61506431647  10.15903
4581.78156667891  -27.31441
4581.94806904135  -9.854999
4582.11457140379  27.29577
4582.28107376623  26.90627
4582.44757612866  3.150777
4582.6140784911  -9.748989
4582.78058085354  34.02134
4582.94708321598  28.76179
4583.11358557842  36.29274
4583.28008794086  -14.2657
4583.4465903033  26.46072
4583.61309266574  19.4736
4583.77959502818  28.07615
4583.94609739062  19.21629
4584.11259975306  1.323148
4584.27910211549  -5.368939
4584.44560447793  -19.79005
4584.61210684037  -27.29336
4584.77860920281  -12.99482
4584.94511156525  24.9588
4585.11161392769  29.56069
4585.27811629013  -5.431307
4585.44461865257  67.93532
4585.61112101501  70.41093
4585.77762337745  32.19283
4585.94412573988  50.75531
4586.11062810232  19.13579
4586.27713046476  8.891578
4586.4436328272  -13.37126
4586.61013518964  -10.31028
4586.77663755208  -2.990571
4586.94313991452  -11.29286
4587.10964227696  7.102241
4587.2761446394  1.952054
4587.44264700184  5.091523
4587.60914936428  23.75104
4587.77565172671  -54.18747
4587.94215408915  -13.13371
4588.10865645159  13.49682
4588.27515881403  -18.4215
4588.44166117647  -16.83885
4588.60816353891  -13.03499
4588.77466590135  -12.45054
4588.94116826379  42.07212
4589.10767062623  90.48478
4589.27417298867  49.2348
4589.44067535111  13.31695
4589.60717771354  11.0563
4589.77368007598  -5.438681
4589.94018243842  15.79759
4590.10668480086  46.6165
4590.2731871633  8.016533
4590.43968952574  -12.61489
4590.60619188818  18.04293
4590.77269425062  38.69129
4590.93919661306  31.04997
4591.1056989755  37.75553
4591.27220133793  -8.205136
4591.43870370037  -22.62343
4591.60520606281  25.77732
4591.77170842525  36.94694
4591.93821078769  23.13279
4592.10471315013  31.19975
4592.27121551257  28.31506
4592.43771787501  37.47699
4592.60422023745  79.34471
4592.77072259989  54.69992
4592.93722496233  -23.87886
4593.10372732476  -4.659612
4593.2702296872  49.33953
4593.43673204964  23.00009
4593.60323441208  7.490271
4593.76973677452  -49.14678
4593.93623913696  -27.16356
4594.1027414994  18.02567
4594.26924386184  31.01532
4594.43574622428  -16.79368
4594.60224858672  3.789912
4594.76875094916  -0.2644955
4594.93525331159  36.06964
4595.10175567403  80.80863
4595.26825803647  68.68285
4595.43476039891  86.50184
4595.60126276135  43.78458
4595.76776512379  -18.32222
4595.93426748623  26.3712
4596.10076984867  14.82041
4596.26727221111  -17.43223
4596.43377457355  -13.28703
4596.60027693599  56.34784
4596.76677929842  56.486
4596.93328166086  10.6017
4597.0997840233  -34.43231
4597.26628638574  -8.749898
4597.43278874818  24.71067
4597.59929111062  18.06431
4597.76579347306  1.652477
4597.9322958355  5.352866
4598.09879819794  15.74704
4598.26530056038  -10.74295
4598.43180292282  -2.258959
4598.59830528525  40.10814
4598.76480764769  -11.48919
4598.93131001013  -4.033529
4599.09781237257  40.25712
4599.26431473501  21.40288
4599.43081709745  45.46071
4599.59731945989  25.88893
4599.76382182233  1.618869
4599.93032418477  51.4751
4600.09682654721  37.25309
4600.26332890964  -25.0642
4600.42983127208  -19.23202
4600.59633363452  -11.78677
4600.76283599696  3.322834
4600.9293383594  23.30901
4601.09584072184  -9.391763
4601.26234308428  -27.16949
4601.42884544672  8.949881
4601.59534780916  21.95578
4601.7618501716  34.45817
4601.92835253404  48.4005
4602.09485489647  -20.61551
4602.26135725891  18.3954
4602.42785962135  55.5908
4602.59436198379  8.966208
4602.76086434623  15.01723
4602.92736670867  12.49087
4603.09386907111  50.48965
4603.26037143355  28.99718
4603.42687379599  5.733449
4603.59337615843  -2.62192
4603.75987852087  32.0663
4603.9263808833  14.99636
4604.09288324574  -19.53632
4604.25938560818  -1.72608
4604.42588797062  30.01616
4604.59239033306  31.59944
4604.7588926955  13.75552
4604.92539505794  50.73254
4605.09189742038  25.39397
4605.25839978282  2.415443
4605.42490214526  58.3323
4605.5914045077  57.07555
4605.75790687013  46.75869
4605.92440923257  28.02018
4606.09091159501  12.30931
4606.25741395745  6.654195
4606.42391631989  -11.7557
4606.59041868233  -13.10512
4606.75692104477  86.80154
4606.92342340721  56.24435
4607.08992576965  40.07243
4607.25642813208  63.29108
4607.42293049452  74.47694
4607.58943285696  63.87062
4607.7559352194  45.5249
4607.92243758184  61.78025
4608.08893994428  32.85483
4608.25544230672  37.98118
4608.42194466916  32.02167
4608.5884470316  26.65233
4608.75494939404  33.92316
4608.92145175648  34.55737
4609.08795411892  54.0028
4609.25445648135  11.58996
4609.42095884379  -21.60018
4609.58746120623  -14.96847
4609.75396356867  29.87445
4609.92046593111  37.06856
4610.08696829355  20.78812
4610.25347065599  63.66581
4610.41997301843  41.44826
4610.58647538087  14.44242
4610.75297774331  36.3579
4610.91948010575  23.78401
4611.08598246818  24.32586
4611.25248483062  57.60641
4611.41898719306  66.23055
4611.5854895555  49.76611
4611.75199191794  25.79129
4611.91849428038  15.00506
4612.08499664282  8.350387
4612.25149900526  53.26949
4612.4180013677  22.61211
4612.58450373014  47.71508
4612.75100609257  15.17128
4612.91750845501  32.15442
4613.08401081745  42.60331
4613.25051317989  37.56875
4613.41701554233  31.78327
4613.58351790477  43.36825
4613.75002026721  6.11826
4613.91652262965  36.3087
4614.08302499209  31.82332
4614.24952735453  36.15159
4614.41602971697  48.44548
4614.5825320794  23.77801
4614.74903444184  35.61306
4614.91553680428  22.15291
4615.08203916672  -13.53501
4615.24854152916  26.75117
4615.4150438916  38.27314
4615.58154625404  -5.85697
4615.74804861648  0.7105168
4615.91455097892  6.231491
4616.08105334136  9.660664
4616.2475557038  14.4238
4616.41405806623  30.56594
4616.58056042867  43.37979
4616.74706279111  22.19291
4616.91356515355  43.08524
4617.08006751599  24.54806
4617.24656987843  27.92554
4617.41307224087  60.47702
4617.57957460331  64.0598
4617.74607696575  58.64223
4617.91257932819  57.96286
4618.07908169063  54.62362
4618.24558405306  41.86653
4618.4120864155  54.2708
4618.57858877794  23.62203
4618.74509114038  13.16525
4618.91159350282  45.7334
4619.07809586526  36.07661
4619.2445982277  23.11731
4619.41110059014  12.05351
4619.57760295258  15.10641
4619.74410531502  22.64489
4619.91060767746  59.54382
4620.07711003989  33.06726
4620.24361240233  47.56304
4620.41011476477  24.7192
4620.57661712721  27.18735
4620.74311948965  -10.54426
4620.90962185209  47.92966
4621.07612421453  91.40939
4621.24262657697  31.59841
4621.40912893941  61.39577
4621.57563130185  12.91873
4621.74213366428  24.94798
4621.90863602672  61.52536
4622.07513838916  38.87751
4622.2416407516  19.3069
4622.40814311404  21.68858
4622.57464547648  23.51632
4622.74114783892  50.18335
4622.90765020136  25.79667
4623.0741525638  28.03229
4623.24065492624  45.9472
4623.40715728868  31.45318
4623.57365965111  50.18542
4623.74016201355  53.56568
4623.90666437599  49.01239
4624.07316673843  16.15738
4624.23966910087  33.49662
4624.40617146331  51.94563
4624.57267382575  58.25606
4624.73917618819  49.88942
4624.90567855063  -12.96728
4625.07218091307  80.89545
4625.2386832755  113.3033
4625.40518563794  39.99294
4625.57168800038  -15.1586
4625.73819036282  37.57539
4625.90469272526  64.69977
4626.0711950877  -0.5621512
4626.23769745014  -15.26768
4626.40419981258  9.813953
4626.57070217502  5.774818
4626.73720453746  45.53885
4626.9037068999  32.85264
4627.07020926234  10.47165
4627.23671162477  35.87137
4627.40321398721  96.76917
4627.56971634965  100.4971
4627.73621871209  38.98408
4627.90272107453  12.83702
4628.06922343697  31.70771
4628.23572579941  50.34395
4628.40222816185  57.65495
4628.56873052429  26.24526
4628.73523288673  -3.317347
4628.90173524916  10.8051
4629.0682376116  3.373841
4629.23473997404  0.3564775
4629.40124233648  25.42826
4629.56774469892  76.52286
4629.73424706136  67.44855
4629.9007494238  23.5532
4630.06725178624  -13.424
4630.23375414868  16.39839
4630.40025651112  6.884752
4630.56675887356  17.52589
4630.73326123599  10.12342
4630.89976359843  24.6755
4631.06626596087  16.23595
4631.23276832331  55.19979
4631.39927068575  34.46548
4631.56577304819  48.02998
4631.73227541063  63.57626
4631.89877777307  71.32935
4632.06528013551  42.62972
4632.23178249795  40.34631
4632.39828486039  47.67505
4632.56478722282  70.72075
4632.73128958526  76.22073
4632.8977919477  78.04452
4633.06429431014  47.14066
4633.23079667258  57.58969
4633.39729903502  54.73887
4633.56380139746  41.01586
4633.7303037599  52.95042
4633.89680612234  30.50427
4634.06330848478  34.4726
4634.22981084721  60.44209
4634.39631320965  33.0584
4634.56281557209  -1.084271
4634.72931793453  31.24783
4634.89582029697  85.93272
4635.06232265941  82.37759
4635.22882502185  69.00125
4635.39532738429  69.40159
4635.56182974673  63.71646
4635.72833210917  54.8891
4635.8948344716  22.45228
4636.06133683404  20.47502
4636.22783919648  47.41035
4636.39434155892  87.95508
4636.56084392136  9.63432
4636.7273462838  19.77847
4636.89384864624  51.97186
4637.06035100868  16.6739
4637.22685337112  -16.40693
4637.39335573356  47.77018
4637.559858096  54.55516
4637.72636045844  45.889
4637.89286282087  30.72542
4638.05936518331  64.28933
4638.22586754575  23.52067
4638.39236990819  41.04782
4638.55887227063  5.221339
4638.72537463307  63.52283
4638.89187699551  52.68022
4639.05837935795  38.84624
4639.22488172039  64.71616
4639.39138408283  49.93469
4639.55788644527  34.85741
4639.72438880771  45.84117
4639.89089117014  86.25686
4640.05739353258  47.78343
4640.22389589502  37.5693
4640.39039825746  61.45228
4640.5569006199  40.78073
4640.72340298234  24.5651
4640.88990534478  32.71502
4641.05640770722  45.81845
4641.22291006966  16.44769
4641.38941243209  9.490566
4641.55591479453  18.11523
4641.72241715697  10.55296
4641.88891951941  32.56304
4642.05542188185  51.68437
4642.22192424429  35.95677
4642.38842660673  -1.231205
4642.55492896917  27.40286
4642.72143133161  67.78519
4642.88793369405  42.81813
4643.05443605649  14.97361
4643.22093841892  37.08525
4643.38744078136  22.07422
4643.5539431438  70.0782
4643.72044550624  77.86729
4643.88694786868  73.88856
4644.05345023112  82.05436
4644.21995259356  32.73897
4644.386454956  30.02103
4644.55295731844  4.188435
4644.71945968088  36.75739
4644.88596204332  92.17688
4645.05246440576  21.16691
4645.21896676819  76.7082
4645.38546913063  84.55682
4645.55197149307  39.64682
4645.71847385551  54.82581
4645.88497621795  35.52422
4646.05147858039  54.38082
4646.21798094283  56.30994
4646.38448330527  60.65186
4646.55098566771  48.89353
4646.71748803015  89.16147
4646.88399039258  105.7503
4647.05049275502  76.91236
4647.21699511746  56.27794
4647.3834974799  16.53877
4647.54999984234  20.41933
4647.71650220478  71.27605
4647.88300456722  14.80383
4648.04950692966  2.449477
4648.2160092921  20.09482
4648.38251165454  15.91343
4648.54901401697  47.99541
4648.71551637941  43.13142
4648.88201874185  -15.10774
4649.04852110429  61.05608
4649.21502346673  69.49466
4649.38152582917  28.90457
4649.54802819161  31.83957
4649.71453055405  42.78399
4649.88103291649  84.35532
4650.04753527893  65.75285
4650.21403764137  66.39856
4650.3805400038  42.87632
4650.54704236624  9.004579
4650.71354472868  6.508218
4650.88004709112  69.35754
4651.04654945356  69.93804
4651.213051816  63.41798
4651.37955417844  96.06907
4651.54605654088  53.92654
4651.71255890332  2.895991
4651.87906126576  66.5163
4652.0455636282  53.20658
4652.21206599063  25.77226
4652.37856835307  60.18791
4652.54507071551  72.4735
4652.71157307795  68.87241
4652.87807544039  44.64707
4653.04457780283  28.85674
4653.21108016527  47.34222
4653.37758252771  41.60099
4653.54408489015  55.38136
4653.71058725259  60.68604
4653.87708961502  55.06547
4654.04359197746  41.11029
4654.2100943399  27.06209
4654.37659670234  56.06199
4654.54309906478  61.08743
4654.70960142722  67.61087
4654.87610378966  68.20098
4655.0426061521  36.73755
4655.20910851454  13.97517
4655.37561087698  26.3152
4655.54211323942  48.53306
4655.70861560185  37.16124
4655.87511796429  27.73785
4656.04162032673  30.44739
4656.20812268917  51.8627
4656.37462505161  72.73284
4656.54112741405  40.47044
4656.70762977649  8.867592
4656.87413213893  46.79378
4657.04063450137  57.18056
4657.20713686381  40.98778
4657.37363922625  28.61951
4657.54014158868  28.5001
4657.70664395112  92.22406
4657.87314631356  103.6722
4658.039648676  74.35513
4658.20615103844  43.78434
4658.37265340088  42.31294
4658.53915576332  54.21607
4658.70565812576  48.04123
4658.8721604882  77.07999
4659.03866285064  90.14947
4659.20516521308  44.58145
4659.37166757551  45.5992
4659.53816993795  61.68439
4659.70467230039  56.71779
4659.87117466283  54.83421
4660.03767702527  32.16459
4660.20417938771  46.47755
4660.37068175015  39.66779
4660.53718411259  36.42804
4660.70368647503  71.96331
4660.87018883747  46.76196
4661.03669119991  14.72031
4661.20319356235  31.88044
4661.36969592478  18.25851
4661.53619828722  30.6417
4661.70270064966  35.07941
4661.8692030121  52.29124
4662.03570537454  41.02905
4662.20220773698  26.5578
4662.36871009942  37.48446
4662.53521246186  10.9274
4662.7017148243  47.9963
4662.86821718673  52.46246
4663.03471954917  36.93237
4663.20122191161  38.60155
4663.36772427405  9.986034
4663.53422663649  43.24425
4663.70072899893  51.04726
4663.86723136137  55.52508
4664.03373372381  63.32488
4664.20023608625  35.27295
4664.36673844869  31.13278
4664.53324081113  20.12529
4664.69974317357  1.170354
4664.866245536  26.14989
4665.03274789844  58.54119
4665.19925026088  72.96596
4665.36575262332  41.2934
4665.53225498576  29.64106
4665.6987573482  61.87664
4665.86525971064  36.74331
4666.03176207308  40.04039
4666.19826443552  33.47841
4666.36476679796  62.31797
4666.53126916039  39.1861
4666.69777152283  26.92225
4666.86427388527  66.56253
4667.03077624771  58.7501
4667.19727861015  52.37247
4667.36378097259  65.88862
4667.53028333503  62.47631
4667.69678569747  53.58303
4667.86328805991  31.02715
4668.02979042235  26.05725
4668.19629278479  26.82478
4668.36279514722  39.45428
4668.52929750966  35.67825
4668.6957998721  -4.130841
4668.86230223454  45.55785
4669.02880459698  46.84023
4669.19530695942  21.21911
4669.36180932186  40.70032
4669.5283116843  18.59777
4669.69481404674  37.08398
4669.86131640918  87.00636
4670.02781877161  53.10772
4670.19432113405  -27.24228
4670.36082349649  58.31108
4670.52732585893  81.83639
4670.69382822137  71.42772
4670.86033058381  58.99373
4671.02683294625  58.43908
4671.19333530869  47.51679
4671.35983767113  74.79897
4671.52634003357  60.25657
4671.69284239601  54.98762
4671.85934475845  61.08672
4672.02584712088  81.58941
4672.19234948332  85.85673
4672.35885184576  32.7185
4672.5253542082  36.11328
4672.69185657064  78.03606
4672.85835893308  39.60886
4673.02486129552  27.32763
4673.19136365796  36.90162
4673.3578660204  69.31312
4673.52436838284  119.761
4673.69087074527  38.8471
4673.85737310771  65.11696
4674.02387547015  49.24306
4674.19037783259  55.39438
4674.35688019503  31.85053
4674.52338255747  75.41533
4674.68988491991  65.39219
4674.85638728235  85.56018
4675.02288964479  78.75935
4675.18939200723  37.06312
4675.35589436966  55.05557
4675.5223967321  68.28274
4675.68889909454  35.50592
4675.85540145698  60.28811
4676.02190381942  96.1682
4676.18840618186  60.05227
4676.3549085443  46.08257
4676.52141090674  87.28262
4676.68791326918  79.52245
4676.85441563162  4.177537
4677.02091799406  37.25215
4677.18742035649  30.86949
4677.35392271893  42.56425
4677.52042508137  59.09948
4677.68692744381  35.49732
4677.85342980625  38.0117
4678.01993216869  61.58176
4678.18643453113  53.36091
4678.35293689357  69.92874
4678.51943925601  60.19454
4678.68594161845  84.73981
4678.85244398089  93.10767
4679.01894634332  86.04538
4679.18544870576  82.53846
4679.3519510682  64.86666
4679.51845343064  68.02905
4679.68495579308  94.33695
4679.85145815552  76.83562
4680.01796051796  38.54044
4680.1844628804  60.87378
4680.35096524284  79.26244
4680.51746760528  82.1683
4680.68396996771  115.4773
4680.85047233015  93.30512
4681.01697469259  50.91653
4681.18347705503  104.5171
4681.34997941747  76.81242
4681.51648177991  95.15186
4681.68298414235  63.76007
4681.84948650479  59.7728
4682.01598886723  59.38143
4682.18249122967  62.86504
4682.34899359211  97.70321
4682.51549595455  139.9268
4682.68199831698  81.14031
4682.84850067942  113.198
4683.01500304186  84.58065
4683.1815054043  56.18206
4683.34800776674  110.2904
4683.51451012918  81.91163
4683.68101249162  91.5047
4683.84751485406  83.62386
4684.0140172165  115.1139
4684.18051957894  103.5731
4684.34702194137  106.7236
4684.51352430381  11.84
4684.68002666625  68.88651
4684.84652902869  95.08942
4685.01303139113  50.33831
4685.17953375357  45.74418
4685.34603611601  21.88679
4685.51253847845  52.68479
4685.67904084089  36.91816
4685.84554320333  64.28204
4686.01204556577  53.51564
4686.17854792821  53.08965
4686.34505029064  65.4561
4686.51155265308  41.22163
4686.67805501552  79.56647
4686.84455737796  80.53609
4687.0110597404  127.5448
4687.17756210284  92.09605
4687.34406446528  87.41965
4687.51056682772  84.94071
4687.67706919016  25.23326
4687.8435715526  77.32076
4688.01007391504  50.56736
4688.17657627747  122.7374
4688.34307863991  101.0359
4688.50958100235  78.73652
4688.67608336479  79.29507
4688.84258572723  53.02473
4689.00908808967  53.04009
4689.17559045211  64.33689
4689.34209281455  65.56266
4689.50859517699  49.05294
4689.67509753943  44.79049
4689.84159990186  60.4204
4690.0081022643  32.06569
4690.17460462674  53.31031
4690.34110698918  64.02254
4690.50760935162  75.93273
4690.67411171406  30.59633
4690.8406140765  53.47423
4691.00711643894  48.94418
4691.17361880138  3.689676
4691.34012116382  74.04198
4691.50662352625  67.3491
4691.67312588869  58.79553
4691.83962825113  35.08875
4692.00613061357  64.50859
4692.17263297601  60.48146
4692.33913533845  73.47734
4692.50563770089  91.78864
4692.67214006333  66.77949
4692.83864242577  79.69938
4693.00514478821  28.28258
4693.17164715065  23.81073
4693.33814951309  20.82989
4693.50465187552  13.4357
4693.67115423796  28.34413
4693.8376566004  55.88031
4694.00415896284  -0.1751484
4694.17066132528  27.85031
4694.33716368772  41.78165
4694.50366605016  72.92947
4694.6701684126  17.47752
4694.83667077504  59.96233
4695.00317313748  40.3978
4695.16967549991  7.124499
4695.33617786235  52.09867
4695.50268022479  77.94147
4695.66918258723  49.11506
4695.83568494967  43.1358
4696.00218731211  50.18399
4696.16868967455  44.96577
4696.33519203699  -29.54564
4696.50169439943  -0.01337694
4696.66819676187  53.1003
4696.8346991243  51.09964
4697.00120148674  36.7037
4697.16770384918  8.255835
4697.33420621162  48.93502
4697.50070857406  25.60767
4697.6672109365  25.96982
4697.83371329894  64.82719
4698.00021566138  40.91503
4698.16671802382  24.8701
4698.33322038626  14.97212
4698.4997227487  24.05734
4698.66622511114  -19.79107
4698.83272747357  6.913537
4698.99922983601  -3.047496
4699.16573219845  2.15579
4699.33223456089  17.76532
4699.49873692333  68.30927
4699.66523928577  23.60221
4699.83174164821  18.57763
4699.99824401065  78.01393
4700.16474637309  51.07082
4700.33124873553  63.71702
4700.49775109797  90.4789
4700.6642534604  -5.758256
4700.83075582284  22.41826
4700.99725818528  24.64795
4701.16376054772  -1.557113
4701.33026291016  59.10202
4701.4967652726  32.64256
4701.66326763504  38.54163
4701.82976999748  6.726326
4701.99627235992  -14.55844
4702.16277472235  26.87056
4702.32927708479  18.61936
4702.49577944723  21.03926
4702.66228180967  1.986572
4702.82878417211  47.50743
4702.99528653455  49.05178
4703.16178889699  50.83809
4703.32829125943  50.71332
4703.49479362187  5.174468
4703.66129598431  43.25837
4703.82779834675  11.82718
4703.99430070919  -19.5858
4704.16080307162  -25.82549
4704.32730543406  49.47495
4704.4938077965  26.285
4704.66031015894  31.91003
4704.82681252138  20.77847
4704.99331488382  51.44028
4705.15981724626  39.84015
4705.3263196087  46.82552
4705.49282197114  23.63722
4705.65932433358  6.231771
4705.82582669602  8.931623
4705.99232905846  11.54567
4706.15883142089  16.70534
4706.32533378333  46.43146
4706.49183614577  1.732242
4706.65833850821  -2.020906
4706.82484087065  63.36628
4706.99134323309  18.1143
4707.15784559553  -20.7693
4707.32434795797  34.42997
4707.49085032041  29.92909
4707.65735268285  19.61104
4707.82385504528  38.06749
4707.99035740772  37.27333
4708.15685977016  73.56133
4708.3233621326  13.08356
4708.48986449504  51.54108
4708.65636685748  49.03274
4708.82286921992  25.68052
4708.98937158236  1.248816
4709.1558739448  5.200429
4709.32237630724  54.79099
4709.48887866968  44.95215
4709.65538103211  24.83182
4709.82188339455  -1.120768
4709.98838575699  4.205269
4710.15488811943  1.383511
4710.32139048187  47.70382
4710.48789284431  24.81513
4710.65439520675  4.428355
4710.82089756919  35.85392
4710.98739993163  42.00464
4711.15390229406  54.76203
4711.3204046565  30.35795
4711.48690701894  10.13921
4711.65340938138  5.206677
4711.81991174382  -3.578539
4711.98641410626  41.7234
4712.1529164687  25.33833
4712.31941883114  25.08627
4712.48592119358  26.59187
4712.65242355602  4.899082
4712.81892591846  21.67
4712.9854282809  45.60485
4713.15193064333  -8.429822
4713.31843300577  28.92702
4713.48493536821  44.99619
4713.65143773065  34.3757
4713.81794009309  -26.72983
4713.98444245553  58.09731
4714.15094481797  25.23151
4714.31744718041  29.58439
4714.48394954285  13.19466
4714.65045190529  55.16624
4714.81695426773  -3.562621
4714.98345663016  -0.3766252
4715.1499589926  46.97546
4715.31646135504  42.66875
4715.48296371748  30.11779
4715.64946607992  9.109651
4715.81596844236  47.57893
4715.9824708048  70.24901
4716.14897316724  13.3672
4716.31547552968  -9.019835
4716.48197789212  14.27881
4716.64848025455  12.27779
4716.81498261699  24.1668
4716.98148497943  -2.740115
4717.14798734187  49.71058
4717.31448970431  13.54426
4717.48099206675  -21.13456
4717.64749442919  1.451924
4717.81399679163  26.72128
4717.98049915407  26.6424
4718.14700151651  18.31306
4718.31350387894  8.54556
4718.48000624138  13.29693
4718.64650860382  5.315667
4718.81301096626  43.73683
4718.9795133287  0.2119911
4719.14601569114  72.40669
4719.31251805358  77.39679
4719.47902041602  15.82557
4719.64552277846  32.19028
4719.8120251409  42.92553
4719.97852750334  9.21486
4720.14502986578  63.10896
4720.31153222821  3.893846
4720.47803459065  5.737435
4720.64453695309  48.51339
4720.81103931553  2.729776
4720.97754167797  -8.259604
4721.14404404041  -9.028297
4721.31054640285  -7.134782
4721.47704876529  -2.499579
4721.64355112773  -37.38539
4721.81005349017  -1.618387
4721.9765558526  36.5705
4722.14305821504  -7.330691
4722.30956057748  -20.51781
4722.47606293992  10.97211
4722.64256530236  25.03548
4722.8090676648  12.67205
4722.97557002724  18.55194
4723.14207238968  24.10868
4723.30857475212  10.19155
4723.47507711456  37.48914
4723.64157947699  42.81544
4723.80808183943  9.765942
4723.97458420187  26.0631
4724.14108656431  80.16206
4724.30758892675  55.76252
4724.47409128919  21.22687
4724.64059365163  -18.42477
4724.80709601407  36.9274
4724.97359837651  40.46686
4725.14010073895  20.39709
4725.30660310139  -13.12477
4725.47310546383  -1.994627
4725.63960782626  8.467175
4725.8061101887  15.70566
4725.97261255114  16.87057
4726.13911491358  -25.74644
4726.30561727602  11.63583
4726.47211963846  37.63582
4726.6386220009  66.30434
4726.80512436334  59.00808
4726.97162672578  41.55266
4727.13812908822  52.60709
4727.30463145066  32.44154
4727.4711338131  38.03884
4727.63763617553  51.50045
4727.80413853797  8.35643
4727.97064090041  -25.17499
4728.13714326285  -34.06046
4728.30364562529  -1.994377
4728.47014798773  42.83148
4728.63665035017  -14.1277
4728.80315271261  2.254244
4728.96965507505  50.63852
4729.13615743748  9.755107
4729.30265979992  1.644633
4729.46916216236  -0.994442
4729.6356645248  -23.63783
4729.80216688724  -11.747
4729.96866924968  18.82267
4730.13517161212  22.05186
4730.30167397456  -15.53748
4730.468176337  18.33813
4730.63467869944  51.25861
4730.80118106188  31.0324
4730.96768342432  -34.33268
4731.13418578675  -7.557593
4731.30068814919  7.060285
4731.46719051163  -36.5519
4731.63369287407  -31.41421
4731.80019523651  -10.73584
4731.96669759895  -0.4828445
4732.13319996139  -6.764127
4732.29970232383  -12.09772
4732.46620468627  -3.338948
4732.63270704871  -26.74681
4732.79920941114  -26.91939
4732.96571177358  4.531098
4733.13221413602  -10.83432
4733.29871649846  -0.7673901
4733.4652188609  13.12601
4733.63172122334  -21.47374
4733.79822358578  -43.49321
4733.96472594822  31.2835
4734.13122831066  27.21755
4734.2977306731  66.72221
4734.46423303554  28.58196
4734.63073539797  -13.1329
4734.79723776041  0.4512598
4734.96374012285  -35.78545
4735.13024248529  24.94449
4735.29674484773  -2.77157
4735.46324721017  25.67018
4735.62974957261  -21.12413
4735.79625193505  -35.83377
4735.96275429749  14.59779
4736.12925665993  -36.20465
4736.29575902237  -28.46608
4736.4622613848  1.115472
4736.62876374724  26.4178
4736.79526610968  -6.285677
4736.96176847212  20.34099
4737.12827083456  49.66998
4737.294773197  65.64835
4737.46127555944  -35.28806
4737.62777792188  -59.80405
4737.79428028432  34.78522
4737.96078264676  27.91845
4738.12728500919  36.60357
4738.29378737163  56.44357
4738.46028973407  8.500457
4738.62679209651  -38.06713
4738.79329445895  -6.796333
4738.95979682139  -1.517251
4739.12629918383  15.47686
4739.29280154627  31.46545
