4568.9638580502  36.76537
4569.13035809607  -7.994593
4569.29685814194  -20.31193
4569.46335818781  28.17144
4569.62985823368  29.02549
4569.79635827955  7.367948
4569.96285832542  -1.155276
4570.12935837129  41.19603
4570.29585841716  48.57291
4570.46235846303  7.515178
4570.6288585089  10.02624
4570.79535855477  -10.32833
4570.96185860064  -11.57852
4571.12835864651  -1.399258
4571.29485869238  41.62567
4571.46135873825  50.93162
4571.62785878412  50.8675
4571.79435882998  -4.797275
4571.96085887585  53.66842
4572.12735892172  40.87003
4572.29385896759  -0.947181
4572.46035901346  -9.581166
4572.62685905933  -39.85025
4572.7933591052  3.715977
4572.95985915107  22.9659
4573.12635919694  -42.81589
4573.29285924281  -2.724185
4573.45935928868  -56.73612
4573.62585933455  11.19878
4573.79235938042  17.8379
4573.95885942629  20.32379
4574.12535947216  8.212418
4574.29185951803  19.78329
4574.4583595639  48.98871
4574.62485960977  41.1899
4574.79135965564  48.50015
4574.95785970151  66.00838
4575.12435974738  46.40065
4575.29085979325  45.64806
4575.45735983912  45.46405
4575.62385988499  42.18786
4575.79035993086  50.8335
4575.95685997673  -7.698872
4576.1233600226  52.1235
4576.28986006847  87.12514
4576.45636011434  40.64345
4576.62286016021  63.75459
4576.78936020608  59.6039
4576.95586025195  1.038459
4577.12236029782  -8.849663
4577.28886034368  17.68566
4577.45536038956  19.93525
4577.62186043542  7.352619
4577.78836048129  29.43945
4577.95486052716  48.64045
4578.12136057303  23.09723
4578.2878606189  52.42746
4578.45436066477  34.54133
4578.62086071064  54.79876
4578.78736075651  36.66056
4578.95386080238  -22.30135
4579.12036084825  41.39451
4579.28686089412  35.32978
4579.45336093999  19.48244
4579.61986098586  68.16495
4579.78636103173  43.03623
4579.9528610776  24.00693
4580.11936112347  44.84964
4580.28586116934  77.49972
4580.45236121521  35.33575
4580.61886126108  33.37273
4580.78536130695  61.34832
4580.95186135282  39.80677
4581.11836139869  50.38139
4581.28486144456  16.75741
4581.45136149043  -7.872406
4581.6178615363  -3.777105
4581.78436158217  26.99152
4581.95086162804  30.69683
4582.11736167391  48.01337
4582.28386171978  94.0798
4582.45036176565  44.14973
4582.61686181152  15.69647
4582.78336185739  37.45981
4582.94986190326  -12.31574
4583.11636194913  13.81266
4583.282861995  62.72728
4583.44936204086  90.74139
4583.61586208673  28.84769
4583.7823621326  26.84963
4583.94886217847  30.6539
4584.11536222434  26.02662
4584.28186227021  37.28027
4584.44836231608  64.03981
4584.61486236195  32.70348
4584.78136240782  -6.96443
4584.94786245369  39.23439
4585.11436249956  8.730663
4585.28086254543  8.979671
4585.4473625913  72.97655
4585.61386263717  8.910357
4585.78036268304  26.04615
4585.94686272891  70.74931
4586.11336277478  73.56247
4586.27986282065  -8.000114
4586.44636286652  -2.045849
4586.61286291239  71.36526
4586.77936295826  117.3819
4586.94586300413  55.69874
4587.11236305  20.07431
4587.27886309587  91.40286
4587.44536314174  84.39384
4587.61186318761  38.08433
4587.77836323348  49.62746
4587.94486327935  72.43081
4588.11136332522  61.88723
4588.27786337109  51.91932
4588.44436341696  48.64328
4588.61086346283  50.68573
4588.7773635087  82.81363
4588.94386355457  18.09125
4589.11036360043  -24.38326
4589.2768636463  36.10741
4589.44336369217  54.00688
4589.60986373804  39.9194
4589.77636378391  59.88701
4589.94286382978  63.31829
4590.10936387565  47.84507
4590.27586392152  28.99689
4590.44236396739  11.89521
4590.60886401326  24.17547
4590.77536405913  101.3561
4590.941864105  108.2924
4591.10836415087  90.24471
4591.27486419674  14.28129
4591.44136424261  61.72713
4591.60786428848  80.67119
4591.77436433435  64.34939
4591.94086438022  45.75579
4592.10736442609  23.68803
4592.27386447196  65.84836
4592.44036451783  78.10464
4592.6068645637  68.60918
4592.77336460957  96.64648
4592.93986465544  67.45996
4593.10636470131  95.64768
4593.27286474718  82.617
4593.43936479305  74.67728
4593.60586483892  65.80592
4593.77236488479  18.19213
4593.93886493066  39.40057
4594.10536497653  65.86149
4594.2718650224  127.3472
4594.43836506826  84.22094
4594.60486511413  58.22155
4594.77136516  45.80413
4594.93786520587  51.73233
4595.10436525174  54.41607
4595.27086529761  40.77116
4595.43736534348  54.92781
4595.60386538935  35.60254
4595.77036543522  12.92949
4595.93686548109  23.49588
4596.10336552696  27.41459
4596.26986557283  27.03724
4596.4363656187  41.33701
4596.60286566457  37.54649
4596.76936571044  31.39199
4596.93586575631  37.40039
4597.10236580218  37.04299
4597.26886584805  21.90143
4597.43536589392  76.35757
4597.60186593979  95.99306
4597.76836598566  80.0391
4597.93486603153  41.66996
4598.1013660774  51.75322
4598.26786612327  87.60197
4598.43436616914  63.5114
4598.60086621501  63.29297
4598.76736626088  49.54785
4598.93386630675  77.40455
4599.10036635262  68.34972
4599.26686639849  64.38078
4599.43336644436  108.5541
4599.59986649023  108.0898
4599.7663665361  98.69701
4599.93286658196  118.1429
4600.09936662784  24.2805
4600.2658666737  44.77955
4600.43236671958  90.73157
4600.59886676545  77.09927
4600.76536681131  103.0845
4600.93186685718  72.6518
4601.09836690305  14.21066
4601.26486694892  11.43727
4601.43136699479  36.33264
4601.59786704066  75.99174
4601.76436708653  49.02009
4601.9308671324  58.10185
4602.09736717827  69.95143
4602.26386722414  43.95096
4602.43036727001  34.77225
4602.59686731588  24.35135
4602.76336736175  83.32774
4602.92986740762  81.85616
4603.09636745349  18.00717
4603.26286749936  4.435295
4603.42936754523  73.56926
4603.5958675911  56.82361
4603.76236763697  35.89668
4603.92886768284  53.62511
4604.09536772871  74.38825
4604.26186777458  76.60145
4604.42836782045  70.85342
4604.59486786632  97.63956
4604.76136791219  101.3848
4604.92786795806  74.05251
4605.09436800393  67.87342
4605.2608680498  96.90028
4605.42736809567  66.18301
4605.59386814154  88.74529
4605.76036818741  80.67336
4605.92686823327  24.06947
4606.09336827915  54.64477
4606.25986832501  70.11681
4606.42636837088  52.79985
4606.59286841675  36.88071
4606.75936846262  58.87387
4606.92586850849  17.69613
4607.09236855436  49.44753
4607.25886860023  73.61403
4607.4253686461  47.32346
4607.59186869197  97.9868
4607.75836873784  95.52335
4607.92486878371  45.96789
4608.09136882958  116.3896
4608.25786887545  118.2721
4608.42436892132  16.40856
4608.59086896719  103.1643
4608.75736901306  118.2689
4608.92386905893  73.63177
4609.0903691048  41.66391
4609.25686915067  94.18022
4609.42336919654  94.37377
4609.58986924241  65.33904
4609.75636928828  75.51263
4609.92286933415  76.68802
4610.08936938002  55.55956
4610.25586942589  43.04212
4610.42236947176  56.25811
4610.58886951763  63.21738
4610.7553695635  85.21687
4610.92186960937  71.78763
4611.08836965524  -1.508128
4611.25486970111  41.98702
4611.42136974698  131.608
4611.58786979285  94.60991
4611.75436983872  86.98232
4611.92086988459  81.14608
4612.08736993045  56.30701
4612.25386997632  111.4991
4612.42037002219  144.489
4612.58687006806  70.07629
4612.75337011393  119.6431
4612.9198701598  64.52972
4613.08637020567  74.24194
4613.25287025154  122.5159
4613.41937029741  76.88894
4613.58587034328  37.39326
4613.75237038915  75.91199
4613.91887043502  88.50811
4614.08537048089  76.00137
4614.25187052676  53.63371
4614.41837057263  67.14417
4614.5848706185  84.118
4614.75137066437  76.41424
4614.91787071024  72.98645
4615.08437075611  79.71265
4615.25087080198  113.0768
4615.41737084785  103.0689
4615.58387089372  45.5144
4615.75037093959  50.96845
4615.91687098546  78.60641
4616.08337103133  53.73449
4616.2498710772  75.06383
4616.41637112307  109.0679
4616.58287116894  108.3216
4616.74937121481  61.58167
4616.91587126068  62.41074
4617.08237130655  51.32509
4617.24887135242  106.0803
4617.41537139828  153.3605
4617.58187144415  112.8448
4617.74837149003  65.80585
4617.91487153589  83.84202
4618.08137158176  94.81409
4618.24787162763  84.9678
4618.4143716735  106.0618
4618.58087171937  100.4075
4618.74737176524  101.2609
4618.91387181111  88.81313
4619.08037185698  62.80101
4619.24687190285  61.87327
4619.41337194872  39.574
4619.57987199459  112.3491
4619.74637204046  117.5097
4619.91287208633  33.40822
4620.0793721322  56.76387
4620.24587217807  98.55199
4620.41237222394  106.1968
4620.57887226981  99.09042
4620.74537231568  125.7785
4620.91187236155  96.14479
4621.07837240742  134.4582
4621.24487245329  76.53346
4621.41137249916  87.91561
4621.57787254503  83.64509
4621.7443725909  92.29324
4621.91087263677  143.6558
4622.07737268264  112.7666
4622.24387272851  74.17281
4622.41037277438  121.2162
4622.57687282025  152.3138
4622.74337286612  130.5607
4622.90987291199  94.26487
4623.07637295786  65.20881
4623.24287300373  57.17984
4623.4093730496  102.8671
4623.57587309547  106.0116
4623.74237314133  73.88058
4623.9088731872  137.6695
4624.07537323307  139.9595
4624.24187327894  110.9934
4624.40837332481  71.8399
4624.57487337068  39.02139
4624.74137341655  86.521
4624.90787346242  111.8396
4625.07437350829  122.1316
4625.24087355416  95.6493
4625.40737360003  101.7779
4625.5738736459  55.60801
4625.74037369177  82.73641
4625.90687373764  123.7696
4626.07337378351  45.47671
4626.23987382938  51.06147
4626.40637387525  85.86421
4626.57287392112  81.35307
4626.73937396699  144.2919
4626.90587401286  101.9903
4627.07237405873  83.44415
4627.2388741046  132.091
4627.40537415047  113.2498
4627.57187419634  117.5275
4627.73837424221  115.2978
4627.90487428808  126.885
4628.07137433395  129.2921
4628.23787437982  105.2609
4628.40437442569  118.465
4628.57087447156  95.74334
4628.73737451743  78.56575
4628.90387456329  112.3777
4629.07037460917  126.1272
4629.23687465503  103.7261
4629.4033747009  115.2437
4629.56987474677  127.2824
4629.73637479264  153.014
4629.90287483851  112.9851
4630.06937488438  35.29958
4630.23587493025  99.63786
4630.40237497612  139.4143
4630.56887502199  41.73526
4630.73537506786  103.3012
4630.90187511373  72.48196
4631.0683751596  54.1004
4631.23487520547  136.1831
4631.40137525134  193.4332
4631.56787529721  117.3575
4631.73437534308  63.32128
4631.90087538895  144.8162
4632.06737543482  147.0697
4632.23387548069  82.44539
4632.40037552656  81.3316
4632.56687557243  127.7309
4632.7333756183  131.9952
4632.89987566417  85.41773
4633.06637571004  114.5884
4633.23287575591  172.8415
4633.39937580178  105.9527
4633.56587584765  106.3886
4633.73237589352  86.06267
4633.89887593939  114.8085
4634.06537598526  144.508
4634.23187603113  66.20153
4634.398376077  72.4101
4634.56487612287  85.66297
4634.73137616873  122.3805
4634.8978762146  98.17506
4635.06437626047  102.6501
4635.23087630634  152.3735
4635.39737635221  198.3033
4635.56387639808  196.7116
4635.73037644395  108.347
4635.89687648982  95.99966
4636.06337653569  114.0668
4636.22987658156  154.8065
4636.39637662743  107.1273
4636.5628766733  68.72735
4636.72937671917  122.9132
4636.89587676504  150.487
4637.06237681091  144.9573
4637.22887685678  111.4967
4637.39537690265  120.5176
4637.56187694852  63.36431
4637.72837699439  85.63747
4637.89487704026  120.458
4638.06137708613  94.86858
4638.227877132  112.8333
4638.39437717787  89.19621
4638.56087722374  78.71975
4638.72737726961  119.7078
4638.89387731548  135.724
4639.06037736135  119.9367
4639.22687740722  111.8176
4639.39337745309  70.87492
4639.55987749896  26.90892
4639.72637754483  86.71103
4639.8928775907  119.3413
4640.05937763657  64.12786
4640.22587768244  104.0715
4640.39237772831  174.2967
4640.55887777418  135.2585
4640.72537782005  82.22809
4640.89187786591  111.976
4641.05837791178  97.88261
4641.22487795765  78.10203
4641.39137800352  134.4884
4641.55787804939  118.5422
4641.72437809526  80.25507
4641.89087814113  110.8136
4642.057378187  114.1396
4642.22387823287  118.2702
4642.39037827874  135.0393
4642.55687832461  131.8043
4642.72337837048  171.1756
4642.88987841635  135.2145
4643.05637846222  67.0956
4643.22287850809  75.19525
4643.38937855396  57.63906
4643.55587859983  100.4793
4643.7223786457  126.5926
4643.88887869157  142.2806
4644.05537873744  120.2919
4644.22187878331  144.1072
4644.38837882918  119.5818
4644.55487887505  136.1589
4644.72137892092  149.2844
4644.88787896679  172.2439
4645.05437901266  118.6629
4645.22087905853  102.4525
4645.3873791044  134.0789
4645.55387915027  155.4755
4645.72037919614  183.5461
4645.88687924201  160.9229
4646.05337928787  126.1933
4646.21987933375  61.38064
4646.38637937961  141.5876
4646.55287942548  113.6107
4646.71937947135  98.327
4646.88587951722  142.0164
4647.05237956309  170.4876
4647.21887960896  123.7925
4647.38537965483  96.7908
4647.5518797007  139.5371
4647.71837974657  123.6981
4647.88487979244  135.2819
4648.05137983831  108.8457
4648.21787988418  78.99889
4648.38437993005  106.5266
4648.55087997592  163.6214
4648.71738002179  119.013
4648.88388006766  107.3973
4649.05038011353  117.3298
4649.2168801594  155.0707
4649.38338020527  160.2065
4649.54988025114  121.235
4649.71638029701  107.3313
4649.88288034288  177.4694
4650.04938038875  139.8846
4650.21588043462  99.69624
4650.38238048049  156.3908
4650.54888052636  140.6507
4650.71538057223  148.2642
4650.8818806181  163.8513
4651.04838066397  152.5985
4651.21488070984  139.6143
4651.38138075571  132.486
4651.54788080158  183.4242
4651.71438084745  166.6358
4651.88088089331  135.6363
4652.04738093919  74.07425
4652.21388098505  103.4502
4652.38038103092  158.6833
4652.54688107679  130.7955
4652.71338112266  142.4979
4652.87988116853  139.2635
4653.0463812144  117.4911
4653.21288126027  119.3802
4653.37938130614  156.6955
4653.54588135201  160.7501
4653.71238139788  147.5699
4653.87888144375  176.1125
4654.04538148962  135.1731
4654.21188153549  125.4661
4654.37838158136  117.7281
4654.54488162723  129.2997
4654.7113816731  162.9716
4654.87788171897  157.23
4655.04438176484  162.3842
4655.21088181071  120.792
4655.37738185658  133.2888
4655.54388190245  108.9797
4655.71038194832  110.9807
4655.87688199419  181.697
4656.04338204006  117.7114
4656.20988208593  93.83666
4656.3763821318  103.5184
4656.54288217767  146.2975
4656.70938222354  201.6705
4656.87588226941  149.2719
4657.04238231528  114.8719
4657.20888236114  125.5397
4657.37538240702  140.3067
4657.54188245289  124.3175
4657.70838249876  142.807
4657.87488254462  91.73837
4658.04138259049  31.51986
4658.20788263636  118.9761
4658.37438268223  115.8872
4658.5408827281  72.5312
4658.70738277397  150.9486
4658.87388281984  159.27
4659.04038286571  127.4699
4659.20688291158  147.1975
4659.37338295745  97.87479
4659.53988300332  87.01584
4659.70638304919  108.4051
4659.87288309506  126.7554
4660.03938314093  123.0706
4660.2058831868  102.1834
4660.37238323267  130.6976
4660.53888327854  147.7225
4660.70538332441  160.0375
4660.87188337028  118.3563
4661.03838341615  98.82523
4661.20488346202  119.7279
4661.37138350789  135.7437
4661.53788355376  111.9602
4661.70438359963  120.5782
4661.8708836455  135.6426
4662.03738369137  112.6704
4662.20388373724  143.4774
4662.37038378311  150.9152
4662.53688382898  119.3708
4662.70338387485  118.814
4662.86988392072  122.4421
4663.03638396659  177.4157
4663.20288401246  155.6581
4663.36938405833  109.7292
4663.5358841042  178.2908
4663.70238415007  135.9608
4663.86888419593  78.74355
4664.0353842418  130.6492
4664.20188428767  128.5807
4664.36838433354  84.30665
4664.53488437941  103.1092
4664.70138442528  143.1379
4664.86788447115  118.3048
4665.03438451702  79.95071
4665.20088456289  90.13628
4665.36738460876  125.9932
4665.53388465463  86.17071
4665.7003847005  108.7824
4665.86688474637  161.1156
4666.03338479224  131.6241
4666.19988483811  117.432
4666.36638488398  176.5798
4666.53288492985  160.4836
4666.69938497572  90.18884
4666.86588502159  77.4562
4667.03238506746  75.09541
4667.19888511333  97.45115
4667.3653851592  95.18736
4667.53188520507  130.5241
4667.69838525094  110.5456
4667.86488529681  66.6735
4668.03138534268  93.27385
4668.19788538855  130.0557
4668.36438543442  92.27505
4668.53088548029  138.3933
4668.69738552616  129.7954
4668.86388557203  90.93144
4669.03038561789  161.7661
4669.19688566377  186.1236
4669.36338570963  116.478
4669.5298857555  104.3562
4669.69638580138  132.938
4669.86288584724  141.0524
4670.02938589311  169.004
4670.19588593898  61.53567
4670.36238598485  56.01082
4670.52888603072  193.0423
4670.69538607659  157.2934
4670.86188612246  126.0712
4671.02838616833  99.3811
4671.1948862142  117.583
4671.36138626007  168.2375
4671.52788630594  180.8471
4671.69438635181  139.9514
4671.86088639768  184.3718
4672.02738644355  73.46616
4672.19388648942  67.4623
4672.36038653529  172.5795
4672.52688658116  112.4949
4672.69338662703  101.1003
4672.8598866729  146.2619
4673.02638671877  104.6598
4673.19288676464  121.0377
4673.35938681051  93.20368
4673.52588685638  64.04579
4673.69238690225  123.9064
4673.85888694812  189.708
4674.02538699399  185.146
4674.19188703986  121.2092
4674.35838708573  111.5854
4674.5248871316  203.5305
4674.69138717747  138.3837
4674.85788722333  93.80338
4675.02438726921  142.391
4675.19088731507  161.4644
4675.35738736094  116.5531
4675.52388740681  209.0279
4675.69038745268  159.6778
4675.85688749855  150.3641
4676.02338754442  98.62848
4676.18988759029  192.1743
4676.35638763616  203.5405
4676.52288768203  182.6873
4676.6893877279  121.9676
4676.85588777377  107.0413
4677.02238781964  101.0753
4677.18888786551  135.8681
4677.35538791138  162.8462
4677.52188795725  128.608
4677.68838800312  160.7222
4677.85488804899  168.1321
4678.02138809486  135.3115
4678.18788814073  127.1186
4678.3543881866  153.7234
4678.52088823247  179.1793
4678.68738827834  141.7832
4678.85388832421  165.8049
4679.02038837008  196.3576
4679.18688841595  183.4894
4679.35338846182  155.4906
4679.51988850769  210.6484
4679.68638855356  212.8459
4679.85288859943  192.9965
4680.0193886453  192.3084
4680.18588869117  189.9707
4680.35238873704  194.6628
4680.51888878291  156.7535
4680.68538882878  159.8046
4680.85188887464  167.9286
4681.01838892051  154.0281
4681.18488896638  147.2518
4681.35138901225  224.2509
4681.51788905812  132.6732
4681.68438910399  185.8249
4681.85088914986  173.3467
4682.01738919573  172.3318
4682.1838892416  146.3633
4682.35038928747  145.3711
4682.51688933334  159.3292
4682.68338937921  177.9789
4682.84988942508  179.7701
4683.01638947095  188.634
4683.18288951682  197.4204
4683.34938956269  159.8571
4683.51588960856  153.7227
4683.68238965443  128.5716
4683.8488897003  164.893
4684.01538974617  142.7019
4684.18188979204  204.1994
4684.34838983791  173.3385
4684.51488988378  198.42
4684.68138992965  218.0272
4684.84788997552  177.2895
4685.01439002139  155.7291
4685.18089006726  112.7221
4685.34739011313  155.4121
4685.513890159  200.8091
4685.68039020487  198.9947
4685.84689025073  156.8204
4686.01339029661  155.4018
4686.17989034247  189.0098
4686.34639038835  182.669
4686.51289043421  160.4158
4686.67939048008  139.8783
4686.84589052595  187.9003
4687.01239057182  138.3918
4687.17889061769  89.61189
4687.34539066356  176.0703
4687.51189070943  146.9102
4687.6783907553  133.8363
4687.84489080117  134.9007
4688.01139084704  124.4415
4688.17789089291  209.3836
4688.34439093878  197.9262
4688.51089098465  154.4014
4688.67739103052  115.1323
4688.84389107639  119.6721
4689.01039112226  150.733
4689.17689116813  124.1137
4689.343391214  172.8324
4689.50989125987  126.5569
4689.67639130574  84.08967
4689.84289135161  127.0077
4690.00939139748  145.6002
4690.17589144335  120.2038
4690.34239148922  200.4254
4690.50889153509  146.771
4690.67539158096  132.4479
4690.84189162683  134.3547
4691.0083916727  122.0809
4691.17489171857  118.009
4691.34139176444  139.8244
4691.50789181031  125.641
4691.67439185618  126.5885
4691.84089190205  125.5645
4692.00739194792  202.2467
4692.17389199378  126.8945
4692.34039203966  110.3809
4692.50689208552  129.2959
4692.6733921314  104.7482
4692.83989217726  165.1371
4693.00639222313  107.6151
4693.172892269  110.4767
4693.33939231487  117.113
4693.50589236074  96.72935
4693.67239240661  126.381
4693.83889245248  131.333
4694.00539249835  64.86996
4694.17189254422  121.346
4694.33839259009  131.8872
4694.50489263596  70.81528
4694.67139268183  111.4835
4694.8378927277  96.12218
4695.00439277357  115.7074
4695.17089281944  155.2406
4695.33739286531  105.4816
4695.50389291118  89.64059
4695.67039295705  83.68037
4695.83689300292  68.7709
4696.00339304879  82.26535
4696.16989309466  51.85873
4696.33639314053  57.46286
4696.5028931864  105.8345
4696.66939323227  59.55796
4696.83589327814  133.9534
4697.00239332401  90.10886
4697.16889336988  75.41703
4697.33539341575  107.5951
4697.50189346162  87.09794
4697.66839350749  123.8484
4697.83489355336  180.5763
4698.00139359922  78.44562
4698.16789364509  116.2318
4698.33439369096  90.25591
4698.50089373683  101.5319
4698.6673937827  65.48016
4698.83389382857  116.2781
4699.00039387444  84.52744
4699.16689392031  120.5809
4699.33339396618  98.31912
4699.49989401205  64.95358
4699.66639405792  58.81205
4699.83289410379  67.50115
4699.99939414966  101.1903
4700.16589419553  90.02094
4700.3323942414  100.0602
4700.49889428727  137.8571
4700.66539433314  66.82118
4700.83189437901  76.08652
4700.99839442488  69.35431
4701.16489447075  35.6246
4701.33139451662  88.51296
4701.49789456249  19.48246
4701.66439460836  76.0948
4701.83089465423  109.0376
4701.9973947001  80.12093
4702.16389474597  136.5471
4702.33039479184  117.3539
4702.49689483771  120.3318
4702.66339488358  137.3974
4702.82989492945  96.96553
4702.99639497532  50.01032
4703.16289502119  38.44761
4703.32939506706  29.14236
4703.49589511293  76.35265
4703.6623951588  77.77994
4703.82889520466  76.43157
4703.99539525053  51.38276
4704.1618952964  37.05957
4704.32839534227  86.11069
4704.49489538814  23.79855
4704.66139543401  86.45837
4704.82789547988  42.67263
4704.99439552575  93.22839
4705.16089557162  60.40408
4705.32739561749  89.83031
4705.49389566336  90.76059
4705.66039570923  76.81542
4705.8268957551  46.16515
4705.99339580097  106.2468
4706.15989584684  72.46511
4706.32639589271  116.3235
4706.49289593858  124.1752
4706.65939598445  92.10122
4706.82589603032  90.86683
4706.99239607619  97.56946
4707.15889612206  107.5826
4707.32539616793  128.2183
4707.4918962138  72.05088
4707.65839625967  71.26123
4707.82489630554  18.28982
4707.99139635141  56.74735
4708.15789639728  107.91
4708.32439644315  25.69756
4708.49089648902  66.70527
4708.65739653489  77.87147
4708.82389658075  114.8066
4708.99039662663  119.0397
4709.15689667249  85.45772
4709.32339671837  66.3789
4709.48989676424  74.23632
4709.6563968101  116.971
4709.82289685597  58.08944
4709.98939690184  18.40907
4710.15589694771  46.18059
4710.32239699358  102.2538
4710.48889703945  114.7907
4710.65539708532  101.2412
4710.82189713119  59.89101
4710.98839717706  42.58723
4711.15489722293  45.04267
4711.3213972688  38.91876
4711.48789731467  32.51574
4711.65439736054  69.53495
4711.82089740641  42.71334
4711.98739745228  4.238545
4712.15389749815  8.379128
4712.32039754402  56.21508
4712.48689758989  -7.519629
4712.65339763576  32.47057
4712.81989768163  66.77149
4712.9863977275  72.47108
4713.15289777337  55.14663
4713.31939781924  54.97557
4713.48589786511  67.02253
4713.65239791098  -21.95964
4713.81889795685  55.26595
4713.98539800272  129.9025
4714.15189804859  83.68378
4714.31839809446  28.90195
4714.48489814033  96.38166
4714.6513981862  108.8548
4714.81789823207  58.00171
4714.98439827794  19.88546
4715.15089832381  51.52706
4715.31739836968  40.3485
4715.48389841554  36.34904
4715.65039846141  67.05757
4715.81689850728  69.05025
4715.98339855315  89.65269
4716.14989859902  31.55593
4716.31639864489  2.358151
4716.48289869076  62.74211
4716.64939873663  64.15723
4716.8158987825  89.17168
4716.98239882837  29.33324
4717.14889887424  67.92504
4717.31539892011  70.35514
4717.48189896598  59.48778
4717.64839901185  58.30902
4717.81489905772  61.63611
4717.98139910359  53.03869
4718.14789914946  85.33383
4718.31439919533  34.78942
4718.4808992412  36.6828
4718.64739928707  37.98023
4718.81389933294  64.06232
4718.98039937881  13.19881
4719.14689942468  86.66007
4719.31339947055  29.62278
4719.47989951642  68.67733
4719.64639956229  41.17201
4719.81289960816  43.36142
4719.97939965403  39.57538
4720.1458996999  33.44572
4720.31239974577  26.71127
4720.47889979164  89.43103
4720.64539983751  96.24586
4720.81189988338  51.19178
4720.97839992924  60.41934
4721.14489997511  56.3805
4721.31140002098  -9.254332
4721.47790006685  37.09114
4721.64440011272  66.17706
4721.81090015859  70.83937
4721.97740020446  73.80627
4722.14390025033  81.33794
4722.3104002962  43.56009
4722.47690034207  75.31889
4722.64340038794  88.71387
4722.80990043381  36.58622
4722.97640047968  18.85
4723.14290052555  73.74149
4723.30940057142  5.188371
4723.47590061729  26.11686
4723.64240066316  51.34902
4723.80890070903  41.75788
4723.9754007549  45.78022
4724.14190080077  35.86164
4724.30840084664  51.78768
4724.47490089251  53.79351
4724.64140093838  8.534371
4724.80790098425  3.610535
4724.97440103012  47.04109
4725.14090107599  74.96407
4725.30740112186  96.8923
4725.47390116773  66.94694
4725.6404012136  6.881934
4725.80690125947  58.96333
4725.97340130534  43.82809
4726.13990135121  41.48983
4726.30640139707  29.62085
4726.47290144294  21.53575
4726.63940148882  72.20529
4726.80590153468  -36.35977
4726.97240158055  19.43667
4727.13890162642  29.62152
4727.30540167229  16.67759
4727.47190171816  25.73928
4727.63840176403  53.8662
4727.8049018099  66.41858
4727.97140185577  37.40326
4728.13790190164  -9.585917
4728.30440194751  14.00721
4728.47090199338  24.63573
4728.63740203925  57.15543
4728.80390208512  58.83345
4728.97040213099  10.84072
4729.13690217686  39.03521
4729.30340222273  60.8654
4729.4699022686  21.5735
4729.63640231447  18.4705
4729.80290236034  -0.6854104
4729.96940240621  38.33625
4730.13590245208  84.40121
4730.30240249795  1.464036
4730.46890254382  30.84681
4730.63540258969  54.42538
4730.80190263556  -0.3154094
4730.96840268143  -10.10911
4731.1349027273  29.21109
4731.30140277317  33.32693
4731.46790281904  9.602829
4731.63440286491  2.585593
4731.80090291078  12.05388
4731.96740295665  27.54894
4732.13390300252  -2.852778
4732.30040304839  17.84382
4732.46690309426  -30.85159
4732.63340314012  1.896508
4732.79990318599  -3.773985
4732.96640323186  7.969156
4733.13290327773  39.6883
4733.2994033236  19.74062
4733.46590336947  12.17651
4733.63240341534  30.73481
4733.79890346121  -1.693418
4733.96540350708  24.2823
4734.13190355295  39.37643
4734.29840359882  41.85654
4734.46490364469  36.68941
4734.63140369056  5.405234
4734.79790373643  3.866117
4734.9644037823  11.06283
4735.13090382817  50.83734
4735.29740387404  52.87622
4735.46390391991  52.4268
4735.63040396578  0.5695215
4735.79690401165  -15.9794
4735.96340405752  7.474566
4736.12990410339  20.34513
4736.29640414926  21.06037
4736.46290419513  0.789721
4736.629404241  -67.05644
4736.79590428687  3.61728
4736.96240433274  62.59464
4737.12890437861  11.87539
4737.29540442448  -10.46411
4737.46190447035  39.9984
4737.62840451622  -5.139946
4737.79490456208  9.43848
4737.96140460796  42.68204
4738.12790465382  38.29703
4738.29440469969  -4.906896
4738.46090474556  -25.12102
4738.62740479143  2.808178
4738.7939048373  86.83911
4738.96040488317  29.14586
4739.12690492904  16.7453
4739.29340497491  20.27902
