4569.4399725074  -14.67193
4569.60628658398  0.02459444
4569.77260066057  7.120862
4569.93891473715  3.752863
4570.10522881374  -19.27187
4570.27154289032  -6.025996
4570.4378569669  23.23705
4570.60417104349  19.35252
4570.77048512007  11.28005
4570.93679919665  2.915895
4571.10311327324  -8.365745
4571.26942734982  5.554031
4571.43574142641  3.233014
4571.60205550299  3.390414
4571.76836957957  -12.05286
4571.93468365616  18.10906
4572.10099773274  30.46627
4572.26731180932  6.713291
4572.43362588591  -1.161963
4572.59993996249  -7.620572
4572.76625403908  -18.29118
4572.93256811566  7.751793
4573.09888219225  13.22177
4573.26519626883  -7.894399
4573.43151034541  6.935957
4573.597824422  0.4043742
4573.76413849858  -1.173028
4573.93045257516  -4.251413
4574.09676665175  -3.167844
4574.26308072833  -7.254831
4574.42939480492  -0.6403338
4574.5957088815  8.75506
4574.76202295808  -9.866446
4574.92833703467  6.881203
4575.09465111125  -3.231417
4575.26096518783  -9.888948
4575.42727926442  19.10818
4575.593593341  21.39801
4575.75990741759  21.62167
4575.92622149417  12.61011
4576.09253557075  8.088627
4576.25884964734  18.58446
4576.42516372392  10.37356
4576.59147780051  12.12164
4576.75779187709  -2.850574
4576.92410595367  -6.037858
4577.09042003026  3.318366
4577.25673410684  2.176901
4577.42304818342  3.567535
4577.58936226001  5.602307
4577.75567633659  -3.853438
4577.92199041318  -4.71235
4578.08830448976  9.168316
4578.25461856634  19.67959
4578.42093264293  26.61058
4578.58724671951  20.93235
4578.7535607961  11.98576
4578.91987487268  2.700086
4579.08618894926  -1.048763
4579.25250302585  -6.57126
4579.41881710243  -5.689692
4579.58513117901  -6.586432
4579.7514452556  20.77039
4579.91775933218  34.31894
4580.08407340877  9.674896
4580.25038748535  -17.19941
4580.41670156193  -13.50854
4580.58301563852  18.89238
4580.7493297151  14.71929
4580.91564379169  3.56488
4581.08195786827  -11.47458
4581.24827194485  16.63577
4581.41458602144  14.85306
4581.58090009802  7.348905
4581.74721417461  3.673443
4581.91352825119  12.75395
4582.07984232777  0.2326636
4582.24615640436  -1.390158
4582.41247048094  6.604439
4582.57878455752  2.365317
4582.74509863411  6.987195
4582.91141271069  8.324904
4583.07772678728  7.1346
4583.24404086386  11.66092
4583.41035494044  4.164314
4583.57666901703  31.94999
4583.74298309361  32.33152
4583.9092971702  7.455463
4584.07561124678  -4.728748
4584.24192532336  13.53347
4584.40823939995  5.456812
4584.57455347653  2.163953
4584.74086755311  15.7962
4584.9071816297  30.93476
4585.07349570628  28.30666
4585.23980978287  17.07413
4585.40612385945  14.37011
4585.57243793603  3.023901
4585.73875201262  16.57271
4585.9050660892  20.61985
4586.07138016578  25.30748
4586.23769424237  -0.2084904
4586.40400831895  -3.068238
4586.57032239554  -19.30292
4586.73663647212  -9.356032
4586.9029505487  21.31969
4587.06926462529  17.44374
4587.23557870187  22.88638
4587.40189277846  22.07537
4587.56820685504  5.284796
4587.73452093162  14.45652
4587.90083500821  15.11552
4588.06714908479  11.19932
4588.23346316137  37.20318
4588.39977723796  31.51834
4588.56609131454  14.07318
4588.73240539113  10.83398
4588.89871946771  18.03236
4589.06503354429  19.9379
4589.23134762088  28.39282
4589.39766169746  5.892458
4589.56397577405  -9.831924
4589.73028985063  19.94137
4589.89660392721  31.62815
4590.0629180038  17.29193
4590.22923208038  26.94296
4590.39554615697  28.79257
4590.56186023355  11.608
4590.72817431013  20.30281
4590.89448838672  20.92259
4591.0608024633  9.653967
4591.22711653988  12.3406
4591.39343061647  28.0548
4591.55974469305  17.07508
4591.72605876964  10.33085
4591.89237284622  12.79245
4592.0586869228  17.05193
4592.22500099939  33.04171
4592.39131507597  23.51515
4592.55762915255  -1.09048
4592.72394322914  -3.568029
4592.89025730572  18.80801
4593.05657138231  36.45845
4593.22288545889  20.84314
4593.38919953547  12.79799
4593.55551361206  29.402
4593.72182768864  12.6503
4593.88814176522  19.04689
4594.05445584181  27.18335
4594.22076991839  -0.6117536
4594.38708399498  24.6749
4594.55339807156  9.87901
4594.71971214815  13.01341
4594.88602622473  25.21222
4595.05234030131  2.110734
4595.2186543779  -7.016245
4595.38496845448  8.543295
4595.55128253106  18.65222
4595.71759660765  31.34305
4595.88391068423  21.66355
4596.05022476082  7.60968
4596.2165388374  21.67805
4596.38285291398  -5.212009
4596.54916699057  3.160115
4596.71548106715  30.21075
4596.88179514373  31.61856
4597.04810922032  26.76314
4597.2144232969  25.46241
4597.38073737349  7.677689
4597.54705145007  -11.41239
4597.71336552665  9.682013
4597.87967960324  23.566
4598.04599367982  20.31983
4598.21230775641  29.28567
4598.37862183299  22.08586
4598.54493590957  10.08896
4598.71124998616  14.87875
4598.87756406274  17.63584
4599.04387813933  29.33509
4599.21019221591  33.04242
4599.37650629249  20.80616
4599.54282036908  15.46002
4599.70913444566  8.13772
4599.87544852224  41.54241
4600.04176259883  -0.5844587
4600.20807667541  4.864973
4600.374390752  21.75869
4600.54070482858  8.883
4600.70701890516  35.61143
4600.87333298175  46.92416
4601.03964705833  29.53673
4601.20596113491  9.698271
4601.3722752115  5.583867
4601.53858928808  24.61368
4601.70490336467  33.79408
4601.87121744125  22.62098
4602.03753151783  18.4311
4602.20384559442  15.45317
4602.370159671  16.21068
4602.53647374759  37.14891
4602.70278782417  24.85588
4602.86910190075  28.26912
4603.03541597734  9.161597
4603.20173005392  -3.522875
4603.36804413051  23.83256
4603.53435820709  21.69419
4603.70067228367  3.402087
4603.86698636026  8.398233
4604.03330043684  24.59984
4604.19961451342  35.04382
4604.36592859001  24.54313
4604.53224266659  8.841787
4604.69855674318  19.51299
4604.86487081976  26.26166
4605.03118489634  27.30096
4605.19749897293  28.41324
4605.36381304951  3.960638
4605.5301271261  15.70246
4605.69644120268  18.79434
4605.86275527926  22.43776
4606.02906935585  24.08457
4606.19538343243  31.81472
4606.36169750901  37.60438
4606.5280115856  26.65488
4606.69432566218  19.23777
4606.86063973877  20.58973
4607.02695381535  -1.022865
4607.19326789193  28.51382
4607.35958196852  42.82681
4607.5258960451  15.56137
4607.69221012169  22.44266
4607.85852419827  2.408244
4608.02483827485  -10.81553
4608.19115235144  26.97462
4608.35746642802  34.81492
4608.5237805046  24.98715
4608.69009458119  17.75692
4608.85640865777  27.37014
4609.02272273436  14.50228
4609.18903681094  10.21361
4609.35535088752  19.06898
4609.52166496411  18.01782
4609.68797904069  43.03751
4609.85429311727  24.86505
4610.02060719386  34.14215
4610.18692127044  34.96788
4610.35323534703  41.52601
4610.51954942361  29.49527
4610.6858635002  22.21508
4610.85217757678  35.38535
4611.01849165336  37.99562
4611.18480572995  45.09343
4611.35111980653  27.13136
4611.51743388311  8.029064
4611.6837479597  15.80518
4611.85006203628  22.40237
4612.01637611287  32.30701
4612.18269018945  15.93997
4612.34900426603  5.300664
4612.51531834262  21.32143
4612.6816324192  26.81277
4612.84794649578  9.563612
4613.01426057237  33.39204
4613.18057464895  30.28262
4613.34688872554  26.9367
4613.51320280212  30.01223
4613.6795168787  47.2048
4613.84583095529  24.51491
4614.01214503187  20.43931
4614.17845910846  20.51716
4614.34477318504  11.49622
4614.51108726162  29.39537
4614.67740133821  51.54368
4614.84371541479  39.73918
4615.01002949137  24.64886
4615.17634356796  35.63882
4615.34265764454  46.49329
4615.50897172113  37.43377
4615.67528579771  34.78746
4615.84159987429  40.10984
4616.00791395088  37.10435
4616.17422802746  35.2903
4616.34054210405  14.72589
4616.50685618063  15.66307
4616.67317025721  20.33706
4616.8394843338  11.45175
4617.00579841038  28.94063
4617.17211248696  32.19923
4617.33842656355  38.42197
4617.50474064013  21.27334
4617.67105471672  9.524689
4617.8373687933  -4.781159
4618.00368286988  41.1337
4618.16999694647  32.26776
4618.33631102305  2.421849
4618.50262509964  32.67161
4618.66893917622  49.32845
4618.8352532528  27.37304
4619.00156732939  16.08889
4619.16788140597  18.77171
4619.33419548256  26.15858
4619.50050955914  40.48647
4619.66682363572  51.1405
4619.83313771231  40.3558
4619.99945178889  17.1725
4620.16576586547  17.70724
4620.33207994206  31.55419
4620.49839401864  39.23708
4620.66470809523  38.69135
4620.83102217181  12.79384
4620.99733624839  18.24477
4621.16365032498  27.78053
4621.32996440156  57.33282
4621.49627847814  30.0157
4621.66259255473  34.28471
4621.82890663131  48.50321
4621.9952207079  35.14665
4622.16153478448  22.27289
4622.32784886106  15.23675
4622.49416293765  38.63052
4622.66047701423  38.8426
4622.82679109082  30.88187
4622.9931051674  42.01591
4623.15941924398  46.29382
4623.32573332057  36.48726
4623.49204739715  34.20206
4623.65836147373  37.73904
4623.82467555032  29.12871
4623.9909896269  14.8272
4624.15730370349  0.6888696
4624.32361778007  7.446026
4624.48993185665  43.139
4624.65624593324  37.3159
4624.82256000982  13.4797
4624.98887408641  42.276
4625.15518816299  48.89156
4625.32150223957  31.79613
4625.48781631616  14.84738
4625.65413039274  25.32003
4625.82044446932  18.81956
4625.98675854591  32.32251
4626.15307262249  41.12289
4626.31938669908  24.25153
4626.48570077566  32.63015
4626.65201485224  32.48319
4626.81832892883  45.93307
4626.98464300541  21.88036
4627.150957082  10.19097
4627.31727115858  17.51785
4627.48358523516  21.69046
4627.64989931175  27.79479
4627.81621338833  22.33693
4627.98252746491  29.55222
4628.1488415415  40.46992
4628.31515561808  38.17599
4628.48146969467  35.80537
4628.64778377125  34.62967
4628.81409784783  28.34516
4628.98041192442  20.69285
4629.146726001  19.41617
4629.31304007759  15.49476
4629.47935415417  4.108914
4629.64566823075  17.8699
4629.81198230734  49.80855
4629.97829638392  36.39514
4630.14461046051  20.75825
4630.31092453709  42.62099
4630.47723861367  33.10745
4630.64355269026  34.92572
4630.80986676684  3.142488
4630.97618084342  24.9377
4631.14249492001  34.94434
4631.30880899659  29.26895
4631.47512307318  31.15929
4631.64143714976  29.02654
4631.80775122634  17.48586
4631.97406530293  48.58896
4632.14037937951  42.88778
4632.3066934561  40.44482
4632.47300753268  15.97174
4632.63932160926  11.21961
4632.80563568585  24.03863
4632.97194976243  35.31664
4633.13826383901  18.00083
4633.3045779156  33.78037
4633.47089199218  39.49201
4633.63720606877  49.79248
4633.80352014535  43.02708
4633.96983422193  37.99671
4634.13614829852  16.80014
4634.3024623751  30.14821
4634.46877645169  40.45739
4634.63509052827  30.06497
4634.80140460485  17.19576
4634.96771868144  23.86931
4635.13403275802  42.43514
4635.3003468346  45.6213
4635.46666091119  51.99139
4635.63297498777  41.42189
4635.79928906436  21.5118
4635.96560314094  28.00636
4636.13191721752  45.73619
4636.29823129411  39.50244
4636.46454537069  34.19988
4636.63085944728  50.72538
4636.79717352386  54.30561
4636.96348760044  29.05594
4637.12980167703  54.24281
4637.29611575361  32.6753
4637.46242983019  26.66487
4637.62874390678  42.8398
4637.79505798336  37.99321
4637.96137205995  33.79558
4638.12768613653  28.16265
4638.29400021311  51.28635
4638.4603142897  42.01676
4638.62662836628  35.06894
4638.79294244287  25.31157
4638.95925651945  33.76268
4639.12557059603  38.24048
4639.29188467262  29.5957
4639.4581987492  24.36224
4639.62451282578  26.96451
4639.79082690237  45.47354
4639.95714097895  37.5597
4640.12345505554  44.44638
4640.28976913212  23.81761
4640.4560832087  23.47503
4640.62239728529  45.18625
4640.78871136187  38.55375
4640.95502543846  23.79411
4641.12133951504  49.35393
4641.28765359162  53.81309
4641.45396766821  39.26978
4641.62028174479  37.13421
4641.78659582137  31.56893
4641.95290989796  48.66866
4642.11922397454  47.27592
4642.28553805113  33.98896
4642.45185212771  33.15854
4642.61816620429  25.33748
4642.78448028088  22.63763
4642.95079435746  43.69266
4643.11710843405  23.74973
4643.28342251063  17.66817
4643.44973658721  37.60941
4643.6160506638  44.8607
4643.78236474038  55.69731
4643.94867881697  36.95237
4644.11499289355  46.36421
4644.28130697013  58.70501
4644.44762104672  54.20456
4644.6139351233  52.11724
4644.78024919988  46.94768
4644.94656327647  56.27066
4645.11287735305  49.84966
4645.27919142964  43.04183
4645.44550550622  34.30749
4645.6118195828  41.42339
4645.77813365939  50.98265
4645.94444773597  64.89499
4646.11076181256  45.99683
4646.27707588914  26.45636
4646.44338996572  13.34577
4646.60970404231  15.21858
4646.77601811889  18.68314
4646.94233219547  34.51111
4647.10864627206  38.15285
4647.27496034864  28.38452
4647.44127442523  77.70346
4647.60758850181  46.13691
4647.77390257839  46.81484
4647.94021665498  36.19421
4648.10653073156  55.37598
4648.27284480815  55.8064
4648.43915888473  49.88884
4648.60547296131  42.19283
4648.7717870379  53.30416
4648.93810111448  35.89781
4649.10441519106  37.77821
4649.27072926765  41.93941
4649.43704334423  42.80465
4649.60335742082  40.72398
4649.7696714974  70.90802
4649.93598557398  45.8673
4650.10229965057  33.05105
4650.26861372715  43.89603
4650.43492780373  49.17822
4650.60124188032  47.26242
4650.7675559569  44.51231
4650.93387003349  28.37596
4651.10018411007  25.79443
4651.26649818665  53.65192
4651.43281226324  38.20846
4651.59912633982  49.129
4651.76544041641  30.7374
4651.93175449299  28.66667
4652.09806856957  42.29995
4652.26438264616  43.88894
4652.43069672274  57.23745
4652.59701079933  41.39415
4652.76332487591  34.92112
4652.92963895249  32.40124
4653.09595302908  54.10044
4653.26226710566  53.7664
4653.42858118224  30.38755
4653.59489525883  27.51958
4653.76120933541  34.36314
4653.927523412  36.65007
4654.09383748858  31.04415
4654.26015156516  43.9779
4654.42646564175  33.38019
4654.59277971833  22.65785
4654.75909379492  31.37768
4654.9254078715  21.19696
4655.09172194808  36.66427
4655.25803602467  47.25703
4655.42435010125  45.03122
4655.59066417783  36.90753
4655.75697825442  21.26211
4655.923292331  56.89172
4656.08960640759  29.96281
4656.25592048417  19.59856
4656.42223456075  25.01157
4656.58854863734  30.49174
4656.75486271392  37.70704
4656.92117679051  50.89754
4657.08749086709  41.82177
4657.25380494367  57.90338
4657.42011902026  43.8609
4657.58643309684  33.72314
4657.75274717342  47.49744
4657.91906125001  47.91428
4658.08537532659  28.55105
4658.25168940318  22.951
4658.41800347976  32.01203
4658.58431755634  46.98475
4658.75063163293  48.54178
4658.91694570951  43.30285
4659.0832597861  25.82575
4659.24957386268  40.61701
4659.41588793926  33.7309
4659.58220201585  44.67645
4659.74851609243  70.24493
4659.91483016902  31.24859
4660.0811442456  27.31867
4660.24745832218  45.86235
4660.41377239877  52.28671
4660.58008647535  63.58252
4660.74640055193  43.57664
4660.91271462852  41.60406
4661.0790287051  34.95557
4661.24534278168  48.70862
4661.41165685827  56.80038
4661.57797093485  51.16214
4661.74428501144  40.76809
4661.91059908802  33.59723
4662.0769131646  21.04282
4662.24322724119  27.99972
4662.40954131777  37.40003
4662.57585539436  45.94999
4662.74216947094  32.3775
4662.90848354752  52.25285
4663.07479762411  43.40228
4663.24111170069  43.42921
4663.40742577728  62.87835
4663.57373985386  55.61185
4663.74005393044  65.73629
4663.90636800703  56.96248
4664.07268208361  36.49305
4664.2389961602  46.9287
4664.40531023678  44.60923
4664.57162431336  37.14172
4664.73793838995  21.30494
4664.90425246653  9.52932
4665.07056654311  55.70605
4665.2368806197  52.86025
4665.40319469628  41.20978
4665.56950877287  43.31857
4665.73582284945  33.378
4665.90213692603  46.68095
4666.06845100262  37.52477
4666.2347650792  37.07924
4666.40107915578  41.87313
4666.56739323237  40.25545
4666.73370730895  36.59169
4666.90002138554  35.90765
4667.06633546212  42.33728
4667.2326495387  64.13577
4667.39896361529  37.47987
4667.56527769187  42.89649
4667.73159176846  44.31438
4667.89790584504  44.26104
4668.06421992162  48.91476
4668.23053399821  6.729558
4668.39684807479  36.58215
4668.56316215137  29.36681
4668.72947622796  50.40238
4668.89579030454  56.88362
4669.06210438113  29.64036
4669.22841845771  25.9632
4669.39473253429  49.88467
4669.56104661088  55.53834
4669.72736068746  41.79703
4669.89367476405  21.84342
4670.05998884063  43.94556
4670.22630291721  51.46318
4670.3926169938  47.63785
4670.55893107038  26.0681
4670.72524514696  52.68956
4670.89155922355  49.69078
4671.05787330013  40.50315
4671.22418737672  33.96089
4671.3905014533  43.68505
4671.55681552988  38.44912
4671.72312960647  48.16019
4671.88944368305  46.02019
4672.05575775963  36.58075
4672.22207183622  40.40026
4672.3883859128  65.94884
4672.55469998939  38.91022
4672.72101406597  27.03284
4672.88732814256  43.76397
4673.05364221914  23.339
4673.21995629572  30.34805
4673.38627037231  39.85412
4673.55258444889  40.70138
4673.71889852547  47.71861
4673.88521260206  50.33963
4674.05152667864  40.65089
4674.21784075523  71.12453
4674.38415483181  47.23336
4674.55046890839  34.99967
4674.71678298498  51.44478
4674.88309706156  35.45226
4675.04941113815  29.13087
4675.21572521473  48.5218
4675.38203929131  62.64098
4675.5483533679  52.20194
4675.71466744448  39.64709
4675.88098152106  20.41181
4676.04729559765  19.78724
4676.21360967423  57.55785
4676.37992375082  60.8362
4676.5462378274  47.59245
4676.71255190398  38.10511
4676.87886598057  32.42935
4677.04518005715  51.68373
4677.21149413373  47.95478
4677.37780821032  34.44133
4677.5441222869  60.40296
4677.71043636349  67.50982
4677.87675044007  63.24586
4678.04306451665  56.05939
4678.20937859324  45.1056
4678.37569266982  50.50199
4678.54200674641  43.3945
4678.70832082299  41.91216
4678.87463489957  43.80671
4679.04094897616  66.68179
4679.20726305274  61.73531
4679.37357712932  47.47416
4679.53989120591  49.18568
4679.70620528249  78.26842
4679.87251935908  60.08928
4680.03883343566  63.45878
4680.20514751224  61.2738
4680.37146158883  37.35119
4680.53777566541  47.3461
4680.704089742  53.57245
4680.87040381858  44.22958
4681.03671789516  56.60154
4681.20303197175  62.96589
4681.36934604833  72.36064
4681.53566012491  59.39082
4681.7019742015  38.63924
4681.86828827808  26.0757
4682.03460235467  47.07351
4682.20091643125  58.91111
4682.36723050783  25.85044
4682.53354458442  35.16258
4682.699858661  44.14323
4682.86617273759  47.10972
4683.03248681417  22.47885
4683.19880089075  27.11646
4683.36511496734  73.27209
4683.53142904392  63.78239
4683.69774312051  43.27717
4683.86405719709  31.70026
4684.03037127367  29.69002
4684.19668535026  45.23463
4684.36299942684  47.4778
4684.52931350342  40.49437
4684.69562758001  49.43389
4684.86194165659  62.83692
4685.02825573318  39.88235
4685.19456980976  37.68446
4685.36088388634  52.85731
4685.52719796293  43.68133
4685.69351203951  46.19519
4685.8598261161  77.4567
4686.02614019268  52.20675
4686.19245426926  40.20868
4686.35876834585  48.46627
4686.52508242243  36.80642
4686.69139649901  50.82087
4686.8577105756  29.04177
4687.02402465218  32.95385
4687.19033872877  20.67808
4687.35665280535  57.31657
4687.52296688193  47.98299
4687.68928095852  36.81274
4687.8555950351  37.60096
4688.02190911168  33.21724
4688.18822318827  22.50182
4688.35453726485  37.06671
4688.52085134144  51.86263
4688.68716541802  40.04926
4688.8534794946  52.44786
4689.01979357119  35.75908
4689.18610764777  49.3588
4689.35242172436  35.64539
4689.51873580094  37.94897
4689.68504987752  31.28435
4689.85136395411  29.62256
4690.01767803069  34.92965
4690.18399210727  43.9945
4690.35030618386  44.96458
4690.51662026044  31.30743
4690.68293433703  17.1313
4690.84924841361  43.43367
4691.0155624902  52.47657
4691.18187656678  56.68775
4691.34819064336  37.11829
4691.51450471995  18.0756
4691.68081879653  26.42466
4691.84713287311  45.64836
4692.0134469497  28.6375
4692.17976102628  58.32816
4692.34607510287  54.93616
4692.51238917945  38.22094
4692.67870325603  38.44105
4692.84501733262  36.17759
4693.0113314092  30.52503
4693.17764548578  52.11822
4693.34395956237  52.38329
4693.51027363895  51.86534
4693.67658771554  38.27186
4693.84290179212  37.2349
4694.0092158687  43.27473
4694.17552994529  50.28327
4694.34184402187  36.21642
4694.50815809845  30.41012
4694.67447217504  49.39281
4694.84078625162  49.90538
4695.00710032821  35.88612
4695.17341440479  36.46476
4695.33972848137  34.70041
4695.50604255796  43.74858
4695.67235663454  39.92729
4695.83867071113  21.72856
4696.00498478771  18.0704
4696.17129886429  32.83559
4696.33761294088  43.45893
4696.50392701746  30.76996
4696.67024109405  32.14851
4696.83655517063  24.9601
4697.00286924721  35.46497
4697.1691833238  34.04921
4697.33549740038  53.27377
4697.50181147696  27.49905
4697.66812555355  42.49339
4697.83443963013  49.14727
4698.00075370672  8.359245
4698.1670677833  17.63543
4698.33338185988  25.48868
4698.49969593647  35.25648
4698.66601001305  20.70442
4698.83232408963  17.04616
4698.99863816622  19.91389
4699.1649522428  -8.406522
4699.33126631939  17.52861
4699.49758039597  41.14194
4699.66389447255  18.80925
4699.83020854914  31.4792
4699.99652262572  38.04552
4700.16283670231  32.76288
4700.32915077889  6.28897
4700.49546485547  18.0174
4700.66177893206  40.77533
4700.82809300864  14.82218
4700.99440708523  25.69316
4701.16072116181  35.70172
4701.32703523839  35.58948
4701.49334931498  51.46279
4701.65966339156  20.40094
4701.82597746814  27.47184
4701.99229154473  32.80003
4702.15860562131  37.03927
4702.3249196979  38.82305
4702.49123377448  44.88744
4702.65754785106  16.66834
4702.82386192765  11.80654
4702.99017600423  20.94164
4703.15649008082  2.350218
4703.3228041574  -1.582048
4703.48911823398  16.36633
4703.65543231057  19.93178
4703.82174638715  19.311
4703.98806046373  23.44831
4704.15437454032  19.30601
4704.3206886169  35.97134
4704.48700269349  24.90258
4704.65331677007  26.62816
4704.81963084665  39.48008
4704.98594492324  24.07245
4705.15225899982  21.09068
4705.31857307641  28.01349
4705.48488715299  12.2811
4705.65120122957  9.308619
4705.81751530616  6.910903
4705.98382938274  27.84056
4706.15014345932  17.24608
4706.31645753591  15.34808
4706.48277161249  17.82768
4706.64908568908  23.49299
4706.81539976566  25.59116
4706.98171384224  23.66833
4707.14802791883  14.91105
4707.31434199541  21.27295
4707.480656072  18.93564
4707.64697014858  20.37768
4707.81328422516  18.37934
4707.97959830175  15.09878
4708.14591237833  21.92048
4708.31222645491  22.46157
4708.4785405315  25.69481
4708.64485460808  27.64537
4708.81116868467  0.2842934
4708.97748276125  2.659628
4709.14379683783  11.78459
4709.31011091442  38.0491
4709.476424991  20.8513
4709.64273906759  11.9063
4709.80905314417  22.52931
4709.97536722075  24.24519
4710.14168129734  13.43239
4710.30799537392  9.570795
4710.4743094505  8.032539
4710.64062352709  23.61109
4710.80693760367  26.99192
4710.97325168026  44.1564
4711.13956575684  15.48656
4711.30587983342  20.95562
4711.47219391001  17.09484
4711.63850798659  14.54241
4711.80482206318  20.06977
4711.97113613976  8.743654
4712.13745021634  -0.5920466
4712.30376429293  22.21055
4712.47007836951  20.30491
4712.6363924461  4.233313
4712.80270652268  19.25923
4712.96902059926  28.14919
4713.13533467585  11.37989
4713.30164875243  5.09743
4713.46796282901  -14.6629
4713.6342769056  -4.911063
4713.80059098218  41.39402
4713.96690505877  15.26818
4714.13321913535  18.57559
4714.29953321193  25.24413
4714.46584728852  19.13688
4714.6321613651  19.16152
4714.79847544168  24.68393
4714.96478951827  17.63698
4715.13110359485  16.25038
4715.29741767144  30.03512
4715.46373174802  35.4675
4715.6300458246  15.10873
4715.79635990119  8.74063
4715.96267397777  11.97001
4716.12898805435  -1.122651
4716.29530213094  19.54432
4716.46161620752  29.01924
4716.62793028411  35.82006
4716.79424436069  14.71764
4716.96055843727  17.21751
4717.12687251386  27.74093
4717.29318659044  5.331823
4717.45950066703  -4.177546
4717.62581474361  22.89956
4717.79212882019  19.17843
4717.95844289678  6.274545
4718.12475697336  22.61691
4718.29107104995  20.19227
4718.45738512653  -4.990716
4718.62369920311  11.75199
4718.7900132797  14.55797
4718.95632735628  11.75138
4719.12264143287  28.31236
4719.28895550945  10.25571
4719.45526958603  -0.9349442
4719.62158366262  -15.55037
4719.7878977392  15.35378
4719.95421181578  21.41217
4720.12052589237  -1.185064
4720.28683996895  26.46599
4720.45315404554  15.31939
4720.61946812212  2.459373
4720.7857821987  5.545193
4720.95209627529  18.43219
4721.11841035187  22.82265
4721.28472442846  30.886
4721.45103850504  -1.303153
4721.61735258162  8.844131
4721.78366665821  13.66605
4721.94998073479  -5.499008
4722.11629481137  6.804704
4722.28260888796  23.05129
4722.44892296454  26.46121
4722.61523704113  6.915966
4722.78155111771  -5.512107
4722.94786519429  13.05088
4723.11417927088  9.460649
4723.28049334746  16.97544
4723.44680742404  -5.865122
4723.61312150063  -7.563231
4723.77943557721  -1.126065
4723.9457496538  0.05675546
4724.11206373038  8.100305
4724.27837780696  8.896281
4724.44469188355  20.34665
4724.61100596013  29.4661
4724.77732003672  1.785903
4724.9436341133  22.48896
4725.10994818988  4.338859
4725.27626226647  14.72703
4725.44257634305  -2.58502
4725.60889041963  9.727311
4725.77520449622  20.24566
4725.9415185728  2.493064
4726.10783264939  14.01979
4726.27414672597  17.11613
4726.44046080255  -14.33201
4726.60677487914  -3.187254
4726.77308895572  3.929706
4726.93940303231  4.351607
4727.10571710889  23.40772
4727.27203118547  1.402438
4727.43834526206  14.78413
4727.60465933864  19.89756
4727.77097341523  0.5194819
4727.93728749181  20.80063
4728.10360156839  38.23235
4728.26991564498  14.50099
4728.43622972156  21.84249
4728.60254379814  17.28956
4728.76885787473  -4.831166
4728.93517195131  8.535044
4729.1014860279  5.111388
4729.26780010448  1.23794
4729.43411418106  2.353017
4729.60042825765  -2.458002
4729.76674233423  -9.973475
4729.93305641082  8.087297
4730.0993704874  -1.331646
4730.26568456398  -3.229156
4730.43199864057  7.09679
4730.59831271715  10.72349
4730.76462679373  9.319895
4730.93094087032  8.213759
4731.0972549469  10.53422
4731.26356902349  7.191173
4731.42988310007  11.67042
4731.59619717665  0.1172364
4731.76251125324  -8.070382
4731.92882532982  4.553614
4732.0951394064  14.60144
4732.26145348299  -2.944104
4732.42776755957  20.00018
4732.59408163616  19.55235
4732.76039571274  0.7822551
4732.92670978932  -0.02864729
4733.09302386591  20.11208
4733.25933794249  15.11331
4733.42565201908  15.13896
4733.59196609566  27.05134
4733.75828017224  30.33096
4733.92459424883  -3.791706
4734.09090832541  2.373721
4734.257222402  25.63669
4734.42353647858  10.74342
4734.58985055516  -4.032058
4734.75616463175  -9.126678
4734.92247870833  14.46775
4735.08879278491  17.54593
4735.2551068615  14.90948
4735.42142093808  -2.521729
4735.58773501467  -14.37949
4735.75404909125  -13.23086
4735.92036316783  6.780378
4736.08667724442  -6.750625
4736.252991321  -13.30646
4736.41930539759  21.462
4736.58561947417  -0.7512594
4736.75193355075  13.99235
4736.91824762734  10.6872
4737.08456170392  -3.7148
4737.2508757805  0.3294843
4737.41718985709  22.50425
4737.58350393367  10.87267
4737.74981801026  -2.986725
4737.91613208684  9.847857
4738.08244616342  12.84895
4738.24876024001  9.062634
4738.41507431659  21.34748
4738.58138839318  4.286739
4738.74770246976  15.12646
4738.91401654634  11.21815
4739.08033062293  -0.6435313
4739.24664469951  6.03939
4739.41295877609  -4.030271
4739.57927285268  -0.2851304
