4569.3017945318  47.68407
4569.46816474858  36.40396
4569.63453496537  -3.302599
4569.80090518215  -18.5738
4569.96727539894  -6.773361
4570.13364561572  24.66529
4570.30001583251  23.27041
4570.46638604929  -14.98594
4570.63275626607  -6.814754
4570.79912648286  27.76537
4570.96549669964  34.35645
4571.13186691643  47.15599
4571.29823713321  26.78572
4571.46460735  17.23992
4571.63097756678  46.53757
4571.79734778356  -6.023193
4571.96371800035  26.50293
4572.13008821713  1.295506
4572.29645843392  2.469333
4572.4628286507  6.498899
4572.62919886748  38.22954
4572.79556908427  53.15576
4572.96193930105  6.693364
4573.12830951784  -1.134658
4573.29467973462  9.243038
4573.46104995141  -12.58006
4573.62742016819  -0.7978666
4573.79379038497  -4.047078
4573.96016060176  1.533102
4574.12653081854  20.75661
4574.29290103533  8.245039
4574.45927125211  32.25285
4574.6256414689  0.5889308
4574.79201168568  -13.91784
4574.95838190246  4.903235
4575.12475211925  38.66774
4575.29112233603  41.12227
4575.45749255282  5.951753
4575.6238627696  18.28495
4575.79023298639  22.96312
4575.95660320317  9.235798
4576.12297341995  20.6817
4576.28934363674  17.36975
4576.45571385352  -14.13094
4576.62208407031  11.38386
4576.78845428709  18.76417
4576.95482450387  15.16837
4577.12119472066  -10.62806
4577.28756493744  6.313591
4577.45393515423  21.65893
4577.62030537101  -7.165408
4577.7866755878  -3.753654
4577.95304580458  15.16339
4578.11941602137  16.92197
4578.28578623815  17.5647
4578.45215645493  -1.725574
4578.61852667172  31.40763
4578.7848968885  6.099803
4578.95126710529  9.097467
4579.11763732207  20.72354
4579.28400753886  0.189118
4579.45037775564  59.35383
4579.61674797242  51.82304
4579.78311818921  22.96204
4579.94948840599  27.35307
4580.11585862278  10.50741
4580.28222883956  -0.7372577
4580.44859905634  -1.709787
4580.61496927313  25.2255
4580.78133948991  -2.117519
4580.9477097067  18.95451
4581.11407992348  24.9998
4581.28045014027  13.99044
4581.44682035705  41.87345
4581.61319057383  32.71978
4581.77956079062  14.27814
4581.9459310074  32.40404
4582.11230122419  28.51371
4582.27867144097  21.68167
4582.44504165776  29.28623
4582.61141187454  27.19194
4582.77778209132  21.04556
4582.94415230811  17.89011
4583.11052252489  28.15447
4583.27689274168  1.424408
4583.44326295846  26.93996
4583.60963317524  56.20977
4583.77600339203  14.15285
4583.94237360881  4.734637
4584.1087438256  18.82408
4584.27511404238  26.87914
4584.44148425917  31.43768
4584.60785447595  59.4095
4584.77422469273  56.92652
4584.94059490952  45.07506
4585.1069651263  34.83142
4585.27333534309  16.60255
4585.43970555987  33.53955
4585.60607577666  16.7829
4585.77244599344  45.16602
4585.93881621023  36.39043
4586.10518642701  38.23704
4586.27155664379  17.85962
4586.43792686058  22.42725
4586.60429707736  14.97624
4586.77066729415  21.62205
4586.93703751093  30.91773
4587.10340772771  0.8412014
4587.2697779445  22.22975
4587.43614816128  22.08613
4587.60251837807  14.87516
4587.76888859485  67.79043
4587.93525881164  53.87715
4588.10162902842  38.00804
4588.2679992452  14.89874
4588.43436946199  10.71881
4588.60073967877  34.52757
4588.76710989556  28.64915
4588.93348011234  7.05768
4589.09985032913  4.245494
4589.26622054591  27.76022
4589.43259076269  37.91599
4589.59896097948  28.53779
4589.76533119626  49.71251
4589.93170141305  60.39467
4590.09807162983  43.78106
4590.26444184662  28.61185
4590.4308120634  25.80413
4590.59718228018  43.22901
4590.76355249697  23.23707
4590.92992271375  3.639518
4591.09629293054  47.45684
4591.26266314732  68.1251
4591.42903336411  57.4301
4591.59540358089  42.09028
4591.76177379767  34.80093
4591.92814401446  36.07137
4592.09451423124  32.01822
4592.26088444803  31.2992
4592.42725466481  49.36533
4592.5936248816  65.91179
4592.75999509838  36.16275
4592.92636531516  10.44573
4593.09273553195  18.20641
4593.25910574873  28.07397
4593.42547596552  48.17169
4593.5918461823  29.2542
4593.75821639908  54.43965
4593.92458661587  55.41348
4594.09095683265  16.74571
4594.25732704944  30.32926
4594.42369726622  35.47929
4594.59006748301  6.116945
4594.75643769979  -12.79262
4594.92280791657  46.39481
4595.08917813336  58.75745
4595.25554835014  58.76406
4595.42191856693  41.11555
4595.58828878371  11.03922
4595.7546590005  23.52486
4595.92102921728  23.68419
4596.08739943406  27.37942
4596.25376965085  38.48553
4596.42013986763  34.47107
4596.58651008442  31.61915
4596.7528803012  -6.561056
4596.91925051799  45.7186
4597.08562073477  13.63396
4597.25199095155  38.62794
4597.41836116834  54.60971
4597.58473138512  32.04209
4597.75110160191  4.115512
4597.91747181869  -11.05398
4598.08384203547  31.70929
4598.25021225226  47.43211
4598.41658246904  24.14077
4598.58295268583  39.00485
4598.74932290261  60.3532
4598.9156931194  40.21677
4599.08206333618  19.41583
4599.24843355296  56.79485
4599.41480376975  62.28711
4599.58117398653  37.93378
4599.74754420332  36.37862
4599.9139144201  46.39542
4600.08028463689  52.41251
4600.24665485367  54.2532
4600.41302507045  65.17064
4600.57939528724  37.84613
4600.74576550402  24.34918
4600.91213572081  43.578
4601.07850593759  58.08102
4601.24487615438  32.10904
4601.41124637116  -14.71345
4601.57761658794  6.675797
4601.74398680473  61.90253
4601.91035702151  47.64684
4602.0767272383  30.00525
4602.24309745508  46.40816
4602.40946767187  49.6203
4602.57583788865  58.7286
4602.74220810543  49.19352
4602.90857832222  53.96701
4603.074948539  38.53372
4603.24131875579  52.33327
4603.40768897257  59.08232
4603.57405918936  31.41255
4603.74042940614  -10.01539
4603.90679962292  22.66307
4604.07316983971  53.73225
4604.23954005649  34.56144
4604.40591027328  24.32975
4604.57228049006  48.83128
4604.73865070684  53.64197
4604.90502092363  33.69725
4605.07139114041  38.54372
4605.2377613572  31.2924
4605.40413157398  28.98368
4605.57050179077  57.77139
4605.73687200755  35.57595
4605.90324222433  42.04665
4606.06961244112  88.57398
4606.2359826579  71.27173
4606.40235287469  48.49432
4606.56872309147  42.05637
4606.73509330826  41.71647
4606.90146352504  59.36452
4607.06783374182  62.77163
4607.23420395861  61.38871
4607.40057417539  61.68114
4607.56694439218  40.31371
4607.73331460896  54.93322
4607.89968482575  61.99931
4608.06605504253  42.74015
4608.23242525931  56.17006
4608.3987954761  57.88424
4608.56516569288  54.75242
4608.73153590967  43.19041
4608.89790612645  20.28014
4609.06427634323  14.9895
4609.23064656002  57.74096
4609.3970167768  32.09765
4609.56338699359  57.61509
4609.72975721037  57.56728
4609.89612742716  60.13392
4610.06249764394  48.28564
4610.22886786073  53.30035
4610.39523807751  75.42493
4610.56160829429  73.84023
4610.72797851108  64.48927
4610.89434872786  52.27527
4611.06071894465  38.21912
4611.22708916143  37.35155
4611.39345937822  41.31714
4611.559829595  23.20699
4611.72619981178  32.06446
4611.89257002857  67.7527
4612.05894024535  39.97887
4612.22531046214  14.98451
4612.39168067892  38.81579
4612.5580508957  79.30155
4612.72442111249  70.56583
4612.89079132927  57.54269
4613.05716154606  20.38148
4613.22353176284  11.39851
4613.38990197963  15.04008
4613.55627219641  60.84627
4613.72264241319  55.32274
4613.88901262998  29.06914
4614.05538284676  36.15636
4614.22175306355  46.62114
4614.38812328033  59.09678
4614.55449349711  54.23432
4614.7208637139  68.44167
4614.88723393068  91.55994
4615.05360414747  57.73899
4615.21997436425  26.62979
4615.38634458104  43.9915
4615.55271479782  52.08641
4615.71908501461  48.33709
4615.88545523139  41.20049
4616.05182544817  31.66664
4616.21819566496  50.06469
4616.38456588174  55.21251
4616.55093609853  54.2644
4616.71730631531  68.10397
4616.88367653209  58.60258
4617.05004674888  71.35819
4617.21641696566  43.86735
4617.38278718245  76.50176
4617.54915739923  59.80737
4617.71552761602  38.97296
4617.8818978328  20.27501
4618.04826804958  53.39994
4618.21463826637  57.7258
4618.38100848315  55.19307
4618.54737869994  47.37504
4618.71374891672  55.95017
4618.88011913351  56.17782
4619.04648935029  50.07566
4619.21285956708  34.73972
4619.37922978386  27.91149
4619.54560000064  69.99548
4619.71197021743  57.78946
4619.87834043421  37.76934
4620.044710651  73.95842
4620.21108086778  65.26768
4620.37745108456  55.86582
4620.54382130135  30.61081
4620.71019151813  55.38862
4620.87656173492  51.98273
4621.0429319517  35.64728
4621.20930216849  52.80468
4621.37567238527  56.3963
4621.54204260205  44.50199
4621.70841281884  68.80627
4621.87478303562  70.94386
4622.04115325241  28.55997
4622.20752346919  43.94072
4622.37389368598  46.54332
4622.54026390276  37.13763
4622.70663411954  37.10442
4622.87300433633  37.58768
4623.03937455311  42.21514
4623.2057447699  38.22481
4623.37211498668  26.52447
4623.53848520346  36.97268
4623.70485542025  47.9006
4623.87122563703  56.57429
4624.03759585382  53.52478
4624.2039660706  22.39754
4624.37033628739  37.68332
4624.53670650417  56.5296
4624.70307672096  43.71293
4624.86944693774  61.55907
4625.03581715452  64.7522
4625.20218737131  50.02987
4625.36855758809  68.9096
4625.53492780488  46.88146
4625.70129802166  47.30983
4625.86766823844  43.04554
4626.03403845523  57.02459
4626.20040867201  83.87786
4626.3667788888  67.72181
4626.53314910558  59.2508
4626.69951932237  68.88637
4626.86588953915  34.92113
4627.03225975593  31.03116
4627.19862997272  30.23118
4627.3650001895  49.40651
4627.53137040629  83.4065
4627.69774062307  76.5188
4627.86411083986  42.07473
4628.03048105664  39.91248
4628.19685127342  47.58858
4628.36322149021  68.87885
4628.52959170699  61.21802
4628.69596192378  36.29591
4628.86233214056  67.21932
4629.02870235735  86.14112
4629.19507257413  63.81838
4629.36144279091  42.58152
4629.5278130077  41.92202
4629.69418322448  63.40697
4629.86055344127  70.47575
4630.02692365805  58.39809
4630.19329387483  57.05016
4630.35966409162  65.92117
4630.5260343084  88.80484
4630.69240452519  55.77735
4630.85877474197  44.17256
4631.02514495876  13.79461
4631.19151517554  28.58641
4631.35788539232  91.82021
4631.52425560911  49.2297
4631.69062582589  54.98107
4631.85699604268  88.04115
4632.02336625946  106.7769
4632.18973647625  75.24097
4632.35610669303  54.80272
4632.52247690981  54.97263
4632.6888471266  36.78733
4632.85521734338  48.23569
4633.02158756017  52.29014
4633.18795777695  51.12157
4633.35432799374  47.52976
4633.52069821052  24.18098
4633.6870684273  57.16154
4633.85343864409  58.82518
4634.01980886087  41.64989
4634.18617907766  53.35565
4634.35254929444  63.42157
4634.51891951123  50.40158
4634.68528972801  40.5355
4634.85165994479  62.11455
4635.01803016158  48.02297
4635.18440037836  33.39124
4635.35077059515  71.61214
4635.51714081193  85.24786
4635.68351102872  46.60418
4635.8498812455  48.26429
4636.01625146228  100.8531
4636.18262167907  86.88361
4636.34899189585  81.3603
4636.51536211264  52.34959
4636.68173232942  49.66098
4636.8481025462  73.10481
4637.01447276299  63.91723
4637.18084297977  87.58876
4637.34721319656  107.7397
4637.51358341334  77.674
4637.67995363013  58.55233
4637.84632384691  71.6226
4638.01269406369  78.73861
4638.17906428048  88.74393
4638.34543449726  102.803
4638.51180471405  93.91759
4638.67817493083  78.40855
4638.84454514762  63.89347
4639.0109153644  57.01468
4639.17728558119  50.12547
4639.34365579797  44.86213
4639.51002601475  42.3316
4639.67639623154  95.53471
4639.84276644832  86.16093
4640.00913666511  78.67676
4640.17550688189  81.2663
4640.34187709867  62.41446
4640.50824731546  41.2434
4640.67461753224  41.22971
4640.84098774903  50.35646
4641.00735796581  85.57327
4641.1737281826  106.2286
4641.34009839938  68.27503
4641.50646861616  60.26619
4641.67283883295  91.28096
4641.83920904973  90.62862
4642.00557926652  80.92694
4642.1719494833  75.91517
4642.33831970009  75.50415
4642.50468991687  91.74831
4642.67106013365  94.91521
4642.83743035044  51.52449
4643.00380056722  54.57386
4643.17017078401  97.53591
4643.33654100079  87.06519
4643.50291121758  71.99094
4643.66928143436  66.51823
4643.83565165114  105.3801
4644.00202186793  76.82186
4644.16839208471  54.94705
4644.3347623015  86.34205
4644.50113251828  52.75098
4644.66750273507  74.25571
4644.83387295185  60.8626
4645.00024316863  56.93626
4645.16661338542  40.05154
4645.3329836022  42.24129
4645.49935381899  74.53106
4645.66572403577  67.1966
4645.83209425255  90.41729
4645.99846446934  110.2814
4646.16483468612  88.42374
4646.33120490291  90.73483
4646.49757511969  110.486
4646.66394533648  96.64085
4646.83031555326  75.70978
4646.99668577004  97.84082
4647.16305598683  111.6268
4647.32942620361  76.83506
4647.4957964204  88.62044
4647.66216663718  49.77634
4647.82853685397  71.58201
4647.99490707075  76.62297
4648.16127728753  98.13993
4648.32764750432  100.1018
4648.4940177211  87.24584
4648.66038793789  81.12598
4648.82675815467  89.69006
4648.99312837146  53.5147
4649.15949858824  88.79134
4649.32586880502  78.54115
4649.49223902181  89.04282
4649.65860923859  84.08482
4649.82497945538  49.61641
4649.99134967216  85.67418
4650.15771988894  94.81686
4650.32409010573  40.31641
4650.49046032251  67.18072
4650.6568305393  79.73246
4650.82320075608  85.58974
4650.98957097287  61.65005
4651.15594118965  89.4137
4651.32231140644  79.97578
4651.48868162322  63.77444
4651.65505184  53.8315
4651.82142205679  67.91665
4651.98779227357  107.4025
4652.15416249036  88.53234
4652.32053270714  56.42935
4652.48690292392  58.60194
4652.65327314071  29.28528
4652.81964335749  49.54573
4652.98601357428  77.7626
4653.15238379106  83.54519
4653.31875400785  73.8568
4653.48512422463  77.97843
4653.65149444141  123.0635
4653.8178646582  52.53699
4653.98423487498  57.07076
4654.15060509177  107.7395
4654.31697530855  53.21353
4654.48334552534  46.34566
4654.64971574212  65.16576
4654.8160859589  72.22242
4654.98245617569  105.3559
4655.14882639247  51.86822
4655.31519660926  27.23699
4655.48156682604  90.77822
4655.64793704282  71.82948
4655.81430725961  55.60173
4655.98067747639  81.29431
4656.14704769318  92.79242
4656.31341790996  65.11724
4656.47978812675  60.92609
4656.64615834353  87.54072
4656.81252856032  90.85166
4656.9788987771  85.36151
4657.14526899388  76.35741
4657.31163921067  88.32348
4657.47800942745  99.27972
4657.64437964424  75.27709
4657.81074986102  67.8772
4657.9771200778  76.49024
4658.14349029459  74.12285
4658.30986051137  69.85912
4658.47623072816  87.14401
4658.64260094494  97.47685
4658.80897116173  82.29028
4658.97534137851  78.42599
4659.14171159529  83.33114
4659.30808181208  64.5603
4659.47445202886  55.45055
4659.64082224565  50.83424
4659.80719246243  44.5581
4659.97356267922  78.40704
4660.139932896  78.43407
4660.30630311279  59.92479
4660.47267332957  49.64454
4660.63904354635  65.35721
4660.80541376314  63.32693
4660.97178397992  38.14314
4661.13815419671  59.13655
4661.30452441349  104.4835
4661.47089463027  112.4072
4661.63726484706  75.93282
4661.80363506384  61.09193
4661.97000528063  74.70531
4662.13637549741  92.90884
4662.30274571419  86.98849
4662.46911593098  59.41366
4662.63548614776  65.55255
4662.80185636455  107.6028
4662.96822658133  101.9301
4663.13459679812  65.68601
4663.3009670149  63.87851
4663.46733723168  47.73223
4663.63370744847  53.19014
4663.80007766525  107.719
4663.96644788204  81.34264
4664.13281809882  72.24903
4664.29918831561  76.42338
4664.46555853239  63.0603
4664.63192874918  63.78528
4664.79829896596  72.91946
4664.96466918274  53.0084
4665.13103939953  43.27897
4665.29740961631  84.22652
4665.4637798331  64.75715
4665.63015004988  54.50538
4665.79652026666  69.46136
4665.96289048345  88.65208
4666.12926070023  90.28346
4666.29563091702  75.70651
4666.4620011338  89.02257
4666.62837135059  77.08564
4666.79474156737  33.54984
4666.96111178415  70.9507
4667.12748200094  82.95887
4667.29385221772  61.33997
4667.46022243451  67.35744
4667.62659265129  71.5135
4667.79296286808  66.78241
4667.95933308486  51.8165
4668.12570330165  73.0818
4668.29207351843  97.7668
4668.45844373521  62.14063
4668.624813952  72.31449
4668.79118416878  110.0514
4668.95755438557  87.09206
4669.12392460235  84.37577
4669.29029481913  57.85684
4669.45666503592  48.78242
4669.6230352527  68.47081
4669.78940546949  102.8723
4669.95577568627  107.735
4670.12214590306  74.94347
4670.28851611984  56.72839
4670.45488633662  15.06516
4670.62125655341  50.8754
4670.78762677019  82.36693
4670.95399698698  95.51019
4671.12036720376  106.5816
4671.28673742055  91.99486
4671.45310763733  61.68328
4671.61947785411  87.88671
4671.7858480709  72.81937
4671.95221828768  76.71288
4672.11858850447  62.41417
4672.28495872125  107.9918
4672.45132893803  74.78128
4672.61769915482  96.22066
4672.7840693716  104.5245
4672.95043958839  83.73982
4673.11680980517  73.01669
4673.28318002196  81.6342
4673.44955023874  104.9064
4673.61592045552  51.76773
4673.78229067231  87.06532
4673.94866088909  87.0409
4674.11503110588  33.4573
4674.28140132266  110.9373
4674.44777153945  86.3196
4674.61414175623  62.33386
4674.78051197301  80.74454
4674.9468821898  53.75537
4675.11325240658  75.28268
4675.27962262337  82.0916
4675.44599284015  73.31576
4675.61236305694  82.96322
4675.77873327372  88.68147
4675.9451034905  97.68435
4676.11147370729  73.92409
4676.27784392407  56.40778
4676.44421414086  73.12428
4676.61058435764  89.35592
4676.77695457443  94.13644
4676.94332479121  86.27313
4677.10969500799  101.8781
4677.27606522478  93.9214
4677.44243544156  90.79739
4677.60880565835  114.3187
4677.77517587513  97.41687
4677.94154609192  84.8783
4678.1079163087  68.36133
4678.27428652548  84.06782
4678.44065674227  112.562
4678.60702695905  97.02505
4678.77339717584  98.94193
4678.93976739262  101.783
4679.1061376094  84.15249
4679.27250782619  82.86777
4679.43887804297  100.0008
4679.60524825976  68.50895
4679.77161847654  88.09498
4679.93798869333  105.4504
4680.10435891011  84.75199
4680.27072912689  62.10812
4680.43709934368  80.26306
4680.60346956046  112.3766
4680.76983977725  94.21423
4680.93620999403  70.32982
4681.10258021082  74.18121
4681.2689504276  82.3093
4681.43532064438  76.29662
4681.60169086117  95.45551
4681.76806107795  91.57207
4681.93443129474  111.743
4682.10080151152  107.3381
4682.26717172831  105.4085
4682.43354194509  83.52083
4682.59991216187  75.43414
4682.76628237866  96.66236
4682.93265259544  128.7921
4683.09902281223  129.018
4683.26539302901  77.48361
4683.4317632458  66.9525
4683.59813346258  74.54423
4683.76450367936  89.24123
4683.93087389615  106.8622
4684.09724411293  66.69279
4684.26361432972  99.69224
4684.4299845465  98.32981
4684.59635476328  78.68127
4684.76272498007  110.4263
4684.92909519685  123.5552
4685.09546541364  82.60662
4685.26183563042  42.71806
4685.42820584721  70.40226
4685.59457606399  81.91939
4685.76094628077  112.8663
4685.92731649756  74.64489
4686.09368671434  70.15738
4686.26005693113  69.03768
4686.42642714791  61.11071
4686.5927973647  95.75561
4686.75916758148  86.75287
4686.92553779826  74.07191
4687.09190801505  83.49954
4687.25827823183  88.48402
4687.42464844862  101.9495
4687.5910186654  74.93651
4687.75738888219  83.64106
4687.92375909897  41.94164
4688.09012931575  70.84785
4688.25649953254  35.438
4688.42286974932  84.93247
4688.58923996611  85.57764
4688.75561018289  70.26115
4688.92198039968  74.83727
4689.08835061646  49.3873
4689.25472083324  89.50616
4689.42109105003  68.53053
4689.58746126681  30.04778
4689.7538314836  34.16313
4689.92020170038  61.45174
4690.08657191717  78.72544
4690.25294213395  67.55965
4690.41931235073  63.79119
4690.58568256752  71.49298
4690.7520527843  39.62809
4690.91842300109  25.69141
4691.08479321787  22.50107
4691.25116343466  45.13568
4691.41753365144  56.24662
4691.58390386822  66.0969
4691.75027408501  60.02657
4691.91664430179  69.78242
4692.08301451858  103.7958
4692.24938473536  94.19842
4692.41575495215  101.1123
4692.58212516893  72.66011
4692.74849538571  55.95497
4692.9148656025  58.86844
4693.08123581928  58.98895
4693.24760603607  39.84303
4693.41397625285  86.8025
4693.58034646964  88.94913
4693.74671668642  83.49748
4693.9130869032  85.77385
4694.07945711999  58.84502
4694.24582733677  54.78443
4694.41219755356  73.52718
4694.57856777034  61.89194
4694.74493798712  62.38072
4694.91130820391  36.96116
4695.07767842069  49.95445
4695.24404863748  64.07575
4695.41041885426  43.0891
4695.57678907105  43.29647
4695.74315928783  65.26271
4695.90952950461  52.7245
4696.0758997214  53.14321
4696.24226993818  55.85251
4696.40864015497  50.33184
4696.57501037175  92.15026
4696.74138058854  55.38084
4696.90775080532  52.87779
4697.0741210221  49.77084
4697.24049123889  48.61714
4697.40686145567  48.50469
4697.57323167246  80.84959
4697.73960188924  52.79922
4697.90597210602  31.69196
4698.07234232281  53.02333
4698.23871253959  42.29221
4698.40508275638  53.52472
4698.57145297316  68.42728
4698.73782318995  75.53027
4698.90419340673  82.29777
4699.07056362351  38.62511
4699.2369338403  50.20414
4699.40330405708  92.67486
4699.56967427387  81.12956
4699.73604449065  45.83904
4699.90241470744  45.09221
4700.06878492422  25.88418
4700.235155141  30.34726
4700.40152535779  52.35315
4700.56789557457  53.88601
4700.73426579136  34.27789
4700.90063600814  65.81106
4701.06700622493  75.58706
4701.23337644171  37.15482
4701.39974665849  27.45857
4701.56611687528  50.89385
4701.73248709206  11.83943
4701.89885730885  46.02952
4702.06522752563  73.61289
4702.23159774242  84.27497
4702.3979679592  22.57964
4702.56433817598  36.98932
4702.73070839277  59.22882
4702.89707860955  64.77537
4703.06344882634  67.35845
4703.22981904312  27.8045
4703.39618925991  49.18028
4703.56255947669  15.47221
4703.72892969347  18.11654
4703.89529991026  42.72382
4704.06167012704  54.5166
4704.22804034383  66.85132
4704.39441056061  43.74522
4704.56078077739  25.32358
4704.72715099418  61.10266
4704.89352121096  73.53108
4705.05989142775  61.51746
4705.22626164453  53.79288
4705.39263186132  57.69213
4705.5590020781  36.40546
4705.72537229488  27.1025
4705.89174251167  22.8075
4706.05811272845  59.44701
4706.22448294524  64.31515
4706.39085316202  49.02582
4706.55722337881  43.1706
4706.72359359559  51.32565
4706.88996381237  39.90911
4707.05633402916  34.99076
4707.22270424594  32.69364
4707.38907446273  34.66353
4707.55544467951  42.29437
4707.7218148963  31.79016
4707.88818511308  30.12422
4708.05455532986  75.09467
4708.22092554665  69.95048
4708.38729576343  26.08366
4708.55366598022  -22.33483
4708.720036197  27.88269
4708.88640641378  37.4569
4709.05277663057  32.79527
4709.21914684735  36.82487
4709.38551706414  26.92034
4709.55188728092  58.91963
4709.71825749771  48.66659
4709.88462771449  47.10849
4710.05099793128  62.4692
4710.21736814806  -5.12736
4710.38373836484  -11.88787
4710.55010858163  15.49495
4710.71647879841  33.04144
4710.8828490152  52.86113
4711.04921923198  44.77112
4711.21558944876  63.70771
4711.38195966555  32.93211
4711.54832988233  30.19386
4711.71470009912  25.44113
4711.8810703159  32.9567
4712.04744053269  29.47961
4712.21381074947  11.44731
4712.38018096625  5.055952
4712.54655118304  15.66861
4712.71292139982  46.23602
4712.87929161661  49.26769
4713.04566183339  17.58234
4713.21203205018  -5.730926
4713.37840226696  5.359205
4713.54477248374  34.32825
4713.71114270053  31.35816
4713.87751291731  34.05099
4714.0438831341  37.35475
4714.21025335088  32.72569
4714.37662356767  72.15
4714.54299378445  27.64229
4714.70936400123  10.52649
4714.87573421802  26.54657
4715.0421044348  57.32614
4715.20847465159  79.43549
4715.37484486837  44.72622
4715.54121508515  69.68192
4715.70758530194  19.4715
4715.87395551872  18.89654
4716.04032573551  48.86565
4716.20669595229  22.33911
4716.37306616908  60.88765
4716.53943638586  26.39646
4716.70580660265  12.28387
4716.87217681943  -6.858249
4717.03854703621  11.6077
4717.204917253  34.11868
4717.37128746978  33.02102
4717.53765768657  3.688534
4717.70402790335  18.17974
4717.87039812014  35.05724
4718.03676833692  15.68098
4718.2031385537  12.98353
4718.36950877049  26.4799
4718.53587898727  16.58885
4718.70224920406  25.70023
4718.86861942084  16.47739
4719.03498963762  19.68392
4719.20135985441  56.66152
4719.36773007119  45.1394
4719.53410028798  23.71798
4719.70047050476  53.63074
4719.86684072155  29.74968
4720.03321093833  30.8378
4720.19958115511  54.11751
4720.3659513719  18.46039
4720.53232158868  -0.4042025
4720.69869180547  28.77107
4720.86506202225  37.13231
4721.03143223904  47.71006
4721.19780245582  28.34496
4721.3641726726  32.1348
4721.53054288939  39.94663
4721.69691310617  15.98072
4721.86328332296  10.85638
4722.02965353974  -0.9019662
4722.19602375653  11.13798
4722.36239397331  20.64364
4722.52876419009  12.72458
4722.69513440688  -1.67869
4722.86150462366  27.12173
4723.02787484045  40.635
4723.19424505723  17.29572
4723.36061527402  24.01233
4723.5269854908  3.252856
4723.69335570758  -9.433566
4723.85972592437  16.0266
4724.02609614115  11.56533
4724.19246635794  6.586452
4724.35883657472  7.352666
4724.52520679151  35.82951
4724.69157700829  24.26
4724.85794722507  28.27117
4725.02431744186  3.16518
4725.19068765864  45.95755
4725.35705787543  18.99591
4725.52342809221  9.474168
4725.689798309  -6.00774
4725.85616852578  7.524054
4726.02253874256  23.04196
4726.18890895935  -0.8188618
4726.35527917613  26.09346
4726.52164939292  29.54355
4726.6880196097  31.77323
4726.85438982648  -3.673834
4727.02076004327  18.44608
4727.18713026005  17.4827
4727.35350047684  25.26566
4727.51987069362  -3.556309
4727.68624091041  44.43697
4727.85261112719  13.17587
4728.01898134397  2.306974
4728.18535156076  5.191034
4728.35172177754  -3.27849
4728.51809199433  24.62752
4728.68446221111  15.62652
4728.8508324279  13.61422
4729.01720264468  19.92755
4729.18357286146  18.8435
4729.34994307825  -3.162612
4729.51631329503  -14.25692
4729.68268351182  9.456868
4729.8490537286  41.07334
4730.01542394538  18.54706
4730.18179416217  0.754864
4730.34816437895  5.662689
4730.51453459574  -4.508172
4730.68090481252  5.016958
4730.84727502931  3.024696
4731.01364524609  21.48567
4731.18001546288  -19.56142
4731.34638567966  -11.90399
4731.51275589644  2.609765
4731.67912611323  30.56659
4731.84549633001  34.40173
4732.0118665468  0.6780344
4732.17823676358  -1.120001
4732.34460698036  -22.97161
4732.51097719715  3.413234
4732.67734741393  45.79925
4732.84371763072  10.437
4733.0100878475  18.72336
4733.17645806429  14.16976
4733.34282828107  -4.893338
4733.50919849785  35.7601
4733.67556871464  5.534645
4733.84193893142  -10.17228
4734.00830914821  -12.13885
4734.17467936499  20.85353
4734.34104958178  -17.84145
4734.50741979856  4.844376
4734.67379001534  -0.5136911
4734.84016023213  22.18514
4735.00653044891  18.83531
4735.1729006657  14.91643
4735.33927088248  10.89402
4735.50564109927  -20.87468
4735.67201131605  20.84719
4735.83838153283  35.69379
4736.00475174962  18.38643
4736.1711219664  17.7299
4736.33749218319  -0.7424793
4736.50386239997  -29.25029
4736.67023261676  0.636775
4736.83660283354  8.038606
4737.00297305032  3.256534
4737.16934326711  10.83389
4737.33571348389  20.04379
4737.50208370068  3.543291
4737.66845391746  14.83176
4737.83482413424  -8.359073
4738.00119435103  10.35602
4738.16756456781  -10.26298
4738.3339347846  8.321188
4738.50030500138  6.310277
4738.66667521817  17.42513
4738.83304543495  37.02891
4738.99941565174  -2.042265
4739.16578586852  5.054268
4739.3321560853  -7.860541
4739.49852630209  -25.41436
