4568.9489781325  2.820874
4569.11548977175  -1.431528
4569.282001411  10.07573
4569.44851305026  13.99917
4569.61502468951  40.66819
4569.78153632876  54.71804
4569.94804796801  36.49153
4570.11455960727  -5.457642
4570.28107124652  4.849941
4570.44758288577  39.22924
4570.61409452502  -3.865907
4570.78060616428  -14.26119
4570.94711780353  40.31197
4571.11362944278  21.46451
4571.28014108203  7.425339
4571.44665272128  35.8162
4571.61316436054  13.16448
4571.77967599979  8.267406
4571.94618763904  -10.01386
4572.11269927829  -9.353412
4572.27921091754  3.191804
4572.4457225568  10.4958
4572.61223419605  4.188751
4572.7787458353  7.022258
4572.94525747455  38.54154
4573.11176911381  26.30292
4573.27828075306  -0.5063469
4573.44479239231  -2.441509
4573.61130403156  20.65716
4573.77781567082  -0.2293032
4573.94432731007  35.41811
4574.11083894932  28.07407
4574.27735058857  -3.186044
4574.44386222782  41.03917
4574.61037386708  26.90966
4574.77688550633  -19.69118
4574.94339714558  16.55659
4575.10990878483  31.42993
4575.27642042409  -2.500261
4575.44293206334  5.947546
4575.60944370259  23.43917
4575.77595534184  32.89208
4575.94246698109  2.435809
4576.10897862035  17.36649
4576.2754902596  8.66996
4576.44200189885  45.94801
4576.6085135381  29.91821
4576.77502517736  13.31153
4576.94153681661  36.78113
4577.10804845586  39.38065
4577.27456009511  38.06546
4577.44107173436  45.51907
4577.60758337362  42.21332
4577.77409501287  40.57573
4577.94060665212  19.12803
4578.10711829137  23.42601
4578.27362993063  44.11437
4578.44014156988  63.30534
4578.60665320913  15.31882
4578.77316484838  9.159416
4578.93967648763  -2.186169
4579.10618812689  22.14577
4579.27269976614  2.831991
4579.43921140539  0.9441864
4579.60572304464  7.041967
4579.7722346839  9.335113
4579.93874632315  18.27319
4580.1052579624  -4.660522
4580.27176960165  54.27308
4580.43828124091  14.15522
4580.60479288016  28.17422
4580.77130451941  31.34652
4580.93781615866  2.820151
4581.10432779791  30.42822
4581.27083943717  22.77623
4581.43735107642  13.93219
4581.60386271567  15.05173
4581.77037435492  37.42511
4581.93688599418  46.13417
4582.10339763343  53.95146
4582.26990927268  55.16642
4582.43642091193  39.47878
4582.60293255118  66.26283
4582.76944419044  41.35821
4582.93595582969  0.018193
4583.10246746894  7.414723
4583.26897910819  2.148983
4583.43549074745  44.87426
4583.6020023867  64.96755
4583.76851402595  53.89826
4583.9350256652  36.54243
4584.10153730445  42.06577
4584.26804894371  42.98998
4584.43456058296  15.39664
4584.60107222221  14.71423
4584.76758386146  27.76072
4584.93409550072  32.92785
4585.10060713997  45.15961
4585.26711877922  3.891797
4585.43363041847  12.89192
4585.60014205773  69.29312
4585.76665369698  111.538
4585.93316533623  110.5926
4586.09967697548  -0.293512
4586.26618861473  -2.639183
4586.43270025399  29.33302
4586.59921189324  44.05741
4586.76572353249  60.02896
4586.93223517174  53.0678
4587.098746811  75.91869
4587.26525845025  89.52731
4587.4317700895  54.45887
4587.59828172875  38.9288
4587.764793368  14.23845
4587.93130500726  28.21601
4588.09781664651  52.6806
4588.26432828576  62.09013
4588.43083992501  48.30331
4588.59735156427  43.87033
4588.76386320352  49.50735
4588.93037484277  32.86945
4589.09688648202  27.03311
4589.26339812127  57.90406
4589.42990976053  55.63701
4589.59642139978  12.47296
4589.76293303903  21.037
4589.92944467828  32.14063
4590.09595631754  -4.822601
4590.26246795679  22.27394
4590.42897959604  55.63078
4590.59549123529  30.49244
4590.76200287455  74.00391
4590.9285145138  53.25201
4591.09502615305  52.72664
4591.2615377923  24.15914
4591.42804943155  34.25465
4591.59456107081  24.47235
4591.76107271006  15.60582
4591.92758434931  15.39446
4592.09409598856  65.57037
4592.26060762781  69.91861
4592.42711926707  54.60695
4592.59363090632  59.0682
4592.76014254557  53.90094
4592.92665418482  52.434
4593.09316582408  26.97297
4593.25967746333  76.55553
4593.42618910258  61.81125
4593.59270074183  -7.726578
4593.75921238109  33.07173
4593.92572402034  54.2742
4594.09223565959  55.27963
4594.25874729884  57.0004
4594.42525893809  13.86912
4594.59177057735  72.61417
4594.7582822166  83.69971
4594.92479385585  65.83033
4595.0913054951  67.56425
4595.25781713435  63.36014
4595.42432877361  60.31562
4595.59084041286  36.69493
4595.75735205211  37.66838
4595.92386369136  50.98156
4596.09037533062  14.58302
4596.25688696987  28.66768
4596.42339860912  104.8423
4596.58991024837  46.48804
4596.75642188763  34.67497
4596.92293352688  52.58223
4597.08944516613  65.75501
4597.25595680538  69.33554
4597.42246844464  70.77435
4597.58898008389  37.2882
4597.75549172314  45.78173
4597.92200336239  84.15099
4598.08851500164  67.05613
4598.2550266409  50.71376
4598.42153828015  60.64827
4598.5880499194  66.83559
4598.75456155865  71.35817
4598.9210731979  48.85303
4599.08758483716  69.75377
4599.25409647641  62.14729
4599.42060811566  57.11488
4599.58711975491  56.53405
4599.75363139417  51.33369
4599.92014303342  26.25629
4600.08665467267  45.18208
4600.25316631192  61.6602
4600.41967795117  89.52575
4600.58618959043  97.50067
4600.75270122968  35.9103
4600.91921286893  22.63
4601.08572450818  32.554
4601.25223614744  21.66871
4601.41874778669  64.70148
4601.58525942594  79.48389
4601.75177106519  71.05972
4601.91828270445  86.56379
4602.0847943437  10.95447
4602.25130598295  45.18399
4602.4178176222  65.22152
4602.58432926145  53.9553
4602.75084090071  76.83104
4602.91735253996  57.65803
4603.08386417921  44.17653
4603.25037581846  58.65794
4603.41688745772  60.0526
4603.58339909697  40.09375
4603.74991073622  44.98293
4603.91642237547  75.23586
4604.08293401472  60.75277
4604.24944565398  81.50233
4604.41595729323  88.6757
4604.58246893248  68.76412
4604.74898057173  99.39709
4604.91549221099  77.71429
4605.08200385024  95.49698
4605.24851548949  78.02543
4605.41502712874  20.95999
4605.58153876799  5.971763
4605.74805040725  33.63952
4605.9145620465  31.83868
4606.08107368575  89.00343
4606.247585325  91.40044
4606.41409696426  59.08594
4606.58060860351  83.89413
4606.74712024276  55.69288
4606.91363188201  78.37068
4607.08014352126  108.7495
4607.24665516052  69.631
4607.41316679977  71.77582
4607.57967843902  79.95679
4607.74619007828  57.52435
4607.91270171753  92.17339
4608.07921335678  91.02616
4608.24572499603  52.07262
4608.41223663528  100.7256
4608.57874827454  85.97673
4608.74525991379  82.01087
4608.91177155304  128.9692
4609.07828319229  69.06347
4609.24479483155  44.59555
4609.4113064708  80.42262
4609.57781811005  81.08751
4609.7443297493  39.85583
4609.91084138855  71.8876
4610.07735302781  70.98548
4610.24386466706  93.00259
4610.41037630631  83.28238
4610.57688794556  63.98125
4610.74339958482  85.29532
4610.90991122407  87.26608
4611.07642286332  65.63008
4611.24293450257  55.65567
4611.40944614182  57.50675
4611.57595778108  65.19739
4611.74246942033  88.49638
4611.90898105958  87.02542
4612.07549269883  51.20071
4612.24200433808  93.88931
4612.40851597734  77.97669
4612.57502761659  117.0382
4612.74153925584  135.0392
4612.90805089509  122.0746
4613.07456253435  90.22952
4613.2410741736  72.10684
4613.40758581285  78.43172
4613.5740974521  90.20123
4613.74060909136  85.82684
4613.90712073061  51.80721
4614.07363236986  61.62776
4614.24014400911  74.55933
4614.40665564836  95.80615
4614.57316728762  87.69676
4614.73967892687  81.13259
4614.90619056612  70.19117
4615.07270220537  32.99321
4615.23921384463  73.32874
4615.40572548388  73.99632
4615.57223712313  26.99673
4615.73874876238  71.70419
4615.90526040163  53.00833
4616.07177204089  31.11445
4616.23828368014  37.62586
4616.40479531939  60.77684
4616.57130695864  118.7425
4616.7378185979  76.10443
4616.90433023715  71.30277
4617.0708418764  54.37702
4617.23735351565  61.91625
4617.4038651549  107.5409
4617.57037679416  63.23458
4617.73688843341  39.70018
4617.90340007266  48.78641
4618.06991171191  73.91825
4618.23642335117  46.4799
4618.40293499042  47.60782
4618.56944662967  88.20142
4618.73595826892  112.2211
4618.90246990817  78.65009
4619.06898154743  88.19848
4619.23549318668  124.7867
4619.40200482593  72.56093
4619.56851646518  90.38397
4619.73502810444  73.03879
4619.90153974369  64.57645
4620.06805138294  58.74178
4620.23456302219  44.76638
4620.40107466145  71.87565
4620.5675863007  71.92567
4620.73409793995  68.65939
4620.9006095792  97.01299
4621.06712121845  118.8126
4621.23363285771  106.3572
4621.40014449696  87.26989
4621.56665613621  92.36604
4621.73316777546  90.17683
4621.89967941472  90.9949
4622.06619105397  126.1776
4622.23270269322  76.78312
4622.39921433247  74.86082
4622.56572597172  84.09427
4622.73223761098  100.7651
4622.89874925023  126.4112
4623.06526088948  107.1765
4623.23177252873  68.10564
4623.39828416799  65.75529
4623.56479580724  93.48036
4623.73130744649  106.7106
4623.89781908574  109.3001
4624.06433072499  97.52929
4624.23084236425  105.7483
4624.3973540035  88.00576
4624.56386564275  84.17316
4624.730377282  84.64759
4624.89688892126  140.0259
4625.06340056051  149.7066
4625.22991219976  107.6316
4625.39642383901  121.7409
4625.56293547827  90.11327
4625.72944711752  128.4118
4625.89595875677  103.8574
4626.06247039602  61.01994
4626.22898203527  76.49266
4626.39549367453  79.10746
4626.56200531378  117.7328
4626.72851695303  110.7503
4626.89502859228  74.67648
4627.06154023154  33.3769
4627.22805187079  52.56046
4627.39456351004  92.59371
4627.56107514929  87.64667
4627.72758678854  108.3534
4627.8940984278  104.2064
4628.06061006705  114.5527
4628.2271217063  134.9938
4628.39363334555  110.9171
4628.5601449848  101.2113
4628.72665662406  97.68623
4628.89316826331  84.59732
4629.05967990256  63.63148
4629.22619154181  81.71938
4629.39270318107  50.77799
4629.55921482032  66.95848
4629.72572645957  114.9112
4629.89223809882  94.6127
4630.05874973808  41.82259
4630.22526137733  90.4288
4630.39177301658  116.2728
4630.55828465583  117.6171
4630.72479629509  68.74834
4630.89130793434  78.05053
4631.05781957359  91.21879
4631.22433121284  75.73734
4631.39084285209  125.0297
4631.55735449135  82.1373
4631.7238661306  79.09087
4631.89037776985  99.91338
4632.0568894091  98.74937
4632.22340104836  93.93355
4632.38991268761  99.97675
4632.55642432686  126.6438
4632.72293596611  121.5529
4632.88944760536  105.6786
4633.05595924462  69.11253
4633.22247088387  103.908
4633.38898252312  118.1513
4633.55549416237  101.9449
4633.72200580163  91.61195
4633.88851744088  108.1781
4634.05502908013  116.4997
4634.22154071938  108.5293
4634.38805235863  121.1253
4634.55456399789  93.46687
4634.72107563714  101.8376
4634.88758727639  103.5153
4635.05409891564  90.81075
4635.2206105549  99.02647
4635.38712219415  73.57901
4635.5536338334  77.77274
4635.72014547265  92.70538
4635.8866571119  100.4809
4636.05316875116  112.4187
4636.21968039041  120.1365
4636.38619202966  120.1431
4636.55270366891  123.6589
4636.71921530817  85.60086
4636.88572694742  78.61315
4637.05223858667  167.0119
4637.21875022592  78.48272
4637.38526186518  90.06323
4637.55177350443  93.47285
4637.71828514368  113.4992
4637.88479678293  110.697
4638.05130842218  121.6573
4638.21782006144  80.40622
4638.38433170069  85.91951
4638.55084333994  102.9959
4638.71735497919  163.2762
4638.88386661844  137.8065
4639.0503782577  139.5169
4639.21688989695  102.808
4639.3834015362  58.51759
4639.54991317545  75.44544
4639.71642481471  74.13633
4639.88293645396  49.92768
4640.04944809321  93.19946
4640.21595973246  118.2002
4640.38247137171  98.53587
4640.54898301097  94.26305
4640.71549465022  80.00579
4640.88200628947  83.26041
4641.04851792872  75.01607
4641.21502956798  75.82748
4641.38154120723  110.5991
4641.54805284648  118.7668
4641.71456448573  102.7362
4641.88107612499  132.8872
4642.04758776424  160.3362
4642.21409940349  128.3236
4642.38061104274  119.2291
4642.54712268199  79.20299
4642.71363432125  83.61565
4642.8801459605  136.5076
4643.04665759975  106.5924
4643.213169239  81.41415
4643.37968087826  103.876
4643.54619251751  137.8453
4643.71270415676  130.2818
4643.87921579601  130.304
4644.04572743527  129.0168
4644.21223907452  134.3315
4644.37875071377  165.0513
4644.54526235302  115.5535
4644.71177399227  87.33686
4644.87828563153  128.6231
4645.04479727078  99.15458
4645.21130891003  203.9005
4645.37782054928  178.9739
4645.54433218853  113.098
4645.71084382779  90.4017
4645.87735546704  145.6828
4646.04386710629  144.6431
4646.21037874554  157.174
4646.3768903848  139.7272
4646.54340202405  114.4693
4646.7099136633  119.8834
4646.87642530255  148.5835
4647.04293694181  157.332
4647.20944858106  108.7374
4647.37596022031  91.0695
4647.54247185956  147.0678
4647.70898349881  103.4134
4647.87549513807  79.74927
4648.04200677732  130.3409
4648.20851841657  134.3739
4648.37503005582  107.4833
4648.54154169508  116.3827
4648.70805333433  124.8506
4648.87456497358  88.88155
4649.04107661283  115.2128
4649.20758825209  87.10188
4649.37409989134  139.2426
4649.54061153059  161.6713
4649.70712316984  151.392
4649.87363480909  137.2262
4650.04014644835  100.3384
4650.2066580876  83.24661
4650.37316972685  135.1729
4650.5396813661  122.4449
4650.70619300536  129.7958
4650.87270464461  130.8413
4651.03921628386  105.5043
4651.20572792311  98.28545
4651.37223956236  110.7034
4651.53875120162  84.85909
4651.70526284087  148.5137
4651.87177448012  173.0386
4652.03828611937  92.14167
4652.20479775863  118.2362
4652.37130939788  121.0671
4652.53782103713  133.5234
4652.70433267638  163.6304
4652.87084431563  124.3313
4653.03735595489  98.54264
4653.20386759414  105.8009
4653.37037923339  146.3069
4653.53689087264  135.2631
4653.7034025119  121.0473
4653.86991415115  157.1789
4654.0364257904  120.0511
4654.20293742965  103.7453
4654.3694490689  145.1832
4654.53596070816  143.7741
4654.70247234741  140.1128
4654.86898398666  130.3705
4655.03549562591  84.51932
4655.20200726517  76.508
4655.36851890442  137.6111
4655.53503054367  144.8434
4655.70154218292  91.92057
4655.86805382217  119.2099
4656.03456546143  137.8141
4656.20107710068  113.8457
4656.36758873993  125.0795
4656.53410037918  139.6647
4656.70061201844  138.6059
4656.86712365769  96.36368
4657.03363529694  92.71745
4657.20014693619  100.9147
4657.36665857544  100.5171
4657.5331702147  131.8796
4657.69968185395  139.8602
4657.8661934932  118.3668
4658.03270513245  114.6863
4658.19921677171  108.3524
4658.36572841096  107.2641
4658.53224005021  124.3605
4658.69875168946  124.6017
4658.86526332871  138.5209
4659.03177496797  89.44619
4659.19828660722  101.2829
4659.36479824647  117.0013
4659.53130988572  103.8336
4659.69782152498  108.7881
4659.86433316423  124.8917
4660.03084480348  88.17092
4660.19735644273  113.6693
4660.36386808199  165.3856
4660.53037972124  126.991
4660.69689136049  130.2892
4660.86340299974  112.5322
4661.02991463899  140.5123
4661.19642627825  158.4139
4661.3629379175  115.628
4661.52944955675  115.4393
4661.695961196  121.5274
4661.86247283525  95.88082
4662.02898447451  91.62758
4662.19549611376  84.18021
4662.36200775301  111.9522
4662.52851939226  105.1952
4662.69503103152  89.95068
4662.86154267077  93.99224
4663.02805431002  85.04982
4663.19456594927  114.7592
4663.36107758853  111.5186
4663.52758922778  124.6443
4663.69410086703  137.1978
4663.86061250628  140.7021
4664.02712414554  139.1259
4664.19363578479  112.8656
4664.36014742404  89.51307
4664.52665906329  115.0489
4664.69317070254  106.3431
4664.8596823418  94.0549
4665.02619398105  107.1065
4665.1927056203  127.7946
4665.35921725955  113.2461
4665.52572889881  95.058
4665.69224053806  110.5675
4665.85875217731  91.07822
4666.02526381656  98.04922
4666.19177545581  142.9721
4666.35828709507  147.4641
4666.52479873432  118.8458
4666.69131037357  116.6607
4666.85782201282  141.7352
4667.02433365208  131.6614
4667.19084529133  116.8201
4667.35735693058  123.9986
4667.52386856983  126.5145
4667.69038020909  139.6787
4667.85689184834  142.3582
4668.02340348759  104.0181
4668.18991512684  112.0981
4668.35642676609  129.0043
4668.52293840535  136.1313
4668.6894500446  119.4444
4668.85596168385  120.4423
4669.0224733231  128.7277
4669.18898496236  139.0217
4669.35549660161  116.3137
4669.52200824086  119.449
4669.68851988011  125.2716
4669.85503151936  112.8109
4670.02154315862  78.55847
4670.18805479787  8.262074
4670.35456643712  85.98812
4670.52107807637  112.1036
4670.68758971562  97.73694
4670.85410135488  86.85894
4671.02061299413  69.16418
4671.18712463338  118.4236
4671.35363627263  151.7318
4671.52014791189  121.965
4671.68665955114  95.12643
4671.85317119039  142.9227
4672.01968282964  107.4667
4672.1861944689  113.3718
4672.35270610815  141.2142
4672.5192177474  122.7264
4672.68572938665  88.95936
4672.8522410259  112.7038
4673.01875266516  121.645
4673.18526430441  101.0046
4673.35177594366  120.0882
4673.51828758291  147.5539
4673.68479922217  151.2542
4673.85131086142  81.5749
4674.01782250067  93.91397
4674.18433413992  82.88559
4674.35084577917  138.9182
4674.51735741843  118.661
4674.68386905768  107.6766
4674.85038069693  96.89234
4675.01689233618  108.4499
4675.18340397544  71.03378
4675.34991561469  83.81417
4675.51642725394  140.0621
4675.68293889319  144.7419
4675.84945053244  139.0925
4676.0159621717  95.55277
4676.18247381095  117.4364
4676.3489854502  168.625
4676.51549708945  159.9689
4676.68200872871  131.1657
4676.84852036796  161.9606
4677.01503200721  136.4068
4677.18154364646  145.6081
4677.34805528571  146.6585
4677.51456692497  104.526
4677.68107856422  103.7062
4677.84759020347  147.6651
4678.01410184272  132.3906
4678.18061348198  107.3633
4678.34712512123  110.8095
4678.51363676048  115.4253
4678.68014839973  158.2514
4678.84666003898  155.9047
4679.01317167824  131.1369
4679.17968331749  125.2733
4679.34619495674  160.7132
4679.51270659599  167.1263
4679.67921823525  150.2122
4679.8457298745  145.7498
4680.01224151375  103.4792
4680.178753153  98.05971
4680.34526479226  126.9626
4680.51177643151  128.8241
4680.67828807076  138.4211
4680.84479971001  172.5291
4681.01131134926  132.4633
4681.17782298852  151.7722
4681.34433462777  153.2505
4681.51084626702  143.2483
4681.67735790627  109.4303
4681.84386954553  96.74697
4682.01038118478  76.36436
4682.17689282403  126.7437
4682.34340446328  129.8146
4682.50991610253  153.4776
4682.67642774179  110.8223
4682.84293938104  105.7136
4683.00945102029  185.4295
4683.17596265954  141.8355
4683.3424742988  145.8214
4683.50898593805  113.7601
4683.6754975773  91.67094
4683.84200921655  163.0916
4684.00852085581  131.6765
4684.17503249506  117.7578
4684.34154413431  151.7269
4684.50805577356  134.3851
4684.67456741281  156.4657
4684.84107905207  172.8953
4685.00759069132  127.0429
4685.17410233057  98.90418
4685.34061396982  119.1863
4685.50712560908  133.8338
4685.67363724833  127.7229
4685.84014888758  123.0963
4686.00666052683  116.3406
4686.17317216608  139.7931
4686.33968380534  145.9564
4686.50619544459  144.1714
4686.67270708384  128.6378
4686.83921872309  135.9178
4687.00573036235  163.4036
4687.1722420016  181.8639
4687.33875364085  195.6356
4687.5052652801  168.3192
4687.67177691935  121.4971
4687.83828855861  126.1587
4688.00480019786  135.7628
4688.17131183711  203.8775
4688.33782347636  130.0488
4688.50433511562  161.445
4688.67084675487  143.5771
4688.83735839412  124.7816
4689.00387003337  108.0413
4689.17038167262  171.8994
4689.33689331188  140.7367
4689.50340495113  188.6995
4689.66991659038  117.0081
4689.83642822963  115.7484
4690.00293986889  132.2282
4690.16945150814  106.5319
4690.33596314739  100.1984
4690.50247478664  111.4534
4690.6689864259  115.7436
4690.83549806515  172.175
4691.0020097044  164.2476
4691.16852134365  97.65543
4691.3350329829  111.9058
4691.50154462216  113.8324
4691.66805626141  123.5609
4691.83456790066  130.0781
4692.00107953991  126.0388
4692.16759117917  123.6984
4692.33410281842  120.3544
4692.50061445767  161.6651
4692.66712609692  129.7702
4692.83363773617  96.99723
4693.00014937543  96.0353
4693.16666101468  139.3593
4693.33317265393  123.9752
4693.49968429318  142.586
4693.66619593243  116.4847
4693.83270757169  148.3858
4693.99921921094  95.98087
4694.16573085019  108.1487
4694.33224248944  118.8534
4694.4987541287  129.5061
4694.66526576795  113.6513
4694.8317774072  112.7971
4694.99828904645  120.6372
4695.16480068571  151.59
4695.33131232496  140.6739
4695.49782396421  131.806
4695.66433560346  97.7464
4695.83084724271  107.9681
4695.99735888197  158.8153
4696.16387052122  109.9432
4696.33038216047  87.0498
4696.49689379972  101.6576
4696.66340543898  95.098
4696.82991707823  100.2094
4696.99642871748  78.13863
4697.16294035673  56.04168
4697.32945199599  54.26627
4697.49596363524  105.5379
4697.66247527449  82.11304
4697.82898691374  87.35563
4697.99549855299  100.628
4698.16201019225  81.24517
4698.3285218315  70.55743
4698.49503347075  86.05747
4698.66154511  96.07608
4698.82805674925  89.58512
4698.99456838851  108.2972
4699.16108002776  108.9528
4699.32759166701  84.54072
4699.49410330626  93.54234
4699.66061494552  91.05225
4699.82712658477  89.38016
4699.99363822402  106.933
4700.16014986327  78.62248
4700.32666150253  44.67532
4700.49317314178  43.62606
4700.65968478103  60.96731
4700.82619642028  64.218
4700.99270805953  42.81524
4701.15921969879  10.85699
4701.32573133804  67.47159
4701.49224297729  77.99977
4701.65875461654  55.91139
4701.82526625579  88.16081
4701.99177789505  68.08333
4702.1582895343  48.90129
4702.32480117355  70.10303
4702.49131281281  104.1972
4702.65782445206  54.0876
4702.82433609131  90.08524
4702.99084773056  91.84241
4703.15735936981  56.15836
4703.32387100907  69.06033
4703.49038264832  56.24982
4703.65689428757  63.73277
4703.82340592682  59.70535
4703.98991756607  40.28833
4704.15642920533  38.39466
4704.32294084458  68.72077
4704.48945248383  26.93006
4704.65596412308  41.77533
4704.82247576234  69.82262
4704.98898740159  62.25035
4705.15549904084  60.66778
4705.32201068009  92.83521
4705.48852231934  67.37798
4705.6550339586  71.60093
4705.82154559785  51.55134
4705.9880572371  33.81532
4706.15456887635  68.27902
4706.32108051561  85.84801
4706.48759215486  86.19379
4706.65410379411  92.48952
4706.82061543336  62.88697
4706.98712707262  67.70035
4707.15363871187  75.80299
4707.32015035112  90.37517
4707.48666199037  38.76855
4707.65317362963  72.1171
4707.81968526888  58.29591
4707.98619690813  25.06988
4708.15270854738  110.1313
4708.31922018663  70.03477
4708.48573182589  74.48322
4708.65224346514  63.75776
4708.81875510439  31.13785
4708.98526674364  53.3279
4709.15177838289  87.98382
4709.31829002215  72.36605
4709.4848016614  72.75629
4709.65131330065  86.6745
4709.8178249399  42.42887
4709.98433657916  51.0731
4710.15084821841  39.26988
4710.31735985766  83.93174
4710.48387149691  115.1637
4710.65038313616  80.5996
4710.81689477542  96.88905
4710.98340641467  65.72667
4711.14991805392  28.14255
4711.31642969317  86.95251
4711.48294133243  48.52383
4711.64945297168  75.87749
4711.81596461093  82.86268
4711.98247625018  35.80528
4712.14898788944  19.71984
4712.31549952869  39.8583
4712.48201116794  64.0988
4712.64852280719  16.52226
4712.81503444644  39.34951
4712.9815460857  72.41985
4713.14805772495  47.51209
4713.3145693642  46.43117
4713.48108100345  67.38409
4713.64759264271  82.79728
4713.81410428196  18.64695
4713.98061592121  49.4073
4714.14712756046  17.28279
4714.31363919971  0.4741777
4714.48015083897  14.25947
4714.64666247822  46.00849
4714.81317411747  56.5148
4714.97968575672  38.49672
4715.14619739598  48.41626
4715.31270903523  49.09367
4715.47922067448  54.29557
4715.64573231373  60.95188
4715.81224395298  64.40067
4715.97875559224  48.55514
4716.14526723149  53.27195
4716.31177887074  70.73446
4716.47829050999  74.83919
4716.64480214925  68.11432
4716.8113137885  58.52867
4716.97782542775  15.36263
4717.144337067  56.54009
4717.31084870625  57.60637
4717.47736034551  62.13624
4717.64387198476  41.39553
4717.81038362401  43.88706
4717.97689526326  68.16158
4718.14340690252  50.10545
4718.30991854177  16.91147
4718.47643018102  30.62946
4718.64294182027  32.37682
4718.80945345952  -15.82676
4718.97596509878  65.2579
4719.14247673803  94.95061
4719.30898837728  43.44046
4719.47550001653  13.42085
4719.64201165579  54.11913
4719.80852329504  25.39253
4719.97503493429  33.00537
4720.14154657354  45.17623
4720.3080582128  46.74054
4720.47456985205  54.33485
4720.6410814913  36.99353
4720.80759313055  46.55579
4720.9741047698  58.85975
4721.14061640906  45.38186
4721.30712804831  19.71987
4721.47363968756  28.52685
4721.64015132681  28.1734
4721.80666296606  24.37394
4721.97317460532  54.68768
4722.13968624457  48.62647
4722.30619788382  35.22448
4722.47270952307  35.78972
4722.63922116233  -0.133883
4722.80573280158  0.7893482
4722.97224444083  -17.79243
4723.13875608008  -2.471434
4723.30526771934  40.2698
4723.47177935859  70.76523
4723.63829099784  80.41419
4723.80480263709  96.21523
4723.97131427635  53.05576
4724.1378259156  38.28132
4724.30433755485  35.04041
4724.4708491941  50.26003
4724.63736083335  36.71192
4724.80387247261  -3.192534
4724.97038411186  26.72855
4725.13689575111  46.85258
4725.30340739036  59.89014
4725.46991902962  26.19102
4725.63643066887  6.968547
4725.80294230812  24.01162
4725.96945394737  40.68272
4726.13596558662  72.09368
4726.30247722588  35.73481
4726.46898886513  41.96729
4726.63550050438  81.71823
4726.80201214363  22.19013
4726.96852378289  27.48916
4727.13503542214  32.44997
4727.30154706139  46.2213
4727.46805870064  3.424896
4727.63457033989  18.67121
4727.80108197915  24.86933
4727.9675936184  26.8742
4728.13410525765  30.32188
4728.3006168969  17.30482
4728.46712853616  -8.837925
4728.63364017541  8.110571
4728.80015181466  14.84935
4728.96666345391  21.82883
4729.13317509316  6.618733
4729.29968673242  35.69012
4729.46619837167  4.450142
4729.63271001092  5.124277
4729.79922165017  -11.99291
4729.96573328943  22.51325
4730.13224492868  52.22001
4730.29875656793  15.75882
4730.46526820718  -4.641815
4730.63177984644  0.6527487
4730.79829148569  19.37619
4730.96480312494  44.30116
4731.13131476419  18.46199
4731.29782640344  31.43252
4731.4643380427  -10.56866
4731.63084968195  -26.94785
4731.7973613212  8.564293
4731.96387296045  9.703874
4732.13038459971  20.52937
4732.29689623896  18.74543
4732.46340787821  -5.076233
4732.62991951746  -2.066319
4732.79643115671  20.36627
4732.96294279597  -11.22733
4733.12945443522  -5.685689
4733.29596607447  33.49561
4733.46247771372  -25.9671
4733.62898935297  -22.85317
4733.79550099223  22.44912
4733.96201263148  16.75381
4734.12852427073  34.67528
4734.29503590998  12.56867
4734.46154754924  -7.802999
4734.62805918849  -18.64831
4734.79457082774  75.13657
4734.96108246699  31.05654
4735.12759410625  5.98863
4735.2941057455  56.85874
4735.46061738475  18.90167
4735.627129024  16.14492
4735.79364066325  19.25753
4735.96015230251  33.06832
4736.12666394176  -0.2138528
4736.29317558101  2.228003
4736.45968722026  7.819064
4736.62619885952  19.25808
4736.79271049877  -7.046057
4736.95922213802  -18.34629
4737.12573377727  19.7095
4737.29224541652  8.724792
4737.45875705578  24.73665
4737.62526869503  12.50777
4737.79178033428  -41.4382
4737.95829197353  9.08832
4738.12480361279  -21.75223
4738.29131525204  -12.35862
4738.45782689129  19.47612
4738.62433853054  -7.950068
4738.7908501698  -14.71209
4738.95736180905  -11.97271
4739.1238734483  3.923262
4739.29038508755  38.84437
