4568.685158776  6.343269
4568.85168797167  12.61416
4569.01821716735  -27.08889
4569.18474636302  -17.11774
4569.3512755587  4.442714
4569.51780475437  14.86424
4569.68433395004  35.15944
4569.85086314572  13.63835
4570.01739234139  -25.87729
4570.18392153706  3.932718
4570.35045073274  8.340626
4570.51697992841  -28.23016
4570.68350912409  19.2367
4570.85003831976  50.92323
4571.01656751543  -6.494174
4571.18309671111  -8.367901
4571.34962590678  15.98484
4571.51615510245  30.14439
4571.68268429813  21.55508
4571.8492134938  32.68008
4572.01574268948  10.81869
4572.18227188515  -12.90412
4572.34880108082  -21.81435
4572.5153302765  -25.23521
4572.68185947217  34.09184
4572.84838866784  64.14263
4573.01491786352  39.48177
4573.18144705919  7.157733
4573.34797625487  1.14667
4573.51450545054  20.81337
4573.68103464621  18.8668
4573.84756384189  18.11119
4574.01409303756  29.76758
4574.18062223323  1.502454
4574.34715142891  18.54296
4574.51368062458  -31.13298
4574.68020982026  0.8460773
4574.84673901593  10.09369
4575.0132682116  17.06303
4575.17979740728  21.54055
4575.34632660295  24.16269
4575.51285579862  27.89606
4575.6793849943  -10.60493
4575.84591418997  2.627334
4576.01244338565  -16.99858
4576.17897258132  5.085567
4576.34550177699  36.08469
4576.51203097267  0.9978303
4576.67856016834  -25.82423
4576.84508936402  22.20444
4577.01161855969  37.75265
4577.17814775536  -7.365068
4577.34467695104  12.86141
4577.51120614671  35.60392
4577.67773534238  21.01608
4577.84426453806  9.218455
4578.01079373373  19.54497
4578.1773229294  40.23615
4578.34385212508  35.55036
4578.51038132075  2.659731
4578.67691051643  -16.08813
4578.8434397121  4.088352
4579.00996890777  31.87406
4579.17649810345  34.11414
4579.34302729912  15.13482
4579.5095564948  -31.23388
4579.67608569047  -1.622677
4579.84261488614  -7.704587
4580.00914408182  9.752681
4580.17567327749  45.05627
4580.34220247316  62.46939
4580.50873166884  27.52975
4580.67526086451  4.27451
4580.84179006019  46.85854
4581.00831925586  27.67016
4581.17484845153  39.53448
4581.34137764721  -9.781337
4581.50790684288  49.3558
4581.67443603856  29.20361
4581.84096523423  15.73162
4582.0074944299  6.399454
4582.17402362558  -6.434754
4582.34055282125  8.067728
4582.50708201692  19.81932
4582.6736112126  23.84179
4582.84014040827  37.66605
4583.00666960395  29.89771
4583.17319879962  -6.803288
4583.33972799529  -23.5145
4583.50625719097  -19.98411
4583.67278638664  22.65888
4583.83931558231  -6.607005
4584.00584477799  -7.209318
4584.17237397366  60.42941
4584.33890316933  52.03115
4584.50543236501  18.05865
4584.67196156068  25.18709
4584.83849075636  1.322826
4585.00501995203  8.300575
4585.1715491477  32.07
4585.33807834338  35.46383
4585.50460753905  57.08226
4585.67113673472  -9.302876
4585.8376659304  -5.01148
4586.00419512607  13.47637
4586.17072432175  19.31246
4586.33725351742  66.12768
4586.50378271309  59.82766
4586.67031190877  18.8505
4586.83684110444  43.83405
4587.00337030011  57.30655
4587.16989949579  0.9313629
4587.33642869146  -25.04996
4587.50295788714  13.81244
4587.66948708281  20.311
4587.83601627848  16.01986
4588.00254547416  -9.061582
4588.16907466983  28.62897
4588.3356038655  2.080299
4588.50213306118  24.33443
4588.66866225685  38.28162
4588.83519145253  18.94563
4589.0017206482  11.54814
4589.16824984387  20.04511
4589.33477903955  15.42013
4589.50130823522  -0.04210253
4589.66783743089  50.42802
4589.83436662657  75.5034
4590.00089582224  -8.792727
4590.16742501792  0.3754365
4590.33395421359  11.15397
4590.50048340926  -10.65196
4590.66701260494  19.0212
4590.83354180061  -10.14452
4591.00007099629  18.95904
4591.16660019196  33.1759
4591.33312938763  21.8326
4591.49965858331  -27.51479
4591.66618777898  -31.54096
4591.83271697465  7.932309
4591.99924617033  18.82836
4592.165775366  36.60812
4592.33230456168  27.46871
4592.49883375735  37.37657
4592.66536295302  44.62069
4592.8318921487  23.76124
4592.99842134437  30.09945
4593.16495054004  9.13492
4593.33147973572  8.54395
4593.49800893139  33.07983
4593.66453812707  20.79566
4593.83106732274  49.42709
4593.99759651841  59.50324
4594.16412571409  17.08107
4594.33065490976  49.37048
4594.49718410543  52.19301
4594.66371330111  -12.67101
4594.83024249678  -1.427363
4594.99677169246  18.44813
4595.16330088813  18.14589
4595.3298300838  59.37664
4595.49635927948  53.83505
4595.66288847515  50.97412
4595.82941767083  46.73469
4595.9959468665  90.55071
4596.16247606217  43.12245
4596.32900525785  38.08001
4596.49553445352  -1.809842
4596.66206364919  -0.8183497
4596.82859284487  11.90826
4596.99512204054  -8.427838
4597.16165123622  29.91277
4597.32818043189  22.86886
4597.49470962756  -7.913606
4597.66123882324  10.61642
4597.82776801891  7.917399
4597.99429721458  -22.89784
4598.16082641026  -2.580115
4598.32735560593  52.91532
4598.49388480161  56.55226
4598.66041399728  24.73555
4598.82694319295  -7.348485
4598.99347238863  -5.991992
4599.1600015843  6.360945
4599.32653077997  79.79078
4599.49305997565  27.68206
4599.65958917132  52.1911
4599.826118367  43.92705
4599.99264756267  37.44068
4600.15917675834  16.55451
4600.32570595402  40.09447
4600.49223514969  -3.352045
4600.65876434536  -2.935352
4600.82529354104  57.62278
4600.99182273671  57.0993
4601.15835193239  22.94974
4601.32488112806  15.17848
4601.49141032373  2.245004
4601.65793951941  -18.04113
4601.82446871508  14.50096
4601.99099791075  49.44592
4602.15752710643  8.798177
4602.3240563021  -30.94698
4602.49058549777  4.972225
4602.65711469345  70.61284
4602.82364388912  48.44986
4602.9901730848  64.55281
4603.15670228047  34.42711
4603.32323147614  10.01322
4603.48976067182  -33.27832
4603.65628986749  3.795318
4603.82281906316  16.81046
4603.98934825884  28.57438
4604.15587745451  13.79652
4604.32240665019  13.62791
4604.48893584586  4.137866
4604.65546504153  -27.20632
4604.82199423721  9.745499
4604.98852343288  51.83917
4605.15505262856  27.84378
4605.32158182423  25.48528
4605.4881110199  34.79625
4605.65464021558  32.38783
4605.82116941125  43.01152
4605.98769860692  22.54405
4606.1542278026  26.5028
4606.32075699827  42.16014
4606.48728619395  43.85508
4606.65381538962  54.10283
4606.82034458529  66.47408
4606.98687378097  65.29543
4607.15340297664  35.65584
4607.31993217231  -9.570732
4607.48646136799  -17.19148
4607.65299056366  36.65424
4607.81951975934  100.7782
4607.98604895501  76.15201
4608.15257815068  14.02104
4608.31910734636  37.11663
4608.48563654203  62.05098
4608.6521657377  57.5005
4608.81869493338  88.70612
4608.98522412905  62.14643
4609.15175332473  55.07722
4609.3182825204  50.68504
4609.48481171607  0.5685634
4609.65134091175  33.85345
4609.81787010742  81.16914
4609.9843993031  36.76873
4610.15092849877  9.600465
4610.31745769444  47.40939
4610.48398689012  47.96287
4610.65051608579  21.76813
4610.81704528146  46.23084
4610.98357447714  8.126632
4611.15010367281  10.11114
4611.31663286849  14.04198
4611.48316206416  42.86545
4611.64969125983  98.44253
4611.81622045551  104.9359
4611.98274965118  50.87191
4612.14927884685  18.00966
4612.31580804253  21.84848
4612.4823372382  27.87381
4612.64886643388  24.45755
4612.81539562955  -6.751283
4612.98192482522  6.457101
4613.1484540209  38.10321
4613.31498321657  12.29331
4613.48151241224  64.75234
4613.64804160792  46.97696
4613.81457080359  41.10018
4613.98109999927  57.2108
4614.14762919494  40.35653
4614.31415839061  2.616803
4614.48068758629  14.9652
4614.64721678196  65.67699
4614.81374597763  65.60899
4614.98027517331  34.83199
4615.14680436898  29.74325
4615.31333356466  43.03336
4615.47986276033  24.63722
4615.646391956  23.24768
4615.81292115168  9.539393
4615.97945034735  37.21694
4616.14597954302  -6.546659
4616.3125087387  30.50391
4616.47903793437  37.75158
4616.64556713005  35.74223
4616.81209632572  10.71592
4616.97862552139  53.84356
4617.14515471707  -34.52153
4617.31168391274  13.7472
4617.47821310841  74.86557
4617.64474230409  -1.082744
4617.81127149976  11.31847
4617.97780069544  4.601848
4618.14432989111  46.53296
4618.31085908678  41.35069
4618.47738828246  53.09252
4618.64391747813  9.830269
4618.8104466738  30.55114
4618.97697586948  33.24564
4619.14350506515  14.22484
4619.31003426083  19.42701
4619.4765634565  61.02567
4619.64309265217  81.66746
4619.80962184785  55.44905
4619.97615104352  -35.98714
4620.1426802392  -16.1587
4620.30920943487  73.17729
4620.47573863054  67.29675
4620.64226782622  79.44112
4620.80879702189  64.14418
4620.97532621756  22.58916
4621.14185541324  38.03653
4621.30838460891  78.17259
4621.47491380459  81.75716
4621.64144300026  33.76695
4621.80797219593  14.09063
4621.97450139161  17.34059
4622.14103058728  2.201071
4622.30755978295  36.21225
4622.47408897863  69.83158
4622.6406181743  20.38964
4622.80714736998  47.37037
4622.97367656565  71.90861
4623.14020576132  53.29151
4623.306734957  32.20472
4623.47326415267  21.58624
4623.63979334834  6.10731
4623.80632254402  21.12961
4623.97285173969  51.79936
4624.13938093537  24.11624
4624.30591013104  -10.54248
4624.47243932671  19.45214
4624.63896852239  21.77539
4624.80549771806  46.18925
4624.97202691373  33.74068
4625.13855610941  24.92039
4625.30508530508  42.93357
4625.47161450076  14.41169
4625.63814369643  14.54466
4625.8046728921  88.88702
4625.97120208778  46.95242
4626.13773128345  35.18652
4626.30426047912  78.30573
4626.4707896748  57.62279
4626.63731887047  56.25015
4626.80384806615  67.15127
4626.97037726182  36.26664
4627.13690645749  14.52092
4627.30343565317  35.05085
4627.46996484884  44.62165
4627.63649404451  32.27067
4627.80302324019  35.04676
4627.96955243586  62.1147
4628.13608163154  49.80117
4628.30261082721  34.07935
4628.46914002288  67.35717
4628.63566921856  25.02554
4628.80219841423  18.8892
4628.96872760991  57.39293
4629.13525680558  57.03396
4629.30178600125  68.15945
4629.46831519693  36.65012
4629.6348443926  6.591509
4629.80137358827  77.50009
4629.96790278395  38.46068
4630.13443197962  15.28343
4630.3009611753  67.33118
4630.46749037097  53.6635
4630.63401956664  55.26632
4630.80054876232  67.05517
4630.96707795799  23.98159
4631.13360715366  70.25706
4631.30013634934  35.94123
4631.46666554501  96.79168
4631.63319474068  96.47665
4631.79972393636  54.22413
4631.96625313203  67.05081
4632.13278232771  33.19607
4632.29931152338  6.882468
4632.46584071905  72.57063
4632.63236991473  114.0342
4632.7988991104  50.29969
4632.96542830608  -1.74501
4633.13195750175  71.18327
4633.29848669742  76.59196
4633.4650158931  53.5097
4633.63154508877  31.04793
4633.79807428444  45.97049
4633.96460348012  45.53435
4634.13113267579  35.8662
4634.29766187147  52.0478
4634.46419106714  24.62164
4634.63072026281  11.37265
4634.79724945849  48.77349
4634.96377865416  50.64347
4635.13030784983  20.75414
4635.29683704551  61.96647
4635.46336624118  96.09153
4635.62989543686  83.46973
4635.79642463253  94.80704
4635.9629538282  66.20267
4636.12948302388  51.12146
4636.29601221955  50.2592
4636.46254141522  29.24728
4636.6290706109  33.92767
4636.79559980657  65.3263
4636.96212900225  59.00154
4637.12865819792  26.19167
4637.29518739359  13.11311
4637.46171658927  3.758668
4637.62824578494  51.64255
4637.79477498061  47.667
4637.96130417629  48.07383
4638.12783337196  43.04448
4638.29436256764  51.15748
4638.46089176331  82.24169
4638.62742095898  61.80937
4638.79395015466  47.92392
4638.96047935033  89.81369
4639.12700854601  87.68359
4639.29353774168  7.499735
4639.46006693735  18.91068
4639.62659613303  -13.49901
4639.7931253287  19.00107
4639.95965452437  61.78611
4640.12618372005  65.65279
4640.29271291572  73.85006
4640.45924211139  -4.082766
4640.62577130707  81.32086
4640.79230050274  117.9441
4640.95882969842  65.81129
4641.12535889409  33.89639
4641.29188808976  47.85022
4641.45841728544  36.739
4641.62494648111  39.80827
4641.79147567678  40.96127
4641.95800487246  88.57065
4642.12453406813  42.30277
4642.29106326381  43.18871
4642.45759245948  42.68948
4642.62412165516  25.88286
4642.79065085083  10.10276
4642.9571800465  56.93976
4643.12370924218  78.45116
4643.29023843785  59.97928
4643.45676763352  59.93349
4643.6232968292  43.38892
4643.78982602487  38.83159
4643.95635522054  61.41208
4644.12288441622  56.52549
4644.28941361189  66.25014
4644.45594280757  74.55779
4644.62247200324  43.41375
4644.78900119891  27.44468
4644.95553039459  38.51582
4645.12205959026  57.97569
4645.28858878594  67.93619
4645.45511798161  86.95104
4645.62164717728  68.61474
4645.78817637296  7.365341
4645.95470556863  34.13918
4646.1212347643  54.88369
4646.28776395998  40.30593
4646.45429315565  49.94062
4646.62082235133  63.73288
4646.787351547  63.61882
4646.95388074267  85.29733
4647.12040993835  53.17969
4647.28693913402  37.30098
4647.45346832969  120.8312
4647.61999752537  76.82426
4647.78652672104  26.0045
4647.95305591671  5.932963
4648.11958511239  5.657244
4648.28611430806  11.69363
4648.45264350374  13.01754
4648.61917269941  64.90059
4648.78570189508  75.06718
4648.95223109076  52.62838
4649.11876028643  56.55923
4649.28528948211  43.39963
4649.45181867778  48.44355
4649.61834787345  69.28323
4649.78487706913  54.80279
4649.9514062648  52.07479
4650.11793546047  49.59082
4650.28446465615  34.28646
4650.45099385182  27.98544
4650.61752304749  27.8269
4650.78405224317  39.25645
4650.95058143884  41.97985
4651.11711063452  22.62871
4651.28363983019  31.81995
4651.45016902586  37.99154
4651.61669822154  64.51481
4651.78322741721  59.43505
4651.94975661288  40.0705
4652.11628580856  35.26978
4652.28281500423  56.72783
4652.44934419991  89.62663
4652.61587339558  68.37344
4652.78240259125  27.22783
4652.94893178693  75.76536
4653.1154609826  46.18528
4653.28199017828  59.08807
4653.44851937395  111.4081
4653.61504856962  58.84106
4653.7815777653  65.87112
4653.94810696097  0.4094527
4654.11463615664  31.52517
4654.28116535232  20.64297
4654.44769454799  9.885755
4654.61422374367  59.25523
4654.78075293934  53.90361
4654.94728213501  40.27859
4655.11381133069  38.96187
4655.28034052636  57.95841
4655.44686972203  36.57241
4655.61339891771  83.72501
4655.77992811338  77.79192
4655.94645730905  61.54482
4656.11298650473  24.80611
4656.2795157004  25.0626
4656.44604489608  82.35358
4656.61257409175  52.58707
4656.77910328743  78.36942
4656.9456324831  66.38113
4657.11216167877  10.37704
4657.27869087445  88.09846
4657.44522007012  71.25433
4657.61174926579  76.25836
4657.77827846147  47.31516
4657.94480765714  27.85068
4658.11133685281  52.26315
4658.27786604849  51.19236
4658.44439524416  86.57753
4658.61092443984  78.77769
4658.77745363551  23.14565
4658.94398283118  18.68838
4659.11051202686  48.26128
4659.27704122253  26.85933
4659.44357041821  -5.160913
4659.61009961388  42.3081
4659.77662880955  26.99414
4659.94315800523  36.28074
4660.1096872009  57.8542
4660.27621639657  14.44305
4660.44274559225  63.69946
4660.60927478792  98.22552
4660.7758039836  82.85786
4660.94233317927  28.69986
4661.10886237494  34.13487
4661.27539157062  47.53593
4661.44192076629  23.75204
4661.60844996196  52.79843
4661.77497915764  29.55362
4661.94150835331  3.29476
4662.10803754899  34.98808
4662.27456674466  31.95955
4662.44109594033  59.28067
4662.60762513601  95.87831
4662.77415433168  46.37216
4662.94068352735  37.16731
4663.10721272303  47.08403
4663.2737419187  42.60142
4663.44027111438  52.63432
4663.60680031005  24.57437
4663.77332950572  73.633
4663.9398587014  61.46925
4664.10638789707  87.56384
4664.27291709274  53.61167
4664.43944628842  46.44614
4664.60597548409  25.57839
4664.77250467977  86.26899
4664.93903387544  25.38372
4665.10556307111  27.7112
4665.27209226679  -1.43616
4665.43862146246  18.12811
4665.60515065813  24.57726
4665.77167985381  56.94033
4665.93820904948  60.75394
4666.10473824516  43.00078
4666.27126744083  59.06807
4666.4377966365  15.66055
4666.60432583218  37.12937
4666.77085502785  35.98335
4666.93738422353  36.7244
4667.1039134192  73.55989
4667.27044261487  42.56219
4667.43697181055  12.17188
4667.60350100622  67.77475
4667.77003020189  40.36609
4667.93655939757  35.43111
4668.10308859324  46.85194
4668.26961778891  69.94238
4668.43614698459  113.4192
4668.60267618026  78.41162
4668.76920537594  48.8937
4668.93573457161  61.28492
4669.10226376728  38.20419
4669.26879296296  40.02375
4669.43532215863  21.40427
4669.60185135431  13.86161
4669.76838054998  6.527918
4669.93490974565  35.14708
4670.10143894133  58.62663
4670.267968137  66.02985
4670.43449733267  30.35201
4670.60102652835  55.36654
4670.76755572402  80.58498
4670.9340849197  92.55367
4671.10061411537  94.87053
4671.26714331104  50.10984
4671.43367250672  102.8286
4671.60020170239  79.40933
4671.76673089806  20.94489
4671.93326009374  20.03224
4672.09978928941  55.36763
4672.26631848508  64.25377
4672.43284768076  68.37656
4672.59937687643  21.75657
4672.76590607211  71.55437
4672.93243526778  66.41212
4673.09896446345  30.63765
4673.26549365913  93.92442
4673.4320228548  76.5384
4673.59855205048  86.88903
4673.76508124615  29.79186
4673.93161044182  20.06427
4674.0981396375  21.79408
4674.26466883317  76.45704
4674.43119802884  47.78888
4674.59772722452  64.34558
4674.76425642019  86.11672
4674.93078561587  86.24001
4675.09731481154  73.78239
4675.26384400721  45.62411
4675.43037320289  17.6828
4675.59690239856  68.75033
4675.76343159423  133.0863
4675.92996078991  149.5114
4676.09648998558  105.2781
4676.26301918126  113.9238
4676.42954837693  70.3475
4676.5960775726  71.23215
4676.76260676828  36.07399
4676.92913596395  27.39068
4677.09566515962  50.30127
4677.2621943553  142.8326
4677.42872355097  95.05502
4677.59525274665  100.3466
4677.76178194232  86.35507
4677.92831113799  54.1657
4678.09484033367  83.41557
4678.26136952934  80.11456
4678.42789872501  75.52908
4678.59442792069  116.7779
4678.76095711636  78.95136
4678.92748631204  44.17194
4679.09401550771  78.37663
4679.26054470338  87.3222
4679.42707389906  42.3692
4679.59360309473  70.5175
4679.7601322904  73.68834
4679.92666148608  33.30484
4680.09319068175  74.74658
4680.25971987743  72.54217
4680.4262490731  65.4232
4680.59277826877  107.6087
4680.75930746445  96.42364
4680.92583666012  89.25445
4681.0923658558  104.2574
4681.25889505147  104.4859
4681.42542424714  107.3051
4681.59195344282  61.33196
4681.75848263849  63.98034
4681.92501183416  124.4894
4682.09154102984  126.3354
4682.25807022551  78.09159
4682.42459942118  99.46761
4682.59112861686  100.4614
4682.75765781253  135.595
4682.92418700821  103.5772
4683.09071620388  28.38444
4683.25724539955  52.84228
4683.42377459523  51.24484
4683.5903037909  43.33163
4683.75683298658  61.63905
4683.92336218225  46.39894
4684.08989137792  115.6788
4684.2564205736  117.1936
4684.42294976927  95.99151
4684.58947896494  90.6702
4684.75600816062  65.04791
4684.92253735629  73.22575
4685.08906655197  65.05392
4685.25559574764  43.99286
4685.42212494331  81.78948
4685.58865413899  79.03036
4685.75518333466  59.20753
4685.92171253033  44.5757
4686.08824172601  104.6737
4686.25477092168  70.04019
4686.42130011735  25.87859
4686.58782931303  79.8997
4686.7543585087  75.05805
4686.92088770438  82.44391
4687.08741690005  89.2626
4687.25394609572  119.9289
4687.4204752914  74.34936
4687.58700448707  33.96992
4687.75353368275  46.04874
4687.92006287842  64.97604
4688.08659207409  69.13448
4688.25312126977  90.16221
4688.41965046544  70.52985
4688.58617966111  48.23324
4688.75270885679  51.13033
4688.91923805246  28.90127
4689.08576724814  71.04893
4689.25229644381  58.34808
4689.41882563948  62.43055
4689.58535483516  21.33777
4689.75188403083  7.594044
4689.9184132265  11.26146
4690.08494242218  31.4552
4690.25147161785  81.91005
4690.41800081353  41.94725
4690.5845300092  29.26905
4690.75105920487  68.61246
4690.91758840055  37.46351
4691.08411759622  64.61656
4691.25064679189  74.40617
4691.41717598757  72.98165
4691.58370518324  67.92626
4691.75023437892  66.40247
4691.91676357459  62.50672
4692.08329277026  18.01655
4692.24982196594  42.05823
4692.41635116161  45.99712
4692.58288035728  54.47271
4692.74940955296  39.90015
4692.91593874863  58.51184
4693.08246794431  43.62349
4693.24899713998  73.30956
4693.41552633565  83.9612
4693.58205553133  61.93933
4693.748584727  45.0335
4693.91511392268  91.94579
4694.08164311835  61.53423
4694.24817231402  93.31329
4694.4147015097  110.7897
4694.58123070537  70.22266
4694.74775990104  69.53409
4694.91428909672  26.52638
4695.08081829239  43.04084
4695.24734748807  66.09343
4695.41387668374  56.94447
4695.58040587941  2.575352
4695.74693507509  28.92773
4695.91346427076  79.25079
4696.07999346643  26.92862
4696.24652266211  42.62947
4696.41305185778  103.721
4696.57958105345  52.38939
4696.74611024913  -0.007367121
4696.9126394448  49.82565
4697.07916864048  34.23713
4697.24569783615  29.22795
4697.41222703182  -13.08213
4697.5787562275  -5.342082
4697.74528542317  19.748
4697.91181461885  26.42465
4698.07834381452  26.01544
4698.24487301019  57.15577
4698.41140220587  37.18432
4698.57793140154  63.82574
4698.74446059721  12.51593
4698.91098979289  32.29663
4699.07751898856  47.75146
4699.24404818424  57.43253
4699.41057737991  51.86273
4699.57710657558  -0.6108356
4699.74363577126  28.43679
4699.91016496693  39.81119
4700.0766941626  34.2136
4700.24322335828  14.96496
4700.40975255395  52.02505
4700.57628174963  10.76626
4700.7428109453  41.47789
4700.90934014097  15.93667
4701.07586933665  47.86571
4701.24239853232  27.57431
4701.40892772799  -19.35775
4701.57545692367  21.15134
4701.74198611934  72.32718
4701.90851531502  33.33797
4702.07504451069  47.9437
4702.24157370636  47.39526
4702.40810290204  -10.65357
4702.57463209771  2.84188
4702.74116129338  23.69024
4702.90769048906  3.047686
4703.07421968473  3.468602
4703.24074888041  26.18072
4703.40727807608  6.640873
4703.57380727175  60.25232
4703.74033646743  14.54994
4703.9068656631  5.730915
4704.07339485878  89.38451
4704.23992405445  4.254767
4704.40645325012  0.2579495
4704.5729824458  45.4853
4704.73951164147  -2.303813
4704.90604083714  3.616659
4705.07257003282  17.06588
4705.23909922849  16.34087
4705.40562842417  -18.06835
4705.57215761984  -11.65032
4705.73868681551  46.13095
4705.90521601119  124.6374
4706.07174520686  34.02176
4706.23827440253  -1.882568
4706.40480359821  75.64596
4706.57133279388  32.51466
4706.73786198956  37.82745
4706.90439118523  41.1959
4707.0709203809  19.46766
4707.23744957658  18.03784
4707.40397877225  -6.29372
4707.57050796792  17.76367
4707.7370371636  18.34073
4707.90356635927  13.94369
4708.07009555495  -6.972903
4708.23662475062  23.38439
4708.40315394629  11.66521
4708.56968314197  1.469848
4708.73621233764  -17.00069
4708.90274153332  0.1318197
4709.06927072899  27.17938
4709.23579992466  41.499
4709.40232912034  34.28243
4709.56885831601  3.701706
4709.73538751168  62.85804
4709.90191670736  49.30291
4710.06844590303  -16.11912
4710.2349750987  -5.560267
4710.40150429438  42.12578
4710.56803349005  36.08326
4710.73456268573  -4.279987
4710.9010918814  -7.814402
4711.06762107707  12.9307
4711.23415027275  14.11878
4711.40067946842  14.62166
4711.56720866409  -27.35631
4711.73373785977  -18.70304
4711.90026705544  3.540854
4712.06679625112  -17.92946
4712.23332544679  35.18095
4712.39985464246  26.17381
4712.56638383814  -12.67153
4712.73291303381  19.48253
4712.89944222949  53.37864
4713.06597142516  37.67563
4713.23250062083  44.3482
4713.39902981651  4.623732
4713.56555901218  -36.21648
4713.73208820785  39.49058
4713.89861740353  53.89162
4714.0651465992  24.54902
4714.23167579488  18.0025
4714.39820499055  -17.57947
4714.56473418622  2.865923
4714.7312633819  22.81662
4714.89779257757  -23.13348
4715.06432177324  18.83662
4715.23085096892  -7.72431
4715.39738016459  -36.7109
4715.56390936026  18.34353
4715.73043855594  58.17735
4715.89696775161  69.65551
4716.06349694729  6.393551
4716.23002614296  -20.66119
4716.39655533863  22.60173
4716.56308453431  44.84703
4716.72961372998  -6.058201
4716.89614292566  10.47568
4717.06267212133  22.98649
4717.229201317  -15.06535
4717.39573051268  -28.09337
4717.56225970835  -18.17854
4717.72878890402  -23.15105
4717.8953180997  2.940718
4718.06184729537  20.36518
4718.22837649105  40.22132
4718.39490568672  8.875574
4718.56143488239  11.84521
4718.72796407807  18.88444
4718.89449327374  24.7704
4719.06102246941  19.96524
4719.22755166509  14.54757
4719.39408086076  43.94815
4719.56061005644  6.570843
4719.72713925211  -1.650468
4719.89366844778  3.43339
4720.06019764346  -0.816938
4720.22672683913  -30.05982
4720.39325603481  0.8332855
4720.55978523048  29.69305
4720.72631442615  -9.824068
4720.89284362183  14.5399
4721.0593728175  -2.002225
4721.22590201317  -8.823892
4721.39243120885  20.19551
4721.55896040452  40.2603
4721.7254896002  42.53053
4721.89201879587  49.15904
4722.05854799154  37.90496
4722.22507718722  33.40642
4722.39160638289  -17.3246
4722.55813557856  17.47294
4722.72466477424  31.23249
4722.89119396991  34.82314
4723.05772316559  7.582446
4723.22425236126  15.83783
4723.39078155693  60.18285
4723.55731075261  52.69687
4723.72383994828  14.54073
4723.89036914395  -8.485179
4724.05689833963  -28.8983
4724.2234275353  -5.973316
4724.38995673098  8.286572
4724.55648592665  -16.20577
4724.72301512232  14.83247
4724.889544318  26.93524
4725.05607351367  0.0203265
4725.22260270934  -8.524382
4725.38913190502  24.46559
4725.55566110069  14.91431
4725.72219029637  6.340215
4725.88871949204  -2.194332
4726.05524868771  -8.594101
4726.22177788339  12.86517
4726.38830707906  49.55792
4726.55483627473  44.65511
4726.72136547041  3.827093
4726.88789466608  7.071918
4727.05442386176  45.29513
4727.22095305743  5.207879
4727.3874822531  26.60067
4727.55401144878  -13.30449
4727.72054064445  25.83795
4727.88706984012  37.54383
4728.0535990358  -14.92014
4728.22012823147  38.61415
4728.38665742715  54.00062
4728.55318662282  10.61788
4728.71971581849  -1.091513
4728.88624501417  32.91187
4729.05277420984  11.02459
4729.21930340551  -27.77313
4729.38583260119  -12.44368
4729.55236179686  17.76472
4729.71889099254  11.01833
4729.88542018821  2.252406
4730.05194938388  24.13774
4730.21847857956  19.49328
4730.38500777523  40.82429
4730.55153697091  -1.197364
4730.71806616658  38.63565
4730.88459536225  10.50941
4731.05112455793  40.202
4731.2176537536  46.19339
4731.38418294927  7.534593
4731.55071214495  -19.7516
4731.71724134062  -8.916101
4731.88377053629  -27.4371
4732.05029973197  -34.84695
4732.21682892764  -32.39771
4732.38335812332  2.628465
4732.54988731899  25.34875
4732.71641651466  -31.55619
4732.88294571034  -18.43387
4733.04947490601  40.58659
4733.21600410168  -13.99226
4733.38253329736  -25.85033
4733.54906249303  -23.6097
4733.71559168871  -10.11893
4733.88212088438  -3.747865
4734.04865008005  -3.176632
4734.21517927573  8.416879
4734.3817084714  19.10425
4734.54823766708  52.85186
4734.71476686275  8.014009
4734.88129605842  34.87381
4735.0478252541  -10.0689
4735.21435444977  -6.075727
4735.38088364544  29.66065
4735.54741284112  4.337564
4735.71394203679  20.8024
4735.88047123247  9.421237
4736.04700042814  -5.184906
4736.21352962381  -16.50969
4736.38005881949  25.53522
4736.54658801516  55.72415
4736.71311721083  40.57114
4736.87964640651  14.82503
4737.04617560218  -6.107932
4737.21270479786  -12.83335
4737.37923399353  -55.43645
4737.5457631892  -6.662922
4737.71229238488  33.11334
4737.87882158055  -12.13955
4738.04535077622  -28.31894
4738.2118799719  -35.28206
4738.37840916757  -51.54436
4738.54493836325  7.226828
4738.71146755892  -14.68736
4738.87799675459  -7.903406
4739.04452595027  18.88983
