4569.2192391992  5.071467
4569.3856330792  -22.25595
4569.5520269592  -18.60185
4569.7184208392  7.339408
4569.8848147192  2.944763
4570.0512085992  10.64822
4570.2176024792  9.399739
4570.3839963592  -14.80223
4570.5503902392  -8.297907
4570.71678411921  16.16603
4570.8831779992  15.84245
4571.04957187921  3.315395
4571.21596575921  -8.348568
4571.38235963921  10.25845
4571.54875351921  5.607923
4571.71514739921  -9.319201
4571.88154127921  12.21301
4572.04793515921  -1.090801
4572.21432903921  -15.45247
4572.38072291921  5.010938
4572.54711679921  11.62014
4572.71351067921  9.705718
4572.87990455921  -2.272073
4573.04629843921  -15.26896
4573.21269231921  2.306835
4573.37908619921  -4.678704
4573.54548007921  -11.03989
4573.71187395921  13.57953
4573.87826783921  36.26869
4574.04466171922  19.0381
4574.21105559921  -8.024501
4574.37744947921  -10.03658
4574.54384335922  5.280513
4574.71023723922  3.857131
4574.87663111922  -0.9474732
4575.04302499922  8.246158
4575.20941887922  15.29245
4575.37581275922  5.936198
4575.54220663922  -0.3846245
4575.70860051922  6.88501
4575.87499439922  -1.747139
4576.04138827922  7.755173
4576.20778215922  11.98979
4576.37417603922  3.070163
4576.54056991922  6.293436
4576.70696379922  21.56322
4576.87335767922  35.16469
4577.03975155922  29.71351
4577.20614543922  1.163535
4577.37253931922  -8.865771
4577.53893319922  5.492411
4577.70532707923  4.179879
4577.87172095923  1.662712
4578.03811483923  14.95118
4578.20450871923  13.93466
4578.37090259923  19.37972
4578.53729647923  22.36674
4578.70369035923  6.045695
4578.87008423923  -1.927605
4579.03647811923  4.354039
4579.20287199923  1.777112
4579.36926587923  0.2221863
4579.53565975923  -2.121822
4579.70205363923  4.195225
4579.86844751923  9.289742
4580.03484139923  -0.4481774
4580.20123527923  2.009731
4580.36762915923  12.57093
4580.53402303923  14.75418
4580.70041691923  30.49116
4580.86681079923  27.91709
4581.03320467924  12.44929
4581.19959855924  24.34454
4581.36599243924  16.2946
4581.53238631924  15.25417
4581.69878019924  13.5516
4581.86517407924  -9.203475
4582.03156795924  5.320265
4582.19796183924  16.32485
4582.36435571924  -11.40029
4582.53074959924  -6.0457
4582.69714347924  16.30897
4582.86353735924  6.23257
4583.02993123924  -0.07030679
4583.19632511924  -6.792702
4583.36271899924  -3.90042
4583.52911287924  9.379573
4583.69550675924  6.203332
4583.86190063924  8.405868
4584.02829451924  -2.526215
4584.19468839924  11.34067
4584.36108227925  4.516557
4584.52747615924  10.76359
4584.69387003925  19.4282
4584.86026391925  4.882602
4585.02665779925  8.090943
4585.19305167925  9.885573
4585.35944555925  3.459651
4585.52583943925  4.438363
4585.69223331925  4.215
4585.85862719925  19.40689
4586.02502107925  26.94845
4586.19141495925  26.04729
4586.35780883925  10.31131
4586.52420271925  20.71247
4586.69059659925  21.09192
4586.85699047925  23.06237
4587.02338435925  7.264287
4587.18977823925  6.820108
4587.35617211925  4.602113
4587.52256599925  0.5990846
4587.68895987925  22.94675
4587.85535375925  24.25368
4588.02174763926  33.46572
4588.18814151926  14.72131
4588.35453539926  23.85626
4588.52092927926  10.74072
4588.68732315926  15.92915
4588.85371703926  20.2658
4589.02011091926  5.006356
4589.18650479926  11.50771
4589.35289867926  18.61715
4589.51929255926  9.361623
4589.68568643926  1.510213
4589.85208031926  5.796715
4590.01847419926  5.460192
4590.18486807926  6.847244
4590.35126195926  17.40607
4590.51765583926  5.252429
4590.68404971926  -5.492317
4590.85044359926  10.22332
4591.01683747926  20.21855
4591.18323135926  34.59911
4591.34962523926  15.40707
4591.51601911927  18.43264
4591.68241299927  13.60098
4591.84880687927  16.28091
4592.01520075927  12.09681
4592.18159463927  30.60374
4592.34798851927  21.04146
4592.51438239927  -0.1522695
4592.68077627927  -2.691591
4592.84717015927  -7.275877
4593.01356403927  10.99691
4593.17995791927  27.18509
4593.34635179927  16.32282
4593.51274567927  16.02507
4593.67913955927  18.3476
4593.84553343927  31.49017
4594.01192731927  15.44178
4594.17832119927  -1.374413
4594.34471507928  17.08673
4594.51110895927  13.27891
4594.67750283928  27.37981
4594.84389671928  14.11588
4595.01029059928  14.45071
4595.17668447928  17.50322
4595.34307835928  5.476574
4595.50947223928  9.008869
4595.67586611928  5.939064
4595.84225999928  -3.460637
4596.00865387928  4.019885
4596.17504775928  6.639015
4596.34144163928  8.866041
4596.50783551928  28.08785
4596.67422939928  15.90678
4596.84062327928  12.82271
4597.00701715928  -6.419879
4597.17341103928  21.16059
4597.33980491928  22.51729
4597.50619879928  12.14363
4597.67259267928  8.074006
4597.83898655928  5.723653
4598.00538043928  2.760386
4598.17177431929  12.09852
4598.33816819929  10.17736
4598.50456207929  7.113784
4598.67095595929  16.94029
4598.83734983929  2.934443
4599.00374371929  -0.1214609
4599.17013759929  6.26405
4599.33653147929  7.463702
4599.50292535929  17.08739
4599.66931923929  2.913318
4599.83571311929  3.486928
4600.00210699929  15.28871
4600.16850087929  17.23852
4600.33489475929  22.42784
4600.50128863929  31.73102
4600.66768251929  27.67566
4600.83407639929  10.69383
4601.00047027929  13.26671
4601.16686415929  15.23543
4601.3332580393  -0.6279861
4601.4996519193  3.656429
4601.6660457993  10.54291
4601.8324396793  8.383943
4601.9988335593  24.67776
4602.1652274393  22.14244
4602.3316213193  32.04168
4602.4980151993  27.37181
4602.6644090793  14.21044
4602.8308029593  17.79552
4602.9971968393  18.65194
4603.1635907193  11.65498
4603.3299845993  12.73221
4603.4963784793  -4.930459
4603.6627723593  6.896441
4603.8291662393  15.35356
4603.9955601193  20.49114
4604.1619539993  6.901213
4604.3283478793  10.55179
4604.4947417593  30.75592
4604.66113563931  27.71268
4604.82752951931  14.90663
4604.9939233993  14.03454
4605.16031727931  43.19412
4605.32671115931  41.30796
4605.49310503931  38.369
4605.65949891931  37.30733
4605.82589279931  46.91384
4605.99228667931  30.52017
4606.15868055931  21.72565
4606.32507443931  22.48864
4606.49146831931  6.528431
4606.65786219931  19.72865
4606.82425607931  10.7919
4606.99064995931  26.11417
4607.15704383931  24.47952
4607.32343771931  25.38918
4607.48983159931  29.51427
4607.65622547931  16.22781
4607.82261935931  12.58017
4607.98901323931  24.16126
4608.15540711931  41.58503
4608.32180099931  37.40485
4608.48819487932  16.62626
4608.65458875932  26.29054
4608.82098263932  38.67336
4608.98737651932  13.54005
4609.15377039932  2.147635
4609.32016427932  4.784449
4609.48655815932  19.59398
4609.65295203932  11.08951
4609.81934591932  -8.646557
4609.98573979932  11.91379
4610.15213367932  4.875907
4610.31852755932  22.59387
4610.48492143932  36.28855
4610.65131531932  19.82526
4610.81770919932  10.4175
4610.98410307932  18.19602
4611.15049695932  21.41745
4611.31689083932  21.3039
4611.48328471933  14.55373
4611.64967859932  6.606365
4611.81607247933  11.75614
4611.98246635933  17.6904
4612.14886023933  29.62642
4612.31525411933  10.20986
4612.48164799933  3.42601
4612.64804187933  19.12941
4612.81443575933  4.513228
4612.98082963933  14.36022
4613.14722351933  14.89809
4613.31361739933  26.35168
4613.48001127933  22.0268
4613.64640515933  33.8736
4613.81279903933  21.55328
4613.97919291933  -1.481468
4614.14558679933  -3.798679
4614.31198067933  2.000662
4614.47837455933  10.2533
4614.64476843933  19.02812
4614.81116231933  24.63614
4614.97755619933  2.596595
4615.14395007934  4.563104
4615.31034395934  14.9441
4615.47673783934  -7.57442
4615.64313171934  12.32078
4615.80952559934  23.74343
4615.97591947934  25.0282
4616.14231335934  15.78891
4616.30870723934  18.67966
4616.47510111934  20.82301
4616.64149499934  37.84028
4616.80788887934  24.05327
4616.97428275934  18.69627
4617.14067663934  -13.51194
4617.30707051934  1.797346
4617.47346439934  30.92006
4617.63985827934  27.62287
4617.80625215934  23.8263
4617.97264603934  20.82173
4618.13903991934  25.98351
4618.30543379934  19.12906
4618.47182767935  22.28531
4618.63822155935  28.29794
4618.80461543935  24.63612
4618.97100931935  31.61665
4619.13740319935  21.60961
4619.30379707935  -0.831556
4619.47019095935  7.340114
4619.63658483935  8.980985
4619.80297871935  -8.104858
4619.96937259935  11.16716
4620.13576647935  39.72567
4620.30216035935  37.09501
4620.46855423935  26.32224
4620.63494811935  4.833767
4620.80134199935  23.46924
4620.96773587935  28.23763
4621.13412975935  33.9711
4621.30052363935  39.55661
4621.46691751935  27.71387
4621.63331139935  18.07427
4621.79970527936  16.3728
4621.96609915936  5.845573
4622.13249303936  23.85525
4622.29888691936  24.79746
4622.46528079936  28.49908
4622.63167467936  29.0268
4622.79806855936  15.74263
4622.96446243936  19.99449
4623.13085631936  21.92944
4623.29725019936  13.62447
4623.46364407936  29.83623
4623.63003795936  35.21364
4623.79643183936  25.08402
4623.96282571936  28.5206
4624.12921959936  20.72935
4624.29561347936  11.57642
4624.46200735936  12.8172
4624.62840123936  35.25052
4624.79479511936  30.06613
4624.96118899937  16.36754
4625.12758287937  22.40823
4625.29397675936  19.40636
4625.46037063936  12.66172
4625.62676451937  6.277396
4625.79315839937  21.6046
4625.95955227937  27.57705
4626.12594615937  25.18443
4626.29234003937  21.50677
4626.45873391937  6.206063
4626.62512779937  2.772745
4626.79152167937  16.97915
4626.95791555937  5.969412
4627.12430943937  -6.362033
4627.29070331937  10.06141
4627.45709719937  30.50422
4627.62349107937  23.81161
4627.78988495937  19.76929
4627.95627883937  28.89874
4628.12267271937  7.534139
4628.28906659937  5.254774
4628.45546047937  21.56679
4628.62185435937  23.44253
4628.78824823938  11.92262
4628.95464211938  7.828256
4629.12103599938  16.98334
4629.28742987938  16.14886
4629.45382375938  31.79012
4629.62021763938  10.94921
4629.78661151938  8.503392
4629.95300539938  20.32877
4630.11939927938  23.31856
4630.28579315938  10.26953
4630.45218703938  40.5863
4630.61858091938  7.795999
4630.78497479938  18.85629
4630.95136867938  12.90529
4631.11776255938  32.25313
4631.28415643938  23.3681
4631.45055031938  16.90686
4631.61694419938  22.52223
4631.78333807938  22.49376
4631.94973195938  29.28154
4632.11612583939  26.89697
4632.28251971939  30.0691
4632.44891359939  28.0378
4632.61530747939  33.64887
4632.78170135939  25.11391
4632.94809523939  35.63649
4633.11448911939  27.1101
4633.28088299939  32.19416
4633.44727687939  33.31368
4633.61367075939  15.92428
4633.78006463939  37.68373
4633.94645851939  45.13046
4634.11285239939  34.92566
4634.27924627939  30.94709
4634.44564015939  20.24269
4634.61203403939  26.61163
4634.77842791939  28.16937
4634.94482179939  29.75381
4635.11121567939  21.07409
4635.27760955939  6.622504
4635.4440034394  21.72242
4635.6103973194  19.79241
4635.7767911994  33.6109
4635.9431850794  20.36846
4636.1095789594  11.01229
4636.2759728394  13.98263
4636.4423667194  19.58417
4636.6087605994  27.85406
4636.7751544794  31.32871
4636.9415483594  10.43787
4637.1079422394  14.02975
4637.2743361194  11.66584
4637.4407299994  19.41162
4637.6071238794  10.40877
4637.7735177594  3.963179
4637.9399116394  11.95328
4638.1063055194  30.63236
4638.2726993994  22.0792
4638.4390932794  24.57708
4638.6054871594  25.00167
4638.77188103941  26.95945
4638.93827491941  18.64864
4639.10466879941  17.17856
4639.27106267941  24.95306
4639.43745655941  36.39317
4639.60385043941  30.73908
4639.77024431941  17.69352
4639.93663819941  32.04267
4640.10303207941  28.60255
4640.26942595941  34.32718
4640.43581983941  20.14137
4640.60221371941  13.59037
4640.76860759941  15.34883
4640.93500147941  33.07606
4641.10139535941  38.68409
4641.26778923941  29.3934
4641.43418311941  35.03173
4641.60057699941  38.83181
4641.76697087941  11.51978
4641.93336475941  10.11186
4642.09975863942  30.95552
4642.26615251942  32.63028
4642.43254639941  28.42573
4642.59894027942  39.38074
4642.76533415942  45.75143
4642.93172803942  32.47182
4643.09812191942  45.79023
4643.26451579942  49.17425
4643.43090967942  26.88363
4643.59730355942  19.4198
4643.76369743942  18.74553
4643.93009131942  28.81185
4644.09648519942  52.48378
4644.26287907942  28.8252
4644.42927295942  14.98768
4644.59566683942  31.36702
4644.76206071942  24.70035
4644.92845459942  26.07447
4645.09484847942  40.10093
4645.26124235942  22.98294
4645.42763623943  21.21259
4645.59403011942  14.26542
4645.76042399942  -1.714086
4645.92681787943  33.59094
4646.09321175943  30.41351
4646.25960563943  13.91301
4646.42599951943  8.332934
4646.59239339943  22.51223
4646.75878727943  19.55294
4646.92518115943  37.28107
4647.09157503943  18.83681
4647.25796891943  28.29569
4647.42436279943  26.37041
4647.59075667943  14.46036
4647.75715055943  27.01703
4647.92354443943  30.01247
4648.08993831943  29.79758
4648.25633219943  13.60576
4648.42272607943  -2.6749
4648.58911995943  15.7376
4648.75551383943  20.31163
4648.92190771944  22.04728
4649.08830159944  25.72111
4649.25469547944  12.64584
4649.42108935944  21.95066
4649.58748323944  24.93153
4649.75387711944  6.613482
4649.92027099944  32.62162
4650.08666487944  33.40255
4650.25305875944  24.80097
4650.41945263944  14.8103
4650.58584651944  -1.495733
4650.75224039944  3.474654
4650.91863427944  22.50232
4651.08502815944  43.23892
4651.25142203944  23.51859
4651.41781591944  32.92912
4651.58420979944  22.21115
4651.75060367944  20.41169
4651.91699755944  10.50379
4652.08339143944  13.89218
4652.24978531944  13.11334
4652.41617919945  15.79576
4652.58257307945  20.70898
4652.74896695945  43.48193
4652.91536083945  38.37044
4653.08175471945  26.14664
4653.24814859945  6.092152
4653.41454247945  12.4868
4653.58093635945  35.84625
4653.74733023945  19.06388
4653.91372411945  23.95056
4654.08011799945  34.97615
4654.24651187945  50.86359
4654.41290575945  27.29795
4654.57929963945  12.61605
4654.74569351945  45.92699
4654.91208739945  10.20203
4655.07848127945  0.7710024
4655.24487515945  18.46146
4655.41126903945  14.07453
4655.57766291945  15.53165
4655.74405679946  23.28834
4655.91045067946  37.98603
4656.07684455946  44.55024
4656.24323843946  21.65459
4656.40963231946  17.91958
4656.57602619946  32.871
4656.74242007946  15.80475
4656.90881395946  7.766196
4657.07520783946  11.82175
4657.24160171946  16.72029
4657.40799559946  40.63876
4657.57438947946  33.14895
4657.74078335946  21.28986
4657.90717723946  22.14028
4658.07357111946  42.82281
4658.23996499946  24.57567
4658.40635887946  10.46662
4658.57275275946  19.87256
4658.73914663946  15.16313
4658.90554051946  14.9809
4659.07193439947  19.82734
4659.23832827947  36.21398
4659.40472215947  29.21527
4659.57111603947  24.86993
4659.73750991947  25.41591
4659.90390379947  17.64141
4660.07029767947  27.31243
4660.23669155947  26.33435
4660.40308543947  26.5668
4660.56947931947  41.07095
4660.73587319947  28.17059
4660.90226707947  15.11316
4661.06866095947  32.85012
4661.23505483947  35.75904
4661.40144871947  42.72375
4661.56784259947  37.39777
4661.73423647947  35.92574
4661.90063035947  24.24189
4662.06702423947  16.84708
4662.23341811947  23.17071
4662.39981199947  30.35197
4662.56620587948  46.88667
4662.73259975947  41.76823
4662.89899363948  29.58336
4663.06538751948  21.42084
4663.23178139948  -3.816328
4663.39817527948  11.12459
4663.56456915948  20.52737
4663.73096303948  12.94313
4663.89735691948  15.33424
4664.06375079948  21.60974
4664.23014467948  18.58984
4664.39653855948  35.78608
4664.56293243948  31.50762
4664.72932631948  29.13917
4664.89572019948  22.46087
4665.06211407948  16.2873
4665.22850795948  20.7522
4665.39490183948  30.27206
4665.56129571948  17.44578
4665.72768959948  11.99667
4665.89408347948  20.14585
4666.06047735948  41.79492
4666.22687123949  24.7803
4666.39326511949  28.96443
4666.55965899949  20.0501
4666.72605287949  23.08741
4666.89244675949  21.43587
4667.05884063949  29.07964
4667.22523451949  32.62006
4667.39162839949  35.17772
4667.55802227949  13.90217
4667.72441615949  19.96805
4667.89081003949  32.52223
4668.05720391949  28.24167
4668.22359779949  46.95672
4668.38999167949  39.60001
4668.55638555949  6.056386
4668.72277943949  8.728316
4668.88917331949  23.70104
4669.05556719949  26.09675
4669.22196107949  30.25571
4669.3883549595  33.47185
4669.5547488395  25.4525
4669.7211427195  34.83264
4669.8875365995  30.29876
4670.0539304795  26.18032
4670.2203243595  12.77057
4670.3867182395  -1.451687
4670.5531121195  15.42695
4670.7195059995  12.9083
4670.8858998795  16.38006
4671.0522937595  26.74388
4671.2186876395  31.09879
4671.3850815195  16.06871
4671.5514753995  25.29038
4671.7178692795  34.07907
4671.8842631595  10.58404
4672.0506570395  23.07817
4672.2170509195  33.80383
4672.3834447995  34.36785
4672.5498386795  13.70385
4672.71623255951  28.1671
4672.88262643951  23.70715
4673.04902031951  24.23041
4673.21541419951  29.88482
4673.38180807951  11.56956
4673.54820195951  27.04037
4673.71459583951  21.67447
4673.88098971951  35.68347
4674.04738359951  35.03773
4674.21377747951  34.71479
4674.38017135951  25.10295
4674.54656523951  13.0564
4674.71295911951  26.6886
4674.87935299951  15.09575
4675.04574687951  31.02441
4675.21214075951  36.33481
4675.37853463951  30.6399
4675.54492851951  43.76778
4675.71132239951  41.30346
4675.87771627951  31.75772
4676.04411015952  14.74056
4676.21050403952  29.90171
4676.37689791952  51.45311
4676.54329179952  35.06646
4676.70968567952  20.17977
4676.87607955952  31.94119
4677.04247343952  42.87595
4677.20886731952  28.8337
4677.37526119952  32.13057
4677.54165507952  42.93993
4677.70804895952  26.60424
4677.87444283952  29.36049
4678.04083671952  26.13342
4678.20723059952  42.81137
4678.37362447952  38.22434
4678.54001835952  28.20306
4678.70641223952  22.31334
4678.87280611952  31.81687
4679.03919999952  28.09165
4679.20559387952  7.825127
4679.37198775953  22.29936
4679.53838163953  31.93207
4679.70477551953  35.47858
4679.87116939953  20.17588
4680.03756327953  29.15719
4680.20395715953  51.85187
4680.37035103953  21.22514
4680.53674491953  36.66898
4680.70313879953  23.67868
4680.86953267953  21.21277
4681.03592655953  31.87717
4681.20232043953  27.69011
4681.36871431953  44.34404
4681.53510819953  29.61364
4681.70150207953  32.47447
4681.86789595953  25.85702
4682.03428983953  17.41302
4682.20068371953  22.41899
4682.36707759953  9.412891
4682.53347147953  10.89389
4682.69986535953  42.76986
4682.86625923953  29.67346
4683.03265311954  29.79255
4683.19904699954  25.13585
4683.36544087954  30.55675
4683.53183475954  27.33829
4683.69822863954  36.64594
4683.86462251954  15.77833
4684.03101639954  18.42798
4684.19741027954  31.68255
4684.36380415954  43.78662
4684.53019803954  41.98978
4684.69659191954  26.49074
4684.86298579954  38.26867
4685.02937967954  30.91477
4685.19577355954  17.73294
4685.36216743954  13.09724
4685.52856131954  26.64226
4685.69495519954  36.12983
4685.86134907954  22.06577
4686.02774295954  11.29911
4686.19413683954  47.15706
4686.36053071955  29.73405
4686.52692459955  25.91086
4686.69331847955  32.79497
4686.85971235955  41.75573
4687.02610623955  24.1482
4687.19250011955  29.39293
4687.35889399955  32.35806
4687.52528787955  41.59974
4687.69168175955  48.73308
4687.85807563955  31.38327
4688.02446951955  32.06014
4688.19086339955  18.86166
4688.35725727955  5.673468
4688.52365115955  27.00634
4688.69004503955  29.6355
4688.85643891955  38.09009
4689.02283279955  15.72607
4689.18922667955  36.28822
4689.35562055955  42.75209
4689.52201443955  18.11729
4689.68840831955  15.08072
4689.85480219956  26.73704
4690.02119607956  18.88208
4690.18758995956  19.68402
4690.35398383956  28.7581
4690.52037771956  27.54774
4690.68677159956  24.96495
4690.85316547956  22.25504
4691.01955935956  14.27701
4691.18595323956  15.16431
4691.35234711956  44.80037
4691.51874099956  32.12201
4691.68513487956  13.84379
4691.85152875956  37.00734
4692.01792263956  44.45396
4692.18431651956  57.85452
4692.35071039956  35.66774
4692.51710427956  -1.226345
4692.68349815956  22.29455
4692.84989203956  7.183105
4693.01628591956  27.79717
4693.18267979957  26.62326
4693.34907367957  20.45186
4693.51546755957  25.98775
4693.68186143957  37.65252
4693.84825531957  31.85381
4694.01464919957  27.59163
4694.18104307957  20.23262
4694.34743695957  18.07114
4694.51383083957  27.99873
4694.68022471957  36.22953
4694.84661859957  54.94301
4695.01301247957  45.05473
4695.17940635957  11.73792
4695.34580023957  27.96214
4695.51219411957  40.48126
4695.67858799957  16.66068
4695.84498187957  16.37881
4696.01137575957  25.35282
4696.17776963957  15.97215
4696.34416351957  17.9974
4696.51055739958  10.27718
4696.67695127958  24.59008
4696.84334515958  34.65768
4697.00973903958  19.79821
4697.17613291958  33.65157
4697.34252679958  41.72198
4697.50892067958  31.60875
4697.67531455958  26.92132
4697.84170843958  32.60416
4698.00810231958  17.28662
4698.17449619958  23.23004
4698.34089007958  24.25349
4698.50728395958  31.73817
4698.67367783958  19.79758
4698.84007171958  11.60581
4699.00646559958  9.794437
4699.17285947958  6.092947
4699.33925335958  9.907565
4699.50564723958  17.22278
4699.67204111959  24.37504
4699.83843499958  7.821149
4700.00482887959  12.23182
4700.17122275959  11.90044
4700.33761663959  14.85791
4700.50401051959  20.67984
4700.67040439959  13.13621
4700.83679827959  21.56678
4701.00319215959  5.549065
4701.16958603959  11.62695
4701.33597991959  17.26138
4701.50237379959  12.55635
4701.66876767959  4.718561
4701.83516155959  3.540737
4702.00155543959  18.71584
4702.16794931959  6.259939
4702.33434319959  18.21765
4702.50073707959  25.68783
4702.66713095959  30.57158
4702.83352483959  -1.448246
4702.99991871959  8.078155
4703.16631259959  10.17993
4703.33270647959  19.39876
4703.4991003596  18.07727
4703.6654942396  6.001735
4703.8318881196  11.48328
4703.9982819996  23.65641
4704.1646758796  -0.5541644
4704.3310697596  8.673848
4704.4974636396  20.56079
4704.6638575196  5.924687
4704.8302513996  15.64268
4704.9966452796  8.337754
4705.1630391596  16.94361
4705.3294330396  16.90543
4705.4958269196  33.35233
4705.6622207996  18.87108
4705.8286146796  13.3567
4705.9950085596  0.9591902
4706.1614024396  8.692884
4706.3277963196  8.216602
4706.4941901996  3.38019
4706.6605840796  0.840993
4706.82697795961  -1.566314
4706.99337183961  15.2562
4707.15976571961  12.17877
4707.32615959961  -12.43953
4707.49255347961  8.902299
4707.65894735961  19.32642
4707.82534123961  -10.87883
4707.99173511961  2.340539
4708.15812899961  6.015419
4708.32452287961  17.55437
4708.49091675961  17.08001
4708.65731063961  10.64884
4708.82370451961  2.017088
4708.99009839961  -8.4531
4709.15649227961  -3.613847
4709.32288615961  -1.503721
4709.48928003961  16.03281
4709.65567391961  14.8515
4709.82206779961  -4.780334
4709.98846167961  21.29551
4710.15485555962  14.60096
4710.32124943962  7.279316
4710.48764331962  6.182092
4710.65403719962  11.92061
4710.82043107962  25.34565
4710.98682495962  10.12158
4711.15321883962  16.55087
4711.31961271962  20.07375
4711.48600659962  16.57686
4711.65240047962  12.49739
4711.81879435962  8.450305
4711.98518823962  4.730415
4712.15158211962  30.47413
4712.31797599962  40.0001
4712.48436987962  16.41053
4712.65076375962  2.223785
4712.81715763962  18.32874
4712.98355151962  18.35905
4713.14994539962  2.750573
4713.31633927962  27.96488
4713.48273315962  15.8846
4713.64912703963  10.34661
4713.81552091963  6.288366
4713.98191479963  7.921969
4714.14830867963  -2.110266
4714.31470255963  14.48551
4714.48109643963  19.67686
4714.64749031963  7.123719
4714.81388419963  7.315961
4714.98027807963  31.39369
4715.14667195963  13.01912
4715.31306583963  -4.728902
4715.47945971963  14.1161
4715.64585359963  3.550431
4715.81224747963  14.18443
4715.97864135963  21.61828
4716.14503523963  18.80587
4716.31142911963  25.34186
4716.47782299963  23.80764
4716.64421687963  22.90709
4716.81061075964  2.098974
4716.97700463964  7.55413
4717.14339851964  8.804751
4717.30979239964  2.378494
4717.47618627964  6.07891
4717.64258015964  13.94323
4717.80897403964  7.721043
4717.97536791964  15.78896
4718.14176179964  23.25729
4718.30815567964  12.20698
4718.47454955964  17.85234
4718.64094343964  1.386493
4718.80733731964  24.52476
4718.97373119964  10.80023
4719.14012507964  -4.462746
4719.30651895964  -2.830808
4719.47291283964  11.68144
4719.63930671964  7.00568
4719.80570059964  16.65515
4719.97209447964  10.10419
4720.13848835964  3.436293
4720.30488223964  13.05593
4720.47127611965  -4.664417
4720.63766999965  -4.710796
4720.80406387965  -2.45684
4720.97045775965  9.227146
4721.13685163965  18.25284
4721.30324551965  5.412683
4721.46963939965  10.52444
4721.63603327965  17.92314
4721.80242715965  23.90175
4721.96882103965  15.0119
4722.13521491965  17.05266
4722.30160879965  6.233038
4722.46800267965  5.29565
4722.63439655965  13.73304
4722.80079043965  4.482369
4722.96718431965  33.51303
4723.13357819965  12.80392
4723.29997207965  6.532682
4723.46636595965  32.77325
4723.63275983965  11.55033
4723.79915371966  6.82098
4723.96554759966  7.448457
4724.13194147966  -0.5397666
4724.29833535966  1.511236
4724.46472923966  2.148709
4724.63112311966  3.133854
4724.79751699966  -7.040018
4724.96391087966  4.237837
4725.13030475966  13.52314
4725.29669863966  2.449189
4725.46309251966  -8.731097
4725.62948639966  -0.6026426
4725.79588027966  3.831097
4725.96227415966  -2.922239
4726.12866803966  -1.503392
4726.29506191966  -6.067535
4726.46145579966  -14.50692
4726.62784967966  -1.104897
4726.79424355966  7.766314
4726.96063743966  29.96383
4727.12703131967  14.95008
4727.29342519967  12.98265
4727.45981907967  -5.086596
4727.62621295967  5.05957
4727.79260683967  4.898834
4727.95900071967  18.186
4728.12539459967  22.32809
4728.29178847967  6.483063
4728.45818235967  16.22339
4728.62457623967  20.57435
4728.79097011967  -2.163051
4728.95736399967  0.7399945
4729.12375787967  -7.397661
4729.29015175967  -6.61321
4729.45654563967  25.56262
4729.62293951967  -1.623806
4729.78933339967  -5.825622
4729.95572727967  -1.339738
4730.12212115967  -10.41621
4730.28851503967  -15.67515
4730.45490891968  20.93986
4730.62130279968  8.507127
4730.78769667968  -8.349983
4730.95409055968  -1.866439
4731.12048443968  -4.977449
4731.28687831968  -5.030804
4731.45327219968  -5.417454
4731.61966607968  -3.287992
4731.78605995968  11.2818
4731.95245383968  8.716088
4732.11884771968  -12.00082
4732.28524159968  -12.61436
4732.45163547968  -4.353931
4732.61802935968  11.5822
4732.78442323968  -0.9960112
4732.95081711968  5.522605
4733.11721099968  1.70238
4733.28360487968  -5.218919
4733.44999875968  3.142918
4733.61639263968  13.35316
4733.78278651968  -10.27489
4733.94918039969  -3.217817
4734.11557427969  18.38673
4734.28196815969  5.450773
4734.44836203969  -12.02069
4734.61475591969  -0.1216652
4734.78114979969  -14.78998
4734.94754367969  13.53019
4735.11393755969  14.02073
4735.28033143969  6.35626
4735.44672531969  -18.36039
4735.61311919969  -6.604405
4735.77951307969  20.38659
4735.94590695969  -12.4805
4736.11230083969  -6.797627
4736.27869471969  -3.799048
4736.44508859969  -2.692304
4736.61148247969  7.128699
4736.77787635969  10.48272
4736.94427023969  5.086673
4737.11066411969  -2.920447
4737.2770579997  -0.9021862
4737.4434518797  1.90517
4737.6098457597  -0.7900009
4737.7762396397  11.59482
4737.9426335197  8.118134
4738.1090273997  16.37815
4738.2754212797  -4.094107
4738.4418151597  -3.731974
4738.6082090397  12.5763
4738.7746029197  1.196824
4738.9409967997  -7.861735
4739.1073906797  3.985402
4739.2737845597  5.730389
4739.4401784397  -8.720406
