4569.2891660693  45.89325
4569.45553971466  -10.10452
4569.62191336001  -5.60694
4569.78828700537  -6.171388
4569.95466065073  -3.007534
4570.12103429608  10.75258
4570.28740794144  -12.93925
4570.4537815868  -22.0773
4570.62015523215  42.98479
4570.78652887751  69.95731
4570.95290252287  15.80432
4571.11927616822  15.28017
4571.28564981358  47.20014
4571.45202345894  43.55128
4571.61839710429  0.1551912
4571.78477074965  -30.84015
4571.95114439501  -0.7496904
4572.11751804036  4.729205
4572.28389168572  11.42839
4572.45026533108  7.46751
4572.61663897643  21.30326
4572.78301262179  19.1745
4572.94938626715  11.64579
4573.1157599125  5.633045
4573.28213355786  -12.68764
4573.44850720322  28.81379
4573.61488084857  6.508377
4573.78125449393  -25.22724
4573.94762813928  0.5162849
4574.11400178464  30.6018
4574.28037543  10.05029
4574.44674907535  16.27614
4574.61312272071  19.18814
4574.77949636607  -22.40626
4574.94587001142  -2.432323
4575.11224365678  34.7669
4575.27861730214  42.17629
4575.4449909475  50.38153
4575.61136459285  31.59139
4575.77773823821  20.01839
4575.94411188357  -0.2812372
4576.11048552892  6.610519
4576.27685917428  28.88666
4576.44323281963  34.09407
4576.60960646499  33.6929
4576.77598011035  24.42584
4576.9423537557  35.83312
4577.10872740106  49.93467
4577.27510104642  22.98837
4577.44147469177  31.44723
4577.60784833713  62.07655
4577.77422198249  45.8121
4577.94059562784  37.33029
4578.1069692732  30.73703
4578.27334291856  0.8680132
4578.43971656391  -6.588461
4578.60609020927  1.819877
4578.77246385463  5.029609
4578.93883749998  36.3169
4579.10521114534  14.13148
4579.2715847907  15.67159
4579.43795843605  10.76379
4579.60433208141  28.87893
4579.77070572677  33.20456
4579.93707937212  -4.029684
4580.10345301748  -9.715911
4580.26982666284  -7.349624
4580.43620030819  -9.23915
4580.60257395355  34.74119
4580.76894759891  39.34301
4580.93532124426  41.42959
4581.10169488962  56.13486
4581.26806853498  30.64221
4581.43444218033  19.17919
4581.60081582569  9.057492
4581.76718947105  1.925949
4581.9335631164  23.26877
4582.09993676176  15.3311
4582.26631040712  23.0366
4582.43268405247  30.53237
4582.59905769783  24.43798
4582.76543134319  37.73865
4582.93180498854  -3.714135
4583.0981786339  -9.755594
4583.26455227925  31.4174
4583.43092592461  50.59607
4583.59729956997  23.38047
4583.76367321532  7.61306
4583.93004686068  12.65088
4584.09642050604  19.59028
4584.2627941514  12.29089
4584.42916779675  21.72835
4584.59554144211  61.00053
4584.76191508746  54.64173
4584.92828873282  38.3462
4585.09466237818  37.84324
4585.26103602353  30.66075
4585.42740966889  45.38367
4585.59378331425  20.60477
4585.7601569596  20.17898
4585.92653060496  -34.59126
4586.09290425032  10.59352
4586.25927789567  70.68983
4586.42565154103  85.17355
4586.59202518639  57.8416
4586.75839883175  17.25682
4586.9247724771  20.71471
4587.09114612246  -10.34746
4587.25751976781  5.03855
4587.42389341317  35.31493
4587.59026705853  11.34589
4587.75664070388  10.6457
4587.92301434924  5.181521
4588.0893879946  23.08839
4588.25576163995  54.03943
4588.42213528531  37.28278
4588.58850893067  32.50024
4588.75488257602  3.288892
4588.92125622138  42.87071
4589.08762986674  17.57233
4589.25400351209  12.60121
4589.42037715745  -7.018138
4589.58675080281  0.3700353
4589.75312444816  22.2598
4589.91949809352  23.83026
4590.08587173888  39.39096
4590.25224538423  44.72339
4590.41861902959  31.0136
4590.58499267495  33.66828
4590.7513663203  23.42649
4590.91773996566  8.461805
4591.08411361102  11.96575
4591.25048725637  54.81938
4591.41686090173  54.38248
4591.58323454709  17.28245
4591.74960819244  22.42697
4591.9159818378  52.71764
4592.08235548316  36.22178
4592.24872912851  32.86058
4592.41510277387  34.67691
4592.58147641923  38.27845
4592.74785006458  52.03985
4592.91422370994  54.31084
4593.08059735529  26.83206
4593.24697100065  -3.553557
4593.41334464601  14.14606
4593.57971829137  52.49789
4593.74609193672  115.8261
4593.91246558208  40.26652
4594.07883922743  -4.323654
4594.24521287279  33.40788
4594.41158651815  22.98796
4594.5779601635  22.62959
4594.74433380886  44.88287
4594.91070745422  79.04948
4595.07708109957  19.11364
4595.24345474493  17.2137
4595.40982839029  71.4305
4595.57620203565  64.89915
4595.742575681  52.60239
4595.90894932636  38.93489
4596.07532297171  21.11333
4596.24169661707  30.65734
4596.40807026243  50.72283
4596.57444390778  64.93579
4596.74081755314  60.94864
4596.9071911985  56.23886
4597.07356484385  51.56882
4597.23993848921  11.24665
4597.40631213457  10.43965
4597.57268577992  35.73384
4597.73905942528  17.98639
4597.90543307064  24.25503
4598.07180671599  57.33732
4598.23818036135  47.02485
4598.40455400671  41.52656
4598.57092765206  34.83546
4598.73730129742  13.0326
4598.90367494278  34.3722
4599.07004858813  29.59329
4599.23642223349  23.92736
4599.40279587885  74.83993
4599.5691695242  71.24951
4599.73554316956  36.82815
4599.90191681492  38.87691
4600.06829046027  52.00609
4600.23466410563  32.5966
4600.40103775099  6.303479
4600.56741139634  30.94457
4600.7337850417  72.35611
4600.90015868706  39.23453
4601.06653233241  1.185002
4601.23290597777  7.345529
4601.39927962313  12.92
4601.56565326848  36.38067
4601.73202691384  64.45011
4601.8984005592  43.23176
4602.06477420455  27.57472
4602.23114784991  57.11076
4602.39752149527  60.26203
4602.56389514062  12.00921
4602.73026878598  41.45814
4602.89664243134  44.87979
4603.06301607669  31.49991
4603.22938972205  25.21761
4603.39576336741  47.19045
4603.56213701276  63.93521
4603.72851065812  41.07705
4603.89488430348  27.12765
4604.06125794883  35.92783
4604.22763159419  45.98407
4604.39400523954  54.22916
4604.5603788849  64.2674
4604.72675253026  54.43305
4604.89312617562  28.82985
4605.05949982097  26.81199
4605.22587346633  44.76651
4605.39224711168  49.82318
4605.55862075704  38.40233
4605.7249944024  57.06511
4605.89136804775  38.57658
4606.05774169311  46.33673
4606.22411533847  77.28435
4606.39048898382  39.81118
4606.55686262918  39.22592
4606.72323627454  42.63058
4606.88960991989  36.25889
4607.05598356525  21.51005
4607.22235721061  47.69097
4607.38873085596  69.06167
4607.55510450132  25.75676
4607.72147814668  32.85772
4607.88785179203  57.39426
4608.05422543739  21.48367
4608.22059908275  9.153265
4608.3869727281  25.74591
4608.55334637346  56.21998
4608.71972001882  69.30572
4608.88609366417  50.62135
4609.05246730953  69.09077
4609.21884095489  59.27185
4609.38521460024  37.97137
4609.5515882456  55.71241
4609.71796189096  95.91235
4609.88433553631  36.99405
4610.05070918167  46.05994
4610.21708282703  56.81501
4610.38345647238  80.62914
4610.54983011774  61.45763
4610.7162037631  64.19391
4610.88257740845  69.35464
4611.04895105381  52.86082
4611.21532469917  52.8548
4611.38169834452  32.96239
4611.54807198988  31.9766
4611.71444563524  30.87461
4611.88081928059  12.296
4612.04719292595  55.55219
4612.21356657131  42.87667
4612.37994021666  42.78581
4612.54631386202  62.03088
4612.71268750738  48.26006
4612.87906115273  39.47218
4613.04543479809  34.90118
4613.21180844345  45.04587
4613.3781820888  55.60477
4613.54455573416  57.42814
4613.71092937952  87.43092
4613.87730302487  75.60404
4614.04367667023  34.37412
4614.21005031559  23.98003
4614.37642396094  35.46874
4614.5427976063  30.34632
4614.70917125166  40.45293
4614.87554489701  39.31149
4615.04191854237  31.2165
4615.20829218772  60.67603
4615.37466583308  82.99591
4615.54103947844  49.5858
4615.70741312379  49.49485
4615.87378676915  98.019
4616.04016041451  47.46424
4616.20653405986  55.82602
4616.37290770522  86.23632
4616.53928135058  25.22272
4616.70565499593  28.65877
4616.87202864129  26.95527
4617.03840228665  58.94868
4617.204775932  56.01791
4617.37114957736  97.63956
4617.53752322272  97.1556
4617.70389686807  78.27899
4617.87027051343  55.48187
4618.03664415879  26.05895
4618.20301780414  41.62302
4618.3693914495  33.74652
4618.53576509486  70.41333
4618.70213874021  53.44656
4618.86851238557  29.79316
4619.03488603093  79.79754
4619.20125967628  45.32864
4619.36763332164  15.26819
4619.534006967  49.73888
4619.70038061235  34.75535
4619.86675425771  46.29362
4620.03312790307  46.60989
4620.19950154842  42.00363
4620.36587519378  69.81232
4620.53224883914  53.04016
4620.69862248449  77.01186
4620.86499612985  58.31225
4621.03136977521  52.26577
4621.19774342056  70.26112
4621.36411706592  22.48664
4621.53049071128  33.87558
4621.69686435663  22.52593
4621.86323800199  73.2193
4622.02961164735  83.04198
4622.1959852927  88.27331
4622.36235893806  72.21075
4622.52873258342  51.92036
4622.69510622877  62.96425
4622.86147987413  81.30148
4623.02785351949  32.3574
4623.19422716484  49.59701
4623.3606008102  76.62483
4623.52697445556  41.21149
4623.69334810091  42.26822
4623.85972174627  60.78249
4624.02609539163  61.12176
4624.19246903698  61.05603
4624.35884268234  64.8934
4624.52521632769  51.22517
4624.69158997305  42.90541
4624.85796361841  6.124104
4625.02433726377  42.78605
4625.19071090912  81.39866
4625.35708455448  73.60461
4625.52345819984  67.20287
4625.68983184519  32.07852
4625.85620549055  66.12276
4626.0225791359  57.00631
4626.18895278126  55.96669
4626.35532642662  57.0909
4626.52170007197  71.20136
4626.68807371733  85.05006
4626.85444736269  80.82397
4627.02082100804  94.12484
4627.1871946534  78.42164
4627.35356829876  61.01058
4627.51994194411  77.40076
4627.68631558947  21.95922
4627.85268923483  50.96827
4628.01906288018  71.33932
4628.18543652554  31.80085
4628.3518101709  41.68248
4628.51818381625  67.05134
4628.68455746161  71.23827
4628.85093110697  56.46107
4629.01730475232  31.98045
4629.18367839768  35.39182
4629.35005204304  47.75621
4629.51642568839  39.66154
4629.68279933375  86.60384
4629.84917297911  96.49433
4630.01554662446  57.99324
4630.18192026982  58.53751
4630.34829391518  49.81849
4630.51466756053  46.03418
4630.68104120589  51.14432
4630.84741485125  73.40086
4631.0137884966  42.58828
4631.18016214196  78.98269
4631.34653578732  108.3
4631.51290943267  112.2826
4631.67928307803  85.72784
4631.84565672339  80.13588
4632.01203036874  87.55655
4632.1784040141  61.10543
4632.34477765946  51.80307
4632.51115130481  73.77305
4632.67752495017  86.68314
4632.84389859553  53.18908
4633.01027224088  28.40254
4633.17664588624  40.84131
4633.3430195316  56.06082
4633.50939317695  62.52725
4633.67576682231  42.91924
4633.84214046767  66.59779
4634.00851411302  80.01025
4634.17488775838  57.83441
4634.34126140373  54.79064
4634.50763504909  40.37348
4634.67400869445  39.09261
4634.8403823398  93.16539
4635.00675598516  108.686
4635.17312963052  49.92381
4635.33950327587  25.53601
4635.50587692123  41.8567
4635.67225056659  59.52237
4635.83862421194  59.53321
4636.0049978573  61.1701
4636.17137150266  93.30503
4636.33774514801  79.81423
4636.50411879337  108.7839
4636.67049243873  97.73317
4636.83686608408  72.90672
4637.00323972944  53.98116
4637.1696133748  63.01571
4637.33598702015  48.81232
4637.50236066551  37.32568
4637.66873431087  54.66614
4637.83510795622  68.10033
4638.00148160158  78.31162
4638.16785524694  97.764
4638.33422889229  63.09196
4638.50060253765  62.7589
4638.66697618301  69.41429
4638.83334982836  65.63242
4638.99972347372  49.17328
4639.16609711908  60.28179
4639.33247076443  30.45267
4639.49884440979  36.19667
4639.66521805515  75.84493
4639.8315917005  63.74997
4639.99796534586  73.08972
4640.16433899122  84.66346
4640.33071263657  74.33918
4640.49708628193  54.34932
4640.66345992729  68.07
4640.82983357264  114.2303
4640.996207218  110.2771
4641.16258086336  60.8766
4641.32895450871  75.64021
4641.49532815407  74.62112
4641.66170179943  64.5827
4641.82807544478  84.97786
4641.99444909014  93.1259
4642.1608227355  61.4825
4642.32719638085  49.03122
4642.49357002621  76.30154
4642.65994367156  84.15768
4642.82631731692  81.24511
4642.99269096228  67.26803
4643.15906460764  91.50613
4643.32543825299  114.879
4643.49181189835  79.45481
4643.65818554371  72.68726
4643.82455918906  82.71891
4643.99093283442  75.43221
4644.15730647977  77.47269
4644.32368012513  110.4272
4644.49005377049  94.47368
4644.65642741584  60.69511
4644.8228010612  85.70176
4644.98917470656  70.46542
4645.15554835191  56.97849
4645.32192199727  65.74098
4645.48829564263  67.8103
4645.65466928798  55.79223
4645.82104293334  47.6265
4645.9874165787  92.04923
4646.15379022405  71.93259
4646.32016386941  54.8459
4646.48653751477  72.20924
4646.65291116012  75.43766
4646.81928480548  69.20924
4646.98565845084  85.44774
4647.15203209619  117.2246
4647.31840574155  88.5773
4647.48477938691  80.84157
4647.65115303226  104.6082
4647.81752667762  84.67525
4647.98390032298  106.3732
4648.15027396833  95.65971
4648.31664761369  63.37786
4648.48302125905  69.54757
4648.6493949044  37.45029
4648.81576854976  55.99731
4648.98214219512  30.08757
4649.14851584047  72.29285
4649.31488948583  99.9221
4649.48126313119  73.38819
4649.64763677654  77.32125
4649.8140104219  90.85493
4649.98038406726  52.99743
4650.14675771261  89.75838
4650.31313135797  98.3756
4650.47950500333  90.17186
4650.64587864868  86.53233
4650.81225229404  62.40644
4650.9786259394  84.33986
4651.14499958475  86.20786
4651.31137323011  93.22598
4651.47774687547  69.62739
4651.64412052082  91.09577
4651.81049416618  94.40663
4651.97686781153  46.65071
4652.14324145689  80.60773
4652.30961510225  67.54499
4652.47598874761  51.36731
4652.64236239296  72.11517
4652.80873603832  86.75554
4652.97510968368  85.45714
4653.14148332903  75.39892
4653.30785697439  69.65944
4653.47423061974  72.23766
4653.6406042651  70.09484
4653.80697791046  17.78015
4653.97335155581  54.2972
4654.13972520117  65.2944
4654.30609884653  71.27931
4654.47247249188  63.69431
4654.63884613724  75.75768
4654.8052197826  77.00492
4654.97159342795  60.8499
4655.13796707331  59.78963
4655.30434071867  64.8467
4655.47071436402  77.49704
4655.63708800938  102.5573
4655.80346165474  78.79357
4655.96983530009  59.26259
4656.13620894545  94.8658
4656.30258259081  85.94117
4656.46895623616  30.24438
4656.63532988152  78.27256
4656.80170352688  66.19659
4656.96807717223  72.25716
4657.13445081759  81.24213
4657.30082446295  66.84543
4657.4671981083  97.98323
4657.63357175366  92.71321
4657.79994539902  54.62036
4657.96631904437  59.6977
4658.13269268973  70.71613
4658.29906633509  76.81009
4658.46543998044  108.5466
4658.6318136258  76.43279
4658.79818727116  53.61212
4658.96456091651  97.7101
4659.13093456187  95.32261
4659.29730820723  70.3407
4659.46368185258  48.04118
4659.63005549794  42.53835
4659.7964291433  74.64425
4659.96280278865  51.43474
4660.12917643401  26.0885
4660.29555007937  57.9253
4660.46192372472  94.24571
4660.62829737008  68.05737
4660.79467101544  43.67588
4660.96104466079  44.79338
4661.12741830615  55.57383
4661.29379195151  80.20169
4661.46016559686  102.9532
4661.62653924222  124.4356
4661.79291288758  74.48734
4661.95928653293  59.79054
4662.12566017829  83.97468
4662.29203382365  73.45164
4662.458407469  75.2767
4662.62478111436  70.92001
4662.79115475971  66.44373
4662.95752840507  93.38695
4663.12390205043  85.47058
4663.29027569578  51.70155
4663.45664934114  88.22812
4663.6230229865  105.4694
4663.78939663185  61.23856
4663.95577027721  54.02925
4664.12214392257  81.69595
4664.28851756792  84.69894
4664.45489121328  78.71042
4664.62126485864  80.51514
4664.78763850399  68.53764
4664.95401214935  89.47984
4665.12038579471  83.10564
4665.28675944006  45.85048
4665.45313308542  87.14912
4665.61950673078  65.90811
4665.78588037613  48.5628
4665.95225402149  102.1541
4666.11862766685  96.14439
4666.2850013122  71.15797
4666.45137495756  77.91704
4666.61774860292  78.44991
4666.78412224827  46.20003
4666.95049589363  79.20008
4667.11686953899  118.8175
4667.28324318434  54.32197
4667.4496168297  57.6273
4667.61599047506  94.26202
4667.78236412041  98.42541
4667.94873776577  79.51036
4668.11511141113  88.87897
4668.28148505648  120.2473
4668.44785870184  77.63596
4668.6142323472  28.5212
4668.78060599255  52.48294
4668.94697963791  60.7956
4669.11335328327  94.71875
4669.27972692862  98.66242
4669.44610057398  75.1147
4669.61247421934  78.09937
4669.77884786469  86.31911
4669.94522151005  79.54769
4670.11159515541  76.1572
4670.27796880076  47.67178
4670.44434244612  2.670838
4670.61071609148  72.48766
4670.77708973683  90.69144
4670.94346338219  83.29196
4671.10983702755  62.50416
4671.2762106729  94.33675
4671.44258431826  57.8956
4671.60895796361  86.76017
4671.77533160897  64.12662
4671.94170525433  62.75888
4672.10807889968  53.02833
4672.27445254504  71.05228
4672.4408261904  120.7204
4672.60719983575  82.32905
4672.77357348111  80.99059
4672.93994712647  124.1865
4673.10632077182  65.59125
4673.27269441718  61.68423
4673.43906806254  75.73996
4673.60544170789  48.67116
4673.77181535325  42.0391
4673.93818899861  44.6614
4674.10456264396  103.617
4674.27093628932  99.76044
4674.43730993468  75.37871
4674.60368358003  97.03223
4674.77005722539  92.98607
4674.93643087075  107.3906
4675.10280451611  97.35784
4675.26917816146  48.26228
4675.43555180682  93.92624
4675.60192545217  63.66113
4675.76829909753  83.98066
4675.93467274289  78.07358
4676.10104638824  82.99434
4676.2674200336  72.96603
4676.43379367896  53.87194
4676.60016732431  68.79259
4676.76654096967  74.0983
4676.93291461503  68.24779
4677.09928826038  86.19647
4677.26566190574  107.855
4677.4320355511  103.0248
4677.59840919645  101.0804
4677.76478284181  99.57439
4677.93115648717  108.4935
4678.09753013252  91.28121
4678.26390377788  102.3188
4678.43027742324  89.71518
4678.59665106859  71.89517
4678.76302471395  91.93893
4678.92939835931  62.15742
4679.09577200466  45.30299
4679.26214565002  90.70866
4679.42851929538  98.43037
4679.59489294073  88.39848
4679.76126658609  102.8569
4679.92764023145  69.45393
4680.0940138768  65.95725
4680.26038752216  64.22902
4680.42676116752  67.39222
4680.59313481287  85.14429
4680.75950845823  102.233
4680.92588210358  97.28967
4681.09225574894  61.65348
4681.2586293943  86.98235
4681.42500303965  91.58265
4681.59137668501  74.56856
4681.75775033037  79.06758
4681.92412397573  73.78574
4682.09049762108  97.51707
4682.25687126644  61.42221
4682.4232449118  84.12564
4682.58961855715  91.93584
4682.75599220251  99.77204
4682.92236584787  70.13691
4683.08873949322  99.25678
4683.25511313858  85.34348
4683.42148678394  57.6283
4683.58786042929  54.37423
4683.75423407465  105.0473
4683.92060772  80.79982
4684.08698136536  86.53625
4684.25335501072  102.7027
4684.41972865607  127.3722
4684.58610230143  137.9352
4684.75247594679  94.68344
4684.91884959214  80.41096
4685.0852232375  92.86336
4685.25159688286  73.11948
4685.41797052821  81.35343
4685.58434417357  65.23923
4685.75071781893  80.24828
4685.91709146428  85.72257
4686.08346510964  79.75729
4686.249838755  76.91374
4686.41621240035  65.97479
4686.58258604571  77.47303
4686.74895969107  84.97161
4686.91533333642  91.4659
4687.08170698178  73.10604
4687.24808062714  49.40362
4687.41445427249  85.44759
4687.58082791785  91.45184
4687.74720156321  56.67316
4687.91357520856  56.65482
4688.07994885392  99.3407
4688.24632249928  71.81379
4688.41269614463  73.26176
4688.57906978999  75.20113
4688.74544343535  111.8013
4688.9118170807  64.65334
4689.07819072606  76.55843
4689.24456437142  65.53584
4689.41093801677  37.66855
4689.57731166213  44.22457
4689.74368530749  97.63597
4689.91005895284  116.0828
4690.0764325982  105.8025
4690.24280624356  56.98932
4690.40917988891  54.27535
4690.57555353427  17.99352
4690.74192717963  21.10638
4690.90830082498  31.28861
4691.07467447034  46.75622
4691.2410481157  19.02016
4691.40742176105  73.16302
4691.57379540641  83.94916
4691.74016905176  46.62077
4691.90654269712  52.82468
4692.07291634248  36.56025
4692.23928998783  67.70909
4692.40566363319  50.71749
4692.57203727855  62.71149
4692.7384109239  66.94907
4692.90478456926  54.65152
4693.07115821462  62.29833
4693.23753185998  75.23683
4693.40390550533  50.42281
4693.57027915069  63.59275
4693.73665279605  67.45222
4693.9030264414  53.26348
4694.06940008676  48.59444
4694.23577373211  38.50119
4694.40214737747  63.44042
4694.56852102283  101.7029
4694.73489466818  64.26967
4694.90126831354  105.2239
4695.0676419589  53.68948
4695.23401560425  43.55243
4695.40038924961  31.60567
4695.56676289497  34.93781
4695.73313654032  45.43971
4695.89951018568  40.48139
4696.06588383104  18.17993
4696.23225747639  10.00544
4696.39863112175  31.53502
4696.56500476711  36.99443
4696.73137841246  68.56982
4696.89775205782  66.98337
4697.06412570318  36.35413
4697.23049934853  25.84137
4697.39687299389  74.11521
4697.56324663925  71.64222
4697.7296202846  32.82347
4697.89599392996  26.09228
4698.06236757532  81.31812
4698.22874122067  53.50203
4698.39511486603  68.12176
4698.56148851139  44.4119
4698.72786215674  12.93175
4698.8942358021  21.53645
4699.06060944746  25.29527
4699.22698309281  43.48509
4699.39335673817  72.23032
4699.55973038353  33.47524
4699.72610402888  43.51925
4699.89247767424  36.56493
4700.0588513196  65.00437
4700.22522496495  65.3545
4700.39159861031  63.90351
4700.55797225567  64.22596
4700.72434590102  27.17586
4700.89071954638  40.33295
4701.05709319174  16.48559
4701.22346683709  7.609167
4701.38984048245  9.356894
4701.55621412781  10.42716
4701.72258777316  52.47078
4701.88896141852  12.07603
4702.05533506387  -10.00837
4702.22170870923  26.39367
4702.38808235459  29.98459
4702.55445599995  65.16179
4702.7208296453  33.82621
4702.88720329066  20.29082
4703.05357693601  18.17073
4703.21995058137  38.27681
4703.38632422673  49.19612
4703.55269787208  20.63706
4703.71907151744  28.64405
4703.8854451628  55.99339
4704.05181880815  50.82648
4704.21819245351  57.43637
4704.38456609887  42.01042
4704.55093974422  31.4413
4704.71731338958  55.99955
4704.88368703494  14.91539
4705.05006068029  43.13514
4705.21643432565  53.56852
4705.38280797101  54.65673
4705.54918161636  61.87094
4705.71555526172  24.59863
4705.88192890708  27.29173
4706.04830255243  65.17884
4706.21467619779  46.83714
4706.38104984315  49.54459
4706.5474234885  55.01979
4706.71379713386  23.99204
4706.88017077922  12.79401
4707.04654442457  21.48063
4707.21291806993  32.1291
4707.37929171529  72.97421
4707.54566536064  53.36586
4707.712039006  18.81847
4707.87841265136  8.974891
4708.04478629671  45.92474
4708.21115994207  25.40322
4708.37753358743  44.36754
4708.54390723278  50.56086
4708.71028087814  70.43305
4708.8766545235  32.61583
4709.04302816885  19.40866
4709.20940181421  39.93554
4709.37577545957  41.02273
4709.54214910492  65.00034
4709.70852275028  53.2749
4709.87489639564  26.13708
4710.04127004099  38.89933
4710.20764368635  57.94512
4710.37401733171  48.92536
4710.54039097706  13.37247
4710.70676462242  73.06982
4710.87313826778  34.04191
4711.03951191313  35.06765
4711.20588555849  78.49483
4711.37225920385  39.27932
4711.5386328492  54.44764
4711.70500649456  21.95645
4711.87138013992  45.6525
4712.03775378527  75.19332
4712.20412743063  24.966
4712.37050107599  8.98161
4712.53687472134  24.64295
4712.7032483667  43.63906
4712.86962201205  41.52474
4713.03599565741  33.44204
4713.20236930277  35.56104
4713.36874294812  37.85942
4713.53511659348  24.64277
4713.70149023884  1.001683
4713.86786388419  59.14554
4714.03423752955  -9.945457
4714.20061117491  1.854653
4714.36698482026  23.91837
4714.53335846562  38.77378
4714.69973211098  22.05823
4714.86610575633  -18.45334
4715.03247940169  52.99691
4715.19885304705  72.07783
4715.3652266924  29.91354
4715.53160033776  30.37369
4715.69797398312  52.05682
4715.86434762847  17.71738
4716.03072127383  52.56424
4716.19709491919  52.16819
4716.36346856454  44.20094
4716.5298422099  24.54837
4716.69621585526  46.00724
4716.86258950061  35.16896
4717.02896314597  57.54014
4717.19533679133  30.33436
4717.36171043668  35.59279
4717.52808408204  36.19226
4717.6944577274  38.23094
4717.86083137275  38.106
4718.02720501811  16.05212
4718.19357866347  55.55703
4718.35995230882  49.29874
4718.52632595418  2.105878
4718.69269959954  8.794966
4718.85907324489  53.08904
4719.02544689025  24.97974
4719.19182053561  15.65249
4719.35819418096  18.73851
4719.52456782632  5.60765
4719.69094147168  39.3971
4719.85731511703  44.51927
4720.02368876239  8.893458
4720.19006240775  -1.842419
4720.3564360531  29.49146
4720.52280969846  47.48571
4720.68918334382  18.27801
4720.85555698917  9.045505
4721.02193063453  13.96171
4721.18830427989  10.54988
4721.35467792524  46.49261
4721.5210515706  4.617309
4721.68742521596  21.92393
4721.85379886131  33.75618
4722.02017250667  13.82259
4722.18654615202  22.3318
4722.35291979738  21.74357
4722.51929344274  22.97506
4722.6856670881  59.13224
4722.85204073345  39.71558
4723.01841437881  66.53317
4723.18478802417  49.29213
4723.35116166952  20.54707
4723.51753531488  33.63913
4723.68390896023  29.97319
4723.85028260559  -9.10021
4724.01665625095  23.28589
4724.1830298963  30.11832
4724.34940354166  41.86187
4724.51577718702  16.71694
4724.68215083237  20.5348
4724.84852447773  26.28467
4725.01489812309  12.14022
4725.18127176844  17.39471
4725.3476454138  10.23136
4725.51401905916  35.19638
4725.68039270451  3.675807
4725.84676634987  3.166424
4726.01313999523  -0.7677647
4726.17951364058  33.79371
4726.34588728594  17.51147
4726.5122609313  7.905584
4726.67863457665  25.26859
4726.84500822201  21.30832
4727.01138186737  39.093
4727.17775551272  80.02418
4727.34412915808  20.91631
4727.51050280344  40.02905
4727.67687644879  16.25675
4727.84325009415  1.366179
4728.00962373951  23.93711
4728.17599738486  22.64901
4728.34237103022  11.42306
4728.50874467558  12.1551
4728.67511832093  -5.053709
4728.84149196629  2.438065
4729.00786561165  5.243332
4729.174239257  -16.30142
4729.34061290236  -28.71227
4729.50698654772  49.40179
4729.67336019307  12.61359
4729.83973383843  0.6021849
4730.00610748379  26.4877
4730.17248112914  40.20534
4730.3388547745  26.34971
4730.50522841986  -31.42048
4730.67160206521  -10.43902
4730.83797571057  2.724638
4731.00434935593  30.47818
4731.17072300128  -7.877874
4731.33709664664  11.94079
4731.50347029199  17.37566
4731.66984393735  -13.35254
4731.83621758271  9.987303
4732.00259122806  -14.0344
4732.16896487342  9.089113
4732.33533851878  7.376863
4732.50171216413  0.1084234
4732.66808580949  45.81766
4732.83445945485  6.323079
4733.0008331002  2.046977
4733.16720674556  0.5477456
4733.33358039092  -0.6406838
4733.49995403627  12.31089
4733.66632768163  -12.23246
4733.83270132699  -12.72932
4733.99907497234  34.02356
4734.1654486177  21.3548
4734.33182226306  5.318266
4734.49819590841  -10.94117
4734.66456955377  -2.567377
4734.83094319913  20.87996
4734.99731684448  -7.907866
4735.16369048984  -9.253272
4735.3300641352  -3.711055
4735.49643778055  -10.6568
4735.66281142591  -3.77011
4735.82918507127  7.697552
4735.99555871662  -3.358197
4736.16193236198  -10.23933
4736.32830600734  8.255103
4736.49467965269  14.96386
4736.66105329805  16.20865
4736.82742694341  -0.573458
4736.99380058876  -10.27716
4737.16017423412  8.730474
4737.32654787948  12.49907
4737.49292152483  14.41808
4737.65929517019  18.58353
4737.82566881555  -20.41679
4737.9920424609  6.779766
4738.15841610626  30.01854
4738.32478975162  3.376487
4738.49116339697  0.5736672
4738.65753704233  40.10551
4738.82391068769  17.17133
4738.99028433304  2.596072
4739.1566579784  18.71049
4739.32303162376  0.5442382
4739.48940526911  -4.522075
