4569.3844756246  12.31445
4569.55078240604  29.18579
4569.71708918749  2.932632
4569.88339596893  -8.58544
4570.04970275037  35.89224
4570.21600953182  56.64922
4570.38231631326  34.1108
4570.54862309471  11.76274
4570.71492987615  -4.822588
4570.88123665759  -7.450161
4571.04754343904  9.196247
4571.21385022048  30.40482
4571.38015700192  50.02324
4571.54646378337  18.90621
4571.71277056481  -1.322651
4571.87907734625  13.81665
4572.0453841277  39.3768
4572.21169090914  22.14198
4572.37799769059  25.23283
4572.54430447203  32.5824
4572.71061125347  17.0729
4572.87691803492  5.530284
4573.04322481636  11.22615
4573.2095315978  14.66396
4573.37583837925  15.40967
4573.54214516069  23.33601
4573.70845194214  22.29429
4573.87475872358  25.81163
4574.04106550502  21.63684
4574.20737228647  5.932749
4574.37367906791  0.107278
4574.53998584935  22.16342
4574.7062926308  11.19584
4574.87259941224  -3.288548
4575.03890619368  19.09863
4575.20521297513  20.11581
4575.37151975657  -11.72234
4575.53782653802  -12.38557
4575.70413331946  32.74441
4575.8704401009  51.02067
4576.03674688235  15.22511
4576.20305366379  29.85272
4576.36936044523  35.65411
4576.53566722668  15.65092
4576.70197400812  8.024496
4576.86828078956  19.22935
4577.03458757101  30.35541
4577.20089435245  30.137
4577.3672011339  19.80024
4577.53350791534  35.83517
4577.69981469678  32.01115
4577.86612147823  20.2803
4578.03242825967  38.18318
4578.19873504111  26.36305
4578.36504182256  10.3154
4578.531348604  -2.047849
4578.69765538545  13.34498
4578.86396216689  26.08739
4579.03026894833  -6.795097
4579.19657572978  14.92259
4579.36288251122  24.31893
4579.52918929266  0.5069602
4579.69549607411  16.42759
4579.86180285555  13.4214
4580.02810963699  20.76119
4580.19441641844  33.13938
4580.36072319988  13.5109
4580.52702998132  19.38476
4580.69333676277  14.48631
4580.85964354421  -6.936797
4581.02595032566  -1.589856
4581.1922571071  36.55033
4581.35856388854  17.29417
4581.52487066999  8.948873
4581.69117745143  -6.818089
4581.85748423288  -10.99809
4582.02379101432  13.70292
4582.19009779576  38.89211
4582.35640457721  31.52742
4582.52271135865  36.9045
4582.68901814009  52.87948
4582.85532492154  32.88317
4583.02163170298  17.32162
4583.18793848442  11.41213
4583.35424526587  -7.232581
4583.52055204731  9.426313
4583.68685882875  15.76778
4583.8531656102  45.01189
4584.01947239164  17.31838
4584.18577917309  -1.995934
4584.35208595453  34.61799
4584.51839273597  26.47121
4584.68469951742  18.22698
4584.85100629886  13.40862
4585.01731308031  14.86639
4585.18361986175  33.15028
4585.34992664319  34.58157
4585.51623342464  25.39825
4585.68254020608  8.614214
4585.84884698752  3.992684
4586.01515376897  12.58742
4586.18146055041  28.59719
4586.34776733185  45.95954
4586.5140741133  41.52285
4586.68038089474  22.107
4586.84668767618  -3.795655
4587.01299445763  28.25663
4587.17930123907  32.02458
4587.34560802052  9.172947
4587.51191480196  8.251184
4587.6782215834  19.62292
4587.84452836485  32.89646
4588.01083514629  38.51344
4588.17714192773  36.56035
4588.34344870918  32.09341
4588.50975549062  35.50858
4588.67606227207  48.37941
4588.84236905351  60.69065
4589.00867583495  18.9771
4589.1749826164  22.27275
4589.34128939784  40.20266
4589.50759617928  10.37646
4589.67390296073  -0.9678714
4589.84020974217  6.91439
4590.00651652361  39.65078
4590.17282330506  43.81144
4590.3391300865  20.31114
4590.50543686795  17.69208
4590.67174364939  9.796097
4590.83805043083  19.15607
4591.00435721228  35.22747
4591.17066399372  39.94348
4591.33697077516  45.99022
4591.50327755661  32.17853
4591.66958433805  45.14678
4591.8358911195  52.24509
4592.00219790094  52.47212
4592.16850468238  35.29466
4592.33481146383  56.38947
4592.50111824527  31.85218
4592.66742502671  18.35001
4592.83373180816  25.35069
4593.0000385896  28.23169
4593.16634537104  26.39179
4593.33265215249  13.60544
4593.49895893393  36.59673
4593.66526571537  22.58829
4593.83157249682  23.31255
4593.99787927826  68.30409
4594.16418605971  28.76926
4594.33049284115  21.9722
4594.49679962259  -0.04343237
4594.66310640404  0.6881975
4594.82941318548  51.38156
4594.99571996693  39.55746
4595.16202674837  27.28048
4595.32833352981  18.36362
4595.49464031126  19.00383
4595.6609470927  9.057199
4595.82725387414  5.279533
4595.99356065559  23.26302
4596.15986743703  -1.065532
4596.32617421847  20.03649
4596.49248099992  80.3168
4596.65878778136  45.36231
4596.8250945628  56.62085
4596.99140134425  51.29664
4597.15770812569  53.12265
4597.32401490714  47.35778
4597.49032168858  53.92295
4597.65662847002  39.54634
4597.82293525147  15.79019
4597.98924203291  3.321128
4598.15554881435  42.53979
4598.3218555958  44.34654
4598.48816237724  60.43662
4598.65446915869  65.06586
4598.82077594013  21.99231
4598.98708272157  15.23156
4599.15338950302  0.9756476
4599.31969628446  18.13718
4599.4860030659  39.8743
4599.65230984735  54.72356
4599.81861662879  43.90306
4599.98492341023  30.15558
4600.15123019168  22.60085
4600.31753697312  15.3856
4600.48384375457  28.81068
4600.65015053601  51.19632
4600.81645731745  56.47823
4600.9827640989  24.77024
4601.14907088034  39.25396
4601.31537766178  43.08072
4601.48168444323  22.33767
4601.64799122467  55.10451
4601.81429800612  60.7519
4601.98060478756  32.42935
4602.146911569  47.54776
4602.31321835045  32.63038
4602.47952513189  40.8804
4602.64583191333  72.71584
4602.81213869478  24.28248
4602.97844547622  26.59546
4603.14475225766  21.776
4603.31105903911  -0.5555435
4603.47736582055  -4.221781
4603.643672602  42.32943
4603.80997938344  60.86817
4603.97628616488  49.53376
4604.14259294633  37.96015
4604.30889972777  55.9503
4604.47520650921  43.98877
4604.64151329066  37.6061
4604.8078200721  45.14456
4604.97412685355  35.76348
4605.14043363499  41.81506
4605.30674041643  31.17404
4605.47304719788  33.3166
4605.63935397932  51.56932
4605.80566076076  49.59755
4605.97196754221  43.04552
4606.13827432365  48.35606
4606.30458110509  63.06005
4606.47088788654  59.4799
4606.63719466798  33.2944
4606.80350144943  34.08869
4606.96980823087  10.39638
4607.13611501231  32.9067
4607.30242179376  22.18274
4607.4687285752  36.07732
4607.63503535664  31.77476
4607.80134213809  27.74509
4607.96764891953  44.5564
4608.13395570097  46.12797
4608.30026248242  52.12089
4608.46656926386  41.83593
4608.63287604531  34.38973
4608.79918282675  46.95108
4608.96548960819  51.1974
4609.13179638964  52.29716
4609.29810317108  52.3338
4609.46440995252  50.41847
4609.63071673397  41.80453
4609.79702351541  54.30435
4609.96333029686  46.74715
4610.1296370783  31.38054
4610.29594385974  32.28959
4610.46225064119  29.53046
4610.62855742263  44.97164
4610.79486420407  55.84899
4610.96117098552  10.24639
4611.12747776696  10.09908
4611.2937845484  45.68605
4611.46009132985  46.09815
4611.62639811129  49.56474
4611.79270489274  63.26799
4611.95901167418  66.84764
4612.12531845562  56.70391
4612.29162523707  42.22777
4612.45793201851  25.60072
4612.62423879995  3.358624
4612.7905455814  46.43055
4612.95685236284  37.16206
4613.12315914429  54.87928
4613.28946592573  37.49353
4613.45577270717  41.26104
4613.62207948862  40.50747
4613.78838627006  58.96434
4613.9546930515  39.66634
4614.12099983295  50.91566
4614.28730661439  19.87139
4614.45361339583  67.08804
4614.61992017728  66.68072
4614.78622695872  17.86133
4614.95253374017  39.57625
4615.11884052161  53.31593
4615.28514730305  41.80001
4615.4514540845  31.02609
4615.61776086594  59.18119
4615.78406764738  80.91121
4615.95037442883  18.69067
4616.11668121027  20.16056
4616.28298799171  39.34151
4616.44929477316  44.31899
4616.6156015546  69.12727
4616.78190833605  79.03409
4616.94821511749  52.17804
4617.11452189893  21.51334
4617.28082868038  26.36036
4617.44713546182  24.66262
4617.61344224326  44.19759
4617.77974902471  36.13794
4617.94605580615  24.40609
4618.1123625876  36.85493
4618.27866936904  73.22197
4618.44497615048  59.86259
4618.61128293193  53.19922
4618.77758971337  61.02853
4618.94389649481  53.72408
4619.11020327626  70.34705
4619.2765100577  51.3604
4619.44281683914  30.00869
4619.60912362059  42.41514
4619.77543040203  17.32058
4619.94173718348  13.7988
4620.10804396492  30.80035
4620.27435074636  56.98118
4620.44065752781  81.81856
4620.60696430925  20.12883
4620.77327109069  47.0431
4620.93957787214  50.85265
4621.10588465358  34.15418
4621.27219143502  36.4159
4621.43849821647  22.2242
4621.60480499791  21.40962
4621.77111177936  39.23248
4621.9374185608  54.39962
4622.10372534224  48.02967
4622.27003212369  26.03402
4622.43633890513  26.3698
4622.60264568657  31.07706
4622.76895246802  30.14798
4622.93525924946  55.80684
4623.1015660309  39.82388
4623.26787281235  38.50884
4623.43417959379  26.95292
4623.60048637524  24.91487
4623.76679315668  40.01722
4623.93309993812  40.61456
4624.09940671957  48.40192
4624.26571350101  60.56271
4624.43202028245  58.7621
4624.5983270639  48.54322
4624.76463384534  69.66047
4624.93094062679  65.89598
4625.09724740823  55.73057
4625.26355418967  62.77853
4625.42986097112  38.29098
4625.59616775256  2.461313
4625.762474534  9.905859
4625.92878131545  45.73008
4626.09508809689  43.36316
4626.26139487833  42.9068
4626.42770165978  65.11858
4626.59400844122  60.76849
4626.76031522267  43.89927
4626.92662200411  47.82843
4627.09292878555  57.09179
4627.259235567  47.06572
4627.42554234844  103.1391
4627.59184912988  54.64927
4627.75815591133  59.08889
4627.92446269277  55.82937
4628.09076947422  40.25879
4628.25707625566  13.81416
4628.4233830371  29.01192
4628.58968981855  51.27294
4628.75599659999  44.79847
4628.92230338143  44.59819
4629.08861016288  48.29169
4629.25491694432  53.39367
4629.42122372576  51.71794
4629.58753050721  37.15522
4629.75383728865  34.75119
4629.9201440701  55.72663
4630.08645085154  71.53602
4630.25275763298  65.11558
4630.41906441443  33.42607
4630.58537119587  58.519
4630.75167797731  44.00407
4630.91798475876  33.29963
4631.0842915402  33.47125
4631.25059832165  30.82303
4631.41690510309  26.29546
4631.58321188453  28.50453
4631.74951866598  47.04821
4631.91582544742  79.05501
4632.08213222886  65.50019
4632.24843901031  58.08577
4632.41474579175  68.92949
4632.58105257319  37.13187
4632.74735935464  67.93473
4632.91366613608  51.53813
4633.07997291752  40.76763
4633.24627969897  49.9874
4633.41258648041  18.85597
4633.57889326186  38.89336
4633.7452000433  63.37473
4633.91150682474  45.5092
4634.07781360619  68.44337
4634.24412038763  57.52535
4634.41042716907  31.75459
4634.57673395052  57.53223
4634.74304073196  75.77883
4634.90934751341  51.56273
4635.07565429485  47.40428
4635.24196107629  31.14749
4635.40826785774  22.89139
4635.57457463918  52.95015
4635.74088142062  53.90253
4635.90718820207  69.19633
4636.07349498351  85.40837
4636.23980176495  57.27137
4636.4061085464  49.32165
4636.57241532784  71.17229
4636.73872210929  76.27957
4636.90502889073  99.70558
4637.07133567217  76.98561
4637.23764245362  38.38928
4637.40394923506  36.50248
4637.5702560165  34.22578
4637.73656279795  33.97432
4637.90286957939  57.32255
4638.06917636084  49.63962
4638.23548314228  96.34949
4638.40178992372  67.69613
4638.56809670517  56.58909
4638.73440348661  40.91765
4638.90071026805  46.58801
4639.0670170495  69.36922
4639.23332383094  47.94888
4639.39963061238  40.57167
4639.56593739383  90.26591
4639.73224417527  60.11428
4639.89855095672  58.45355
4640.06485773816  49.07798
4640.2311645196  58.86963
4640.39747130105  55.10544
4640.56377808249  72.96212
4640.73008486393  56.40236
4640.89639164538  62.08872
4641.06269842682  77.58942
4641.22900520826  63.82846
4641.39531198971  94.455
4641.56161877115  90.32826
4641.7279255526  50.34544
4641.89423233404  48.14739
4642.06053911548  71.58994
4642.22684589693  55.38828
4642.39315267837  57.30396
4642.55945945982  91.9165
4642.72576624126  95.6173
4642.8920730227  76.68211
4643.05837980415  68.63026
4643.22468658559  83.8455
4643.39099336703  78.85016
4643.55730014848  55.88301
4643.72360692992  55.54193
4643.88991371136  36.00157
4644.05622049281  23.68595
4644.22252727425  50.93819
4644.38883405569  86.95206
4644.55514083714  92.97875
4644.72144761858  54.9918
4644.88775440003  52.95422
4645.05406118147  60.88246
4645.22036796291  63.15044
4645.38667474436  67.20334
4645.5529815258  48.47337
4645.71928830724  58.29083
4645.88559508869  74.70199
4646.05190187013  66.42439
4646.21820865157  55.00873
4646.38451543302  91.43208
4646.55082221446  57.9378
4646.71712899591  47.4824
4646.88343577735  61.43078
4647.04974255879  71.71391
4647.21604934024  66.22765
4647.38235612168  45.6184
4647.54866290312  54.94393
4647.71496968457  79.14065
4647.88127646601  50.87477
4648.04758324746  56.87855
4648.2138900289  113.0133
4648.38019681034  86.15732
4648.54650359179  42.9227
4648.71281037323  50.83801
4648.87911715467  52.5789
4649.04542393612  55.78406
4649.21173071756  51.41438
4649.37803749901  80.65043
4649.54434428045  61.8507
4649.71065106189  70.05758
4649.87695784334  70.10796
4650.04326462478  69.99558
4650.20957140622  73.5708
4650.37587818767  54.73175
4650.54218496911  60.1378
4650.70849175055  42.68518
4650.874798532  54.62391
4651.04110531344  75.81892
4651.20741209489  48.34526
4651.37371887633  39.48257
4651.54002565777  48.71205
4651.70633243922  80.28942
4651.87263922066  87.49645
4652.0389460021  82.44967
4652.20525278355  46.8709
4652.37155956499  86.15972
4652.53786634644  73.32272
4652.70417312788  58.16638
4652.87047990932  63.0969
4653.03678669077  99.52455
4653.20309347221  63.41042
4653.36940025365  35.1078
4653.5357070351  64.69228
4653.70201381654  65.4147
4653.86832059798  63.87631
4654.03462737943  63.3624
4654.20093416087  83.83425
4654.36724094232  51.66924
4654.53354772376  59.991
4654.6998545052  78.83253
4654.86616128665  83.26006
4655.03246806809  75.99945
4655.19877484953  68.97695
4655.36508163098  59.06527
4655.53138841242  97.99391
4655.69769519387  63.34415
4655.86400197531  44.37172
4656.03030875675  94.62795
4656.1966155382  78.99658
4656.36292231964  72.06296
4656.52922910108  42.32714
4656.69553588253  45.14972
4656.86184266397  62.32552
4657.02814944541  95.09117
4657.19445622686  89.28246
4657.3607630083  68.36309
4657.52706978975  85.49991
4657.69337657119  63.01394
4657.85968335263  69.09276
4658.02599013408  29.14689
4658.19229691552  45.31111
4658.35860369696  70.34137
4658.52491047841  77.75259
4658.69121725985  71.36556
4658.85752404129  57.96395
4659.02383082274  66.21587
4659.19013760418  79.95341
4659.35644438563  44.1018
4659.52275116707  72.73244
4659.68905794851  70.79282
4659.85536472996  55.00529
4660.0216715114  47.01869
4660.18797829284  59.26702
4660.35428507429  41.81326
4660.52059185573  51.00314
4660.68689863717  50.4944
4660.85320541862  38.60337
4661.01951220006  41.65764
4661.18581898151  63.69823
4661.35212576295  44.30782
4661.51843254439  79.56602
4661.68473932584  82.06834
4661.85104610728  38.93321
4662.01735288872  61.94625
4662.18365967017  49.54086
4662.34996645161  67.20943
4662.51627323306  41.22395
4662.6825800145  72.98806
4662.84888679594  68.14638
4663.01519357739  64.38833
4663.18150035883  59.81094
4663.34780714027  62.99587
4663.51411392172  52.07515
4663.68042070316  91.52356
4663.8467274846  76.43297
4664.01303426605  54.15621
4664.17934104749  74.51163
4664.34564782894  88.06258
4664.51195461038  58.65343
4664.67826139182  46.79177
4664.84456817327  55.12089
4665.01087495471  49.99482
4665.17718173615  72.73582
4665.3434885176  64.55756
4665.50979529904  62.52943
4665.67610208048  84.64805
4665.84240886193  58.04225
4666.00871564337  72.50894
4666.17502242482  65.11655
4666.34132920626  96.62246
4666.5076359877  73.26549
4666.67394276915  68.26273
4666.84024955059  69.57899
4667.00655633203  64.25185
4667.17286311348  96.57969
4667.33916989492  98.12498
4667.50547667637  78.80297
4667.67178345781  105.3766
4667.83809023925  96.90355
4668.0043970207  69.17226
4668.17070380214  67.48613
4668.33701058358  68.51242
4668.50331736503  72.47025
4668.66962414647  89.0768
4668.83593092791  76.61781
4669.00223770936  82.16346
4669.1685444908  47.31417
4669.33485127225  82.38816
4669.50115805369  66.36152
4669.66746483513  69.78826
4669.83377161658  63.59144
4670.00007839802  46.84835
4670.16638517946  56.80728
4670.33269196091  71.26285
4670.49899874235  17.62084
4670.6653055238  87.60041
4670.83161230524  78.94859
4670.99791908668  76.61335
4671.16422586813  71.49038
4671.33053264957  62.3494
4671.49683943101  63.36497
4671.66314621246  85.02419
4671.8294529939  75.60928
4671.99575977534  67.49999
4672.16206655679  71.87565
4672.32837333823  84.30976
4672.49468011968  70.17562
4672.66098690112  71.72336
4672.82729368256  85.32283
4672.99360046401  89.15196
4673.15990724545  48.92326
4673.32621402689  76.16513
4673.49252080834  89.91116
4673.65882758978  70.26035
4673.82513437122  85.1871
4673.99144115267  99.95006
4674.15774793411  107.1747
4674.32405471556  97.07652
4674.490361497  65.72787
4674.65666827844  58.16295
4674.82297505989  65.66438
4674.98928184133  65.21309
4675.15558862277  63.52055
4675.32189540422  77.99534
4675.48820218566  77.98794
4675.65450896711  71.43449
4675.82081574855  52.12518
4675.98712252999  63.04208
4676.15342931144  79.0711
4676.31973609288  67.12348
4676.48604287432  92.2192
4676.65234965577  90.17988
4676.81865643721  113.323
4676.98496321865  94.9883
4677.1512700001  85.04823
4677.31757678154  67.79288
4677.48388356299  65.62646
4677.65019034443  70.34382
4677.81649712587  113.2606
4677.98280390732  126.796
4678.14911068876  70.7479
4678.3154174702  60.77725
4678.48172425165  65.30991
4678.64803103309  112.6568
4678.81433781453  90.73601
4678.98064459598  55.97015
4679.14695137742  73.38236
4679.31325815887  99.19076
4679.47956494031  106.0063
4679.64587172175  87.1399
4679.8121785032  83.94019
4679.97848528464  61.2808
4680.14479206608  68.75591
4680.31109884753  72.92728
4680.47740562897  92.60859
4680.64371241041  87.4978
4680.81001919186  62.45918
4680.9763259733  67.70662
4681.14263275475  78.19724
4681.30893953619  92.71452
4681.47524631763  85.80182
4681.64155309908  71.30956
4681.80785988052  94.03883
4681.97416666196  79.77071
4682.14047344341  73.64931
4682.30678022485  92.02406
4682.4730870063  105.7013
4682.63939378774  70.76189
4682.80570056918  79.13018
4682.97200735063  76.96912
4683.13831413207  99.32792
4683.30462091351  93.5556
4683.47092769496  70.03844
4683.6372344764  78.63338
4683.80354125784  65.17938
4683.96984803929  61.45206
4684.13615482073  68.11089
4684.30246160218  103.5286
4684.46876838362  98.17742
4684.63507516506  81.68019
4684.80138194651  73.39166
4684.96768872795  91.17604
4685.13399550939  62.95676
4685.30030229084  69.0553
4685.46660907228  92.27525
4685.63291585373  79.49704
4685.79922263517  71.0336
4685.96552941661  41.78643
4686.13183619806  64.97374
4686.2981429795  66.93192
4686.46444976094  47.96117
4686.63075654239  69.94881
4686.79706332383  101.3834
4686.96337010527  108.6878
4687.12967688672  46.88074
4687.29598366816  101.9446
4687.46229044961  93.40092
4687.62859723105  56.25356
4687.79490401249  51.18149
4687.96121079394  79.34149
4688.12751757538  57.31432
4688.29382435682  33.87727
4688.46013113827  37.13034
4688.62643791971  40.57123
4688.79274470116  88.05886
4688.9590514826  77.40252
4689.12535826404  109.063
4689.29166504549  70.21568
4689.45797182693  26.01098
4689.62427860837  50.40431
4689.79058538982  48.33058
4689.95689217126  50.45786
4690.1231989527  53.26197
4690.28950573415  43.69773
4690.45581251559  33.35918
4690.62211929703  39.81179
4690.78842607848  48.0372
4690.95473285992  74.98985
4691.12103964137  83.76391
4691.28734642281  35.11786
4691.45365320425  61.45489
4691.6199599857  43.74043
4691.78626676714  36.78036
4691.95257354859  52.05557
4692.11888033003  57.6799
4692.28518711147  52.11682
4692.45149389292  62.1472
4692.61780067436  63.29572
4692.7841074558  64.6622
4692.95041423725  57.28894
4693.11672101869  47.61462
4693.28302780013  85.50433
4693.44933458158  72.62067
4693.61564136302  43.56005
4693.78194814446  67.03481
4693.94825492591  68.7606
4694.11456170735  57.25651
4694.2808684888  48.61486
4694.44717527024  58.4991
4694.61348205168  69.17141
4694.77978883313  80.98915
4694.94609561457  47.09949
4695.11240239602  46.36391
4695.27870917746  56.84092
4695.4450159589  48.74685
4695.61132274035  81.11254
4695.77762952179  49.66877
4695.94393630323  48.94568
4696.11024308468  61.71972
4696.27654986612  47.04162
4696.44285664756  62.56503
4696.60916342901  69.1821
4696.77547021045  57.31964
4696.94177699189  49.9271
4697.10808377334  37.53629
4697.27439055478  59.70889
4697.44069733623  44.56389
4697.60700411767  15.92304
4697.77331089911  17.50607
4697.93961768056  48.49401
4698.105924462  38.7914
4698.27223124344  33.80119
4698.43853802489  49.87953
4698.60484480633  62.20233
4698.77115158778  32.2973
4698.93745836922  21.76617
4699.10376515066  27.96757
4699.27007193211  11.95421
4699.43637871355  19.11801
4699.60268549499  52.3789
4699.76899227644  94.62886
4699.93529905788  51.46132
4700.10160583932  53.20668
4700.26791262077  22.86632
4700.43421940221  26.95573
4700.60052618366  58.96968
4700.7668329651  51.83946
4700.93313974654  56.22879
4701.09944652799  24.82489
4701.26575330943  22.2954
4701.43206009087  47.14135
4701.59836687232  34.20463
4701.76467365376  15.28255
4701.93098043521  50.99895
4702.09728721665  61.77195
4702.26359399809  75.81097
4702.42990077954  66.97017
4702.59620756098  24.64209
4702.76251434242  25.71987
4702.92882112387  26.35994
4703.09512790531  20.30708
4703.26143468675  46.86372
4703.4277414682  54.23428
4703.59404824964  27.72332
4703.76035503108  45.2027
4703.92666181253  66.54607
4704.09296859397  51.55531
4704.25927537542  27.66861
4704.42558215686  -2.761213
4704.5918889383  8.079638
4704.75819571975  61.86003
4704.92450250119  77.52417
4705.09080928263  63.39252
4705.25711606408  37.71383
4705.42342284552  40.23328
4705.58972962697  46.02333
4705.75603640841  18.06987
4705.92234318985  20.12258
4706.0886499713  54.12536
4706.25495675274  15.90883
4706.42126353418  25.77799
4706.58757031563  44.86225
4706.75387709707  48.04382
4706.92018387851  47.26823
4707.08649065996  6.429346
4707.2527974414  19.50371
4707.41910422285  69.93819
4707.58541100429  50.55581
4707.75171778573  43.8339
4707.91802456718  26.73648
4708.08433134862  56.4593
4708.25063813006  53.33833
4708.41694491151  20.19671
4708.58325169295  37.84086
4708.7495584744  77.21147
4708.91586525584  57.04913
4709.08217203728  19.8951
4709.24847881873  38.8788
4709.41478560017  38.68167
4709.58109238161  51.73067
4709.74739916306  57.89442
4709.9137059445  34.1535
4710.08001272594  35.06466
4710.24631950739  26.40708
4710.41262628883  42.19775
4710.57893307028  34.92511
4710.74523985172  7.343237
4710.91154663316  21.247
4711.07785341461  9.68442
4711.24416019605  49.14787
4711.41046697749  53.39059
4711.57677375894  27.47747
4711.74308054038  22.41942
4711.90938732183  37.26949
4712.07569410327  43.01008
4712.24200088471  11.71318
4712.40830766616  2.554245
4712.5746144476  26.95042
4712.74092122904  61.47065
4712.90722801049  39.56613
4713.07353479193  34.24762
4713.23984157337  53.82172
4713.40614835482  22.06585
4713.57245513626  48.19402
4713.73876191771  32.18245
4713.90506869915  14.60003
4714.07137548059  29.45186
4714.23768226204  62.23354
4714.40398904348  50.40174
4714.57029582492  36.10043
4714.73660260637  20.74063
4714.90290938781  12.65778
4715.06921616926  21.31003
4715.2355229507  12.21409
4715.40182973214  19.55849
4715.56813651359  33.3577
4715.73444329503  8.821973
4715.90075007647  9.154175
4716.06705685792  31.9164
4716.23336363936  28.49658
4716.3996704208  39.42293
4716.56597720225  35.0115
4716.73228398369  30.59425
4716.89859076514  10.25581
4717.06489754658  16.94672
4717.23120432802  20.93345
4717.39751110947  -8.738522
4717.56381789091  14.16385
4717.73012467235  35.71599
4717.8964314538  -0.1331549
4718.06273823524  7.017546
4718.22904501668  28.23858
4718.39535179813  34.07888
4718.56165857957  8.609677
4718.72796536102  43.23512
4718.89427214246  56.38652
4719.0605789239  5.160224
4719.22688570535  8.002129
4719.39319248679  -14.60672
4719.55949926823  13.52959
4719.72580604968  12.41246
4719.89211283112  36.56613
4720.05841961256  36.55868
4720.22472639401  14.52885
4720.39103317545  16.78873
4720.5573399569  3.671659
4720.72364673834  -17.73167
4720.88995351978  4.199712
4721.05626030123  27.06489
4721.22256708267  8.439968
4721.38887386411  21.52206
4721.55518064556  -3.594235
4721.721487427  34.18852
4721.88779420845  9.875566
4722.05410098989  20.18505
4722.22040777133  40.09648
4722.38671455278  41.82044
4722.55302133422  9.413828
4722.71932811566  16.33038
4722.88563489711  21.72782
4723.05194167855  9.904175
4723.21824845999  -2.569445
4723.38455524144  -13.69778
4723.55086202288  17.56986
4723.71716880433  28.95798
4723.88347558577  26.69516
4724.04978236721  18.25977
4724.21608914866  29.89028
4724.3823959301  6.508605
4724.54870271154  16.10004
4724.71500949299  41.28373
4724.88131627443  33.81107
4725.04762305588  22.6455
4725.21392983732  53.23733
4725.38023661876  1.080706
4725.54654340021  18.73916
4725.71285018165  -14.36436
4725.87915696309  -21.15048
4726.04546374454  11.94418
4726.21177052598  1.093275
4726.37807730742  8.949111
4726.54438408887  27.53504
4726.71069087031  35.73991
4726.87699765176  26.52839
4727.0433044332  30.07668
4727.20961121464  25.48048
4727.37591799609  18.82948
4727.54222477753  12.15665
4727.70853155897  12.51157
4727.87483834042  24.98588
4728.04114512186  25.44785
4728.20745190331  0.398734
4728.37375868475  1.663335
4728.54006546619  -2.996527
4728.70637224764  16.92281
4728.87267902908  -4.452422
4729.03898581052  33.44707
4729.20529259197  -0.2211793
4729.37159937341  25.41703
4729.53790615485  35.1413
4729.7042129363  17.52612
4729.87051971774  27.08762
4730.03682649918  -2.408595
4730.20313328063  17.51123
4730.36944006207  31.46135
4730.53574684352  -7.329862
4730.70205362496  -7.598801
4730.8683604064  -8.497605
4731.03466718785  17.60639
4731.20097396929  22.62988
4731.36728075073  34.73138
4731.53358753218  5.013669
4731.69989431362  10.84719
4731.86620109507  46.21103
4732.03250787651  47.58748
4732.19881465795  7.709788
4732.3651214394  32.02256
4732.53142822084  47.90508
4732.69773500228  19.73048
4732.86404178373  14.16818
4733.03034856517  -6.034064
4733.19665534661  -4.145624
4733.36296212806  0.2876566
4733.5292689095  33.45511
4733.69557569095  19.17074
4733.86188247239  -13.83113
4734.02818925383  4.19146
4734.19449603528  2.937023
4734.36080281672  32.9724
4734.52710959816  11.67884
4734.69341637961  -34.22826
4734.85972316105  18.18314
4735.0260299425  5.506583
4735.19233672394  12.50311
4735.35864350538  6.948903
4735.52495028683  4.727861
4735.69125706827  23.66765
4735.85756384971  8.686904
4736.02387063116  -15.78657
4736.1901774126  -14.98717
4736.35648419404  8.729272
4736.52279097549  -14.12466
4736.68909775693  8.644872
4736.85540453838  -1.542678
4737.02171131982  13.74618
4737.18801810126  14.73656
4737.35432488271  -2.540962
4737.52063166415  -23.66038
4737.68693844559  -10.44669
4737.85324522704  11.28477
4738.01955200848  17.14686
4738.18585878993  35.9654
4738.35216557137  -3.327207
4738.51847235281  31.82026
4738.68477913426  13.07104
4738.8510859157  -23.46251
4739.01739269714  -10.1556
4739.18369947859  18.16811
4739.35000626003  1.99119
4739.51631304147  -2.427283
