4569.1349449626  -0.9138455
4569.30138415638  -15.05937
4569.46782335016  30.8892
4569.63426254394  14.565
4569.80070173772  17.98034
4569.9671409315  11.15655
4570.13358012529  29.52456
4570.30001931907  58.92342
4570.46645851285  47.02119
4570.63289770663  29.66161
4570.79933690041  19.67728
4570.96577609419  -3.583313
4571.13221528797  -1.348627
4571.29865448175  74.97922
4571.46509367553  59.39506
4571.63153286932  20.63023
4571.7979720631  12.26647
4571.96441125688  -3.678606
4572.13085045066  -10.22895
4572.29728964444  45.32248
4572.46372883822  56.94517
4572.630168032  20.12503
4572.79660722578  -5.060328
4572.96304641956  13.35695
4573.12948561335  44.29276
4573.29592480713  20.50994
4573.46236400091  47.85341
4573.62880319469  10.59507
4573.79524238847  34.1026
4573.96168158225  11.90149
4574.12812077603  -5.234581
4574.29455996981  4.690681
4574.4609991636  6.585949
4574.62743835738  27.57637
4574.79387755116  37.51836
4574.96031674494  22.22955
4575.12675593872  10.81535
4575.2931951325  15.47397
4575.45963432628  -0.5522006
4575.62607352006  -32.61169
4575.79251271384  8.256036
4575.95895190763  -6.362359
4576.12539110141  -2.565153
4576.29183029519  24.3253
4576.45826948897  43.8665
4576.62470868275  12.14375
4576.79114787653  10.29164
4576.95758707031  -5.678123
4577.12402626409  -4.517502
4577.29046545788  34.49972
4577.45690465166  48.30814
4577.62334384544  48.02601
4577.78978303922  28.86609
4577.956222233  -6.309296
4578.12266142678  24.27089
4578.28910062056  14.20133
4578.45553981434  4.33866
4578.62197900812  38.89661
4578.78841820191  64.62234
4578.95485739569  74.05442
4579.12129658947  50.12904
4579.28773578325  29.94131
4579.45417497703  57.7437
4579.62061417081  89.97809
4579.78705336459  83.88797
4579.95349255837  46.16531
4580.11993175215  11.85125
4580.28637094594  27.14801
4580.45281013972  71.99695
4580.6192493335  72.28017
4580.78568852728  21.29395
4580.95212772106  24.78183
4581.11856691484  31.5066
4581.28500610862  16.43781
4581.4514453024  -11.5811
4581.61788449618  21.5889
4581.78432368997  48.8363
4581.95076288375  44.95784
4582.11720207753  47.75639
4582.28364127131  44.22726
4582.45008046509  41.8445
4582.61651965887  55.30625
4582.78295885265  29.22169
4582.94939804643  3.194555
4583.11583724021  58.32894
4583.282276434  27.79938
4583.44871562778  33.04053
4583.61515482156  45.26119
4583.78159401534  48.40317
4583.94803320912  29.69842
4584.1144724029  19.27263
4584.28091159668  52.2738
4584.44735079046  39.66237
4584.61378998424  18.09901
4584.78022917803  39.80091
4584.94666837181  34.56961
4585.11310756559  26.48457
4585.27954675937  48.86523
4585.44598595315  62.11172
4585.61242514693  93.13384
4585.77886434071  56.03938
4585.94530353449  38.15223
4586.11174272827  49.67125
4586.27818192206  76.1497
4586.44462111584  38.94027
4586.61106030962  55.64062
4586.7774995034  48.51242
4586.94393869718  65.8945
4587.11037789096  51.84572
4587.27681708474  46.41291
4587.44325627852  76.78136
4587.60969547231  49.33006
4587.77613466609  75.28065
4587.94257385987  98.08542
4588.10901305365  26.32738
4588.27545224743  58.65153
4588.44189144121  59.36821
4588.60833063499  44.90319
4588.77476982877  39.46398
4588.94120902255  46.63158
4589.10764821634  71.50659
4589.27408741012  76.88174
4589.4405266039  118.351
4589.60696579768  87.57412
4589.77340499146  20.41797
4589.93984418524  41.58595
4590.10628337902  52.13825
4590.2727225728  50.37464
4590.43916176658  80.29128
4590.60560096037  37.15062
4590.77204015415  45.53642
4590.93847934793  78.58266
4591.10491854171  73.96272
4591.27135773549  72.66251
4591.43779692927  70.13849
4591.60423612305  32.39235
4591.77067531683  12.9041
4591.93711451061  31.4917
4592.1035537044  57.02956
4592.26999289818  54.85956
4592.43643209196  43.82701
4592.60287128574  57.14317
4592.76931047952  91.91089
4592.9357496733  83.34142
4593.10218886708  33.85975
4593.26862806086  38.25902
4593.43506725464  63.41231
4593.60150644842  88.36001
4593.76794564221  87.18723
4593.93438483599  47.07042
4594.10082402977  57.03625
4594.26726322355  57.50856
4594.43370241733  66.52711
4594.60014161111  42.65762
4594.76658080489  72.90788
4594.93301999867  86.44877
4595.09945919246  118.1461
4595.26589838624  63.66747
4595.43233758002  4.90713
4595.5987767738  60.29424
4595.76521596758  86.42442
4595.93165516136  76.79087
4596.09809435514  49.33117
4596.26453354892  47.55731
4596.4309727427  65.02216
4596.59741193649  80.54226
4596.76385113027  49.40009
4596.93029032405  39.14793
4597.09672951783  95.90051
4597.26316871161  138.3234
4597.42960790539  117.1512
4597.59604709917  113.7
4597.76248629295  57.65942
4597.92892548674  74.23676
4598.09536468052  92.63407
4598.2618038743  42.70907
4598.42824306808  29.89527
4598.59468226186  45.69903
4598.76112145564  59.64515
4598.92756064942  56.45618
4599.0939998432  63.02563
4599.26043903698  86.77171
4599.42687823077  42.94862
4599.59331742455  79.64082
4599.75975661833  86.49198
4599.92619581211  91.76086
4600.09263500589  70.49376
4600.25907419967  53.18867
4600.42551339345  60.80969
4600.59195258723  66.99118
4600.75839178101  69.93489
4600.9248309748  78.96233
4601.09127016858  99.29468
4601.25770936236  60.7867
4601.42414855614  13.44128
4601.59058774992  63.94408
4601.7570269437  72.98003
4601.92346613748  22.0006
4602.08990533126  63.03249
4602.25634452504  71.45132
4602.42278371883  83.94186
4602.58922291261  98.32043
4602.75566210639  67.00338
4602.92210130017  89.66171
4603.08854049395  74.73104
4603.25497968773  55.96895
4603.42141888151  42.47186
4603.58785807529  69.98696
4603.75429726907  104.2046
4603.92073646286  74.70721
4604.08717565664  40.31817
4604.25361485042  49.29391
4604.4200540442  62.58453
4604.58649323798  79.94057
4604.75293243176  94.93245
4604.91937162554  66.46765
4605.08581081932  55.25764
4605.2522500131  95.55436
4605.41868920689  76.67555
4605.58512840067  46.17924
4605.75156759445  92.71931
4605.91800678823  80.78371
4606.08444598201  83.3493
4606.25088517579  84.76057
4606.41732436957  102.798
4606.58376356335  110.7998
4606.75020275713  82.83243
4606.91664195092  82.90582
4607.0830811447  72.98633
4607.24952033848  76.24667
4607.41595953226  104.0233
4607.58239872604  66.79422
4607.74883791982  33.28303
4607.9152771136  57.23522
4608.08171630738  53.39667
4608.24815550117  65.07028
4608.41459469495  88.58466
4608.58103388873  73.17249
4608.74747308251  101.841
4608.91391227629  69.69807
4609.08035147007  66.83158
4609.24679066385  100.2554
4609.41322985763  79.76736
4609.57966905142  40.20055
4609.7461082452  70.29226
4609.91254743898  101.4089
4610.07898663276  102.8405
4610.24542582654  93.76509
4610.41186502032  113.0635
4610.5783042141  72.20418
4610.74474340788  59.83205
4610.91118260166  92.55685
4611.07762179544  97.45022
4611.24406098923  62.80204
4611.41050018301  62.52953
4611.57693937679  90.16049
4611.74337857057  73.5634
4611.90981776435  92.33492
4612.07625695813  107.2456
4612.24269615191  70.49812
4612.40913534569  76.78851
4612.57557453948  77.54091
4612.74201373326  77.86742
4612.90845292704  71.02373
4613.07489212082  112.0028
4613.2413313146  114.4934
4613.40777050838  56.98155
4613.57420970216  66.73599
4613.74064889594  26.12827
4613.90708808972  79.85309
4614.0735272835  65.29642
4614.23996647729  82.2027
4614.40640567107  109.5638
4614.57284486485  80.62929
4614.73928405863  73.89825
4614.90572325241  112.0951
4615.07216244619  106.7772
4615.23860163997  97.37585
4615.40504083375  119.686
4615.57148002753  86.66302
4615.73791922132  71.46703
4615.9043584151  74.66251
4616.07079760888  66.41434
4616.23723680266  54.4177
4616.40367599644  84.04047
4616.57011519022  93.94772
4616.736554384  53.58319
4616.90299357778  66.27859
4617.06943277157  79.28364
4617.23587196535  62.60659
4617.40231115913  108.6513
4617.56875035291  105.9991
4617.73518954669  126.4906
4617.90162874047  56.89704
4618.06806793425  94.28281
4618.23450712803  115.7987
4618.40094632182  102.4782
4618.5673855156  106.1757
4618.73382470938  103.0808
4618.90026390316  63.6989
4619.06670309694  62.67427
4619.23314229072  101.1975
4619.3995814845  92.20528
4619.56602067828  79.67214
4619.73245987206  85.72409
4619.89889906584  109.7952
4620.06533825963  97.52593
4620.23177745341  76.39764
4620.39821664719  53.73434
4620.56465584097  101.1055
4620.73109503475  95.24113
4620.89753422853  63.2735
4621.06397342231  41.18227
4621.23041261609  82.23089
4621.39685180987  79.84283
4621.56329100366  52.61518
4621.72973019744  82.62438
4621.89616939122  26.45161
4622.062608585  55.45757
4622.22904777878  110.731
4622.39548697256  119.2131
4622.56192616634  101.5974
4622.72836536012  77.14017
4622.8948045539  73.34847
4623.06124374769  82.9154
4623.22768294147  95.5075
4623.39412213525  66.24828
4623.56056132903  63.62499
4623.72700052281  108.8518
4623.89343971659  103.9119
4624.05987891037  65.01349
4624.22631810415  66.06428
4624.39275729793  139.7477
4624.55919649171  112.9368
4624.7256356855  52.93707
4624.89207487928  104.258
4625.05851407306  104.1805
4625.22495326684  102.685
4625.39139246062  104.8707
4625.5578316544  84.37172
4625.72427084818  85.19373
4625.89071004196  96.27361
4626.05714923575  124.9156
4626.22358842953  77.02891
4626.39002762331  98.60228
4626.55646681709  101.7299
4626.72290601087  87.6388
4626.88934520465  59.70223
4627.05578439843  46.16845
4627.22222359221  80.45205
4627.388662786  94.38892
4627.55510197978  91.97189
4627.72154117356  84.0929
4627.88798036734  67.1599
4628.05441956112  52.277
4628.2208587549  68.96018
4628.38729794868  57.00121
4628.55373714246  28.45063
4628.72017633624  81.69021
4628.88661553003  114.4794
4629.05305472381  92.13261
4629.21949391759  130.9033
4629.38593311137  147.5085
4629.55237230515  101.2657
4629.71881149893  108.6866
4629.88525069271  115.2972
4630.05168988649  107.9782
4630.21812908027  120.5302
4630.38456827406  66.37069
4630.55100746784  104.8769
4630.71744666162  137.8223
4630.8838858554  105.3002
4631.05032504918  68.63029
4631.21676424296  85.82669
4631.38320343674  91.50846
4631.54964263052  140.3201
4631.7160818243  168.2459
4631.88252101809  45.12524
4632.04896021187  97.47765
4632.21539940565  119.0723
4632.38183859943  83.01064
4632.54827779321  103.2294
4632.71471698699  104.2104
4632.88115618077  115.1855
4633.04759537455  107.7991
4633.21403456833  63.67406
4633.38047376212  111.4238
4633.5469129559  137.7656
4633.71335214968  74.57515
4633.87979134346  77.71889
4634.04623053724  91.14373
4634.21266973102  82.92243
4634.3791089248  99.32914
4634.54554811858  107.4278
4634.71198731236  112.8171
4634.87842650615  126.2697
4635.04486569993  150.2132
4635.21130489371  132.1871
4635.37774408749  98.93639
4635.54418328127  101.9545
4635.71062247505  79.8211
4635.87706166883  107.7762
4636.04350086261  129.3789
4636.20994005639  76.19267
4636.37637925018  106.03
4636.54281844396  104.9757
4636.70925763774  88.57535
4636.87569683152  52.74039
4637.0421360253  112.7379
4637.20857521908  73.30756
4637.37501441286  115.3479
4637.54145360664  170.4356
4637.70789280043  134.7886
4637.87433199421  51.09182
4638.04077118799  56.33801
4638.20721038177  75.91898
4638.37364957555  67.57401
4638.54008876933  87.15047
4638.70652796311  107.7228
4638.87296715689  125.8542
4639.03940635067  128.9383
4639.20584554445  127.1219
4639.37228473824  110.8642
4639.53872393202  119.9168
4639.7051631258  120.4079
4639.87160231958  126.5629
4640.03804151336  136.7876
4640.20448070714  136.2866
4640.37091990092  143.9093
4640.5373590947  139.4275
4640.70379828849  118.3393
4640.87023748227  120.5624
4641.03667667605  147.2781
4641.20311586983  110.6876
4641.36955506361  118.3582
4641.53599425739  143.7666
4641.70243345117  110.0059
4641.86887264495  101.1663
4642.03531183873  136.4623
4642.20175103252  120.6159
4642.3681902263  104.3641
4642.53462942008  126.6289
4642.70106861386  128.3722
4642.86750780764  109.6753
4643.03394700142  81.93091
4643.2003861952  102.2147
4643.36682538898  90.48763
4643.53326458276  126.3706
4643.69970377655  134.5505
4643.86614297033  122.9454
4644.03258216411  135.8984
4644.19902135789  138.7968
4644.36546055167  123.2455
4644.53189974545  114.1785
4644.69833893923  106.296
4644.86477813301  139.7238
4645.03121732679  157.1195
4645.19765652058  135.7067
4645.36409571436  128.3191
4645.53053490814  111.9448
4645.69697410192  99.05937
4645.8634132957  96.13449
4646.02985248948  88.59382
4646.19629168326  121.5599
4646.36273087704  90.34483
4646.52917007082  69.09118
4646.69560926461  105.7928
4646.86204845839  119.1283
4647.02848765217  135.7067
4647.19492684595  108.906
4647.36136603973  100.8438
4647.52780523351  171.7795
4647.69424442729  87.02863
4647.86068362107  70.58083
4648.02712281485  125.1412
4648.19356200864  160.4842
4648.36000120242  158.6661
4648.5264403962  100.7323
4648.69287958998  139.8478
4648.85931878376  107.4642
4649.02575797754  89.61364
4649.19219717132  110.1648
4649.3586363651  99.67721
4649.52507555889  143.231
4649.69151475267  135.9536
4649.85795394645  153.7778
4650.02439314023  167.7278
4650.19083233401  135.4501
4650.35727152779  121.0514
4650.52371072157  121.872
4650.69014991535  139.5859
4650.85658910913  149.1384
4651.02302830292  107.2926
4651.1894674967  94.46878
4651.35590669048  91.51768
4651.52234588426  77.98326
4651.68878507804  85.2542
4651.85522427182  133.1199
4652.0216634656  125.9423
4652.18810265938  104.7728
4652.35454185316  100.3067
4652.52098104695  105.8285
4652.68742024073  140.7377
4652.85385943451  163.1927
4653.02029862829  110.216
4653.18673782207  78.19153
4653.35317701585  86.38499
4653.51961620963  84.3672
4653.68605540341  90.19924
4653.85249459719  135.756
4654.01893379098  110.4215
4654.18537298476  104.5706
4654.35181217854  96.3965
4654.51825137232  128.3794
4654.6846905661  167.9674
4654.85112975988  129.0748
4655.01756895366  134.0398
4655.18400814744  129.9222
4655.35044734122  151.3013
4655.51688653501  106.1646
4655.68332572879  89.92008
4655.84976492257  169.0861
4656.01620411635  138.333
4656.18264331013  121.7765
4656.34908250391  142.9483
4656.51552169769  126.082
4656.68196089147  136.3957
4656.84840008526  124.4913
4657.01483927904  88.58508
4657.18127847282  154.3146
4657.3477176666  117.3411
4657.51415686038  100.4011
4657.68059605416  117.2854
4657.84703524794  94.9044
4658.01347444172  97.55046
4658.1799136355  96.40234
4658.34635282929  129.9256
4658.51279202307  167.5614
4658.67923121685  113.1244
4658.84567041063  117.2991
4659.01210960441  163.8249
4659.17854879819  124.8983
4659.34498799197  165.2466
4659.51142718575  151.5089
4659.67786637953  110.4759
4659.84430557331  136.3604
4660.0107447671  132.2583
4660.17718396088  104.554
4660.34362315466  91.76116
4660.51006234844  103.6416
4660.67650154222  140.9689
4660.842940736  141.5101
4661.00937992978  148.6298
4661.17581912356  143.5155
4661.34225831735  115.7111
4661.50869751113  76.88962
4661.67513670491  111.4906
4661.84157589869  185.2619
4662.00801509247  142.726
4662.17445428625  97.06844
4662.34089348003  103.8834
4662.50733267381  117.6255
4662.6737718676  96.33136
4662.84021106138  102.7976
4663.00665025516  82.00544
4663.17308944894  72.76273
4663.33952864272  107.9414
4663.5059678365  143.8664
4663.67240703028  138.3529
4663.83884622406  86.24616
4664.00528541784  82.78823
4664.17172461163  86.9165
4664.33816380541  93.27665
4664.50460299919  109.3003
4664.67104219297  130.4165
4664.83748138675  145.0005
4665.00392058053  124.5001
4665.17035977431  89.61816
4665.33679896809  116.152
4665.50323816187  71.96991
4665.66967735566  96.19619
4665.83611654944  140.2648
4666.00255574322  130.4323
4666.168994937  105.0591
4666.33543413078  122.7409
4666.50187332456  92.37625
4666.66831251834  86.52399
4666.83475171212  120.8999
4667.0011909059  99.43326
4667.16763009969  120.3318
4667.33406929347  141.9319
4667.50050848725  123.5246
4667.66694768103  123.7136
4667.83338687481  91.07375
4667.99982606859  121.7439
4668.16626526237  150.2737
4668.33270445615  134.2845
4668.49914364993  108.6918
4668.66558284372  107.5415
4668.8320220375  168.3655
4668.99846123128  118.6467
4669.16490042506  77.72933
4669.33133961884  138.3253
4669.49777881262  162.0985
4669.6642180064  148.6319
4669.83065720018  122.7933
4669.99709639396  97.61057
4670.16353558775  127.743
4670.32997478153  44.68804
4670.49641397531  105.7684
4670.66285316909  124.2715
4670.82929236287  109.6441
4670.99573155665  95.22958
4671.16217075043  122.0951
4671.32860994421  98.41501
4671.49504913799  74.62759
4671.66148833178  100.3173
4671.82792752556  125.8025
4671.99436671934  122.8344
4672.16080591312  146.0571
4672.3272451069  104.5674
4672.49368430068  102.0368
4672.66012349446  111.2806
4672.82656268824  141.8872
4672.99300188203  138.0269
4673.15944107581  131.7016
4673.32588026959  102.9359
4673.49231946337  108.3126
4673.65875865715  122.1294
4673.82519785093  140.8921
4673.99163704471  132.1543
4674.15807623849  120.6171
4674.32451543227  110.4373
4674.49095462605  82.22739
4674.65739381984  81.94982
4674.82383301362  98.56129
4674.9902722074  91.91969
4675.15671140118  113.3814
4675.32315059496  115.1002
4675.48958978874  100.0778
4675.65602898252  69.35197
4675.8224681763  111.7635
4675.98890737008  134.6134
4676.15534656387  143.8605
4676.32178575765  157.9635
4676.48822495143  119.2372
4676.65466414521  91.68787
4676.82110333899  81.12343
4676.98754253277  135.8706
4677.15398172655  136.3991
4677.32042092033  160.8398
4677.48686011412  159.6409
4677.6532993079  125.8617
4677.81973850168  132.6339
4677.98617769546  140.3945
4678.15261688924  100.2888
4678.31905608302  76.51148
4678.4854952768  122.3711
4678.65193447058  153.9725
4678.81837366436  140.8239
4678.98481285815  124.6952
4679.15125205193  141.7771
4679.31769124571  142.6749
4679.48413043949  143.6444
4679.65056963327  138.7919
4679.81700882705  140.4038
4679.98344802083  173.3489
4680.14988721461  172.8879
4680.31632640839  139.5138
4680.48276560218  112.1708
4680.64920479596  90.73772
4680.81564398974  136.6553
4680.98208318352  101.407
4681.1485223773  80.88557
4681.31496157108  96.13976
4681.48140076486  109.4053
4681.64783995864  132.9261
4681.81427915242  143.3973
4681.9807183462  125.9202
4682.14715753999  112.0724
4682.31359673377  139.5948
4682.48003592755  101.4369
4682.64647512133  70.20458
4682.81291431511  113.0938
4682.97935350889  111.0411
4683.14579270267  130.5462
4683.31223189646  96.71419
4683.47867109024  81.88548
4683.64511028402  106.0631
4683.8115494778  120.5688
4683.97798867158  103.1493
4684.14442786536  131.5817
4684.31086705914  150.5269
4684.47730625292  122.3559
4684.6437454467  118.5709
4684.81018464048  117.0437
4684.97662383427  133.7602
4685.14306302805  123.3425
4685.30950222183  93.62856
4685.47594141561  102.5032
4685.64238060939  95.44968
4685.80881980317  88.99775
4685.97525899695  109.285
4686.14169819073  100.4793
4686.30813738452  116.9568
4686.4745765783  137.2094
4686.64101577208  109.3215
4686.80745496586  126.2366
4686.97389415964  156.6914
4687.14033335342  165.104
4687.3067725472  96.75028
4687.47321174098  133.0636
4687.63965093476  113.0573
4687.80609012854  92.5684
4687.97252932233  112.6189
4688.13896851611  100.2689
4688.30540770989  160.8592
4688.47184690367  157.4982
4688.63828609745  119.4916
4688.80472529123  187.2586
4688.97116448501  157.5869
4689.13760367879  122.4667
4689.30404287258  95.00728
4689.47048206636  96.36452
4689.63692126014  124.8928
4689.80336045392  123.1621
4689.9697996477  96.26637
4690.13623884148  82.35794
4690.30267803526  84.74667
4690.46911722904  78.88582
4690.63555642282  114.2869
4690.80199561661  115.5429
4690.96843481039  100.8619
4691.13487400417  78.36972
4691.30131319795  85.3917
4691.46775239173  111.4091
4691.63419158551  94.32933
4691.80063077929  119.6128
4691.96706997307  134.1864
4692.13350916685  104.656
4692.29994836064  126.2395
4692.46638755442  142.1724
4692.6328267482  111.0165
4692.79926594198  108.2185
4692.96570513576  82.80142
4693.13214432954  121.1973
4693.29858352332  113.7041
4693.4650227171  99.89024
4693.63146191088  117.6018
4693.79790110467  94.76836
4693.96434029845  110.7633
4694.13077949223  111.812
4694.29721868601  97.09782
4694.46365787979  89.6819
4694.63009707357  115.5397
4694.79653626735  123.6325
4694.96297546113  76.9147
4695.12941465492  94.78757
4695.2958538487  138.2194
4695.46229304248  105.9767
4695.62873223626  124.8074
4695.79517143004  124.8938
4695.96161062382  90.643
4696.1280498176  138.9069
4696.29448901138  150.8762
4696.46092820516  123.2799
4696.62736739894  87.10614
4696.79380659273  82.47946
4696.96024578651  55.2377
4697.12668498029  63.47442
4697.29312417407  84.36071
4697.45956336785  113.2988
4697.62600256163  106.5666
4697.79244175541  91.86967
4697.95888094919  76.15224
4698.12532014298  83.59999
4698.29175933676  93.35406
4698.45819853054  87.9136
4698.62463772432  51.55332
4698.7910769181  94.66135
4698.95751611188  91.06887
4699.12395530566  110.3521
4699.29039449944  87.83439
4699.45683369322  82.72123
4699.62327288701  102.6296
4699.78971208079  73.26546
4699.95615127457  84.74034
4700.12259046835  143.3865
4700.28902966213  87.58492
4700.45546885591  74.86137
4700.62190804969  61.23558
4700.78834724347  54.36828
4700.95478643725  30.16496
4701.12122563104  95.5205
4701.28766482482  63.9464
4701.4541040186  58.17114
4701.62054321238  88.34145
4701.78698240616  65.05005
4701.95342159994  59.6024
4702.11986079372  51.98
4702.2862999875  27.09136
4702.45273918128  76.50568
4702.61917837507  79.57424
4702.78561756885  57.15388
4702.95205676263  77.63045
4703.11849595641  39.35921
4703.28493515019  66.49538
4703.45137434397  110.9859
4703.61781353775  103.2845
4703.78425273153  56.5298
4703.95069192531  89.13113
4704.1171311191  139.5982
4704.28357031288  57.79362
4704.45000950666  43.62043
4704.61644870044  74.58266
4704.78288789422  63.9667
4704.949327088  97.25243
4705.11576628178  92.39437
4705.28220547556  70.77975
4705.44864466934  54.39319
4705.61508386313  89.50643
4705.78152305691  34.65073
4705.94796225069  -7.556056
4706.11440144447  49.70579
4706.28084063825  43.16539
4706.44727983203  89.94436
4706.61371902581  89.02335
4706.78015821959  63.73917
4706.94659741338  42.89141
4707.11303660716  57.8981
4707.27947580094  107.9945
4707.44591499472  89.49536
4707.6123541885  35.52128
4707.77879338228  70.6441
4707.94523257606  37.60289
4708.11167176984  47.50968
4708.27811096362  39.33187
4708.44455015741  28.64785
4708.61098935119  41.47598
4708.77742854497  51.71339
4708.94386773875  60.3304
4709.11030693253  41.43788
4709.27674612631  47.12138
4709.44318532009  53.34675
4709.60962451387  66.65702
4709.77606370765  119.0731
4709.94250290144  76.95177
4710.10894209522  100.14
4710.275381289  69.10143
4710.44182048278  64.75468
4710.60825967656  65.23083
4710.77469887034  39.54217
4710.94113806412  53.85845
4711.1075772579  100.0011
4711.27401645168  64.39037
4711.44045564547  33.96192
4711.60689483925  45.45589
4711.77333403303  62.60403
4711.93977322681  67.22285
4712.10621242059  5.76291
4712.27265161437  21.0755
4712.43909080815  81.40395
4712.60553000193  59.37376
4712.77196919571  36.15019
4712.9384083895  5.661625
4713.10484758328  71.63483
4713.27128677706  82.33525
4713.43772597084  56.52486
4713.60416516462  18.53893
4713.7706043584  49.16363
4713.93704355218  86.12836
4714.10348274596  65.03824
4714.26992193974  84.49319
4714.43636113353  63.65469
4714.60280032731  49.94145
4714.76923952109  43.2624
4714.93567871487  58.73219
4715.10211790865  82.9097
4715.26855710243  66.95828
4715.43499629621  37.43023
4715.60143548999  46.69199
4715.76787468378  79.96739
4715.93431387756  55.70442
4716.10075307134  69.3963
4716.26719226512  46.2973
4716.4336314589  51.52159
4716.60007065268  48.37994
4716.76650984646  44.37129
4716.93294904024  72.23564
4717.09938823402  71.22315
4717.26582742781  53.12146
4717.43226662159  56.35624
4717.59870581537  65.1149
4717.76514500915  67.11254
4717.93158420293  35.19941
4718.09802339671  43.46681
4718.26446259049  83.86291
4718.43090178427  73.78497
4718.59734097805  67.12575
4718.76378017184  43.12033
4718.93021936562  55.55571
4719.0966585594  39.14474
4719.26309775318  69.16917
4719.42953694696  66.66868
4719.59597614074  53.94734
4719.76241533452  22.00587
4719.9288545283  29.61457
4720.09529372208  40.32819
4720.26173291587  3.111856
4720.42817210965  15.73476
4720.59461130343  75.94125
4720.76105049721  35.70997
4720.92748969099  35.939
4721.09392888477  54.12274
4721.26036807855  86.32485
4721.42680727233  42.78918
4721.59324646612  41.77055
4721.7596856599  25.39161
4721.92612485368  79.97139
4722.09256404746  35.36728
4722.25900324124  30.0375
4722.42544243502  21.27548
4722.5918816288  17.4656
4722.75832082258  69.51548
4722.92476001636  32.84578
4723.09119921014  24.75755
4723.25763840393  1.824227
4723.42407759771  -0.1345226
4723.59051679149  37.71554
4723.75695598527  24.67492
4723.92339517905  22.63921
4724.08983437283  70.72712
4724.25627356661  52.6776
4724.42271276039  13.3663
4724.58915195418  73.6367
4724.75559114796  34.34983
4724.92203034174  50.30365
4725.08846953552  71.26537
4725.2549087293  25.38076
4725.42134792308  42.56909
4725.58778711686  20.42514
4725.75422631064  11.57307
4725.92066550442  4.54906
4726.0871046982  46.52458
4726.25354389199  32.0738
4726.41998308577  11.29547
4726.58642227955  55.86921
4726.75286147333  45.15561
4726.91930066711  17.31136
4727.08573986089  46.06489
4727.25217905467  51.19886
4727.41861824845  29.99926
4727.58505744224  20.41942
4727.75149663602  -4.763151
4727.9179358298  55.91627
4728.08437502358  35.51037
4728.25081421736  1.147315
4728.41725341114  28.18933
4728.58369260492  48.29741
4728.7501317987  43.23269
4728.91657099248  51.60415
4729.08301018627  45.08691
4729.24944938005  20.58072
4729.41588857383  68.56719
4729.58232776761  25.71566
4729.74876696139  56.11873
4729.91520615517  51.46408
4730.08164534895  10.25828
4730.24808454273  -19.40366
4730.41452373652  -10.4505
4730.5809629303  10.05956
4730.74740212408  29.51444
4730.91384131786  36.97478
4731.08028051164  12.30278
4731.24671970542  35.12831
4731.4131588992  -7.301144
4731.57959809298  4.094445
4731.74603728676  11.58605
4731.91247648054  -13.58711
4732.07891567433  22.69191
4732.24535486811  54.8951
4732.41179406189  18.37701
4732.57823325567  18.83241
4732.74467244945  9.185557
4732.91111164323  5.310987
4733.07755083701  12.79433
4733.24399003079  25.52633
4733.41042922457  1.537341
4733.57686841836  21.30831
4733.74330761214  -11.36436
4733.90974680592  -9.486385
4734.0761859997  -1.402304
4734.24262519348  26.75816
4734.40906438726  53.16365
4734.57550358104  19.16565
4734.74194277482  33.30624
4734.9083819686  17.76476
4735.07482116239  -3.398064
4735.24126035617  18.04968
4735.40769954995  -18.37916
4735.57413874373  23.16826
4735.74057793751  -17.9687
4735.90701713129  15.45448
4736.07345632507  -34.123
4736.23989551885  -7.57059
4736.40633471264  -10.64064
4736.57277390642  16.39548
4736.7392131002  -0.7236503
4736.90565229398  22.2533
4737.07209148776  57.0985
4737.23853068154  53.7668
4737.40496987532  23.98654
4737.5714090691  -3.49746
4737.73784826289  -2.509622
4737.90428745667  -2.123762
4738.07072665045  35.24983
4738.23716584423  21.43908
4738.40360503801  -15.90325
4738.57004423179  -2.970428
4738.73648342557  8.255892
4738.90292261935  -12.33296
4739.06936181313  24.43504
4739.23580100691  26.71527
4739.4022402007  13.08807
