4568.9519559213  -17.22183
4569.11846524047  13.57673
4569.28497455964  30.41749
4569.45148387881  58.37007
4569.61799319798  45.4357
4569.78450251715  37.79918
4569.95101183632  35.06065
4570.11752115548  -0.347496
4570.28403047466  4.288365
4570.45053979382  41.42026
4570.61704911299  27.1752
4570.78355843216  20.53925
4570.95006775133  34.05371
4571.1165770705  17.6026
4571.28308638967  5.213336
4571.44959570884  9.099464
4571.61610502801  12.31553
4571.78261434718  -2.573449
4571.94912366635  19.58207
4572.11563298552  19.25621
4572.28214230468  -9.078835
4572.44865162385  -24.70929
4572.61516094302  -7.788001
4572.78167026219  8.117504
4572.94817958136  0.6226011
4573.11468890053  8.587157
4573.2811982197  -9.510466
4573.44770753887  10.00392
4573.61421685804  22.55904
4573.78072617721  35.82502
4573.94723549638  47.47584
4574.11374481554  6.298357
4574.28025413471  -15.82314
4574.44676345388  1.095872
4574.61327277305  2.26982
4574.77978209222  -2.044466
4574.94629141139  35.87664
4575.11280073056  53.49794
4575.27931004973  7.774857
4575.4458193689  14.73519
4575.61232868807  42.96061
4575.77883800724  -15.95829
4575.94534732641  -15.36097
4576.11185664557  31.75924
4576.27836596474  44.58422
4576.44487528391  29.79981
4576.61138460308  3.582486
4576.77789392225  29.17887
4576.94440324142  27.7936
4577.11091256059  25.13601
4577.27742187976  33.18646
4577.44393119893  16.38234
4577.6104405181  43.19091
4577.77694983727  53.02686
4577.94345915644  8.228463
4578.10996847561  -8.230333
4578.27647779477  21.52435
4578.44298711394  15.52339
4578.60949643311  26.40451
4578.77600575228  14.8915
4578.94251507145  -8.426545
4579.10902439062  -1.509387
4579.27553370979  -6.759526
4579.44204302896  -0.1037252
4579.60855234813  31.13568
4579.7750616673  34.47821
4579.94157098647  27.45078
4580.10808030564  28.90619
4580.27458962481  24.25167
4580.44109894397  43.13718
4580.60760826314  38.23032
4580.77411758231  46.7365
4580.94062690148  63.53269
4581.10713622065  28.32181
4581.27364553982  -12.03994
4581.44015485899  6.957152
4581.60666417816  25.47184
4581.77317349733  42.40139
4581.9396828165  70.86653
4582.10619213567  46.36062
4582.27270145484  10.16974
4582.43921077401  19.93932
4582.60572009317  23.18361
4582.77222941234  28.50439
4582.93873873151  -2.730147
4583.10524805068  6.97044
4583.27175736985  39.2358
4583.43826668902  42.32573
4583.60477600819  16.51171
4583.77128532736  30.55418
4583.93779464653  19.88887
4584.1043039657  45.95595
4584.27081328487  50.14417
4584.43732260404  43.64614
4584.6038319232  47.29922
4584.77034124237  9.080151
4584.93685056154  24.49342
4585.10335988071  73.40311
4585.26986919988  29.61024
4585.43637851905  20.99147
4585.60288783822  35.54415
4585.76939715739  38.76017
4585.93590647656  54.95382
4586.10241579573  32.48229
4586.2689251149  34.82647
4586.43543443407  0.3506111
4586.60194375324  -4.722022
4586.7684530724  51.3376
4586.93496239157  47.51406
4587.10147171074  26.40701
4587.26798102991  56.93753
4587.43449034908  78.534
4587.60099966825  81.80385
4587.76750898742  55.65432
4587.93401830659  21.84717
4588.10052762576  43.16182
4588.26703694493  77.54271
4588.4335462641  44.97921
4588.60005558327  27.91487
4588.76656490243  26.8248
4588.9330742216  34.44527
4589.09958354077  35.64783
4589.26609285994  59.71525
4589.43260217911  43.59985
4589.59911149828  40.30491
4589.76562081745  31.64336
4589.93213013662  26.87068
4590.09863945579  59.19293
4590.26514877496  20.05001
4590.43165809413  6.596071
4590.5981674133  20.20712
4590.76467673246  52.5378
4590.93118605163  67.12596
4591.0976953708  42.36529
4591.26420468997  12.44764
4591.43071400914  9.382727
4591.59722332831  34.25412
4591.76373264748  30.21233
4591.93024196665  50.07236
4592.09675128582  74.87673
4592.26326060499  45.04939
4592.42976992416  25.12033
4592.59627924333  20.97041
4592.76278856249  9.222077
4592.92929788166  11.57494
4593.09580720083  7.640972
4593.26231652  55.19956
4593.42882583917  84.65144
4593.59533515834  68.9616
4593.76184447751  38.13523
4593.92835379668  42.90319
4594.09486311585  31.49782
4594.26137243502  24.03776
4594.42788175419  50.73865
4594.59439107336  67.59456
4594.76090039252  53.25027
4594.92740971169  32.16702
4595.09391903086  35.95343
4595.26042835003  47.86388
4595.4269376692  32.46868
4595.59344698837  26.11057
4595.75995630754  57.76042
4595.92646562671  55.18386
4596.09297494588  16.07392
4596.25948426505  30.82984
4596.42599358422  42.03504
4596.59250290339  29.55028
4596.75901222255  24.2832
4596.92552154172  33.76616
4597.09203086089  54.97454
4597.25854018006  52.64931
4597.42504949923  38.17686
4597.5915588184  63.95186
4597.75806813757  53.11927
4597.92457745674  29.89299
4598.09108677591  29.79799
4598.25759609508  42.70229
4598.42410541425  48.27966
4598.59061473342  27.75082
4598.75712405259  45.30688
4598.92363337175  64.16141
4599.09014269092  69.48994
4599.25665201009  86.86103
4599.42316132926  67.52639
4599.58967064843  52.6353
4599.7561799676  14.14803
4599.92268928677  41.24515
4600.08919860594  63.67202
4600.25570792511  32.86204
4600.42221724428  50.59053
4600.58872656345  83.21091
4600.75523588262  92.4509
4600.92174520178  39.94132
4601.08825452095  21.43168
4601.25476384012  51.5625
4601.42127315929  47.87709
4601.58778247846  53.7704
4601.75429179763  57.6684
4601.9208011168  40.02581
4602.08731043597  10.74088
4602.25381975514  62.44414
4602.42032907431  90.52919
4602.58683839348  89.12222
4602.75334771265  69.62492
4602.91985703181  54.43295
4603.08636635098  29.95776
4603.25287567015  46.1967
4603.41938498932  62.67588
4603.58589430849  62.30698
4603.75240362766  15.62525
4603.91891294683  39.80137
4604.085422266  77.26888
4604.25193158517  46.69915
4604.41844090434  52.12874
4604.58495022351  60.89107
4604.75145954268  47.62968
4604.91796886185  81.00275
4605.08447818101  63.93466
4605.25098750018  29.88329
4605.41749681935  69.49646
4605.58400613852  67.31435
4605.75051545769  48.10766
4605.91702477686  64.10149
4606.08353409603  86.98608
4606.2500434152  44.89576
4606.41655273437  54.14328
4606.58306205354  89.70989
4606.74957137271  79.04683
4606.91608069188  84.49838
4607.08259001104  52.6665
4607.24909933021  26.1102
4607.41560864938  51.13715
4607.58211796855  64.89635
4607.74862728772  74.36903
4607.91513660689  80.11126
4608.08164592606  71.67745
4608.24815524523  84.20156
4608.4146645644  82.09241
4608.58117388357  70.42803
4608.74768320274  78.454
4608.91419252191  83.56824
4609.08070184107  71.37069
4609.24721116024  52.12261
4609.41372047941  77.69987
4609.58022979858  53.93764
4609.74673911775  72.06396
4609.91324843692  77.40109
4610.07975775609  51.40945
4610.24626707526  63.63944
4610.41277639443  41.3035
4610.5792857136  51.44304
4610.74579503277  60.60633
4610.91230435194  73.32315
4611.0788136711  89.30145
4611.24532299028  65.74471
4611.41183230944  64.51002
4611.57834162861  85.13411
4611.74485094778  85.46951
4611.91136026695  62.22708
4612.07786958612  70.81689
4612.24437890529  56.22753
4612.41088822446  80.84262
4612.57739754363  102.333
4612.7439068628  77.40069
4612.91041618197  19.69763
4613.07692550114  19.70244
4613.2434348203  39.14808
4613.40994413947  103.9044
4613.57645345864  53.30075
4613.74296277781  93.70201
4613.90947209698  54.38881
4614.07598141615  64.85901
4614.24249073532  75.53915
4614.40900005449  74.17996
4614.57550937366  74.73641
4614.74201869283  78.98224
4614.908528012  67.89946
4615.07503733116  37.32172
4615.24154665033  57.45592
4615.4080559695  26.5085
4615.57456528867  12.35886
4615.74107460784  74.45778
4615.90758392701  81.3182
4616.07409324618  34.19925
4616.24060256535  46.90733
4616.40711188452  89.63766
4616.57362120369  71.80518
4616.74013052286  83.52733
4616.90663984203  87.42462
4617.0731491612  48.48161
4617.23965848036  71.39035
4617.40616779953  66.28842
4617.5726771187  32.6756
4617.73918643787  55.3067
4617.90569575704  74.59311
4618.07220507621  77.99937
4618.23871439538  61.63815
4618.40522371455  81.18113
4618.57173303372  93.57961
4618.73824235289  73.66448
4618.90475167206  85.65179
4619.07126099123  89.98998
4619.2377703104  66.27379
4619.40427962957  58.21738
4619.57078894873  85.04231
4619.7372982679  96.06025
4619.90380758707  46.5762
4620.07031690624  42.65977
4620.23682622541  45.92391
4620.40333554458  59.71742
4620.56984486375  97.15952
4620.73635418292  71.85619
4620.90286350209  57.70499
4621.06937282126  73.44777
4621.23588214043  74.12202
4621.4023914596  75.22884
4621.56890077876  37.43565
4621.73541009793  65.8297
4621.9019194171  92.27584
4622.06842873627  77.24104
4622.23493805544  93.96411
4622.40144737461  104.7519
4622.56795669378  63.09093
4622.73446601295  56.64478
4622.90097533212  80.80799
4623.06748465129  90.27512
4623.23399397046  80.73926
4623.40050328963  77.06958
4623.56701260879  91.74953
4623.73352192796  98.38678
4623.90003124713  111.8903
4624.0665405663  88.47837
4624.23304988547  50.61658
4624.39955920464  80.35052
4624.56606852381  117.3221
4624.73257784298  127.4294
4624.89908716215  70.80167
4625.06559648132  100.5198
4625.23210580049  100.1345
4625.39861511966  77.99166
4625.56512443882  60.74883
4625.73163375799  77.5415
4625.89814307716  86.55324
4626.06465239633  70.46455
4626.2311617155  77.33323
4626.39767103467  81.52223
4626.56418035384  81.21523
4626.73068967301  101.0919
4626.89719899218  95.43872
4627.06370831135  65.50806
4627.23021763052  85.36968
4627.39672694969  104.4077
4627.56323626886  81.33663
4627.72974558802  67.24139
4627.89625490719  59.02742
4628.06276422636  83.51781
4628.22927354553  101.7076
4628.3957828647  79.54893
4628.56229218387  88.45889
4628.72880150304  106.826
4628.89531082221  86.72037
4629.06182014138  63.58348
4629.22832946055  66.01264
4629.39483877972  43.09839
4629.56134809889  47.38594
4629.72785741805  34.73077
4629.89436673722  50.58358
4630.06087605639  83.09563
4630.22738537556  72.09015
4630.39389469473  114.2055
4630.5604040139  113.6222
4630.72691333307  92.92844
4630.89342265224  77.6224
4631.05993197141  74.13033
4631.22644129058  88.59534
4631.39295060975  56.40693
4631.55945992892  88.88246
4631.72596924808  77.92242
4631.89247856725  90.84563
4632.05898788642  86.53848
4632.22549720559  80.23501
4632.39200652476  112.2466
4632.55851584393  105.657
4632.7250251631  92.84374
4632.89153448227  112.1651
4633.05804380144  87.60501
4633.22455312061  82.29971
4633.39106243978  108.4749
4633.55757175895  72.13971
4633.72408107812  49.71788
4633.89059039728  102.7336
4634.05709971645  139.65
4634.22360903562  92.52661
4634.39011835479  58.13173
4634.55662767396  89.395
4634.72313699313  90.12263
4634.8896463123  58.35575
4635.05615563147  42.14223
4635.22266495064  90.19904
4635.38917426981  128.3459
4635.55568358898  96.88137
4635.72219290815  88.84691
4635.88870222731  131.7078
4636.05521154648  98.58411
4636.22172086565  113.362
4636.38823018482  89.91422
4636.55473950399  88.48859
4636.72124882316  90.97426
4636.88775814233  85.79305
4637.0542674615  66.26023
4637.22077678067  78.07715
4637.38728609984  129.7914
4637.55379541901  108.9498
4637.72030473818  99.60877
4637.88681405734  77.90331
4638.05332337652  103.8618
4638.21983269568  87.03603
4638.38634201485  84.06238
4638.55285133402  95.5307
4638.71936065319  93.02346
4638.88586997236  109.0469
4639.05237929153  103.6419
4639.2188886107  97.83823
4639.38539792987  117.826
4639.55190724904  85.1255
4639.71841656821  68.14146
4639.88492588738  95.50743
4640.05143520655  104.1286
4640.21794452571  83.05682
4640.38445384488  119.4607
4640.55096316405  102.1939
4640.71747248322  107.8895
4640.88398180239  127.4076
4641.05049112156  144.5851
4641.21700044073  110.2881
4641.3835097599  90.66471
4641.55001907907  150.4496
4641.71652839824  99.65322
4641.88303771741  73.47692
4642.04954703658  107.1627
4642.21605635574  102.1659
4642.38256567491  61.84575
4642.54907499408  22.8112
4642.71558431325  81.69228
4642.88209363242  97.55615
4643.04860295159  81.76586
4643.21511227076  65.38886
4643.38162158993  70.7206
4643.5481309091  119.595
4643.71464022827  112.5731
4643.88114954744  49.70621
4644.04765886661  82.10349
4644.21416818577  88.2623
4644.38067750494  93.67932
4644.54718682411  98.20229
4644.71369614328  99.33289
4644.88020546245  104.2977
4645.04671478162  125.1495
4645.21322410079  117.6383
4645.37973341996  100.1821
4645.54624273913  116.764
4645.7127520583  124.972
4645.87926137747  109.6152
4646.04577069664  92.77289
4646.2122800158  114.2132
4646.37878933497  105.0606
4646.54529865414  81.0979
4646.71180797331  99.53738
4646.87831729248  119.4269
4647.04482661165  127.52
4647.21133593082  174.2973
4647.37784524999  78.23727
4647.54435456916  141.5435
4647.71086388833  135.3195
4647.8773732075  101.8155
4648.04388252667  103.8347
4648.21039184583  80.08923
4648.376901165  113.6846
4648.54341048417  113.9006
4648.70991980334  101.192
4648.87642912251  126.7745
4649.04293844168  102.4477
4649.20944776085  121.6028
4649.37595708002  108.0942
4649.54246639919  105.1969
4649.70897571836  92.0651
4649.87548503753  100.4597
4650.0419943567  103.1036
4650.20850367587  69.86745
4650.37501299503  111.0323
4650.5415223142  90.05546
4650.70803163337  131.6154
4650.87454095254  113.4712
4651.04105027171  67.87166
4651.20755959088  114.9566
4651.37406891005  120.6065
4651.54057822922  153.1367
4651.70708754839  131.1908
4651.87359686756  99.65424
4652.04010618673  90.27124
4652.2066155059  100.9533
4652.37312482506  81.56432
4652.53963414423  95.70384
4652.7061434634  102.2679
4652.87265278257  100.7002
4653.03916210174  97.56408
4653.20567142091  92.30223
4653.37218074008  73.87608
4653.53869005925  75.19374
4653.70519937842  93.19108
4653.87170869759  88.25571
4654.03821801676  104.5145
4654.20472733593  123.1085
4654.37123665509  112.0163
4654.53774597426  97.68671
4654.70425529343  126.9337
4654.8707646126  141.7567
4655.03727393177  99.8119
4655.20378325094  99.47573
4655.37029257011  111.9196
4655.53680188928  95.81226
4655.70331120845  105.4106
4655.86982052762  116.5091
4656.03632984679  69.80717
4656.20283916596  83.95544
4656.36934848513  134.244
4656.53585780429  121.3346
4656.70236712346  116.0171
4656.86887644263  101.6366
4657.0353857618  115.1647
4657.20189508097  103.9176
4657.36840440014  103.3939
4657.53491371931  109.3156
4657.70142303848  114.6822
4657.86793235765  130.2397
4658.03444167682  103.9398
4658.20095099599  115.2474
4658.36746031516  113.9797
4658.53396963432  110.4122
4658.70047895349  125.2927
4658.86698827266  129.0748
4659.03349759183  108.5938
4659.200006911  113.037
4659.36651623017  116.2588
4659.53302554934  77.57986
4659.69953486851  57.59124
4659.86604418768  86.09412
4660.03255350685  97.4798
4660.19906282602  110.0114
4660.36557214519  105.7481
4660.53208146436  89.77814
4660.69859078352  118.0438
4660.86510010269  131.9102
4661.03160942186  128.1012
4661.19811874103  152.1995
4661.3646280602  116.7672
4661.53113737937  93.4166
4661.69764669854  88.60364
4661.86415601771  53.04404
4662.03066533688  62.08506
4662.19717465605  108.6189
4662.36368397522  144.6444
4662.53019329439  116.4282
4662.69670261355  102.7905
4662.86321193272  73.9194
4663.02972125189  100.7709
4663.19623057106  105.5936
4663.36273989023  90.61113
4663.5292492094  74.17693
4663.69575852857  64.65486
4663.86226784774  100.4891
4664.02877716691  116.9151
4664.19528648608  110.8287
4664.36179580525  121.1244
4664.52830512442  122.4475
4664.69481444358  81.49158
4664.86132376275  106.9994
4665.02783308192  121.6495
4665.19434240109  86.38113
4665.36085172026  104.9211
4665.52736103943  125.4594
4665.6938703586  106.1705
4665.86037967777  78.92283
4666.02688899694  139.323
4666.19339831611  137.24
4666.35990763528  74.43613
4666.52641695445  90.45589
4666.69292627361  102.6263
4666.85943559278  101.0254
4667.02594491195  44.86685
4667.19245423112  82.93793
4667.35896355029  136.5325
4667.52547286946  93.15931
4667.69198218863  111.4163
4667.8584915078  114.9178
4668.02500082697  126.2557
4668.19151014614  124.526
4668.35801946531  76.11968
4668.52452878448  102.1825
4668.69103810364  96.42667
4668.85754742281  70.18481
4669.02405674198  106.8091
4669.19056606115  128.2372
4669.35707538032  87.03269
4669.52358469949  68.14719
4669.69009401866  113.31
4669.85660333783  108.0824
4670.023112657  102.2855
4670.18962197617  58.92698
4670.35613129534  89.554
4670.52264061451  121.9628
4670.68914993367  101.3999
4670.85565925284  86.8755
4671.02216857201  91.53334
4671.18867789118  100.273
4671.35518721035  77.64657
4671.52169652952  112.0399
4671.68820584869  109.7084
4671.85471516786  118.2874
4672.02122448703  87.98349
4672.1877338062  77.85014
4672.35424312537  105.9366
4672.52075244454  106.7506
4672.68726176371  70.67332
4672.85377108287  116.873
4673.02028040204  122.72
4673.18678972121  116.5614
4673.35329904038  108.1519
4673.51980835955  148.2777
4673.68631767872  105.4664
4673.85282699789  100.8909
4674.01933631706  82.87261
4674.18584563623  94.48707
4674.3523549554  75.92864
4674.51886427457  121.0829
4674.68537359374  84.39379
4674.85188291291  95.16297
4675.01839223207  120.8621
4675.18490155124  89.11699
4675.35141087041  83.94489
4675.51792018958  96.34848
4675.68442950875  106.2519
4675.85093882792  111.9479
4676.01744814709  125.3632
4676.18395746626  155.6008
4676.35046678543  112.8319
4676.5169761046  130.8691
4676.68348542377  136.2121
4676.84999474294  108.8083
4677.0165040621  77.33928
4677.18301338127  105.892
4677.34952270044  116.6348
4677.51603201961  119.4736
4677.68254133878  131.9275
4677.84905065795  126.7138
4678.01555997712  121.2577
4678.18206929629  115.3569
4678.34857861546  96.69754
4678.51508793463  93.21304
4678.6815972538  124.166
4678.84810657297  129.9659
4679.01461589214  108.4385
4679.1811252113  77.43639
4679.34763453047  94.6793
4679.51414384964  115.081
4679.68065316881  96.05476
4679.84716248798  110.4002
4680.01367180715  114.5303
4680.18018112632  114.9279
4680.34669044549  130.7146
4680.51319976466  116.2612
4680.67970908383  105.5395
4680.846218403  125.8691
4681.01272772217  99.58635
4681.17923704133  105.0232
4681.3457463605  135.3307
4681.51225567967  110.8533
4681.67876499884  137.4315
4681.84527431801  140.7066
4682.01178363718  112.85
4682.17829295635  173.1304
4682.34480227552  157.5647
4682.51131159469  112.5692
4682.67782091386  93.87644
4682.84433023303  100.4548
4683.0108395522  132.0124
4683.17734887136  145.6637
4683.34385819053  117.9322
4683.5103675097  113.528
4683.67687682887  88.08694
4683.84338614804  85.54287
4684.00989546721  112.6963
4684.17640478638  126.023
4684.34291410555  104.5061
4684.50942342472  117.6983
4684.67593274389  140.5211
4684.84244206306  114.2567
4685.00895138223  102.3667
4685.1754607014  130.6798
4685.34197002056  144.3903
4685.50847933973  105.0566
4685.6749886589  118.7659
4685.84149797807  141.3593
4686.00800729724  138.8153
4686.17451661641  141.4267
4686.34102593558  139.2747
4686.50753525475  140.4751
4686.67404457392  113.5944
4686.84055389309  127.5284
4687.00706321226  125.7232
4687.17357253143  109.5311
4687.34008185059  115.4921
4687.50659116976  148.1266
4687.67310048893  138.0981
4687.8396098081  139.1592
4688.00611912727  112.1022
4688.17262844644  139.4556
4688.33913776561  152.7321
4688.50564708478  126.7349
4688.67215640395  139.6869
4688.83866572312  116.0962
4689.00517504229  123.9399
4689.17168436146  144.5443
4689.33819368062  129.4702
4689.50470299979  142.2658
4689.67121231896  124.6652
4689.83772163813  127.7564
4690.0042309573  155.7749
4690.17074027647  134.0518
4690.33724959564  118.9034
4690.50375891481  125.2586
4690.67026823398  111.3808
4690.83677755315  92.49137
4691.00328687232  86.47287
4691.16979619149  116.3682
4691.33630551065  101.1624
4691.50281482982  80.68704
4691.66932414899  108.0358
4691.83583346816  106.5597
4692.00234278733  113.6061
4692.1688521065  80.62093
4692.33536142567  59.53082
4692.50187074484  104.7519
4692.66838006401  109.7722
4692.83488938318  112.0065
4693.00139870235  122.9639
4693.16790802152  136.6337
4693.33441734068  94.71965
4693.50092665985  87.88069
4693.66743597902  130.3423
4693.83394529819  57.72823
4694.00045461736  93.49276
4694.16696393653  123.0694
4694.3334732557  100.7234
4694.49998257487  76.44205
4694.66649189404  110.9135
4694.83300121321  95.90783
4694.99951053238  103.1392
4695.16601985155  129.5638
4695.33252917072  135.2688
4695.49903848988  82.91631
4695.66554780905  59.40255
4695.83205712822  69.65319
4695.99856644739  62.64005
4696.16507576656  69.70551
4696.33158508573  74.34525
4696.4980944049  86.2916
4696.66460372407  124.1383
4696.83111304324  88.45419
4696.99762236241  67.22475
4697.16413168158  138.5913
4697.33064100075  89.95044
4697.49715031991  70.53556
4697.66365963909  99.49714
4697.83016895825  80.81351
4697.99667827742  90.60211
4698.16318759659  101.9485
4698.32969691576  65.76369
4698.49620623493  62.06489
4698.6627155541  67.4101
4698.82922487327  73.52
4698.99573419244  64.69807
4699.16224351161  61.30807
4699.32875283078  46.64261
4699.49526214995  99.03592
4699.66177146912  118.5579
4699.82828078828  104.2876
4699.99479010745  104.1902
4700.16129942662  74.65627
4700.32780874579  60.24244
4700.49431806496  72.18952
4700.66082738413  104.034
4700.8273367033  82.01479
4700.99384602247  52.02374
4701.16035534164  26.47495
4701.32686466081  65.76012
4701.49337397998  63.12769
4701.65988329915  45.07447
4701.82639261831  55.8228
4701.99290193748  41.95269
4702.15941125665  82.0874
4702.32592057582  45.47325
4702.49242989499  66.09389
4702.65893921416  46.18731
4702.82544853333  45.24384
4702.9919578525  83.81329
4703.15846717167  50.58731
4703.32497649084  54.02154
4703.49148581001  67.94444
4703.65799512918  51.38951
4703.82450444834  70.96369
4703.99101376751  43.48793
4704.15752308668  46.99741
4704.32403240585  73.50545
4704.49054172502  29.49384
4704.65705104419  27.78252
4704.82356036336  84.83659
4704.99006968253  83.97729
4705.1565790017  58.90852
4705.32308832087  48.73809
4705.48959764004  72.02274
4705.65610695921  63.16383
4705.82261627838  53.07329
4705.98912559754  67.20471
4706.15563491671  61.69474
4706.32214423588  78.14008
4706.48865355505  76.77892
4706.65516287422  76.58571
4706.82167219339  72.73534
4706.98818151256  69.08148
4707.15469083173  41.25483
4707.3212001509  64.15086
4707.48770947007  70.46125
4707.65421878924  38.88371
4707.82072810841  47.29768
4707.98723742757  86.50551
4708.15374674674  66.63882
4708.32025606591  44.66066
4708.48676538508  57.08382
4708.65327470425  46.5006
4708.81978402342  54.52542
4708.98629334259  46.87636
4709.15280266176  38.25629
4709.31931198093  61.71972
4709.4858213001  83.12524
4709.65233061927  59.89183
4709.81883993844  45.68564
4709.9853492576  49.87479
4710.15185857677  24.02622
4710.31836789594  24.13962
4710.48487721511  29.0464
4710.65138653428  75.97765
4710.81789585345  74.44397
4710.98440517262  69.36048
4711.15091449179  47.46362
4711.31742381096  16.76766
4711.48393313013  28.74389
4711.6504424493  72.36719
4711.81695176847  53.6482
4711.98346108763  40.574
4712.1499704068  43.1362
4712.31647972597  19.63257
4712.48298904514  56.84726
4712.64949836431  66.75489
4712.81600768348  23.83095
4712.98251700265  -3.444223
4713.14902632182  25.94834
4713.31553564099  53.89229
4713.48204496016  28.71352
4713.64855427933  36.90648
4713.8150635985  46.68572
4713.98157291767  75.77647
4714.14808223683  57.15196
4714.314591556  30.94704
4714.48110087517  29.94273
4714.64761019434  38.51598
4714.81411951351  39.36985
4714.98062883268  42.03778
4715.14713815185  64.86661
4715.31364747102  70.91751
4715.48015679019  34.69274
4715.64666610936  26.72055
4715.81317542853  40.84632
4715.9796847477  49.78505
4716.14619406686  -2.777979
4716.31270338603  38.19562
4716.4792127052  50.12644
4716.64572202437  85.41721
4716.81223134354  57.60421
4716.97874066271  30.06788
4717.14524998188  32.60015
4717.31175930105  69.45229
4717.47826862022  38.37703
4717.64477793939  7.664973
4717.81128725856  7.667301
4717.97779657773  16.09464
4718.14430589689  36.95745
4718.31081521606  19.70031
4718.47732453523  61.25673
4718.6438338544  62.87408
4718.81034317357  47.39133
4718.97685249274  14.4316
4719.14336181191  45.29765
4719.30987113108  71.08311
4719.47638045025  53.46852
4719.64288976942  61.85354
4719.80939908859  57.80884
4719.97590840776  25.312
4720.14241772692  17.88166
4720.30892704609  29.70802
4720.47543636526  40.55411
4720.64194568443  30.30961
4720.8084550036  28.81739
4720.97496432277  43.5706
4721.14147364194  30.31775
4721.30798296111  45.38359
4721.47449228028  -9.710195
4721.64100159945  35.00497
4721.80751091862  49.55519
4721.97402023779  41.53972
4722.14052955695  38.89669
4722.30703887612  30.59538
4722.47354819529  35.10406
4722.64005751446  -9.022481
4722.80656683363  52.91133
4722.9730761528  34.83122
4723.13958547197  43.2263
4723.30609479114  37.42228
4723.47260411031  23.76527
4723.63911342948  31.29169
4723.80562274865  42.73396
4723.97213206782  52.56481
4724.13864138699  36.35019
4724.30515070615  30.11893
4724.47166002532  4.412364
4724.63816934449  17.2032
4724.80467866366  4.783789
4724.97118798283  32.00837
4725.137697302  49.37926
4725.30420662117  56.06482
4725.47071594034  38.22657
4725.63722525951  32.20317
4725.80373457868  -2.207779
4725.97024389785  16.53756
4726.13675321702  9.731757
4726.30326253618  13.05719
4726.46977185535  30.38614
4726.63628117452  83.93668
4726.80279049369  28.18984
4726.96929981286  -1.308104
4727.13580913203  88.47099
4727.3023184512  46.93866
4727.46882777037  8.991467
4727.63533708954  -10.34746
4727.80184640871  32.58216
4727.96835572788  41.27205
4728.13486504705  -1.356058
4728.30137436622  -0.7109885
4728.46788368538  18.24145
4728.63439300455  19.24613
4728.80090232372  8.855614
4728.96741164289  34.85229
4729.13392096206  23.2403
4729.30043028123  35.23986
4729.4669396004  12.70868
4729.63344891957  -3.429355
4729.79995823874  -30.10707
4729.96646755791  6.736772
4730.13297687708  15.31661
4730.29948619625  -13.58527
4730.46599551541  20.91743
4730.63250483458  8.913149
4730.79901415375  -10.26823
4730.96552347292  28.85462
4731.13203279209  -17.35505
4731.29854211126  6.726354
4731.46505143043  17.7941
4731.6315607496  -4.156772
4731.79807006877  7.748869
4731.96457938794  -5.864274
4732.13108870711  -16.18789
4732.29759802628  -23.28205
4732.46410734544  28.17419
4732.63061666461  26.64885
4732.79712598378  -9.091184
4732.96363530295  -30.15901
4733.13014462212  -0.05995378
4733.29665394129  -0.2793064
4733.46316326046  9.171091
4733.62967257963  -4.158927
4733.7961818988  -19.22136
4733.96269121797  17.12109
4734.12920053714  35.4094
4734.29570985631  10.32489
4734.46221917547  21.04647
4734.62872849464  -19.423
4734.79523781381  33.77652
4734.96174713298  17.99321
4735.12825645215  -4.856565
4735.29476577132  8.034396
4735.46127509049  -17.20724
4735.62778440966  1.694658
4735.79429372883  19.93563
4735.960803048  9.492969
4736.12731236717  -3.152094
4736.29382168634  -15.14787
4736.4603310055  -32.56422
4736.62684032467  -5.701944
4736.79334964384  -8.187276
4736.95985896301  11.10894
4737.12636828218  14.48378
4737.29287760135  -20.28189
4737.45938692052  16.52515
4737.62589623969  21.20141
4737.79240555886  -7.641645
4737.95891487803  16.66548
4738.1254241972  -1.624206
4738.29193351637  2.156986
4738.45844283553  -7.46726
4738.62495215471  -0.2400387
4738.79146147387  -8.66462
4738.95797079304  -13.04714
4739.12448011221  37.95986
4739.29098943138  90.3827
