4569.0689824751  17.90445
4569.23542937591  -3.777165
4569.40187627672  3.227124
4569.56832317753  16.21058
4569.73477007834  -9.892326
4569.90121697915  -15.75254
4570.06766387996  -0.8972597
4570.23411078077  20.61979
4570.40055768157  35.59747
4570.56700458238  13.7458
4570.73345148319  1.831857
4570.899898384  25.15081
4571.06634528481  7.692133
4571.23279218562  -12.38301
4571.39923908643  -3.254106
4571.56568598724  0.1670316
4571.73213288805  25.66782
4571.89857978886  21.36052
4572.06502668967  18.59956
4572.23147359048  36.53173
4572.39792049129  24.54506
4572.5643673921  11.88741
4572.73081429291  15.11967
4572.89726119372  0.2273483
4573.06370809453  -3.370125
4573.23015499534  19.19519
4573.39660189615  27.12461
4573.56304879695  3.637604
4573.72949569776  -0.9861596
4573.89594259857  17.67571
4574.06238949938  5.560442
4574.22883640019  8.248694
4574.395283301  20.98778
4574.56173020181  -2.900623
4574.72817710262  -17.01333
4574.89462400343  19.06874
4575.06107090424  39.17443
4575.22751780505  15.89841
4575.39396470586  -0.8302003
4575.56041160667  -11.45963
4575.72685850748  -8.507806
4575.89330540829  16.60295
4576.0597523091  6.580062
4576.22619920991  18.90209
4576.39264611072  16.3491
4576.55909301153  26.67632
4576.72553991233  31.23602
4576.89198681314  11.35262
4577.05843371395  0.08726611
4577.22488061476  18.15759
4577.39132751557  14.78727
4577.55777441638  -2.380732
4577.72422131719  13.53043
4577.890668218  18.19074
4578.05711511881  12.69421
4578.22356201962  14.87943
4578.39000892043  20.25716
4578.55645582124  10.24393
4578.72290272205  -6.859839
4578.88934962286  -5.090452
4579.05579652367  11.19043
4579.22224342448  6.949662
4579.38869032529  2.224352
4579.5551372261  14.11264
4579.7215841269  14.70798
4579.88803102771  13.92286
4580.05447792852  31.26548
4580.22092482933  28.46687
4580.38737173014  6.338339
4580.55381863095  15.58693
4580.72026553176  25.26566
4580.88671243257  -8.486061
4581.05315933338  -0.8421166
4581.21960623419  -1.5596
4581.386053135  14.4928
4581.55250003581  25.68579
4581.71894693662  22.30764
4581.88539383743  25.3756
4582.05184073824  20.32334
4582.21828763905  8.627149
4582.38473453986  3.228837
4582.55118144067  -5.105545
4582.71762834147  -3.251582
4582.88407524228  14.93302
4583.05052214309  21.2064
4583.2169690439  6.086349
4583.38341594471  -1.859613
4583.54986284552  15.17051
4583.71630974633  12.09508
4583.88275664714  -2.512617
4584.04920354795  16.23735
4584.21565044876  -0.3075986
4584.38209734957  9.493148
4584.54854425038  33.66199
4584.71499115119  13.30219
4584.881438052  16.34389
4585.04788495281  25.75093
4585.21433185362  12.76425
4585.38077875443  35.9904
4585.54722565523  12.89751
4585.71367255604  14.73722
4585.88011945685  25.26775
4586.04656635766  30.34153
4586.21301325847  21.91848
4586.37946015928  13.98127
4586.54590706009  16.78559
4586.7123539609  20.95172
4586.87880086171  11.33199
4587.04524776252  18.97717
4587.21169466333  6.818141
4587.37814156414  -3.305668
4587.54458846495  16.7845
4587.71103536576  10.50033
4587.87748226657  17.4691
4588.04392916738  17.14851
4588.21037606819  4.051876
4588.376822969  3.334553
4588.5432698698  0.8869731
4588.70971677061  25.08877
4588.87616367142  24.87733
4589.04261057223  17.9438
4589.20905747304  31.88773
4589.37550437385  10.86687
4589.54195127466  19.62126
4589.70839817547  32.29082
4589.87484507628  19.12418
4590.04129197709  42.01234
4590.2077388779  48.8308
4590.37418577871  23.43781
4590.54063267952  50.2918
4590.70707958033  58.17038
4590.87352648114  30.22733
4591.03997338195  35.81297
4591.20642028276  21.86018
4591.37286718357  27.21272
4591.53931408438  18.54535
4591.70576098519  34.62777
4591.87220788599  28.96766
4592.0386547868  28.66593
4592.20510168761  21.76166
4592.37154858842  16.31279
4592.53799548923  13.26248
4592.70444239004  7.223808
4592.87088929085  22.5765
4593.03733619166  45.14666
4593.20378309247  44.92007
4593.37022999328  22.78396
4593.53667689409  18.41664
4593.7031237949  11.75666
4593.86957069571  30.22049
4594.03601759652  39.3243
4594.20246449733  21.45384
4594.36891139814  16.39198
4594.53535829895  42.216
4594.70180519975  45.0676
4594.86825210057  37.62286
4595.03469900137  21.67483
4595.20114590218  30.30592
4595.36759280299  33.02633
4595.5340397038  27.78181
4595.70048660461  26.61013
4595.86693350542  9.62268
4596.03338040623  23.01826
4596.19982730704  17.67799
4596.36627420785  31.58055
4596.53272110866  11.50564
4596.69916800947  21.19624
4596.86561491028  38.87061
4597.03206181109  46.36112
4597.1985087119  31.34869
4597.36495561271  31.90327
4597.53140251352  32.46847
4597.69784941433  40.28868
4597.86429631513  40.26738
4598.03074321594  41.67802
4598.19719011675  31.32666
4598.36363701756  29.62195
4598.53008391837  45.16464
4598.69653081918  39.46209
4598.86297771999  41.21691
4599.0294246208  44.9234
4599.19587152161  38.924
4599.36231842242  29.23604
4599.52876532323  35.37057
4599.69521222404  31.31088
4599.86165912485  46.8685
4600.02810602566  25.04526
4600.19455292647  25.16585
4600.36099982728  10.87824
4600.52744672809  20.79989
4600.69389362889  26.71959
4600.8603405297  47.48425
4601.02678743051  41.17156
4601.19323433132  22.15267
4601.35968123213  23.17638
4601.52612813294  32.01706
4601.69257503375  41.80466
4601.85902193456  37.49522
4602.02546883537  43.4208
4602.19191573618  23.02948
4602.35836263699  27.01678
4602.5248095378  8.790775
4602.69125643861  17.869
4602.85770333942  26.9039
4603.02415024023  21.23008
4603.19059714104  33.81974
4603.35704404185  28.02104
4603.52349094266  35.13831
4603.68993784347  53.07156
4603.85638474427  38.9497
4604.02283164508  33.8517
4604.18927854589  25.90302
4604.3557254467  13.51943
4604.52217234751  18.10977
4604.68861924832  0.8745697
4604.85506614913  1.437053
4605.02151304994  32.3671
4605.18795995075  22.07791
4605.35440685156  27.1151
4605.52085375237  19.12104
4605.68730065318  30.90821
4605.85374755399  43.76036
4606.0201944548  28.99956
4606.18664135561  34.29789
4606.35308825642  44.88524
4606.51953515723  12.22115
4606.68598205804  43.07005
4606.85242895884  59.25668
4607.01887585965  33.26137
4607.18532276046  40.79775
4607.35176966127  41.33329
4607.51821656208  34.30102
4607.68466346289  32.79725
4607.8511103637  34.74014
4608.01755726451  36.83695
4608.18400416532  24.91339
4608.35045106613  27.51334
4608.51689796694  38.13192
4608.68334486775  36.14835
4608.84979176856  -7.437141
4609.01623866937  0.3640106
4609.18268557018  10.96166
4609.34913247099  27.57324
4609.5155793718  24.38817
4609.68202627261  27.67062
4609.84847317342  10.16604
4610.01492007422  22.45752
4610.18136697503  33.88803
4610.34781387584  55.99913
4610.51426077665  44.19497
4610.68070767746  13.99024
4610.84715457827  30.40565
4611.01360147908  28.8759
4611.18004837989  16.81846
4611.3464952807  31.25405
4611.51294218151  41.20008
4611.67938908232  47.68502
4611.84583598313  38.12193
4612.01228288394  34.50668
4612.17872978475  35.98747
4612.34517668556  30.54559
4612.51162358637  51.43896
4612.67807048718  49.96362
4612.84451738799  40.78836
4613.01096428879  30.02827
4613.1774111896  73.39997
4613.34385809041  48.01509
4613.51030499122  26.73046
4613.67675189203  44.3341
4613.84319879284  24.40058
4614.00964569365  22.24945
4614.17609259446  47.12571
4614.34253949527  37.00692
4614.50898639608  41.29298
4614.67543329689  48.67974
4614.8418801977  42.83884
4615.00832709851  47.37447
4615.17477399932  43.54193
4615.34122090013  34.81246
4615.50766780094  39.45554
4615.67411470175  48.5327
4615.84056160255  45.63808
4616.00700850336  38.0057
4616.17345540417  27.09993
4616.33990230498  46.08407
4616.50634920579  43.88705
4616.6727961066  35.97639
4616.83924300741  30.25485
4617.00568990822  49.765
4617.17213680903  45.59156
4617.33858370984  39.95086
4617.50503061065  25.95613
4617.67147751146  34.11214
4617.83792441227  38.40982
4618.00437131308  56.42212
4618.17081821389  49.0528
4618.3372651147  69.23297
4618.50371201551  41.25482
4618.67015891632  22.81823
4618.83660581712  39.17849
4619.00305271793  35.97688
4619.16949961874  44.80744
4619.33594651955  38.18798
4619.50239342036  14.75579
4619.66884032117  17.87579
4619.83528722198  46.01466
4620.00173412279  43.43607
4620.1681810236  45.30616
4620.33462792441  58.42601
4620.50107482522  48.87925
4620.66752172603  33.53493
4620.83396862684  41.55256
4621.00041552765  40.33558
4621.16686242846  41.82043
4621.33330932927  36.26203
4621.49975623008  38.04041
4621.66620313089  18.99269
4621.8326500317  44.43526
4621.9990969325  55.91657
4622.16554383331  34.01919
4622.33199073412  49.70483
4622.49843763493  44.05541
4622.66488453574  31.95262
4622.83133143655  26.54581
4622.99777833736  10.38272
4623.16422523817  40.38563
4623.33067213898  49.88243
4623.49711903979  29.5923
4623.6635659406  29.71688
4623.83001284141  28.27552
4623.99645974222  32.1201
4624.16290664303  22.66689
4624.32935354384  48.63488
4624.49580044465  69.92062
4624.66224734546  57.14557
4624.82869424627  40.95834
4624.99514114707  48.88852
4625.16158804788  53.66607
4625.32803494869  28.59456
4625.4944818495  45.76131
4625.66092875031  39.17525
4625.82737565112  38.88328
4625.99382255193  43.38437
4626.16026945274  48.03928
4626.32671635355  62.00288
4626.49316325436  69.34126
4626.65961015517  34.51453
4626.82605705598  19.88298
4626.99250395679  45.04404
4627.1589508576  41.99254
4627.32539775841  43.54267
4627.49184465922  57.48001
4627.65829156003  61.9465
4627.82473846084  36.57365
4627.99118536165  28.62422
4628.15763226245  46.59585
4628.32407916326  49.96235
4628.49052606407  28.04983
4628.65697296488  34.85448
4628.82341986569  42.48949
4628.9898667665  13.10005
4629.15631366731  39.74004
4629.32276056812  49.69517
4629.48920746893  40.66739
4629.65565436974  61.1093
4629.82210127055  51.46666
4629.98854817136  36.73916
4630.15499507217  30.29663
4630.32144197298  57.69027
4630.48788887379  65.72969
4630.6543357746  57.04142
4630.82078267541  42.75526
4630.98722957621  48.31579
4631.15367647703  39.89302
4631.32012337783  67.64018
4631.48657027864  39.72723
4631.65301717945  40.00537
4631.81946408026  46.86676
4631.98591098107  43.31436
4632.15235788188  52.54573
4632.31880478269  27.66994
4632.4852516835  32.93972
4632.65169858431  56.10509
4632.81814548512  52.82354
4632.98459238593  42.92595
4633.15103928674  48.0061
4633.31748618755  46.51596
4633.48393308836  47.94774
4633.65037998917  60.90689
4633.81682688998  59.45414
4633.98327379079  51.98576
4634.14972069159  41.90583
4634.3161675924  51.7451
4634.48261449321  62.06246
4634.64906139402  36.87289
4634.81550829483  33.57174
4634.98195519564  36.53709
4635.14840209645  44.12436
4635.31484899726  67.45358
4635.48129589807  48.41116
4635.64774279888  50.33147
4635.81418969969  61.3959
4635.9806366005  60.74477
4636.14708350131  69.32682
4636.31353040212  77.93507
4636.47997730293  30.62779
4636.64642420374  47.54258
4636.81287110455  49.36376
4636.97931800536  52.92657
4637.14576490616  69.69605
4637.31221180697  42.43746
4637.47865870778  27.07214
4637.64510560859  47.31912
4637.8115525094  47.96494
4637.97799941021  39.81991
4638.14444631102  27.4149
4638.31089321183  52.5186
4638.47734011264  58.01501
4638.64378701345  55.57312
4638.81023391426  49.75381
4638.97668081507  45.89939
4639.14312771588  64.81621
4639.30957461669  48.34916
4639.4760215175  27.83427
4639.64246841831  44.84172
4639.80891531912  50.48017
4639.97536221992  48.12539
4640.14180912074  66.50086
4640.30825602154  67.09673
4640.47470292235  53.31468
4640.64114982316  64.67194
4640.80759672397  58.95309
4640.97404362478  58.85072
4641.14049052559  57.13477
4641.3069374264  76.54044
4641.47338432721  68.23143
4641.63983122802  20.53487
4641.80627812883  31.27517
4641.97272502964  48.02111
4642.13917193045  75.12525
4642.30561883126  106.27
4642.47206573207  77.26882
4642.63851263288  55.98009
4642.80495953369  56.78209
4642.9714064345  39.17692
4643.13785333531  50.80294
4643.30430023611  79.55856
4643.47074713692  40.03144
4643.63719403773  47.92081
4643.80364093854  78.17097
4643.97008783935  68.29538
4644.13653474016  55.86453
4644.30298164097  38.27853
4644.46942854178  43.16975
4644.63587544259  47.0831
4644.8023223434  81.55199
4644.96876924421  85.89827
4645.13521614502  70.20112
4645.30166304583  39.13402
4645.46810994664  71.05099
4645.63455684745  55.25994
4645.80100374826  42.70582
4645.96745064907  61.9476
4646.13389754988  27.09593
4646.30034445069  44.68856
4646.46679135149  62.7873
4646.6332382523  79.5229
4646.79968515311  61.47268
4646.96613205392  17.63963
4647.13257895473  40.46983
4647.29902585554  38.54314
4647.46547275635  59.46518
4647.63191965716  61.29204
4647.79836655797  58.34549
4647.96481345878  35.93471
4648.13126035959  38.17919
4648.2977072604  71.51411
4648.46415416121  73.42114
4648.63060106202  49.73952
4648.79704796283  45.31656
4648.96349486364  47.89034
4649.12994176444  55.42827
4649.29638866525  71.01006
4649.46283556606  26.55145
4649.62928246687  54.92107
4649.79572936768  58.20523
4649.96217626849  64.98978
4650.1286231693  47.75328
4650.29507007011  64.51387
4650.46151697092  55.09959
4650.62796387173  53.6296
4650.79441077254  58.35942
4650.96085767335  58.7859
4651.12730457416  55.86111
4651.29375147497  46.50459
4651.46019837578  62.56064
4651.62664527659  71.22531
4651.7930921774  49.88136
4651.95953907821  23.71497
4652.12598597902  31.67317
4652.29243287982  54.25361
4652.45887978063  64.08488
4652.62532668144  54.54424
4652.79177358225  45.43734
4652.95822048306  56.54653
4653.12466738387  62.15677
4653.29111428468  68.2711
4653.45756118549  60.60453
4653.6240080863  51.55073
4653.79045498711  36.30868
4653.95690188792  25.4459
4654.12334878873  73.68098
4654.28979568954  96.44643
4654.45624259035  58.77869
4654.62268949116  44.56229
4654.78913639197  55.77069
4654.95558329278  44.64307
4655.12203019359  60.2095
4655.28847709439  58.67988
4655.4549239952  51.58193
4655.62137089601  66.73555
4655.78781779682  73.8272
4655.95426469763  63.04633
4656.12071159844  62.43415
4656.28715849925  48.96915
4656.45360540006  40.92656
4656.62005230087  55.0871
4656.78649920168  33.7216
4656.95294610249  39.25616
4657.1193930033  43.96674
4657.28583990411  55.92427
4657.45228680492  65.95948
4657.61873370573  49.51937
4657.78518060654  47.49848
4657.95162750735  35.26943
4658.11807440816  55.38029
4658.28452130897  88.83983
4658.45096820977  58.54755
4658.61741511058  36.57357
4658.78386201139  47.92771
4658.9503089122  66.35406
4659.11675581301  52.4551
4659.28320271382  42.37401
4659.44964961463  41.88487
4659.61609651544  28.08999
4659.78254341625  59.37836
4659.94899031706  57.80648
4660.11543721787  46.21062
4660.28188411868  49.06051
4660.44833101949  59.92208
4660.6147779203  49.2863
4660.78122482111  29.06915
4660.94767172192  45.22145
4661.11411862273  57.50247
4661.28056552354  61.82494
4661.44701242435  60.66379
4661.61345932515  68.60579
4661.77990622596  65.54118
4661.94635312677  48.91529
4662.11280002758  56.02407
4662.27924692839  67.9761
4662.4456938292  69.80024
4662.61214073001  42.50622
4662.77858763082  53.17562
4662.94503453163  63.48324
4663.11148143244  45.65554
4663.27792833325  57.11304
4663.44437523406  44.52993
4663.61082213487  36.58244
4663.77726903568  73.38264
4663.94371593649  81.91387
4664.11016283729  35.3138
4664.27660973811  41.80624
4664.44305663891  73.01261
4664.60950353972  51.83931
4664.77595044053  31.68355
4664.94239734134  53.72269
4665.10884424215  63.36398
4665.27529114296  48.92556
4665.44173804377  58.94809
4665.60818494458  51.69642
4665.77463184539  18.499
4665.9410787462  35.88615
4666.10752564701  62.5319
4666.27397254782  55.9939
4666.44041944863  37.45985
4666.60686634944  50.26796
4666.77331325025  47.69283
4666.93976015106  46.74633
4667.10620705187  49.2748
4667.27265395268  40.77047
4667.43910085348  50.79063
4667.60554775429  69.99204
4667.7719946551  55.85745
4667.93844155591  69.62038
4668.10488845672  64.1629
4668.27133535753  52.37542
4668.43778225834  61.97221
4668.60422915915  38.6104
4668.77067605996  52.05946
4668.93712296077  49.40993
4669.10356986158  53.13565
4669.27001676239  46.19143
4669.4364636632  57.80098
4669.60291056401  43.7544
4669.76935746482  41.44349
4669.93580436563  58.046
4670.10225126644  57.51125
4670.26869816724  41.01933
4670.43514506806  48.54623
4670.60159196886  46.12481
4670.76803886967  26.75899
4670.93448577048  57.31903
4671.10093267129  76.02208
4671.2673795721  57.89043
4671.43382647291  54.15353
4671.60027337372  57.29958
4671.76672027453  69.4326
4671.93316717534  55.6964
4672.09961407615  73.57135
4672.26606097696  54.43
4672.43250787777  57.37852
4672.59895477858  61.74851
4672.76540167939  55.98354
4672.9318485802  51.47784
4673.09829548101  59.25629
4673.26474238182  62.50741
4673.43118928263  58.88265
4673.59763618343  52.86196
4673.76408308424  73.24991
4673.93052998505  63.17005
4674.09697688586  54.44963
4674.26342378667  64.04567
4674.42987068748  54.40313
4674.59631758829  79.88546
4674.7627644891  70.621
4674.92921138991  70.90736
4675.09565829072  69.01719
4675.26210519153  47.53413
4675.42855209234  62.77475
4675.59499899315  46.96145
4675.76144589396  82.76057
4675.92789279477  52.8821
4676.09433969558  60.74847
4676.26078659639  78.256
4676.4272334972  75.77814
4676.59368039801  71.40802
4676.76012729881  71.94849
4676.92657419962  74.96622
4677.09302110043  88.32699
4677.25946800124  66.88363
4677.42591490205  72.44299
4677.59236180286  72.01048
4677.75880870367  59.92615
4677.92525560448  69.11536
4678.09170250529  87.20429
4678.2581494061  86.61634
4678.42459630691  67.11193
4678.59104320772  51.51969
4678.75749010853  73.08847
4678.92393700934  80.87013
4679.09038391015  65.47256
4679.25683081096  68.27057
4679.42327771176  81.58478
4679.58972461257  81.46443
4679.75617151338  67.9753
4679.92261841419  79.24134
4680.089065315  80.23582
4680.25551221581  59.43512
4680.42195911662  63.359
4680.58840601743  80.4268
4680.75485291824  75.09674
4680.92129981905  58.29731
4681.08774671986  51.86446
4681.25419362067  68.79996
4681.42064052148  86.85362
4681.58708742229  78.36953
4681.7535343231  97.52772
4681.91998122391  93.50729
4682.08642812472  75.31934
4682.25287502553  69.77467
4682.41932192633  87.0293
4682.58576882714  91.52537
4682.75221572795  63.17796
4682.91866262876  93.70663
4683.08510952957  66.7204
4683.25155643038  65.52573
4683.41800333119  73.35763
4683.584450232  71.49635
4683.75089713281  95.73397
4683.91734403362  57.70861
4684.08379093443  67.07912
4684.25023783524  67.50507
4684.41668473605  59.92874
4684.58313163686  89.77866
4684.74957853767  77.9318
4684.91602543848  80.55231
4685.08247233929  76.6526
4685.2489192401  69.12117
4685.41536614091  77.47101
4685.58181304171  84.29186
4685.74825994252  85.19637
4685.91470684333  62.04341
4686.08115374414  61.15013
4686.24760064495  57.15764
4686.41404754576  50.79997
4686.58049444657  37.31731
4686.74694134738  47.99081
4686.91338824819  56.68671
4687.079835149  59.38728
4687.24628204981  77.24442
4687.41272895062  85.987
4687.57917585143  69.04061
4687.74562275224  56.24245
4687.91206965305  65.26892
4688.07851655386  70.27901
4688.24496345467  49.96172
4688.41141035548  68.82764
4688.57785725629  30.63588
4688.74430415709  39.24329
4688.9107510579  44.08659
4689.07719795871  53.36244
4689.24364485952  61.56135
4689.41009176033  71.18573
4689.57653866114  48.41088
4689.74298556195  38.39191
4689.90943246276  56.40549
4690.07587936357  52.11973
4690.24232626438  54.17671
4690.40877316519  61.50761
4690.575220066  40.90562
4690.74166696681  46.08672
4690.90811386762  44.01917
4691.07456076843  57.91461
4691.24100766924  65.80565
4691.40745457005  62.92965
4691.57390147086  65.34755
4691.74034837167  62.38628
4691.90679527247  30.4525
4692.07324217328  64.53521
4692.23968907409  77.30501
4692.4061359749  57.37397
4692.57258287571  35.05154
4692.73902977652  40.20815
4692.90547667733  38.40389
4693.07192357814  39.59211
4693.23837047895  59.82855
4693.40481737976  56.39437
4693.57126428057  37.37347
4693.73771118138  32.84536
4693.90415808219  34.92057
4694.070604983  60.21866
4694.23705188381  68.74134
4694.40349878462  65.46188
4694.56994568543  66.58821
4694.73639258623  59.76625
4694.90283948704  39.30849
4695.06928638785  36.51453
4695.23573328866  40.84803
4695.40218018947  37.75378
4695.56862709028  38.01486
4695.73507399109  23.14732
4695.9015208919  28.26684
4696.06796779271  40.48356
4696.23441469352  46.21817
4696.40086159433  43.07491
4696.56730849514  46.7585
4696.73375539595  37.84289
4696.90020229676  33.74687
4697.06664919757  31.45581
4697.23309609838  46.2579
4697.39954299919  33.09809
4697.56598989999  41.23839
4697.7324368008  55.6326
4697.89888370161  36.2915
4698.06533060242  29.87385
4698.23177750323  46.63247
4698.39822440404  48.02935
4698.56467130485  42.77102
4698.73111820566  37.2129
4698.89756510647  61.42593
4699.06401200728  56.18932
4699.23045890809  59.56337
4699.3969058089  50.25953
4699.56335270971  27.41717
4699.72979961052  35.20572
4699.89624651133  33.24511
4700.06269341214  42.51325
4700.22914031295  45.9979
4700.39558721376  24.5286
4700.56203411456  26.42194
4700.72848101537  40.27618
4700.89492791618  18.00297
4701.06137481699  33.41214
4701.2278217178  36.57938
4701.39426861861  28.3074
4701.56071551942  17.0762
4701.72716242023  48.91658
4701.89360932104  42.67316
4702.06005622185  52.88836
4702.22650312266  15.2715
4702.39295002347  2.999092
4702.55939692428  41.16133
4702.72584382509  38.72133
4702.8922907259  26.99891
4703.05873762671  34.94184
4703.22518452752  9.805799
4703.39163142833  16.19571
4703.55807832914  33.34587
4703.72452522994  46.48112
4703.89097213075  46.48304
4704.05741903156  23.79356
4704.22386593237  6.476487
4704.39031283318  55.03961
4704.55675973399  44.60681
4704.7232066348  26.39093
4704.88965353561  24.41214
4705.05610043642  38.74615
4705.22254733723  55.17297
4705.38899423804  40.52383
4705.55544113885  53.05954
4705.72188803966  36.12567
4705.88833494047  9.300182
4706.05478184128  26.79913
4706.22122874209  27.75837
4706.3876756429  -6.821929
4706.55412254371  30.71715
4706.72056944452  48.3419
4706.88701634533  33.90968
4707.05346324613  38.20624
4707.21991014694  54.59956
4707.38635704775  37.7854
4707.55280394856  40.32922
4707.71925084937  28.92717
4707.88569775018  14.32623
4708.05214465099  34.02957
4708.2185915518  24.86305
4708.38503845261  49.58062
4708.55148535342  36.74834
4708.71793225423  1.19641
4708.88437915504  1.48837
4709.05082605585  29.51424
4709.21727295666  24.68648
4709.38371985747  20.93403
4709.55016675828  27.73304
4709.71661365908  7.163429
4709.88306055989  6.809113
4710.0495074607  11.98462
4710.21595436151  9.160359
4710.38240126232  7.266308
4710.54884816313  14.2073
4710.71529506394  21.6158
4710.88174196475  45.51132
4711.04818886556  23.67796
4711.21463576637  5.517283
4711.38108266718  20.77207
4711.54752956799  26.11133
4711.7139764688  29.94092
4711.88042336961  26.13619
4712.04687027042  20.96747
4712.21331717123  37.11393
4712.37976407204  22.72217
4712.54621097285  7.2223
4712.71265787366  9.854869
4712.87910477446  24.644
4713.04555167527  20.33041
4713.21199857608  25.64673
4713.37844547689  44.45432
4713.5448923777  23.75883
4713.71133927851  42.28888
4713.87778617932  40.14383
4714.04423308013  24.08019
4714.21067998094  7.961582
4714.37712688175  30.09183
4714.54357378256  37.39108
4714.71002068337  24.28697
4714.87646758418  40.75624
4715.04291448499  42.62796
4715.2093613858  49.03713
4715.37580828661  28.85667
4715.54225518742  30.61103
4715.70870208823  33.84597
4715.87514898903  21.88286
4716.04159588984  24.40269
4716.20804279065  17.38527
4716.37448969146  44.39872
4716.54093659227  29.95701
4716.70738349308  16.72151
4716.87383039389  26.66146
4717.0402772947  20.21853
4717.20672419551  36.18468
4717.37317109632  28.68532
4717.53961799713  18.1224
4717.70606489794  8.03434
4717.87251179875  24.66241
4718.03895869956  17.57657
4718.20540560037  23.82903
4718.37185250118  16.78093
4718.53829940199  15.44314
4718.7047463028  4.391561
4718.87119320361  -4.281881
4719.03764010441  22.0957
4719.20408700522  32.84528
4719.37053390603  32.29877
4719.53698080684  29.9834
4719.70342770765  30.54665
4719.86987460846  40.91183
4720.03632150927  27.09661
4720.20276841008  28.53569
4720.36921531089  15.24767
4720.5356622117  17.36885
4720.70210911251  24.88247
4720.86855601332  7.209506
4721.03500291413  14.75475
4721.20144981494  29.88873
4721.36789671575  23.67923
4721.53434361656  38.68262
4721.70079051736  26.24539
4721.86723741818  3.152351
4722.03368431898  21.1475
4722.20013121979  24.21762
4722.3665781206  12.7317
4722.53302502141  1.190638
4722.69947192222  8.259934
4722.86591882303  5.972512
4723.03236572384  11.27125
4723.19881262465  8.501451
4723.36525952546  8.632026
4723.53170642627  22.28697
4723.69815332708  22.64135
4723.86460022789  18.04252
4724.0310471287  25.67398
4724.19749402951  28.40279
4724.36394093032  19.46407
4724.53038783113  4.927381
4724.69683473194  22.33273
4724.86328163275  20.55262
4725.02972853355  6.710088
4725.19617543436  0.290785
4725.36262233517  23.4979
4725.52906923598  -8.194827
4725.69551613679  -3.393002
4725.8619630376  -0.958392
4726.02840993841  14.15229
4726.19485683922  20.83743
4726.36130374003  14.61073
4726.52775064084  34.07056
4726.69419754165  15.57545
4726.86064444246  8.997642
4727.02709134327  1.929098
4727.19353824408  42.2178
4727.35998514489  39.35535
4727.5264320457  9.470426
4727.69287894651  1.542129
4727.85932584732  1.138427
4728.02577274812  21.64561
4728.19221964893  18.21376
4728.35866654974  -0.4222451
4728.52511345055  15.51685
4728.69156035136  25.48533
4728.85800725217  28.73526
4729.02445415298  8.400917
4729.19090105379  6.658535
4729.3573479546  11.76968
4729.52379485541  16.67692
4729.69024175622  -5.873131
4729.85668865703  6.063248
4730.02313555784  -5.253204
4730.18958245865  11.6818
4730.35602935946  11.34646
4730.52247626027  24.94839
4730.68892316108  15.26926
4730.85537006188  5.581269
4731.02181696269  1.790781
4731.1882638635  17.69544
4731.35471076431  16.90332
4731.52115766512  4.092994
4731.68760456593  -0.697134
4731.85405146674  25.07484
4732.02049836755  31.79409
4732.18694526836  10.89218
4732.35339216917  3.43681
4732.51983906998  9.22341
4732.68628597079  11.4038
4732.8527328716  -11.98332
4733.01917977241  -13.10702
4733.18562667322  9.561458
4733.35207357403  1.743133
4733.51852047484  7.637265
4733.68496737565  -9.578971
4733.85141427646  -5.755741
4734.01786117726  -6.281217
4734.18430807807  12.24092
4734.35075497888  5.640641
4734.51720187969  9.222336
4734.6836487805  2.509972
4734.85009568131  -14.18552
4735.01654258212  -11.57257
4735.18298948293  18.3966
4735.34943638374  -1.766336
4735.51588328455  6.061702
4735.68233018536  18.22285
4735.84877708617  17.72982
4736.01522398698  11.28641
4736.18167088779  26.74278
4736.3481177886  27.56844
4736.51456468941  -2.699116
4736.68101159022  10.30714
4736.84745849103  -7.528482
4737.01390539184  -1.024008
4737.18035229264  2.978957
4737.34679919345  2.582748
4737.51324609426  10.34594
4737.67969299507  18.31078
4737.84613989588  4.865827
4738.01258679669  25.21519
4738.1790336975  1.415474
4738.34548059831  -7.987355
4738.51192749912  0.8019179
4738.67837439993  11.61177
4738.84482130074  -3.974461
4739.01126820155  16.65188
4739.17771510236  13.85025
4739.34416200317  -13.03382
