4569.281048458  7.737238
4569.44742182937  15.84985
4569.61379520074  8.197585
4569.78016857211  -0.08342225
4569.94654194349  27.45547
4570.11291531486  36.60637
4570.27928868623  19.4643
4570.4456620576  3.650188
4570.61203542897  13.73176
4570.77840880034  22.89059
4570.94478217171  3.468897
4571.11115554308  1.115031
4571.27752891446  6.000849
4571.44390228583  11.80779
4571.6102756572  9.282213
4571.77664902857  0.4673476
4571.94302239994  19.51931
4572.10939577131  0.8080729
4572.27576914268  7.435874
4572.44214251406  19.17855
4572.60851588543  -4.536132
4572.7748892568  5.004116
4572.94126262817  41.14235
4573.10763599954  35.47952
4573.27400937091  14.04217
4573.44038274228  0.8292735
4573.60675611366  -2.335843
4573.77312948503  24.2186
4573.9395028564  22.76447
4574.10587622777  -2.558678
4574.27224959914  7.046092
4574.43862297051  1.216432
4574.60499634188  29.26024
4574.77136971325  36.10635
4574.93774308462  38.20794
4575.104116456  52.38171
4575.27048982737  37.44672
4575.43686319874  10.36237
4575.60323657011  8.938244
4575.76960994148  19.11966
4575.93598331285  -2.239731
4576.10235668423  11.86901
4576.2687300556  11.67283
4576.43510342697  23.58381
4576.60147679834  29.02316
4576.76785016971  39.75063
4576.93422354108  9.433649
4577.10059691245  13.16554
4577.26697028382  36.61617
4577.4333436552  25.31765
4577.59971702657  16.18213
4577.76609039794  13.80375
4577.93246376931  8.184407
4578.09883714068  31.17435
4578.26521051205  52.44094
4578.43158388342  47.9928
4578.59795725479  37.62139
4578.76433062616  11.96354
4578.93070399754  -4.032822
4579.09707736891  11.76289
4579.26345074028  47.58938
4579.42982411165  36.4086
4579.59619748302  27.48833
4579.76257085439  45.09783
4579.92894422577  41.36681
4580.09531759714  40.51358
4580.26169096851  43.26442
4580.42806433988  10.70737
4580.59443771125  -0.7433725
4580.76081108262  13.53966
4580.92718445399  40.01645
4581.09355782536  29.44197
4581.25993119674  -3.178994
4581.42630456811  0.3349659
4581.59267793948  10.08149
4581.75905131085  5.715901
4581.92542468222  38.93625
4582.09179805359  25.91075
4582.25817142496  -3.78757
4582.42454479633  4.169508
4582.59091816771  10.47648
4582.75729153908  20.56129
4582.92366491045  18.24741
4583.09003828182  26.72494
4583.25641165319  36.21538
4583.42278502456  22.67881
4583.58915839593  13.26942
4583.75553176731  34.6568
4583.92190513868  28.14942
4584.08827851005  12.49777
4584.25465188142  17.57107
4584.42102525279  15.28969
4584.58739862416  31.73086
4584.75377199553  32.96775
4584.9201453669  22.43333
4585.08651873828  37.67219
4585.25289210965  41.23058
4585.41926548102  37.79234
4585.58563885239  23.20979
4585.75201222376  26.1813
4585.91838559513  39.17401
4586.0847589665  25.80899
4586.25113233787  42.94363
4586.41750570925  26.15928
4586.58387908062  19.53616
4586.75025245199  19.23256
4586.91662582336  25.23764
4587.08299919473  47.08224
4587.2493725661  62.63561
4587.41574593748  54.59585
4587.58211930885  21.70075
4587.74849268022  27.33614
4587.91486605159  63.45698
4588.08123942296  39.17746
4588.24761279433  54.81024
4588.4139861657  28.25985
4588.58035953707  3.500144
4588.74673290845  17.76321
4588.91310627982  40.31067
4589.07947965119  52.38991
4589.24585302256  56.40006
4589.41222639393  38.0972
4589.5785997653  20.9197
4589.74497313667  31.58092
4589.91134650804  68.57439
4590.07771987942  57.42529
4590.24409325079  20.17488
4590.41046662216  25.0148
4590.57683999353  36.30587
4590.7432133649  73.85972
4590.90958673627  64.01521
4591.07596010764  41.66291
4591.24233347901  20.63784
4591.40870685039  31.16337
4591.57508022176  28.4308
4591.74145359313  17.77492
4591.9078269645  35.96063
4592.07420033587  54.15007
4592.24057370724  49.84896
4592.40694707861  24.2026
4592.57332044999  21.81
4592.73969382136  30.40557
4592.90606719273  14.81447
4593.0724405641  24.91254
4593.23881393547  35.73621
4593.40518730684  22.999
4593.57156067821  59.5679
4593.73793404958  25.8112
4593.90430742096  51.45852
4594.07068079233  74.84399
4594.2370541637  50.28395
4594.40342753507  62.62082
4594.56980090644  63.61033
4594.73617427781  60.15299
4594.90254764918  48.35651
4595.06892102055  44.80709
4595.23529439193  41.13337
4595.4016677633  48.60951
4595.56804113467  46.03339
4595.73441450604  53.63673
4595.90078787741  72.6134
4596.06716124878  36.58605
4596.23353462015  45.27053
4596.39990799153  57.51974
4596.5662813629  39.25214
4596.73265473427  34.39987
4596.89902810564  31.81873
4597.06540147701  15.33561
4597.23177484838  58.82633
4597.39814821975  48.87635
4597.56452159112  40.74072
4597.7308949625  46.48637
4597.89726833387  54.83464
4598.06364170524  63.25354
4598.23001507661  74.70006
4598.39638844798  72.22391
4598.56276181935  50.17962
4598.72913519073  28.14604
4598.8955085621  17.82002
4599.06188193347  37.32127
4599.22825530484  45.66326
4599.39462867621  33.53207
4599.56100204758  47.38868
4599.72737541895  35.7536
4599.89374879032  37.04267
4600.06012216169  68.09716
4600.22649553307  27.70076
4600.39286890444  53.33051
4600.55924227581  49.9416
4600.72561564718  49.89032
4600.89198901855  27.69258
4601.05836238992  32.70307
4601.22473576129  54.22078
4601.39110913267  49.24309
4601.55748250404  29.05154
4601.72385587541  16.30169
4601.89022924678  42.48771
4602.05660261815  57.89799
4602.22297598952  66.22238
4602.38934936089  53.36495
4602.55572273226  67.60293
4602.72209610364  70.77035
4602.88846947501  29.33934
4603.05484284638  59.49517
4603.22121621775  83.55547
4603.38758958912  63.14342
4603.55396296049  54.03543
4603.72033633186  71.7947
4603.88670970323  95.33551
4604.05308307461  69.48793
4604.21945644598  41.32524
4604.38582981735  58.37551
4604.55220318872  56.97094
4604.71857656009  7.733934
4604.88494993146  36.72814
4605.05132330283  107.2747
4605.21769667421  48.87249
4605.38407004558  19.70922
4605.55044341695  43.84013
4605.71681678832  60.89582
4605.88319015969  57.46114
4606.04956353106  63.646
4606.21593690243  58.33774
4606.38231027381  70.38921
4606.54868364518  38.63236
4606.71505701655  67.49644
4606.88143038792  22.93937
4607.04780375929  40.19981
4607.21417713066  54.42057
4607.38055050203  49.46244
4607.5469238734  58.9896
4607.71329724478  59.77093
4607.87967061615  41.00644
4608.04604398752  33.67273
4608.21241735889  45.5155
4608.37879073026  37.52734
4608.54516410163  41.00822
4608.711537473  40.94772
4608.87791084437  42.45126
4609.04428421575  51.87519
4609.21065758712  90.91606
4609.37703095849  61.30619
4609.54340432986  57.9029
4609.70977770123  59.56611
4609.8761510726  106.2693
4610.04252444397  90.49397
4610.20889781534  72.93035
4610.37527118672  48.70537
4610.54164455809  69.61104
4610.70801792946  68.88662
4610.87439130083  62.4961
4611.0407646722  52.79837
4611.20713804357  45.58526
4611.37351141494  78.47449
4611.53988478631  83.27564
4611.70625815769  57.60413
4611.87263152906  58.32166
4612.03900490043  39.86971
4612.2053782718  32.40451
4612.37175164317  77.5765
4612.53812501454  68.52331
4612.70449838591  53.56694
4612.87087175729  75.07467
4613.03724512866  88.32639
4613.20361850003  91.1882
4613.3699918714  42.51026
4613.53636524277  68.23063
4613.70273861414  82.08924
4613.86911198551  43.94257
4614.03548535688  39.35133
4614.20185872826  49.88823
4614.36823209963  46.97316
4614.534605471  42.40362
4614.70097884237  79.15163
4614.86735221374  86.26195
4615.03372558511  44.04142
4615.20009895649  56.35532
4615.36647232786  72.76972
4615.53284569923  45.60966
4615.6992190706  51.45168
4615.86559244197  57.30949
4616.03196581334  39.75173
4616.19833918471  42.39381
4616.36471255608  81.80181
4616.53108592746  87.63762
4616.69745929883  67.81602
4616.8638326702  41.68919
4617.03020604157  43.4865
4617.19657941294  75.0665
4617.36295278431  57.90657
4617.52932615568  57.78771
4617.69569952705  69.55411
4617.86207289843  81.98161
4618.0284462698  88.1664
4618.19481964117  41.59291
4618.36119301254  53.69497
4618.52756638391  89.32109
4618.69393975528  77.40567
4618.86031312665  56.32809
4619.02668649802  48.04831
4619.1930598694  66.19578
4619.35943324077  68.77154
4619.52580661214  49.37112
4619.69217998351  59.7826
4619.85855335488  56.87638
4620.02492672625  50.85317
4620.19130009763  56.44975
4620.357673469  51.60324
4620.52404684037  76.86209
4620.69042021174  65.78265
4620.85679358311  39.58939
4621.02316695448  52.66459
4621.18954032585  63.32909
4621.35591369722  57.07808
4621.5222870686  50.76046
4621.68866043997  82.0418
4621.85503381134  52.13488
4622.02140718271  62.72261
4622.18778055408  78.16254
4622.35415392545  36.0613
4622.52052729682  66.61928
4622.68690066819  62.88221
4622.85327403957  91.33536
4623.01964741094  72.31368
4623.18602078231  58.10949
4623.35239415368  72.94661
4623.51876752505  73.65772
4623.68514089642  69.1002
4623.85151426779  57.96333
4624.01788763916  77.40383
4624.18426101054  76.04784
4624.35063438191  68.51411
4624.51700775328  57.9486
4624.68338112465  38.29608
4624.84975449602  69.26804
4625.01612786739  79.30945
4625.18250123876  69.43991
4625.34887461014  70.18472
4625.51524798151  51.67169
4625.68162135288  29.68909
4625.84799472425  65.89226
4626.01436809562  47.93176
4626.18074146699  65.73031
4626.34711483836  37.35818
4626.51348820973  87.77216
4626.67986158111  95.36125
4626.84623495248  97.94135
4627.01260832385  92.67237
4627.17898169522  80.06459
4627.34535506659  72.21877
4627.51172843796  95.62787
4627.67810180933  76.73165
4627.8444751807  83.97688
4628.01084855208  72.19338
4628.17722192345  41.06835
4628.34359529482  55.64541
4628.50996866619  90.09686
4628.67634203756  65.56042
4628.84271540893  53.92527
4629.0090887803  89.13245
4629.17546215168  77.15399
4629.34183552305  65.78592
4629.50820889442  69.04288
4629.67458226579  88.16644
4629.84095563716  90.17969
4630.00732900853  70.94202
4630.1737023799  44.07747
4630.34007575127  58.03194
4630.50644912265  117.6107
4630.67282249402  121.7102
4630.83919586539  76.57109
4631.00556923676  98.2658
4631.17194260813  87.4159
4631.3383159795  86.84263
4631.50468935087  70.49417
4631.67106272225  23.30076
4631.83743609362  61.63581
4632.00380946499  108.4306
4632.17018283636  71.67898
4632.33655620773  54.30668
4632.5029295791  82.97256
4632.66930295047  91.8008
4632.83567632184  95.79996
4633.00204969322  72.90602
4633.16842306459  41.99943
4633.33479643596  35.67348
4633.50116980733  58.19019
4633.6675431787  94.65015
4633.83391655007  90.15504
4634.00028992144  55.25987
4634.16666329281  70.08808
4634.33303666419  89.82814
4634.49941003556  82.60592
4634.66578340693  55.45666
4634.8321567783  69.03933
4634.99853014967  121.0189
4635.16490352104  95.96568
4635.33127689241  58.24078
4635.49765026379  60.26461
4635.66402363516  91.4414
4635.83039700653  101.5259
4635.9967703779  45.14439
4636.16314374927  72.20628
4636.32951712064  88.57606
4636.49589049201  63.8778
4636.66226386338  96.62928
4636.82863723476  65.52774
4636.99501060613  98.90172
4637.1613839775  103.4499
4637.32775734887  84.95612
4637.49413072024  62.45509
4637.66050409161  82.29074
4637.82687746298  58.63928
4637.99325083435  58.11094
4638.15962420573  60.00719
4638.3259975771  49.96186
4638.49237094847  86.05029
4638.65874431984  97.45746
4638.82511769121  83.31227
4638.99149106258  75.38332
4639.15786443396  106.5896
4639.32423780533  84.53346
4639.4906111767  72.94527
4639.65698454807  79.91377
4639.82335791944  95.96471
4639.98973129081  120.9396
4640.15610466218  70.04346
4640.32247803355  93.7822
4640.48885140493  112.623
4640.6552247763  57.99477
4640.82159814767  73.87532
4640.98797151904  107.6173
4641.15434489041  92.5916
4641.32071826178  61.37195
4641.48709163315  59.65641
4641.65346500453  96.29695
4641.8198383759  113.9281
4641.98621174727  106.9059
4642.15258511864  84.21582
4642.31895849001  80.92072
4642.48533186138  122.7339
4642.65170523275  110.4462
4642.81807860412  64.84587
4642.9844519755  78.42117
4643.15082534687  93.2739
4643.31719871824  87.63139
4643.48357208961  87.26205
4643.64994546098  87.8532
4643.81631883235  94.78902
4643.98269220372  104.1204
4644.14906557509  105.7136
4644.31543894647  106.4827
4644.48181231784  125.9062
4644.64818568921  128.4455
4644.81455906058  104.8588
4644.98093243195  115.4871
4645.14730580332  100.1395
4645.31367917469  70.48624
4645.48005254606  95.90557
4645.64642591744  105.0317
4645.81279928881  87.35899
4645.97917266018  94.82851
4646.14554603155  87.36208
4646.31191940292  48.66922
4646.47829277429  75.6609
4646.64466614566  76.47586
4646.81103951703  52.81907
4646.97741288841  64.47791
4647.14378625978  108.8223
4647.31015963115  102.1146
4647.47653300252  112.4167
4647.64290637389  94.33505
4647.80927974526  86.11351
4647.97565311663  78.60417
4648.14202648801  93.41388
4648.30839985938  104.9825
4648.47477323075  105.4247
4648.64114660212  120.1367
4648.80751997349  98.18661
4648.97389334486  110.0337
4649.14026671623  104.1691
4649.30664008761  107.4573
4649.47301345898  96.14648
4649.63938683035  67.53326
4649.80576020172  71.24169
4649.97213357309  111.3352
4650.13850694446  114.3772
4650.30488031583  108.8157
4650.47125368721  112.1421
4650.63762705858  100.4058
4650.80400042995  98.69233
4650.97037380132  91.97954
4651.13674717269  96.39184
4651.30312054406  103.1533
4651.46949391543  91.04414
4651.6358672868  104.9683
4651.80224065817  110.3267
4651.96861402955  102.9376
4652.13498740092  76.50687
4652.30136077229  97.77712
4652.46773414366  89.55729
4652.63410751503  95.30524
4652.8004808864  84.16824
4652.96685425778  86.06462
4653.13322762915  83.7739
4653.29960100052  99.6497
4653.46597437189  91.16714
4653.63234774326  83.32809
4653.79872111463  92.25087
4653.965094486  64.78185
4654.13146785737  70.37769
4654.29784122875  91.52003
4654.46421460012  60.45105
4654.63058797149  92.54464
4654.79696134286  86.66172
4654.96333471423  82.41927
4655.1297080856  84.74094
4655.29608145697  102.3998
4655.46245482834  106.8071
4655.62882819972  108.9004
4655.79520157109  108.3355
4655.96157494246  117.3018
4656.12794831383  107.935
4656.2943216852  84.47081
4656.46069505657  68.02248
4656.62706842794  94.32026
4656.79344179932  120.1268
4656.95981517069  73.48675
4657.12618854206  70.41721
4657.29256191343  86.70568
4657.4589352848  67.65794
4657.62530865617  95.29395
4657.79168202754  135.9002
4657.95805539891  92.25063
4658.12442877029  48.16215
4658.29080214166  91.8541
4658.45717551303  120.4736
4658.6235488844  92.74358
4658.78992225577  75.93327
4658.95629562714  94.08942
4659.12266899851  86.54752
4659.28904236988  90.22237
4659.45541574126  99.81583
4659.62178911263  64.88416
4659.788162484  75.48838
4659.95453585537  121.1621
4660.12090922674  121.606
4660.28728259811  99.8512
4660.45365596948  86.7076
4660.62002934086  106.9279
4660.78640271223  70.15017
4660.9527760836  66.47967
4661.11914945497  84.76884
4661.28552282634  102.2511
4661.45189619771  114.3788
4661.61826956908  95.10442
4661.78464294045  91.59972
4661.95101631183  76.25359
4662.1173896832  88.38401
4662.28376305457  94.16229
4662.45013642594  90.87471
4662.61650979731  64.47256
4662.78288316868  60.88362
4662.94925654005  98.13037
4663.11562991142  73.19875
4663.2820032828  60.85519
4663.44837665417  80.4489
4663.61475002554  77.11978
4663.78112339691  102.0061
4663.94749676828  97.37186
4664.11387013965  94.0087
4664.28024351102  105.0554
4664.4466168824  102.6694
4664.61299025377  100.468
4664.77936362514  90.14195
4664.94573699651  75.8458
4665.11211036788  91.30997
4665.27848373925  90.90732
4665.44485711062  82.14635
4665.61123048199  84.23856
4665.77760385337  91.40664
4665.94397722474  115.9568
4666.11035059611  110.5619
4666.27672396748  74.97812
4666.44309733885  101.2599
4666.60947071022  88.74339
4666.77584408159  67.6489
4666.94221745297  81.70068
4667.10859082434  93.31398
4667.27496419571  99.76879
4667.44133756708  118.3909
4667.60771093845  103.8318
4667.77408430982  88.33825
4667.94045768119  96.00921
4668.10683105256  91.17101
4668.27320442394  84.12161
4668.43957779531  103.3447
4668.60595116668  85.97495
4668.77232453805  110.3027
4668.93869790942  93.20314
4669.10507128079  86.04931
4669.27144465216  111.7404
4669.43781802354  77.69298
4669.60419139491  61.74949
4669.77056476628  100.6058
4669.93693813765  95.86649
4670.10331150902  78.87189
4670.26968488039  93.68254
4670.43605825176  26.23479
4670.60243162313  101.6644
4670.76880499451  111.8433
4670.93517836588  107.7324
4671.10155173725  134.7023
4671.26792510862  88.35986
4671.43429847999  99.9331
4671.60067185136  104.7493
4671.76704522273  78.81483
4671.93341859411  119.8775
4672.09979196548  99.31978
4672.26616533685  71.2326
4672.43253870822  99.96397
4672.59891207959  116.059
4672.76528545096  95.62544
4672.93165882233  98.30505
4673.0980321937  128.9073
4673.26440556508  98.32112
4673.43077893645  102.6433
4673.59715230782  124.7506
4673.76352567919  85.7848
4673.92989905056  143.4833
4674.09627242193  116.1598
4674.2626457933  59.48537
4674.42901916468  90.5797
4674.59539253605  117.9122
4674.76176590742  114.904
4674.92813927879  150.5485
4675.09451265016  126.9779
4675.26088602153  92.17139
4675.4272593929  131.5957
4675.59363276427  112.617
4675.76000613565  108.372
4675.92637950702  95.86543
4676.09275287839  72.70523
4676.25912624976  81.43733
4676.42549962113  133.8581
4676.5918729925  132.7365
4676.75824636387  112.4893
4676.92461973524  93.92806
4677.09099310662  125.7044
4677.25736647799  105.5464
4677.42373984936  107.153
4677.59011322073  115.7666
4677.7564865921  93.43329
4677.92285996347  86.49344
4678.08923333484  101.4918
4678.25560670621  119.2202
4678.42198007759  116.4568
4678.58835344896  90.02303
4678.75472682033  121.5118
4678.9211001917  144.3777
4679.08747356307  148.3444
4679.25384693444  118.7737
4679.42022030581  134.6009
4679.58659367718  139.8791
4679.75296704856  139.5626
4679.91934041993  117.7673
4680.0857137913  124.3906
4680.25208716267  106.9994
4680.41846053404  103.8846
4680.58483390541  115.4165
4680.75120727678  119.9103
4680.91758064816  133.7998
4681.08395401953  134.6272
4681.2503273909  130.1486
4681.41670076227  96.77596
4681.58307413364  66.32027
4681.74944750501  114.3772
4681.91582087638  115.8768
4682.08219424776  139.2265
4682.24856761913  116.2088
4682.4149409905  120.8689
4682.58131436187  104.4107
4682.74768773324  91.40027
4682.91406110461  117.84
4683.08043447598  97.94673
4683.24680784736  125.6633
4683.41318121873  123.4185
4683.5795545901  128.9018
4683.74592796147  101.044
4683.91230133284  97.86536
4684.07867470421  110.8616
4684.24504807558  104.8454
4684.41142144695  132.4014
4684.57779481833  137.6087
4684.7441681897  130.6903
4684.91054156107  93.92368
4685.07691493244  107.0387
4685.24328830381  130.6985
4685.40966167518  132.1408
4685.57603504655  102.1442
4685.74240841792  96.22604
4685.9087817893  101.1055
4686.07515516067  93.28147
4686.24152853204  89.27695
4686.40790190341  98.17406
4686.57427527478  107.1466
4686.74064864615  110.1468
4686.90702201752  83.21767
4687.07339538889  92.53568
4687.23976876027  100.7539
4687.40614213164  84.95193
4687.57251550301  84.10679
4687.73888887438  87.69547
4687.90526224575  75.39851
4688.07163561712  69.7091
4688.23800898849  87.31565
4688.40438235987  68.89532
4688.57075573124  73.55025
4688.73712910261  103.6533
4688.90350247398  60.59166
4689.06987584535  86.18776
4689.23624921672  91.41785
4689.40262258809  75.92889
4689.56899595946  106.7998
4689.73536933084  103.5452
4689.90174270221  86.8425
4690.06811607358  99.59409
4690.23448944495  69.0019
4690.40086281632  68.34012
4690.56723618769  83.37497
4690.73360955906  88.82346
4690.89998293044  71.30656
4691.06635630181  71.22823
4691.23272967318  62.78416
4691.39910304455  34.11285
4691.56547641592  93.73009
4691.73184978729  113.0437
4691.89822315866  117.5311
4692.06459653003  84.88401
4692.23096990141  93.7757
4692.39734327278  98.28873
4692.56371664415  66.32044
4692.73009001552  72.60449
4692.89646338689  64.28177
4693.06283675826  67.72393
4693.22921012963  102.9936
4693.39558350101  77.01084
4693.56195687238  72.93835
4693.72833024375  56.30186
4693.89470361512  57.20241
4694.06107698649  77.74434
4694.22745035786  65.80916
4694.39382372923  34.55565
4694.5601971006  64.94032
4694.72657047198  77.42818
4694.89294384335  74.76546
4695.05931721472  82.1843
4695.22569058609  70.21611
4695.39206395746  49.72558
4695.55843732883  46.13139
4695.7248107002  57.87994
4695.89118407157  55.00789
4696.05755744295  70.3004
4696.22393081432  58.48724
4696.39030418569  52.84805
4696.55667755706  44.91398
4696.72305092843  47.55633
4696.8894242998  91.16832
4697.05579767117  74.36086
4697.22217104255  60.22116
4697.38854441392  85.27084
4697.55491778529  58.2909
4697.72129115666  66.77985
4697.88766452803  82.7556
4698.0540378994  85.08984
4698.22041127077  65.84528
4698.38678464214  43.05349
4698.55315801352  50.21464
4698.71953138489  53.36452
4698.88590475626  73.59202
4699.05227812763  55.42137
4699.218651499  46.99356
4699.38502487037  58.44279
4699.55139824174  69.78827
4699.71777161312  70.65434
4699.88414498449  36.68623
4700.05051835586  60.89236
4700.21689172723  42.84275
4700.3832650986  46.63579
4700.54963846997  23.46302
4700.71601184134  47.74309
4700.88238521271  77.11292
4701.04875858409  63.12912
4701.21513195546  52.52114
4701.38150532683  65.43584
4701.5478786982  77.02992
4701.71425206957  62.88298
4701.88062544094  53.6501
4702.04699881231  75.33679
4702.21337218369  30.30998
4702.37974555506  46.50768
4702.54611892643  72.65981
4702.7124922978  70.0399
4702.87886566917  77.18297
4703.04523904054  60.32201
4703.21161241191  37.55199
4703.37798578328  70.98196
4703.54435915466  66.45511
4703.71073252603  58.00621
4703.8771058974  44.75794
4704.04347926877  34.0364
4704.20985264014  42.42477
4704.37622601151  44.26583
4704.54259938288  65.67446
4704.70897275426  91.15056
4704.87534612563  65.04636
4705.041719497  52.05404
4705.20809286837  34.90172
4705.37446623974  55.73717
4705.54083961111  51.9939
4705.70721298248  16.78827
4705.87358635385  36.12103
4706.03995972523  46.71061
4706.2063330966  78.22044
4706.37270646797  77.48935
4706.53907983934  52.61189
4706.70545321071  36.52595
4706.87182658208  43.13247
4707.03819995345  63.53217
4707.20457332482  40.66337
4707.3709466962  76.27406
4707.53732006757  64.35439
4707.70369343894  30.01174
4707.87006681031  53.72612
4708.03644018168  33.58483
4708.20281355305  49.37623
4708.36918692442  57.42065
4708.5355602958  44.66002
4708.70193366717  67.46296
4708.86830703854  46.81307
4709.03468040991  48.43732
4709.20105378128  46.84689
4709.36742715265  19.86623
4709.53380052402  42.01719
4709.70017389539  67.79887
4709.86654726677  30.17686
4710.03292063814  52.2622
4710.19929400951  65.08829
4710.36566738088  29.61032
4710.53204075225  15.5429
4710.69841412362  39.10021
4710.86478749499  58.35774
4711.03116086636  -2.628974
4711.19753423774  22.0011
4711.36390760911  52.67899
4711.53028098048  34.17772
4711.69665435185  49.29226
4711.86302772322  45.89494
4712.02940109459  53.94533
4712.19577446596  33.04966
4712.36214783734  36.34246
4712.52852120871  9.306687
4712.69489458008  15.86836
4712.86126795145  58.57509
4713.02764132282  40.45805
4713.19401469419  40.21448
4713.36038806556  41.5945
4713.52676143693  49.01365
4713.69313480831  34.55935
4713.85950817968  61.04062
4714.02588155105  58.27184
4714.19225492242  45.39609
4714.35862829379  29.14565
4714.52500166516  19.30843
4714.69137503653  22.69397
4714.8577484079  27.27199
4715.02412177928  29.78412
4715.19049515065  26.32669
4715.35686852202  39.93706
4715.52324189339  38.96877
4715.68961526476  33.5528
4715.85598863613  41.87785
4716.02236200751  43.65867
4716.18873537888  34.23286
4716.35510875025  34.41326
4716.52148212162  80.30837
4716.68785549299  77.58049
4716.85422886436  26.12923
4717.02060223573  34.17869
4717.1869756071  67.47976
4717.35334897848  64.65407
4717.51972234985  37.88672
4717.68609572122  32.15365
4717.85246909259  35.48885
4718.01884246396  32.83924
4718.18521583533  18.10416
4718.3515892067  35.01027
4718.51796257807  23.25764
4718.68433594945  32.1943
4718.85070932082  43.87762
4719.01708269219  61.11032
4719.18345606356  48.42797
4719.34982943493  21.82022
4719.5162028063  25.53101
4719.68257617767  24.09198
4719.84894954904  34.03792
4720.01532292042  45.30465
4720.18169629179  47.90969
4720.34806966316  80.74698
4720.51444303453  42.67516
4720.6808164059  30.89371
4720.84718977727  18.66971
4721.01356314864  23.72915
4721.17993652002  26.64865
4721.34630989139  44.3008
4721.51268326276  20.76145
4721.67905663413  38.75899
4721.8454300055  49.06713
4722.01180337687  27.55198
4722.17817674824  6.005018
4722.34455011961  20.65544
4722.51092349099  10.31401
4722.67729686236  40.17648
4722.84367023373  41.62889
4723.0100436051  33.46429
4723.17641697647  26.45057
4723.34279034784  36.87494
4723.50916371922  29.83965
4723.67553709059  20.83896
4723.84191046196  14.58559
4724.00828383333  19.47067
4724.1746572047  20.55487
4724.34103057607  42.67704
4724.50740394744  33.69773
4724.67377731881  12.40356
4724.84015069018  12.51311
4725.00652406156  41.89172
4725.17289743293  29.16216
4725.3392708043  15.99703
4725.50564417567  18.39415
4725.67201754704  27.05295
4725.83839091841  35.8601
4726.00476428978  51.64404
4726.17113766116  36.5353
4726.33751103253  31.41326
4726.5038844039  13.50267
4726.67025777527  10.97184
4726.83663114664  1.157398
4727.00300451801  14.11144
4727.16937788938  0.9715897
4727.33575126075  9.529325
4727.50212463213  38.05468
4727.6684980035  33.11258
4727.83487137487  61.51807
4728.00124474624  27.63913
4728.16761811761  20.18445
4728.33399148898  -8.827308
4728.50036486035  4.186653
4728.66673823172  22.85959
4728.8331116031  22.60072
4728.99948497447  23.17856
4729.16585834584  -5.683792
4729.33223171721  40.8298
4729.49860508858  10.82002
4729.66497845995  38.05877
4729.83135183132  4.680779
4729.9977252027  12.4315
4730.16409857407  -0.1079865
4730.33047194544  29.69787
4730.49684531681  8.686852
4730.66321868818  18.80108
4730.82959205955  12.43705
4730.99596543092  8.65295
4731.16233880229  50.98962
4731.32871217367  27.05624
4731.49508554504  30.18474
4731.66145891641  34.60915
4731.82783228778  -0.7766151
4731.99420565915  -11.43359
4732.16057903052  15.63636
4732.32695240189  30.9421
4732.49332577326  30.24234
4732.65969914464  13.35937
4732.82607251601  -12.14729
4732.99244588738  1.283365
4733.15881925875  33.37748
4733.32519263012  32.94339
4733.49156600149  19.54072
4733.65793937286  -0.01556802
4733.82431274424  -9.315679
4733.99068611561  19.89355
4734.15705948698  20.62532
4734.32343285835  -16.99892
4734.48980622972  16.25882
4734.65617960109  26.23746
4734.82255297246  18.5776
4734.98892634384  10.43563
4735.15529971521  10.2068
4735.32167308658  9.221761
4735.48804645795  0.5053662
4735.65441982932  18.5797
4735.82079320069  -3.886545
4735.98716657206  18.13311
4736.15353994343  5.031936
4736.31991331481  8.872135
4736.48628668618  37.55445
4736.65266005755  17.73513
4736.81903342892  30.58005
4736.98540680029  33.4828
4737.15178017166  24.53656
4737.31815354303  11.41991
4737.48452691441  -12.52254
4737.65090028578  25.67963
4737.81727365715  5.711257
4737.98364702852  -6.520239
4738.15002039989  22.21595
4738.31639377126  29.2819
4738.48276714263  8.635852
4738.649140514  8.671762
4738.81551388538  15.38809
4738.98188725675  4.179969
4739.14826062812  -6.935102
4739.31463399949  0.6302202
4739.48100737086  20.86494
