4568.9750631265  -21.0149
4569.14155575946  23.57629
4569.30804839242  -6.147144
4569.47454102538  19.69383
4569.64103365835  18.14082
4569.80752629131  36.7916
4569.97401892427  48.74626
4570.14051155723  18.49856
4570.30700419019  3.309822
4570.47349682315  17.81197
4570.63998945612  31.77149
4570.80648208908  30.26991
4570.97297472204  28.22776
4571.139467355  18.18446
4571.30595998796  10.14577
4571.47245262092  28.72017
4571.63894525389  -9.635536
4571.80543788685  2.831092
4571.97193051981  -0.937632
4572.13842315277  17.14543
4572.30491578573  20.4953
4572.47140841869  0.9847631
4572.63790105165  7.556683
4572.80439368462  23.76021
4572.97088631758  45.79843
4573.13737895054  21.0738
4573.3038715835  -23.22439
4573.47036421646  35.17077
4573.63685684942  34.72129
4573.80334948238  3.222815
4573.96984211535  -15.16197
4574.13633474831  -12.52686
4574.30282738127  7.758773
4574.46932001423  17.99906
4574.63581264719  12.41625
4574.80230528016  13.23528
4574.96879791312  20.20791
4575.13529054608  29.72991
4575.30178317904  17.75583
4575.468275812  -12.15674
4575.63476844496  31.14442
4575.80126107793  30.11
4575.96775371089  2.353268
4576.13424634385  1.937161
4576.30073897681  61.07562
4576.46723160977  19.38225
4576.63372424273  10.33358
4576.80021687569  30.79166
4576.96670950866  28.4346
4577.13320214162  7.88579
4577.29969477458  11.98904
4577.46618740754  39.41608
4577.6326800405  23.6388
4577.79917267346  32.70799
4577.96566530643  49.6486
4578.13215793939  11.40182
4578.29865057235  4.277291
4578.46514320531  8.201483
4578.63163583827  17.70047
4578.79812847123  34.73267
4578.9646211042  65.38974
4579.13111373716  67.24664
4579.29760637012  46.01151
4579.46409900308  65.31916
4579.63059163604  58.17495
4579.797084269  -4.648039
4579.96357690196  -8.197371
4580.13006953493  34.80893
4580.29656216789  33.94804
4580.46305480085  -6.469491
4580.62954743381  39.15491
4580.79604006677  14.80598
4580.96253269973  36.68369
4581.1290253327  14.29969
4581.29551796566  12.45149
4581.46201059862  0.6750615
4581.62850323158  -5.53214
4581.79499586454  43.5357
4581.9614884975  53.26813
4582.12798113046  14.85546
4582.29447376343  24.3093
4582.46096639639  18.77574
4582.62745902935  -9.161136
4582.79395166231  33.00451
4582.96044429527  -2.365345
4583.12693692823  -5.566965
4583.2934295612  49.90257
4583.45992219416  48.96218
4583.62641482712  45.09807
4583.79290746008  51.50583
4583.95940009304  44.37355
4584.125892726  48.11915
4584.29238535897  36.27687
4584.45887799193  21.97448
4584.62537062489  27.41325
4584.79186325785  29.11207
4584.95835589081  19.54427
4585.12484852377  15.28948
4585.29134115673  44.73046
4585.4578337897  19.25158
4585.62432642266  29.49739
4585.79081905562  18.72054
4585.95731168858  12.72899
4586.12380432154  6.78466
4586.2902969545  9.617779
4586.45678958747  17.25196
4586.62328222043  54.57777
4586.78977485339  77.55753
4586.95626748635  36.44473
4587.12276011931  16.12644
4587.28925275227  58.53384
4587.45574538524  74.50922
4587.6222380182  70.38639
4587.78873065116  66.95139
4587.95522328412  -4.67349
4588.12171591708  -14.69725
4588.28820855004  7.090017
4588.45470118301  12.67873
4588.62119381597  19.97109
4588.78768644893  55.45142
4588.95417908189  14.34013
4589.12067171485  8.722538
4589.28716434781  26.66461
4589.45365698078  37.22993
4589.62014961374  28.16148
4589.7866422467  37.20788
4589.95313487966  51.91568
4590.11962751262  25.90581
4590.28612014558  28.09752
4590.45261277854  8.577936
4590.61910541151  55.52161
4590.78559804447  48.69867
4590.95209067743  43.29015
4591.11858331039  63.59974
4591.28507594335  9.888561
4591.45156857631  19.30657
4591.61806120928  31.25274
4591.78455384224  29.73529
4591.9510464752  11.17751
4592.11753910816  19.75367
4592.28403174112  25.95918
4592.45052437408  16.9375
4592.61701700705  36.08808
4592.78350964001  59.01469
4592.95000227297  68.49352
4593.11649490593  51.34122
4593.28298753889  43.5825
4593.44948017185  44.71748
4593.61597280482  58.1281
4593.78246543778  42.54419
4593.94895807074  43.82087
4594.1154507037  63.00036
4594.28194333666  38.13895
4594.44843596962  25.91264
4594.61492860259  62.69247
4594.78142123555  64.1808
4594.94791386851  57.1732
4595.11440650147  52.26848
4595.28089913443  66.3474
4595.44739176739  63.58453
4595.61388440035  26.71109
4595.78037703332  71.42104
4595.94686966628  62.78646
4596.11336229924  16.9465
4596.2798549322  45.22561
4596.44634756516  91.08886
4596.61284019812  19.22993
4596.77933283109  40.55502
4596.94582546405  73.28445
4597.11231809701  77.08554
4597.27881072997  44.52694
4597.44530336293  43.02396
4597.61179599589  47.02262
4597.77828862885  26.57334
4597.94478126182  37.87605
4598.11127389478  64.60534
4598.27776652774  77.83645
4598.4442591607  64.09127
4598.61075179366  24.27176
4598.77724442662  26.19937
4598.94373705959  36.71715
4599.11022969255  84.40572
4599.27672232551  86.79742
4599.44321495847  50.8974
4599.60970759143  86.12989
4599.77620022439  77.3112
4599.94269285736  87.07505
4600.10918549032  39.58337
4600.27567812328  20.53615
4600.44217075624  46.16976
4600.6086633892  47.63782
4600.77515602216  61.49469
4600.94164865512  46.56441
4601.10814128809  38.89806
4601.27463392105  75.80594
4601.44112655401  75.98765
4601.60761918697  65.326
4601.77411181993  49.3885
4601.94060445289  23.44002
4602.10709708586  21.47114
4602.27358971882  68.27432
4602.44008235178  106.0688
4602.60657498474  67.39778
4602.7730676177  40.38352
4602.93956025066  35.28785
4603.10605288363  80.83571
4603.27254551659  65.69071
4603.43903814955  52.56716
4603.60553078251  68.61448
4603.77202341547  43.58784
4603.93851604843  48.35334
4604.1050086814  38.36361
4604.27150131436  36.88575
4604.43799394732  63.33447
4604.60448658028  33.70622
4604.77097921324  33.09558
4604.9374718462  47.9015
4605.10396447916  42.11897
4605.27045711213  29.89636
4605.43694974509  63.83526
4605.60344237805  56.3238
4605.76993501101  49.39244
4605.93642764397  41.39205
4606.10292027693  59.89454
4606.26941290989  83.26731
4606.43590554286  67.72562
4606.60239817582  78.46559
4606.76889080878  65.9674
4606.93538344174  67.51362
4607.1018760747  79.97543
4607.26836870767  62.45571
4607.43486134063  55.41823
4607.60135397359  66.55373
4607.76784660655  66.28983
4607.93433923951  56.0658
4608.10083187247  54.61503
4608.26732450544  62.89273
4608.4338171384  46.88854
4608.60030977136  35.44524
4608.76680240432  46.47386
4608.93329503728  45.95097
4609.09978767024  56.52521
4609.2662803032  46.11135
4609.43277293617  45.07989
4609.59926556913  9.695093
4609.76575820209  58.38992
4609.93225083505  43.41519
4610.09874346801  54.56748
4610.26523610097  71.26965
4610.43172873394  70.12359
4610.5982213669  76.59203
4610.76471399986  104.2392
4610.93120663282  92.2963
4611.09769926578  53.03497
4611.26419189874  81.34657
4611.4306845317  103.1571
4611.59717716467  58.27007
4611.76366979763  34.42702
4611.93016243059  49.04322
4612.09665506355  61.51077
4612.26314769651  58.83583
4612.42964032948  85.80192
4612.59613296244  81.64543
4612.7626255954  67.51299
4612.92911822836  39.75449
4613.09561086132  57.01745
4613.26210349428  56.66074
4613.42859612724  77.49249
4613.59508876021  58.23443
4613.76158139317  92.12171
4613.92807402613  86.86909
4614.09456665909  48.17902
4614.26105929205  100.7616
4614.42755192501  105.3745
4614.59404455798  63.34237
4614.76053719094  44.53631
4614.9270298239  11.9108
4615.09352245686  18.53194
4615.26001508982  65.07191
4615.42650772278  97.75491
4615.59300035575  96.84266
4615.75949298871  104.0377
4615.92598562167  100.572
4616.09247825463  43.69179
4616.25897088759  81.04654
4616.42546352055  58.83407
4616.59195615352  74.16185
4616.75844878648  55.07487
4616.92494141944  45.51398
4617.0914340524  16.37098
4617.25792668536  70.06107
4617.42441931832  93.10358
4617.59091195128  67.92554
4617.75740458425  82.92758
4617.92389721721  77.18939
4618.09038985017  82.30083
4618.25688248313  89.81312
4618.42337511609  68.98694
4618.58986774905  70.84087
4618.75636038202  91.86037
4618.92285301498  95.60607
4619.08934564794  67.30697
4619.2558382809  48.36365
4619.42233091386  66.92945
4619.58882354682  82.24306
4619.75531617978  98.14472
4619.92180881275  70.81466
4620.08830144571  66.03339
4620.25479407867  64.9947
4620.42128671163  60.43503
4620.58777934459  70.85059
4620.75427197755  123.946
4620.92076461052  96.34616
4621.08725724348  112.9938
4621.25374987644  65.85607
4621.4202425094  47.09258
4621.58673514236  75.27275
4621.75322777532  78.74663
4621.91972040829  48.63397
4622.08621304125  67.91145
4622.25270567421  107.0726
4622.41919830717  76.00455
4622.58569094013  51.06807
4622.75218357309  87.86806
4622.91867620605  72.14106
4623.08516883902  72.37568
4623.25166147198  71.68648
4623.41815410494  55.79515
4623.5846467379  92.67709
4623.75113937086  83.68311
4623.91763200382  73.22215
4624.08412463679  70.44703
4624.25061726975  59.58232
4624.41710990271  30.29788
4624.58360253567  59.95211
4624.75009516863  85.10807
4624.91658780159  135.0935
4625.08308043455  100.2399
4625.24957306752  75.85852
4625.41606570048  73.05846
4625.58255833344  70.82475
4625.7490509664  79.02241
4625.91554359936  87.15575
4626.08203623233  106.4086
4626.24852886529  100.5746
4626.41502149825  73.79922
4626.58151413121  79.90755
4626.74800676417  81.87086
4626.91449939713  83.85166
4627.08099203009  79.10187
4627.24748466306  33.32048
4627.41397729602  52.32479
4627.58046992898  58.52965
4627.74696256194  22.58241
4627.9134551949  70.97215
4628.07994782786  125.2083
4628.24644046083  100.9611
4628.41293309379  81.09241
4628.57942572675  73.42964
4628.74591835971  78.14018
4628.91241099267  98.39231
4629.07890362563  78.16515
4629.24539625859  71.53899
4629.41188889156  68.62137
4629.57838152452  71.29733
4629.74487415748  70.31416
4629.91136679044  92.0496
4630.0778594234  58.99049
4630.24435205636  119.7252
4630.41084468933  111.2473
4630.57733732229  111.9559
4630.74382995525  81.85538
4630.91032258821  125.4359
4631.07681522117  72.37394
4631.24330785413  98.24548
4631.4098004871  83.35399
4631.57629312006  69.83475
4631.74278575302  76.47129
4631.90927838598  105.9808
4632.07577101894  76.65986
4632.2422636519  45.13113
4632.40875628487  85.50312
4632.57524891783  100.7561
4632.74174155079  71.40067
4632.90823418375  67.59525
4633.07472681671  98.89874
4633.24121944967  110.2425
4633.40771208263  83.57764
4633.5742047156  86.0997
4633.74069734856  57.58596
4633.90718998152  61.78816
4634.07368261448  85.87382
4634.24017524744  97.98049
4634.4066678804  130.1139
4634.57316051337  78.28596
4634.73965314633  68.73127
4634.90614577929  103.0831
4635.07263841225  88.63754
4635.23913104521  108.4728
4635.40562367817  130.5026
4635.57211631114  69.09068
4635.7386089441  102.0143
4635.90510157706  130.67
4636.07159421002  136.9602
4636.23808684298  130.7603
4636.40457947594  124.3403
4636.57107210891  96.71452
4636.73756474187  81.2265
4636.90405737483  86.12122
4637.07055000779  65.92226
4637.23704264075  75.61681
4637.40353527371  94.50832
4637.57002790667  110.1581
4637.73652053964  105.2456
4637.9030131726  51.23133
4638.06950580556  48.63709
4638.23599843852  45.78084
4638.40249107148  99.33439
4638.56898370444  110.3896
4638.73547633741  100.5542
4638.90196897037  76.28154
4639.06846160333  68.78304
4639.23495423629  93.28117
4639.40144686925  55.32394
4639.56793950221  72.9221
4639.73443213518  96.6507
4639.90092476814  109.1789
4640.0674174011  107.7513
4640.23391003406  89.63477
4640.40040266702  125.4621
4640.56689529998  84.63735
4640.73338793295  64.50705
4640.89988056591  112.5829
4641.06637319887  104.9128
4641.23286583183  121.3058
4641.39935846479  147.0604
4641.56585109775  113.5907
4641.73234373071  77.45274
4641.89883636368  93.18775
4642.06532899664  98.41522
4642.2318216296  70.63461
4642.39831426256  81.31033
4642.56480689552  106.8352
4642.73129952848  103.0864
4642.89779216145  72.47502
4643.06428479441  97.22346
4643.23077742737  91.06872
4643.39727006033  83.64093
4643.56376269329  97.39223
4643.73025532625  97.73122
4643.89674795921  123.4849
4644.06324059218  76.62723
4644.22973322514  50.83979
4644.3962258581  85.16269
4644.56271849106  111.5851
4644.72921112402  119.6151
4644.89570375698  110.5112
4645.06219638995  113.4422
4645.22868902291  111.2121
4645.39518165587  152.7985
4645.56167428883  102.6005
4645.72816692179  107.1882
4645.89465955475  105.0591
4646.06115218772  106.3302
4646.22764482068  137.1101
4646.39413745364  132.4981
4646.5606300866  99.14867
4646.72712271956  105.1124
4646.89361535252  112.8344
4647.06010798549  134.9644
4647.22660061845  99.57732
4647.39309325141  70.76691
4647.55958588437  88.82479
4647.72607851733  90.38879
4647.89257115029  104.6324
4648.05906378326  111.1413
4648.22555641622  77.0126
4648.39204904918  107.0539
4648.55854168214  71.75575
4648.7250343151  70.42271
4648.89152694806  102.8217
4649.05801958102  87.36069
4649.22451221399  80.31781
4649.39100484695  83.21912
4649.55749747991  88.25123
4649.72399011287  79.7192
4649.89048274583  127.9335
4650.05697537879  74.94102
4650.22346801175  54.16331
4650.38996064472  98.97507
4650.55645327768  63.8247
4650.72294591064  96.11297
4650.8894385436  104.6029
4651.05593117656  88.60825
4651.22242380953  105.9011
4651.38891644249  102.9077
4651.55540907545  117.7554
4651.72190170841  122.7023
4651.88839434137  134.1295
4652.05488697433  108.5398
4652.22137960729  66.77087
4652.38787224026  77.07903
4652.55436487322  91.98383
4652.72085750618  92.27629
4652.88735013914  92.47361
4653.0538427721  106.2428
4653.22033540506  113.2091
4653.38682803803  91.82999
4653.55332067099  101.4037
4653.71981330395  109.5794
4653.88630593691  93.32024
4654.05279856987  76.46389
4654.21929120283  99.38673
4654.38578383579  108.8467
4654.55227646876  90.96464
4654.71876910172  107.6376
4654.88526173468  118.5668
4655.05175436764  91.08576
4655.2182470006  86.95884
4655.38473963357  119.3035
4655.55123226653  91.32758
4655.71772489949  87.38878
4655.88421753245  135.8232
4656.05071016541  104.2843
4656.21720279837  68.13921
4656.38369543133  94.84992
4656.5501880643  114.1414
4656.71668069726  111.4501
4656.88317333022  131.0629
4657.04966596318  101.9911
4657.21615859614  66.32713
4657.3826512291  98.25311
4657.54914386207  117.0236
4657.71563649503  108.6902
4657.88212912799  82.80607
4658.04862176095  100.204
4658.21511439391  123.8563
4658.38160702687  66.91283
4658.54809965983  50.10009
4658.7145922928  105.0099
4658.88108492576  76.29408
4659.04757755872  76.60696
4659.21407019168  88.90775
4659.38056282464  100.5595
4659.5470554576  101.5111
4659.71354809057  80.20792
4659.88004072353  135.5262
4660.04653335649  151.7894
4660.21302598945  79.23423
4660.37951862241  62.36478
4660.54601125537  114.9554
4660.71250388834  115.9796
4660.8789965213  85.98017
4661.04548915426  126.9791
4661.21198178722  146.4211
4661.37847442018  115.2995
4661.54496705314  101.9103
4661.71145968611  97.77172
4661.87795231907  83.73286
4662.04444495203  79.08856
4662.21093758499  96.7789
4662.37743021795  125.6744
4662.54392285091  108.2981
4662.71041548387  67.4119
4662.87690811684  82.36533
4663.0434007498  85.63752
4663.20989338276  67.73185
4663.37638601572  77.53925
4663.54287864868  99.12827
4663.70937128164  83.6369
4663.87586391461  111.2235
4664.04235654757  131.388
4664.20884918053  108.2377
4664.37534181349  110.7302
4664.54183444645  111.6987
4664.70832707941  79.26016
4664.87481971238  96.85631
4665.04131234534  94.99991
4665.2078049783  93.89098
4665.37429761126  108.1911
4665.54079024422  84.27026
4665.70728287718  104.4196
4665.87377551014  84.42912
4666.04026814311  86.56139
4666.20676077607  105.5677
4666.37325340903  109.4767
4666.53974604199  102.6689
4666.70623867495  77.32654
4666.87273130791  104.5662
4667.03922394088  109.0819
4667.20571657384  85.96017
4667.3722092068  109.4743
4667.53870183976  100.2667
4667.70519447272  73.95573
4667.87168710568  89.16694
4668.03817973865  95.12701
4668.20467237161  102.1657
4668.37116500457  61.24989
4668.53765763753  71.02133
4668.70415027049  110.2114
4668.87064290345  110.7898
4669.03713553642  112.9951
4669.20362816938  107.2307
4669.37012080234  121.9745
4669.5366134353  124.8077
4669.70310606826  164.9516
4669.86959870122  124.2212
4670.03609133418  91.95062
4670.20258396715  52.08237
4670.36907660011  58.41924
4670.53556923307  81.49039
4670.70206186603  87.57477
4670.86855449899  85.7269
4671.03504713195  94.25491
4671.20153976492  74.25652
4671.36803239788  65.03927
4671.53452503084  124.7822
4671.7010176638  130.2672
4671.86751029676  103.0072
4672.03400292972  95.59731
4672.20049556269  148.5363
4672.36698819565  129.0662
4672.53348082861  149.5083
4672.69997346157  125.8807
4672.86646609453  143.7004
4673.03295872749  64.41968
4673.19945136046  65.64316
4673.36594399342  114.1826
4673.53243662638  125.8329
4673.69892925934  121.4371
4673.8654218923  116.9479
4674.03191452526  79.19759
4674.19840715822  96.5462
4674.36489979119  58.11896
4674.53139242415  104.145
4674.69788505711  119.7375
4674.86437769007  131.374
4675.03087032303  122.453
4675.19736295599  95.92731
4675.36385558896  82.94848
4675.53034822192  122.0782
4675.69684085488  82.94022
4675.86333348784  132.4909
4676.0298261208  104.1634
4676.19631875376  132.2679
4676.36281138673  184.145
4676.52930401969  120.7158
4676.69579665265  111.2595
4676.86228928561  119.112
4677.02878191857  75.63181
4677.19527455153  88.04729
4677.36176718449  115.7956
4677.52825981746  145.1485
4677.69475245042  169.4722
4677.86124508338  111.2107
4678.02773771634  105.5399
4678.1942303493  139.2672
4678.36072298226  150.6149
4678.52721561523  141.881
4678.69370824819  166.1797
4678.86020088115  175.1578
4679.02669351411  163.9037
4679.19318614707  174.4603
4679.35967878003  114.7989
4679.526171413  102.8893
4679.69266404596  164.3369
4679.85915667892  141.6299
4680.02564931188  138.4767
4680.19214194484  163.6757
4680.3586345778  151.1886
4680.52512721077  173.7533
4680.69161984373  144.8981
4680.85811247669  149.8303
4681.02460510965  164.9914
4681.19109774261  174.6605
4681.35759037557  133.3694
4681.52408300853  145.0382
4681.6905756415  131.1506
4681.85706827446  127.8392
4682.02356090742  130.8262
4682.19005354038  154.9083
4682.35654617334  190.1809
4682.5230388063  174.4663
4682.68953143927  168.9558
4682.85602407223  153.8795
4683.02251670519  145.2827
4683.18900933815  163.3144
4683.35550197111  146.8579
4683.52199460407  152.9462
4683.68848723704  152.1664
4683.85497987  107.5944
4684.02147250296  141.2565
4684.18796513592  141.285
4684.35445776888  163.2732
4684.52095040184  138.5574
4684.6874430348  137.0568
4684.85393566777  140.1228
4685.02042830073  114.4576
4685.18692093369  115.4343
4685.35341356665  140.3125
4685.51990619961  132.9611
4685.68639883257  160.1395
4685.85289146554  167.1879
4686.0193840985  151.366
4686.18587673146  157.9532
4686.35236936442  147.7155
4686.51886199738  134.0685
4686.68535463034  114.0741
4686.8518472633  125.4107
4687.01833989627  120.1951
4687.18483252923  103.0603
4687.35132516219  108.6109
4687.51781779515  97.68165
4687.68431042811  122.9146
4687.85080306107  153.9398
4688.01729569404  131.5633
4688.183788327  148.0811
4688.35028095996  121.6442
4688.51677359292  146.046
4688.68326622588  105.5721
4688.84975885884  124.0052
4689.01625149181  85.03548
4689.18274412477  110.9695
4689.34923675773  133.1141
4689.51572939069  146.7487
4689.68222202365  79.98969
4689.84871465661  104.18
4690.01520728957  117.4395
4690.18169992254  120.0819
4690.3481925555  125.361
4690.51468518846  113.1757
4690.68117782142  108.8444
4690.84767045438  93.67362
4691.01416308734  76.16548
4691.18065572031  119.466
4691.34714835327  97.05176
4691.51364098623  55.03015
4691.68013361919  107.2738
4691.84662625215  100.5882
4692.01311888511  83.58271
4692.17961151808  82.61392
4692.34610415104  87.53379
4692.512596784  106.286
4692.67908941696  97.76173
4692.84558204992  82.52533
4693.01207468289  52.42229
4693.17856731585  78.49317
4693.34505994881  115.1006
4693.51155258177  118.5008
4693.67804521473  96.05934
4693.84453784769  93.33787
4694.01103048065  71.79671
4694.17752311362  101.6106
4694.34401574658  98.76733
4694.51050837954  98.20504
4694.6770010125  101.2194
4694.84349364546  95.30261
4695.00998627842  91.51468
4695.17647891139  69.72274
4695.34297154435  75.27813
4695.50946417731  90.3914
4695.67595681027  84.13448
4695.84244944323  74.36154
4696.00894207619  86.82858
4696.17543470915  77.19631
4696.34192734212  54.01532
4696.50841997508  69.01926
4696.67491260804  116.7614
4696.841405241  102.7651
4697.00789787396  30.72657
4697.17439050692  72.67834
4697.34088313989  67.18721
4697.50737577285  45.51635
4697.67386840581  68.14846
4697.84036103877  81.27663
4698.00685367173  100.4473
4698.17334630469  66.23425
4698.33983893766  68.84988
4698.50633157062  44.95299
4698.67282420358  100.8514
4698.83931683654  87.97514
4699.0058094695  57.79545
4699.17230210246  90.55846
4699.33879473542  61.15602
4699.50528736839  69.16451
4699.67178000135  76.29444
4699.83827263431  24.11846
4700.00476526727  60.50419
4700.17125790023  65.14153
4700.3377505332  62.79016
4700.50424316616  84.60718
4700.67073579912  68.48356
4700.83722843208  67.59756
4701.00372106504  11.69535
4701.170213698  58.14894
4701.33670633096  53.40582
4701.50319896392  65.18183
4701.66969159689  73.78799
4701.83618422985  62.74819
4702.00267686281  59.05178
4702.16916949577  93.80525
4702.33566212873  119.5589
4702.5021547617  51.75562
4702.66864739466  73.65036
4702.83514002762  81.77023
4703.00163266058  50.56841
4703.16812529354  70.83385
4703.3346179265  69.22958
4703.50111055946  59.94764
4703.66760319243  46.86947
4703.83409582539  79.43941
4704.00058845835  53.93786
4704.16708109131  44.86016
4704.33357372427  79.5134
4704.50006635723  87.65559
4704.6665589902  69.17171
4704.83305162316  38.20517
4704.99954425612  50.95314
4705.16603688908  42.61169
4705.33252952204  59.05907
4705.499022155  58.71718
4705.66551478797  69.65573
4705.83200742093  18.20798
4705.99850005389  47.98254
4706.16499268685  61.18771
4706.33148531981  76.26269
4706.49797795277  8.635987
4706.66447058573  61.84114
4706.8309632187  58.88361
4706.99745585166  84.66782
4707.16394848462  109.3452
4707.33044111758  68.64645
4707.49693375054  45.35298
4707.6634263835  44.97308
4707.82991901647  46.84636
4707.99641164943  39.09188
4708.16290428239  85.47602
4708.32939691535  73.31973
4708.49588954831  57.02122
4708.66238218127  56.34232
4708.82887481423  44.48444
4708.9953674472  12.67435
4709.16186008016  43.58336
4709.32835271312  70.29499
4709.49484534608  70.54337
4709.66133797904  53.9821
4709.827830612  40.04779
4709.99432324497  80.06505
4710.16081587793  98.27769
4710.32730851089  38.94278
4710.49380114385  33.68996
4710.66029377681  46.52055
4710.82678640977  33.54303
4710.99327904274  69.86528
4711.1597716757  33.68389
4711.32626430866  19.22126
4711.49275694162  15.96158
4711.65924957458  72.68977
4711.82574220754  65.09554
4711.99223484051  22.50856
4712.15872747347  45.62251
4712.32522010643  21.93233
4712.49171273939  32.49313
4712.65820537235  35.04134
4712.82469800531  52.7184
4712.99119063828  39.98797
4713.15768327124  17.69369
4713.3241759042  34.6581
4713.49066853716  15.81582
4713.65716117012  20.06029
4713.82365380308  23.59094
4713.99014643604  59.5407
4714.15663906901  47.37991
4714.32313170197  33.53506
4714.48962433493  29.94426
4714.65611696789  48.9524
4714.82260960085  45.08464
4714.98910223381  44.30326
4715.15559486678  54.81365
4715.32208749974  67.24616
4715.4885801327  81.21154
4715.65507276566  34.08159
4715.82156539862  74.15434
4715.98805803158  66.58617
4716.15455066455  17.40013
4716.32104329751  40.46848
4716.48753593047  55.84491
4716.65402856343  63.52669
4716.82052119639  -4.764062
4716.98701382935  -25.71151
4717.15350646232  31.15509
4717.31999909528  65.33521
4717.48649172824  76.75668
4717.6529843612  43.30262
4717.81947699416  43.78546
4717.98596962712  31.27296
4718.15246226008  -18.91291
4718.31895489305  27.39837
4718.48544752601  56.6086
4718.65194015897  56.95618
4718.81843279193  20.93379
4718.98492542489  29.99759
4719.15141805785  47.75911
4719.31791069082  35.19955
4719.48440332378  54.13892
4719.65089595674  53.58705
4719.8173885897  10.01019
4719.98388122266  3.133578
4720.15037385562  17.52819
4720.31686648859  40.94685
4720.48335912155  57.16102
4720.64985175451  53.18008
4720.81634438747  68.32703
4720.98283702043  37.43789
4721.14932965339  45.5289
4721.31582228635  20.2794
4721.48231491932  17.29394
4721.64880755228  23.99942
4721.81530018524  64.19039
4721.9817928182  71.47724
4722.14828545116  31.54776
4722.31477808412  18.52453
4722.48127071709  -0.4663046
4722.64776335005  -6.095969
4722.81425598301  22.78222
4722.98074861597  20.08136
4723.14724124893  -19.63793
4723.31373388189  -20.00331
4723.48022651486  25.07045
4723.64671914782  52.71042
4723.81321178078  42.16013
4723.97970441374  39.17427
4724.1461970467  28.4228
4724.31268967966  43.59445
4724.47918231262  -0.3357232
4724.64567494559  20.74029
4724.81216757855  38.13431
4724.97866021151  31.22694
4725.14515284447  60.12941
4725.31164547743  47.22113
4725.47813811039  81.06779
4725.64463074336  21.18669
4725.81112337632  12.49341
4725.97761600928  29.53026
4726.14410864224  23.48465
4726.3106012752  11.08467
4726.47709390816  25.44825
4726.64358654112  24.64534
4726.81007917409  -6.922826
4726.97657180705  2.107191
4727.14306444001  21.38238
4727.30955707297  18.88805
4727.47604970593  41.12523
4727.64254233889  24.4157
4727.80903497186  22.43754
4727.97552760482  -36.51434
4728.14202023778  1.613849
4728.30851287074  7.512894
4728.4750055037  -3.223683
4728.64149813666  19.51609
4728.80799076963  19.90202
4728.97448340259  41.86523
4729.14097603555  5.081078
4729.30746866851  30.75492
4729.47396130147  -6.364684
4729.64045393443  -8.642096
4729.8069465674  28.06227
4729.97343920036  19.2814
4730.13993183332  60.35715
4730.30642446628  21.3336
4730.47291709924  -3.386808
4730.6394097322  10.57114
4730.80590236516  6.214489
4730.97239499813  23.71021
4731.13888763109  17.49744
4731.30538026405  16.39121
4731.47187289701  47.13993
4731.63836552997  2.71359
4731.80485816293  12.34856
4731.9713507959  49.7048
4732.13784342886  25.26086
4732.30433606182  51.1228
4732.47082869478  35.93376
4732.63732132774  -4.902159
4732.8038139607  -0.06255146
4732.97030659367  -3.660255
4733.13679922663  -9.780516
4733.30329185959  16.11465
4733.46978449255  6.710067
4733.63627712551  56.25915
4733.80276975847  13.77373
4733.96926239143  -7.296814
4734.1357550244  10.79497
4734.30224765736  41.7536
4734.46874029032  21.82229
4734.63523292328  -4.895881
4734.80172555624  0.3770458
4734.9682181892  2.887783
4735.13471082217  14.46122
4735.30120345513  42.16696
4735.46769608809  1.187214
4735.63418872105  2.934839
4735.80068135401  20.46396
4735.96717398697  8.59557
4736.13366661994  11.80718
4736.3001592529  -17.21991
4736.46665188586  -46.20433
4736.63314451882  -28.4262
4736.79963715178  25.55827
4736.96612978474  28.58551
4737.13262241771  13.82065
4737.29911505067  19.84947
4737.46560768363  26.33163
4737.63210031659  8.556527
4737.79859294955  -1.855067
4737.96508558251  -9.501752
4738.13157821547  11.88067
4738.29807084844  30.93665
4738.4645634814  15.45195
4738.63105611436  4.516564
4738.79754874732  -13.63986
4738.96404138028  10.93748
4739.13053401324  20.18687
4739.29702664621  39.58949
