4569.2356773697  12.2399
4569.40210518732  -20.51958
4569.56853300494  -8.265357
4569.73496082256  61.70337
4569.90138864018  25.68988
4570.0678164578  22.57376
4570.23424427542  18.57924
4570.40067209304  -2.996716
4570.56709991066  1.123716
4570.73352772828  1.62247
4570.8999555459  8.715242
4571.06638336351  -0.2997226
4571.23281118113  -19.91888
4571.39923899875  1.03416
4571.56566681637  12.92035
4571.73209463399  27.3722
4571.89852245161  11.87374
4572.06495026923  39.57413
4572.23137808685  22.762
4572.39780590447  11.99184
4572.56423372209  16.18419
4572.73066153971  43.40898
4572.89708935733  39.89809
4573.06351717495  13.18003
4573.22994499257  15.11327
4573.39637281019  -11.15702
4573.56280062781  30.46204
4573.72922844543  33.81844
4573.89565626305  0.005958967
4574.06208408066  -4.605294
4574.22851189829  -16.0911
4574.3949397159  4.755159
4574.56136753352  28.9791
4574.72779535114  35.39522
4574.89422316876  8.788686
4575.06065098638  5.889862
4575.227078804  -2.191588
4575.39350662162  -21.8326
4575.55993443924  8.374581
4575.72636225686  19.28125
4575.89279007448  31.45277
4576.0592178921  45.68388
4576.22564570972  25.9208
4576.39207352734  53.98101
4576.55850134496  14.91961
4576.72492916258  31.82516
4576.8913569802  29.81842
4577.05778479782  11.45568
4577.22421261544  19.44003
4577.39064043306  9.773781
4577.55706825067  -6.512487
4577.72349606829  21.05761
4577.88992388591  34.21655
4578.05635170353  -3.957374
4578.22277952115  14.49338
4578.38920733877  61.30105
4578.55563515639  14.88552
4578.72206297401  11.32709
4578.88849079163  31.15353
4579.05491860925  10.6933
4579.22134642687  4.948922
4579.38777424449  4.413325
4579.55420206211  10.89129
4579.72062987973  17.89431
4579.88705769735  -9.479751
4580.05348551497  -8.718249
4580.21991333259  8.003423
4580.38634115021  -17.21963
4580.55276896783  2.173086
4580.71919678544  9.159831
4580.88562460306  5.557062
4581.05205242068  44.5378
4581.2184802383  44.57093
4581.38490805592  37.42138
4581.55133587354  41.18239
4581.71776369116  28.90323
4581.88419150878  -16.876
4582.0506193264  5.906139
4582.21704714402  60.55652
4582.38347496164  42.18415
4582.54990277926  29.95294
4582.71633059688  50.95306
4582.8827584145  27.12556
4583.04918623212  26.27361
4583.21561404974  47.76543
4583.38204186736  35.20321
4583.54846968498  18.2562
4583.7148975026  35.04105
4583.88132532021  20.67754
4584.04775313783  54.25598
4584.21418095545  34.68889
4584.38060877307  35.70467
4584.54703659069  27.08468
4584.71346440831  8.443001
4584.87989222593  27.76218
4585.04632004355  41.12106
4585.21274786117  18.49086
4585.37917567879  3.083163
4585.54560349641  31.90365
4585.71203131403  35.70153
4585.87845913165  29.44481
4586.04488694927  63.0983
4586.21131476689  23.13532
4586.37774258451  32.89161
4586.54417040213  19.41216
4586.71059821975  23.44905
4586.87702603737  35.67699
4587.04345385499  41.38083
4587.2098816726  18.60494
4587.37630949022  15.58445
4587.54273730784  47.04958
4587.70916512546  40.35659
4587.87559294308  22.33976
4588.0420207607  29.98119
4588.20844857832  21.73597
4588.37487639594  21.03425
4588.54130421356  18.61176
4588.70773203118  44.83765
4588.8741598488  26.10445
4589.04058766642  46.58053
4589.20701548404  31.29109
4589.37344330166  25.35393
4589.53987111928  40.92752
4589.7062989369  37.07666
4589.87272675452  57.01379
4590.03915457214  75.54493
4590.20558238976  31.70365
4590.37201020738  3.584216
4590.53843802499  26.76862
4590.70486584262  16.82974
4590.87129366023  5.895484
4591.03772147785  39.26833
4591.20414929547  64.01888
4591.37057711309  51.11045
4591.53700493071  29.89815
4591.70343274833  15.35879
4591.86986056595  30.69659
4592.03628838357  46.83575
4592.20271620119  1.076468
4592.36914401881  34.86214
4592.53557183643  70.08733
4592.70199965405  29.28872
4592.86842747167  20.35353
4593.03485528929  28.81767
4593.20128310691  25.25961
4593.36771092453  25.52297
4593.53413874215  16.821
4593.70056655977  56.17521
4593.86699437738  28.76194
4594.033422195  30.98597
4594.19985001262  11.77451
4594.36627783024  -9.109255
4594.53270564786  40.8168
4594.69913346548  19.66483
4594.8655612831  56.89927
4595.03198910072  71.79847
4595.19841691834  33.35068
4595.36484473596  57.35724
4595.53127255358  63.38972
4595.6977003712  10.37596
4595.86412818882  4.927666
4596.03055600644  36.06031
4596.19698382406  51.27716
4596.36341164168  52.78119
4596.5298394593  43.32073
4596.69626727692  16.49966
4596.86269509454  17.80242
4597.02912291216  73.70757
4597.19555072977  33.16126
4597.36197854739  38.17645
4597.52840636501  59.65191
4597.69483418263  56.9509
4597.86126200025  46.14276
4598.02768981787  50.80256
4598.19411763549  57.20509
4598.36054545311  43.07616
4598.52697327073  34.91689
4598.69340108835  25.77486
4598.85982890597  7.634583
4599.02625672359  35.75754
4599.19268454121  71.67564
4599.35911235883  47.71807
4599.52554017645  13.87625
4599.69196799407  36.72376
4599.85839581169  46.03408
4600.02482362931  34.05003
4600.19125144693  15.47623
4600.35767926455  28.06875
4600.52410708216  16.14422
4600.69053489978  49.16277
4600.8569627174  51.38397
4601.02339053502  51.26395
4601.18981835264  53.85271
4601.35624617026  46.41238
4601.52267398788  43.89042
4601.6891018055  30.82441
4601.85552962312  36.84212
4602.02195744074  56.9719
4602.18838525836  55.30024
4602.35481307598  40.64475
4602.5212408936  30.14344
4602.68766871122  36.96465
4602.85409652884  82.36773
4603.02052434646  19.32863
4603.18695216408  46.46475
4603.3533799817  58.41132
4603.51980779932  40.48338
4603.68623561694  25.31599
4603.85266343455  40.65025
4604.01909125217  60.32867
4604.18551906979  24.20066
4604.35194688741  8.907508
4604.51837470503  29.56731
4604.68480252265  55.74469
4604.85123034027  70.72584
4605.01765815789  41.33374
4605.18408597551  30.74376
4605.35051379313  44.0134
4605.51694161075  39.20418
4605.68336942837  8.435263
4605.84979724599  50.98468
4606.01622506361  102.29
4606.18265288123  58.9
4606.34908069885  9.624384
4606.51550851647  42.86941
4606.68193633409  44.02191
4606.8483641517  46.87336
4607.01479196932  42.19606
4607.18121978694  24.38157
4607.34764760456  40.9513
4607.51407542218  56.84986
4607.6805032398  50.5468
4607.84693105742  35.29902
4608.01335887504  21.42597
4608.17978669266  32.77408
4608.34621451028  40.63373
4608.5126423279  31.75047
4608.67907014552  45.5976
4608.84549796314  45.22412
4609.01192578076  26.14081
4609.17835359838  18.54199
4609.344781416  38.1609
4609.51120923362  38.80149
4609.67763705124  45.19174
4609.84406486886  57.90348
4610.01049268648  48.63587
4610.17692050409  86.95911
4610.34334832171  70.54374
4610.50977613933  38.43188
4610.67620395695  43.34462
4610.84263177457  50.83085
4611.00905959219  40.68091
4611.17548740981  44.70742
4611.34191522743  40.36898
4611.50834304505  49.81624
4611.67477086267  75.50338
4611.84119868029  64.81767
4612.00762649791  82.58517
4612.17405431553  87.7199
4612.34048213315  58.3035
4612.50690995077  60.8365
4612.67333776839  58.96348
4612.83976558601  72.5571
4613.00619340363  58.65736
4613.17262122125  79.69235
4613.33904903887  65.02896
4613.50547685648  64.50649
4613.6719046741  21.06295
4613.83833249172  30.8462
4614.00476030934  47.26698
4614.17118812696  75.08929
4614.33761594458  74.15978
4614.5040437622  60.16313
4614.67047157982  21.90494
4614.83689939744  24.93977
4615.00332721506  62.18115
4615.16975503268  53.66805
4615.3361828503  43.41044
4615.50261066792  62.14349
4615.66903848554  77.76597
4615.83546630316  60.27509
4616.00189412078  51.01387
4616.1683219384  58.46612
4616.33474975602  46.57183
4616.50117757364  49.60698
4616.66760539125  53.76511
4616.83403320887  55.71827
4617.00046102649  47.64488
4617.16688884411  32.5737
4617.33331666173  45.21082
4617.49974447935  48.60457
4617.66617229697  52.06018
4617.83260011459  47.21736
4617.99902793221  52.09344
4618.16545574983  49.74622
4618.33188356745  41.58253
4618.49831138507  61.34947
4618.66473920269  57.47258
4618.83116702031  54.11292
4618.99759483793  64.12166
4619.16402265555  56.41298
4619.33045047317  52.51138
4619.49687829079  39.13081
4619.66330610841  43.52685
4619.82973392603  49.36607
4619.99616174364  26.32535
4620.16258956126  51.39601
4620.32901737888  19.51395
4620.4954451965  40.78212
4620.66187301412  59.29614
4620.82830083174  27.6156
4620.99472864936  29.88929
4621.16115646698  32.50952
4621.3275842846  33.21233
4621.49401210222  36.29
4621.66043991984  40.92368
4621.82686773746  50.34413
4621.99329555508  41.60671
4622.1597233727  39.76166
4622.32615119032  36.57386
4622.49257900794  82.13663
4622.65900682556  60.02979
4622.82543464318  29.16994
4622.9918624608  55.32966
4623.15829027841  55.84272
4623.32471809603  74.18699
4623.49114591365  77.49623
4623.65757373127  66.63952
4623.82400154889  76.65316
4623.99042936651  53.02896
4624.15685718413  71.0754
4624.32328500175  96.42869
4624.48971281937  42.73933
4624.65614063699  -2.093793
4624.82256845461  36.37313
4624.98899627223  77.26028
4625.15542408985  85.37751
4625.32185190747  49.50585
4625.48827972509  51.44853
4625.65470754271  59.60068
4625.82113536033  59.46096
4625.98756317795  47.46803
4626.15399099557  59.93532
4626.32041881318  59.3456
4626.4868466308  71.05939
4626.65327444842  86.80529
4626.81970226604  47.47978
4626.98613008366  46.5865
4627.15255790128  45.7607
4627.3189857189  45.4351
4627.48541353652  59.33672
4627.65184135414  78.50703
4627.81826917176  71.40824
4627.98469698938  49.83612
4628.151124807  73.1469
4628.31755262462  79.38825
4628.48398044224  73.70562
4628.65040825986  77.13362
4628.81683607748  67.45108
4628.9832638951  75.66402
4629.14969171272  60.03457
4629.31611953034  48.72058
4629.48254734796  66.84158
4629.64897516558  40.62763
4629.8154029832  32.29161
4629.98183080081  75.46716
4630.14825861843  67.09314
4630.31468643605  41.14666
4630.48111425367  47.98493
4630.64754207129  69.78641
4630.81396988891  52.51471
4630.98039770653  77.53957
4631.14682552415  77.40334
4631.31325334177  39.46497
4631.47968115939  85.41262
4631.64610897701  54.74623
4631.81253679463  63.18666
4631.97896461225  80.66519
4632.14539242987  42.72511
4632.31182024749  60.85459
4632.47824806511  79.26325
4632.64467588273  36.12449
4632.81110370035  21.6415
4632.97753151796  58.40103
4633.14395933558  69.26814
4633.3103871532  87.51123
4633.47681497082  78.55955
4633.64324278844  74.74813
4633.80967060606  82.76036
4633.97609842368  56.06609
4634.1425262413  81.48966
4634.30895405892  94.68146
4634.47538187654  42.51475
4634.64180969416  42.28679
4634.80823751178  48.80401
4634.9746653294  44.00351
4635.14109314702  73.46194
4635.30752096464  88.48292
4635.47394878226  77.18927
4635.64037659988  66.15034
4635.8068044175  55.33824
4635.97323223512  9.858716
4636.13966005273  67.3481
4636.30608787035  78.09165
4636.47251568797  74.25958
4636.63894350559  65.32884
4636.80537132321  67.44284
4636.97179914083  81.35397
4637.13822695845  74.7386
4637.30465477607  64.8091
4637.47108259369  83.37041
4637.63751041131  71.92215
4637.80393822893  62.13486
4637.97036604655  81.49189
4638.13679386417  81.30446
4638.30322168179  60.50451
4638.46964949941  83.91238
4638.63607731703  89.3067
4638.80250513465  36.54693
4638.96893295227  70.75954
4639.13536076989  72.77656
4639.30178858751  101.3538
4639.46821640512  84.7609
4639.63464422274  22.4797
4639.80107204036  54.06098
4639.96749985798  58.46959
4640.1339276756  56.45142
4640.30035549322  78.39585
4640.46678331084  50.33505
4640.63321112846  49.87746
4640.79963894608  66.26382
4640.9660667637  77.48067
4641.13249458132  51.23347
4641.29892239894  70.48103
4641.46535021656  87.72145
4641.63177803418  75.2506
4641.7982058518  54.76607
4641.96463366942  48.40505
4642.13106148704  40.51565
4642.29748930466  49.42601
4642.46391712228  81.11508
4642.6303449399  89.64429
4642.79677275752  104.8221
4642.96320057513  76.20554
4643.12962839275  59.16747
4643.29605621037  67.70478
4643.46248402799  55.4483
4643.62891184561  76.17065
4643.79533966323  77.43714
4643.96176748085  48.07975
4644.12819529847  54.83261
4644.29462311609  81.44559
4644.46105093371  104.1124
4644.62747875133  88.97714
4644.79390656895  75.98034
4644.96033438657  45.28283
4645.12676220419  48.01959
4645.29319002181  65.09866
4645.45961783943  64.94354
4645.62604565705  43.76255
4645.79247347467  75.74072
4645.95890129228  86.15878
4646.12532910991  35.22608
4646.29175692752  66.65833
4646.45818474514  56.67318
4646.62461256276  50.22346
4646.79104038038  70.73075
4646.957468198  52.85722
4647.12389601562  66.39667
4647.29032383324  65.5873
4647.45675165086  61.33168
4647.62317946848  77.12447
4647.7896072861  82.09314
4647.95603510372  91.57006
4648.12246292134  76.96276
4648.28889073896  69.83856
4648.45531855658  81.50293
4648.6217463742  73.38208
4648.78817419182  67.08929
4648.95460200944  66.00385
4649.12102982706  67.87781
4649.28745764467  74.53148
4649.45388546229  93.50455
4649.62031327991  84.56207
4649.78674109753  78.21861
4649.95316891515  74.45659
4650.11959673277  103.4268
4650.28602455039  68.32744
4650.45245236801  53.8979
4650.61888018563  29.10854
4650.78530800325  71.44286
4650.95173582087  85.57513
4651.11816363849  92.51616
4651.28459145611  90.40408
4651.45101927373  56.57631
4651.61744709135  76.40009
4651.78387490897  64.13656
4651.95030272659  57.62876
4652.11673054421  65.89186
4652.28315836183  89.60053
4652.44958617945  82.90283
4652.61601399706  59.10632
4652.78244181468  64.48817
4652.9488696323  53.35683
4653.11529744992  55.28994
4653.28172526754  66.63303
4653.44815308516  95.56283
4653.61458090278  92.46777
4653.7810087204  73.39178
4653.94743653802  77.3921
4654.11386435564  72.76535
4654.28029217326  91.75652
4654.44671999088  97.48241
4654.6131478085  105.2562
4654.77957562612  63.82102
4654.94600344374  57.34669
4655.11243126136  41.65868
4655.27885907898  57.32747
4655.4452868966  86.89404
4655.61171471422  57.55464
4655.77814253184  76.88942
4655.94457034945  109.1203
4656.11099816707  112.6857
4656.27742598469  112.7632
4656.44385380231  80.11208
4656.61028161993  87.72694
4656.77670943755  78.1457
4656.94313725517  81.39095
4657.10956507279  56.29985
4657.27599289041  35.63122
4657.44242070803  75.76686
4657.60884852565  95.34542
4657.77527634327  84.29777
4657.94170416089  66.64861
4658.10813197851  78.05267
4658.27455979613  67.60809
4658.44098761375  85.45393
4658.60741543137  131.0574
4658.77384324899  124.1521
4658.94027106661  99.38838
4659.10669888422  73.45618
4659.27312670184  85.28428
4659.43955451946  101.7721
4659.60598233708  83.55984
4659.7724101547  77.57372
4659.93883797232  106.0988
4660.10526578994  79.67627
4660.27169360756  64.62753
4660.43812142518  104.2179
4660.6045492428  73.87257
4660.77097706042  75.89346
4660.93740487804  90.38973
4661.10383269566  95.4098
4661.27026051328  77.85905
4661.4366883309  69.2293
4661.60311614852  100.8772
4661.76954396614  92.53406
4661.93597178376  81.43643
4662.10239960137  78.34471
4662.26882741899  42.10574
4662.43525523661  74.0927
4662.60168305423  77.70462
4662.76811087185  66.48742
4662.93453868947  89.37495
4663.10096650709  64.71576
4663.26739432471  62.62755
4663.43382214233  87.68082
4663.60024995995  102.7909
4663.76667777757  98.90593
4663.93310559519  80.52679
4664.09953341281  88.90861
4664.26596123043  96.81239
4664.43238904805  53.52749
4664.59881686567  57.10428
4664.76524468329  100.5714
4664.93167250091  74.61132
4665.09810031853  75.66418
4665.26452813615  123.2107
4665.43095595376  130.5988
4665.59738377138  94.68395
4665.763811589  100.2325
4665.93023940662  113.725
4666.09666722424  78.93893
4666.26309504186  63.51459
4666.42952285948  100.4607
4666.5959506771  74.88101
4666.76237849472  40.53918
4666.92880631234  70.81265
4667.09523412996  104.9263
4667.26166194758  76.50133
4667.4280897652  92.51739
4667.59451758282  142.3348
4667.76094540044  72.74888
4667.92737321806  52.30084
4668.09380103568  86.45089
4668.2602288533  62.18392
4668.42665667092  85.57857
4668.59308448854  97.93639
4668.75951230616  82.99994
4668.92594012377  106.512
4669.09236794139  102.8647
4669.25879575901  76.19787
4669.42522357663  61.62509
4669.59165139425  59.02462
4669.75807921187  86.73508
4669.92450702949  83.40177
4670.09093484711  91.95484
4670.25736266473  79.96788
4670.42379048235  39.12835
4670.59021829997  64.81019
4670.75664611759  78.27499
4670.92307393521  84.93819
4671.08950175283  55.21115
4671.25592957045  43.54422
4671.42235738807  57.69256
4671.58878520569  81.19814
4671.75521302331  67.40914
4671.92164084093  76.70699
4672.08806865855  69.03322
4672.25449647616  50.45232
4672.42092429378  120.1305
4672.5873521114  98.13031
4672.75377992902  99.06365
4672.92020774664  133.3429
4673.08663556426  86.76441
4673.25306338188  60.94408
4673.4194911995  97.37808
4673.58591901712  146.9721
4673.75234683474  98.43424
4673.91877465236  99.36004
4674.08520246998  71.96211
4674.2516302876  97.5285
4674.41805810522  80.90006
4674.58448592284  62.47548
4674.75091374046  86.75858
4674.91734155808  100.367
4675.0837693757  95.24985
4675.25019719332  87.43427
4675.41662501093  103.4523
4675.58305282855  89.59554
4675.74948064617  98.8269
4675.91590846379  124.1127
4676.08233628141  96.11646
4676.24876409903  107.285
4676.41519191665  128.7834
4676.58161973427  127.2925
4676.74804755189  97.36242
4676.91447536951  104.2165
4677.08090318713  108.9533
4677.24733100475  74.56152
4677.41375882237  90.51693
4677.58018663999  78.27464
4677.74661445761  83.81773
4677.91304227523  121.1578
4678.07947009285  105.1898
4678.24589791047  81.68903
4678.41232572809  83.12659
4678.5787535457  107.0413
4678.74518136332  121.7851
4678.91160918094  118.7116
4679.07803699856  107.3223
4679.24446481618  121.3694
4679.4108926338  138.4296
4679.57732045142  103.3678
4679.74374826904  101.3385
4679.91017608666  101.5065
4680.07660390428  87.80222
4680.2430317219  104.7846
4680.40945953952  109.6502
4680.57588735714  143.3773
4680.74231517476  123.5211
4680.90874299238  115.287
4681.07517081  127.2794
4681.24159862762  133.2567
4681.40802644524  90.69952
4681.57445426286  125.084
4681.74088208048  149.6939
4681.9073098981  130.3787
4682.07373771572  151.7918
4682.24016553333  108.9397
4682.40659335095  77.95644
4682.57302116857  79.87527
4682.73944898619  102.3115
4682.90587680381  122.6568
4683.07230462143  109.3439
4683.23873243905  92.08519
4683.40516025667  96.80645
4683.57158807429  86.2516
4683.73801589191  79.87576
4683.90444370953  108.2772
4684.07087152715  106.09
4684.23729934477  68.86109
4684.40372716239  63.35647
4684.57015498001  69.53338
4684.73658279763  79.57645
4684.90301061525  100.23
4685.06943843287  94.34626
4685.23586625049  80.0098
4685.40229406811  69.40382
4685.56872188572  52.49596
4685.73514970334  77.59226
4685.90157752096  91.90194
4686.06800533858  91.48116
4686.2344331562  83.72593
4686.40086097382  98.74073
4686.56728879144  56.17001
4686.73371660906  59.42993
4686.90014442668  95.82018
4687.0665722443  91.34292
4687.23300006192  67.31111
4687.39942787954  60.13766
4687.56585569716  81.6972
4687.73228351478  61.583
4687.8987113324  60.73315
4688.06513915002  32.77716
4688.23156696764  80.63268
4688.39799478525  84.88637
4688.56442260287  70.57678
4688.73085042049  91.4403
4688.89727823811  72.69383
4689.06370605573  87.28157
4689.23013387335  105.2796
4689.39656169097  77.67088
4689.56298950859  82.19438
4689.72941732621  71.25932
4689.89584514383  61.19422
4690.06227296145  79.29205
4690.22870077907  72.24351
4690.39512859669  69.21119
4690.56155641431  70.40814
4690.72798423193  96.0314
4690.89441204955  43.08863
4691.06083986717  53.95989
4691.22726768479  92.49934
4691.39369550241  75.10209
4691.56012332003  54.24413
4691.72655113764  46.81068
4691.89297895526  97.68016
4692.05940677288  78.10197
4692.2258345905  51.4971
4692.39226240812  42.05905
4692.55869022574  55.12161
4692.72511804336  80.40339
4692.89154586098  90.37888
4693.0579736786  73.17416
4693.22440149622  84.80937
4693.39082931384  60.80626
4693.55725713146  37.10404
4693.72368494908  53.82869
4693.8901127667  48.8302
4694.05654058432  48.3104
4694.22296840194  92.33218
4694.38939621956  38.66433
4694.55582403718  45.4168
4694.7222518548  86.34273
4694.88867967241  77.82472
4695.05510749004  82.09005
4695.22153530765  60.24219
4695.38796312527  52.2784
4695.55439094289  99.85284
4695.72081876051  78.87936
4695.88724657813  54.15386
4696.05367439575  56.02525
4696.22010221337  70.59005
4696.38653003099  48.19248
4696.55295784861  74.02132
4696.71938566623  92.19487
4696.88581348385  55.14337
4697.05224130147  58.62903
4697.21866911909  50.14828
4697.38509693671  25.52436
4697.55152475433  44.41908
4697.71795257195  55.40038
4697.88438038957  42.54937
4698.05080820719  40.01932
4698.2172360248  60.6474
4698.38366384243  59.49808
4698.55009166004  69.58694
4698.71651947766  86.38062
4698.88294729528  60.01145
4699.0493751129  53.71104
4699.21580293052  54.10995
4699.38223074814  43.54586
4699.54865856576  66.63075
4699.71508638338  67.7547
4699.881514201  54.19169
4700.04794201862  29.84002
4700.21436983624  15.44257
4700.38079765386  56.91083
4700.54722547148  34.68687
4700.7136532891  38.04411
4700.88008110672  53.23854
4701.04650892434  58.72126
4701.21293674196  48.7164
4701.37936455958  90.3992
4701.54579237719  43.43976
4701.71222019481  64.99087
4701.87864801243  39.41237
4702.04507583005  30.20856
4702.21150364767  48.70223
4702.37793146529  62.8434
4702.54435928291  60.78172
4702.71078710053  74.74354
4702.87721491815  61.37992
4703.04364273577  50.81438
4703.21007055339  55.21638
4703.37649837101  31.30882
4703.54292618863  27.00558
4703.70935400625  81.98198
4703.87578182387  65.15913
4704.04220964149  30.70461
4704.20863745911  38.11005
4704.37506527673  57.6278
4704.54149309434  52.48956
4704.70792091196  52.53725
4704.87434872958  58.38118
4705.0407765472  45.09679
4705.20720436482  35.64862
4705.37363218244  49.42627
4705.54006000006  72.79846
4705.70648781768  1.128978
4705.8729156353  49.87612
4706.03934345292  52.00976
4706.20577127054  57.38869
4706.37219908816  41.25716
4706.53862690578  38.77451
4706.7050547234  63.31809
4706.87148254102  49.4882
4707.03791035864  10.58684
4707.20433817626  51.8738
4707.37076599388  22.78381
4707.5371938115  33.49958
4707.70362162912  50.18791
4707.87004944674  55.65073
4708.03647726436  17.63057
4708.20290508197  33.81976
4708.36933289959  36.37502
4708.53576071721  27.35188
4708.70218853483  28.69591
4708.86861635245  85.6914
4709.03504417007  80.87144
4709.20147198769  29.2098
4709.36789980531  31.60954
4709.53432762293  36.92268
4709.70075544055  43.92157
4709.86718325817  33.49609
4710.03361107579  21.72014
4710.20003889341  33.92452
4710.36646671103  43.28266
4710.53289452865  52.00739
4710.69932234627  78.78828
4710.86575016389  39.47473
4711.03217798151  44.41709
4711.19860579913  15.10247
4711.36503361675  69.22186
4711.53146143436  45.83397
4711.69788925198  33.90891
4711.8643170696  40.28301
4712.03074488722  12.69934
4712.19717270484  28.38467
4712.36360052246  26.86491
4712.53002834008  13.16758
4712.6964561577  54.57319
4712.86288397532  33.20088
4713.02931179294  32.91454
4713.19573961056  37.05766
4713.36216742818  49.8225
4713.5285952458  28.98749
4713.69502306342  -15.03085
4713.86145088104  44.3585
4714.02787869866  32.85216
4714.19430651628  13.83396
4714.3607343339  54.95592
4714.52716215152  37.73928
4714.69358996913  26.22001
4714.86001778675  36.77492
4715.02644560437  29.43016
4715.19287342199  32.17557
4715.35930123961  28.26014
4715.52572905723  55.53436
4715.69215687485  46.38666
4715.85858469247  44.41978
4716.02501251009  21.62982
4716.19144032771  -6.943124
4716.35786814533  18.41944
4716.52429596295  33.43632
4716.69072378057  27.03856
4716.85715159819  32.30837
4717.02357941581  40.29445
4717.19000723343  8.78588
4717.35643505105  21.4936
4717.52286286866  -0.7418422
4717.68929068628  18.75097
4717.8557185039  41.94248
4718.02214632152  47.48402
4718.18857413914  57.89862
4718.35500195676  37.42166
4718.52142977438  31.14479
4718.687857592  23.94818
4718.85428540962  44.26745
4719.02071322724  4.332541
4719.18714104486  41.99186
4719.35356886248  65.48129
4719.5199966801  61.30147
4719.68642449772  57.83045
4719.85285231534  38.5935
4720.01928013296  35.3746
4720.18570795058  50.47727
4720.3521357682  52.30662
4720.51856358582  -2.888923
4720.68499140344  29.10603
4720.85141922106  17.51656
4721.01784703868  -7.904984
4721.18427485629  18.81499
4721.35070267391  41.36579
4721.51713049153  23.35628
4721.68355830915  13.62123
4721.84998612677  44.54217
4722.01641394439  57.52962
4722.18284176201  15.49749
4722.34926957963  20.58397
4722.51569739725  23.7774
4722.68212521487  14.66953
4722.84855303249  52.98358
4723.01498085011  15.27731
4723.18140866773  43.80131
4723.34783648535  37.29347
4723.51426430297  24.69169
4723.68069212059  34.14774
4723.84711993821  62.11052
4724.01354775583  22.57828
4724.17997557345  -10.53201
4724.34640339107  9.576965
4724.51283120868  37.56911
4724.6792590263  9.294724
4724.84568684392  32.70097
4725.01211466154  43.82063
4725.17854247916  25.31928
4725.34497029678  44.76854
4725.5113981144  27.73064
4725.67782593202  33.01812
4725.84425374964  28.04453
4726.01068156726  25.07666
4726.17710938488  8.077229
4726.3435372025  1.239928
4726.50996502012  -1.241895
4726.67639283774  12.58206
4726.84282065536  31.69721
4727.00924847298  43.16522
4727.1756762906  15.65532
4727.34210410822  6.131363
4727.50853192584  7.347317
4727.67495974345  12.05247
4727.84138756107  18.5892
4728.00781537869  12.07162
4728.17424319631  2.233871
4728.34067101393  26.03973
4728.50709883155  38.99404
4728.67352664917  39.46011
4728.83995446679  43.88156
4729.00638228441  45.52463
4729.17281010203  11.17333
4729.33923791965  29.34128
4729.50566573727  -20.39722
4729.67209355489  0.9840448
4729.83852137251  -1.864503
4730.00494919013  31.93399
4730.17137700775  26.711
4730.33780482537  21.62477
4730.50423264299  24.93932
4730.67066046061  4.546821
4730.83708827822  5.029057
4731.00351609584  10.36951
4731.16994391346  30.77855
4731.33637173108  2.030044
4731.5027995487  13.98175
4731.66922736632  1.169892
4731.83565518394  10.55711
4732.00208300156  37.05122
4732.16851081918  0.5535167
4732.3349386368  16.6752
4732.50136645442  0.6738703
4732.66779427204  -11.21828
4732.83422208966  1.000294
4733.00064990728  4.693774
4733.1670777249  24.05677
4733.33350554252  -6.48452
4733.49993336014  -23.30238
4733.66636117776  -8.458797
4733.83278899538  -5.019825
4733.999216813  41.85627
4734.16564463061  49.08776
4734.33207244823  23.35693
4734.49850026585  40.37503
4734.66492808347  36.21392
4734.83135590109  -1.526115
4734.99778371871  36.4715
4735.16421153633  41.18845
4735.33063935395  23.8329
4735.49706717157  2.711508
4735.66349498919  -3.219997
4735.82992280681  -23.6022
4735.99635062443  -23.85425
4736.16277844205  -27.83434
4736.32920625967  10.64584
4736.49563407729  22.3047
4736.66206189491  3.780138
4736.82848971253  6.142639
4736.99491753015  21.20583
4737.16134534777  7.519377
4737.32777316539  -11.87921
4737.494200983  1.629593
4737.66062880062  5.992192
4737.82705661824  -41.03254
4737.99348443586  16.99356
4738.15991225348  7.727578
4738.3263400711  -17.65468
4738.49276788872  -15.18896
4738.65919570634  -24.7746
4738.82562352396  -19.40775
4738.99205134158  6.086203
4739.1584791592  10.98484
4739.32490697682  -4.288545
4739.49133479444  -12.9556
