6453.4166314919  69.11205
6453.65060419064  88.24079
6453.88457688937  40.71618
6454.11854958811  20.09197
6454.35252228685  46.2744
6454.58649498558  68.37289
6454.82046768432  64.78559
6455.05444038306  55.8915
6455.28841308179  41.33854
6455.52238578053  36.57632
6455.75635847926  55.01811
6455.990331178  61.69983
6456.22430387674  83.64489
6456.45827657547  115.1535
6456.69224927421  82.07336
6456.92622197295  58.84743
6457.16019467168  47.38801
6457.39416737042  47.05169
6457.62814006916  78.88318
6457.86211276789  61.97451
6458.09608546663  51.81292
6458.33005816536  77.1721
6458.5640308641  81.86624
6458.79800356284  87.58368
6459.03197626157  93.76893
6459.26594896031  70.06384
6459.49992165905  64.5927
6459.73389435778  65.08926
6459.96786705652  81.47453
6460.20183975526  73.74879
6460.43581245399  45.83885
6460.66978515273  88.64523
6460.90375785146  72.30559
6461.1377305502  15.37224
6461.37170324894  37.62788
6461.60567594767  72.42624
6461.83964864641  70.05796
6462.07362134515  70.43122
6462.30759404388  70.92355
6462.54156674262  80.68987
6462.77553944136  81.75385
6463.00951214009  77.92764
6463.24348483883  63.79558
6463.47745753756  46.32103
6463.7114302363  66.31204
6463.94540293504  61.74215
6464.17937563377  86.27105
6464.41334833251  85.62942
6464.64732103125  59.64297
6464.88129372998  65.10212
6465.11526642872  76.63389
6465.34923912746  84.03283
6465.58321182619  103.1922
6465.81718452493  107.2251
6466.05115722367  87.97573
6466.2851299224  55.02972
6466.51910262114  71.57917
6466.75307531987  94.06773
6466.98704801861  88.00224
6467.22102071735  92.27283
6467.45499341608  80.28325
6467.68896611482  76.12565
6467.92293881356  97.08611
6468.15691151229  110.1346
6468.39088421103  81.66414
6468.62485690977  96.2383
6468.8588296085  125.5048
6469.09280230724  69.40826
6469.32677500597  94.20084
6469.56074770471  96.18129
6469.79472040345  75.86407
6470.02869310218  66.32135
6470.26266580092  112.2239
6470.49663849966  119.3383
6470.73061119839  116.5956
6470.96458389713  164.0111
6471.19855659587  100.6583
6471.4325292946  67.23024
6471.66650199334  140.7699
6471.90047469208  166.1772
6472.13444739081  149.1237
6472.36842008955  136.1506
6472.60239278828  131.343
6472.83636548702  139.2322
6473.07033818576  125.8975
6473.30431088449  115.7112
6473.53828358323  82.07732
6473.77225628197  91.48643
6474.0062289807  121.6627
6474.24020167944  108.8248
6474.47417437818  108.6839
6474.70814707691  102.9582
6474.94211977565  90.76348
6475.17609247438  98.39675
6475.41006517312  106.9256
6475.64403787186  120.948
6475.87801057059  146.4831
6476.11198326933  128.1718
6476.34595596807  69.28194
6476.5799286668  99.56196
6476.81390136554  122.8018
6477.04787406428  86.23739
6477.28184676301  75.31593
6477.51581946175  121.6989
6477.74979216048  113.6625
6477.98376485922  97.65969
6478.21773755796  128.5619
6478.45171025669  138.0305
6478.68568295543  119.9061
6478.91965565417  120.4608
6479.1536283529  125.4334
6479.38760105164  142.7441
6479.62157375037  186.6596
6479.85554644911  192.4322
6480.08951914785  156.4212
6480.32349184659  125.1548
6480.55746454532  143.692
6480.79143724406  155.9765
6481.02540994279  147.535
6481.25938264153  126.2214
6481.49335534027  90.63275
6481.727328039  120.7636
6481.96130073774  141.3998
6482.19527343648  121.1821
6482.42924613521  141.6858
6482.66321883395  139.393
6482.89719153268  113.4546
6483.13116423142  136.1966
6483.36513693016  99.00181
6483.59910962889  83.65063
6483.83308232763  127.5724
6484.06705502637  129.3091
6484.3010277251  148.6411
6484.53500042384  148.2737
6484.76897312258  108.7713
6485.00294582131  125.0892
6485.23691852005  155.4017
6485.47089121878  151.4798
6485.70486391752  144.2916
6485.93883661626  118.5865
6486.17280931499  120.0564
6486.40678201373  145.018
6486.64075471247  113.4213
6486.8747274112  113.2769
6487.10870010994  165.2
6487.34267280868  162.836
6487.57664550741  169.1439
6487.81061820615  148.1129
6488.04459090489  120.9361
6488.27856360362  138.0054
6488.51253630236  120.7269
6488.74650900109  125.3162
6488.98048169983  127.0767
6489.21445439857  135.8365
6489.4484270973  148.7485
6489.68239979604  168.2502
6489.91637249478  143.0287
6490.15034519351  116.3221
6490.38431789225  139.4546
6490.61829059099  146.0477
6490.85226328972  142.9823
6491.08623598846  128.746
6491.32020868719  133.2595
6491.55418138593  146.9339
6491.78815408467  118.9849
6492.0221267834  127.8834
6492.25609948214  132.8263
6492.49007218088  115.6665
6492.72404487961  102.0544
6492.95801757835  111.0935
6493.19199027709  150.7958
6493.42596297582  155.0627
6493.65993567456  138.609
6493.8939083733  122.4255
6494.12788107203  139.728
6494.36185377077  145.1026
6494.5958264695  119.3954
6494.82979916824  125.5149
6495.06377186698  143.4588
6495.29774456571  186.6805
6495.53171726445  109.3208
6495.76568996318  147.2883
6495.99966266192  157.5997
6496.23363536066  174.3249
6496.4676080594  130.4991
6496.70158075813  115.1212
6496.93555345687  148.2396
6497.1695261556  130.634
6497.40349885434  144.3513
6497.63747155308  154.7642
6497.87144425181  138.2983
6498.10541695055  125.8733
6498.33938964929  129.8166
6498.57336234802  113.5622
6498.80733504676  110.4704
6499.0413077455  157.8215
6499.27528044423  180.8449
6499.50925314297  185.475
6499.7432258417  120.2921
6499.97719854044  123.633
6500.21117123918  123.7306
6500.44514393791  144.699
6500.67911663665  141.5764
6500.91308933539  132.4107
6501.14706203412  137.6388
6501.38103473286  131.625
6501.61500743159  149.9729
6501.84898013033  154.5397
6502.08295282907  161.5038
6502.3169255278  159.7151
6502.55089822654  156.7654
6502.78487092528  143.7938
6503.01884362401  135.183
6503.25281632275  154.3885
6503.48678902149  158.1415
6503.72076172022  146.108
6503.95473441896  133.5153
6504.18870711769  148.2715
6504.42267981643  152.7689
6504.65665251517  143.8382
6504.89062521391  126.9974
6505.12459791264  163.0489
6505.35857061138  144.593
6505.59254331011  170.8651
6505.82651600885  147.3288
6506.06048870759  148.7919
6506.29446140632  145.2524
6506.52843410506  140.1163
6506.76240680379  130.7243
6506.99637950253  134.6248
6507.23035220127  159.2275
6507.4643249  150.286
6507.69829759874  143.8102
6507.93227029748  149.4313
6508.16624299621  137.632
6508.40021569495  155.9133
6508.63418839369  150.6034
6508.86816109242  126.9526
6509.10213379116  157.9109
6509.3361064899  159.9163
6509.57007918863  156.0086
6509.80405188737  176.8902
6510.0380245861  200.2108
6510.27199728484  153.1147
6510.50596998358  152.0004
6510.73994268231  149.4582
6510.97391538105  138.686
6511.20788807979  126.7921
6511.44186077852  152.4526
6511.67583347726  152.4005
6511.909806176  143.7908
6512.14377887473  168.5562
6512.37775157347  158.4246
6512.61172427221  124.8965
6512.84569697094  125.4642
6513.07966966968  125.6066
6513.31364236841  126.7585
6513.54761506715  168.4202
6513.78158776589  177.4876
6514.01556046462  118.4781
6514.24953316336  124.7056
6514.4835058621  180.9079
6514.71747856083  178.7424
6514.95145125957  157.9865
6515.18542395831  138.2549
6515.41939665704  111.5843
6515.65336935578  153.3096
6515.88734205451  160.2821
6516.12131475325  159.8885
6516.35528745199  141.7244
6516.58926015072  138.0985
6516.82323284946  160.5203
6517.0572055482  184.9821
6517.29117824693  136.7679
6517.52515094567  156.6969
6517.7591236444  188.6054
6517.99309634314  158.1415
6518.22706904188  144.6968
6518.46104174061  140.0534
6518.69501443935  137.0865
6518.92898713809  139.604
6519.16295983682  137.5522
6519.39693253556  143.9754
6519.6309052343  161.3452
6519.86487793303  161.8135
6520.09885063177  128.502
6520.3328233305  138.4136
6520.56679602924  148.2485
6520.80076872798  160.2907
6521.03474142672  171.6813
6521.26871412545  159.9583
6521.50268682419  122.0379
6521.73665952292  160.719
6521.97063222166  182.4665
6522.2046049204  172.0265
6522.43857761913  167.5859
6522.67255031787  159.9841
6522.90652301661  142.259
6523.14049571534  134.8389
6523.37446841408  143.1881
6523.60844111281  167.8455
6523.84241381155  157.4715
6524.07638651029  164.809
6524.31035920902  193.2019
6524.54433190776  168.3009
6524.7783046065  157.9986
6525.01227730523  167.8775
6525.24625000397  148.6355
6525.48022270271  168.8985
6525.71419540144  206.2356
6525.94816810018  190.7008
6526.18214079891  162.3021
6526.41611349765  149.7031
6526.65008619639  131.9453
6526.88405889512  133.2973
6527.11803159386  165.462
6527.3520042926  114.0761
6527.58597699134  114.6233
6527.81994969007  174.182
6528.05392238881  166.1589
6528.28789508754  162.2805
6528.52186778628  147.3665
6528.75584048501  152.365
6528.98981318375  121.9901
6529.22378588249  131.2879
6529.45775858122  164.8166
6529.69173127996  186.3702
6529.9257039787  161.6594
6530.15967667743  158.5063
6530.39364937617  156.2821
6530.62762207491  183.1585
6530.86159477364  228.193
6531.09556747238  182.4693
6531.32954017112  145.787
6531.56351286985  168.8532
6531.79748556859  190.5833
6532.03145826732  184.5771
6532.26543096606  156.377
6532.4994036648  182.1683
6532.73337636353  194.3663
6532.96734906227  173.549
6533.20132176101  162.1873
6533.43529445974  167.0294
6533.66926715848  136.2177
6533.90323985722  160.2559
6534.13721255595  167.8409
6534.37118525469  179.4239
6534.60515795343  152.8969
6534.83913065216  169.2981
6535.0731033509  216.0753
6535.30707604963  192.186
6535.54104874837  177.5331
6535.77502144711  148.9086
6536.00899414584  166.3572
6536.24296684458  150.8903
6536.47693954332  190.8392
6536.71091224205  214.0735
6536.94488494079  180.7761
6537.17885763953  173.7533
6537.41283033826  161.3912
6537.646803037  173.8632
6537.88077573573  217.6994
6538.11474843447  212.3182
6538.34872113321  202.6237
6538.58269383194  171.7392
6538.81666653068  158.3604
6539.05063922942  185.4254
6539.28461192815  174.1212
6539.51858462689  194.2448
6539.75255732562  213.5789
6539.98653002436  190.9354
6540.2205027231  192.4639
6540.45447542183  178.6166
6540.68844812057  174.4441
6540.92242081931  183.0142
6541.15639351804  183.3967
6541.39036621678  174.9973
6541.62433891551  170.6039
6541.85831161425  190.6856
6542.09228431299  209.8676
6542.32625701173  215.939
6542.56022971046  197.1845
6542.7942024092  204.8356
6543.02817510793  177.2084
6543.26214780667  199.5888
6543.49612050541  190.9663
6543.73009320414  193.1381
6543.96406590288  141.1741
6544.19803860162  185.34
6544.43201130035  187.8092
6544.66598399909  191.9119
6544.89995669782  196.9812
6545.13392939656  183.0995
6545.3679020953  197.1783
6545.60187479404  166.3284
6545.83584749277  184.1398
6546.06982019151  182.6446
6546.30379289024  204.7934
6546.53776558898  219.7628
6546.77173828772  219.149
6547.00571098645  197.5332
6547.23968368519  158.0904
6547.47365638392  185.1541
6547.70762908266  218.2473
6547.9416017814  220.7776
6548.17557448014  221.5156
6548.40954717887  211.4093
6548.64351987761  197.6413
6548.87749257634  224.603
6549.11146527508  215.1509
6549.34543797382  193.3885
6549.57941067255  195.2561
6549.81338337129  212.2947
6550.04735607003  233.5793
6550.28132876876  208.4041
6550.5153014675  205.9125
6550.74927416623  217.0444
6550.98324686497  196.3768
6551.21721956371  212.6368
6551.45119226244  243.7954
6551.68516496118  248.7198
6551.91913765992  211.8579
6552.15311035865  180.5586
6552.38708305739  218.7694
6552.62105575613  233.5463
6552.85502845486  215.7849
6553.0890011536  222.0858
6553.32297385234  238.6272
6553.55694655107  247.403
6553.79091924981  264.1597
6554.02489194854  271.5396
6554.25886464728  257.2584
6554.49283734602  221.0281
6554.72681004475  219.3816
6554.96078274349  260.5503
6555.19475544223  255.2572
6555.42872814096  283.5021
6555.6627008397  305.0908
6555.89667353844  278.7356
6556.13064623717  278.5236
6556.36461893591  279.5194
6556.59859163464  257.9127
6556.83256433338  230.7904
6557.06653703212  253.6369
6557.30050973085  265.262
6557.53448242959  262.2628
6557.76845512833  324.7858
6558.00242782706  300.5775
6558.2364005258  230.626
6558.47037322453  273.9046
6558.70434592327  315.9442
6558.93831862201  272.5945
6559.17229132075  324.1217
6559.40626401948  295.4373
6559.64023671822  275.829
6559.87420941695  283.2428
6560.10818211569  293.6922
6560.34215481443  354.9757
6560.57612751316  327.9401
6560.8101002119  316.0433
6561.04407291064  324.1162
6561.27804560937  301.2079
6561.51201830811  270.6581
6561.74599100684  293.366
6561.97996370558  301.4716
6562.21393640432  311.3625
6562.44790910305  283.8729
6562.68188180179  265.417
6562.91585450053  283.4055
6563.14982719926  305.7014
6563.383799898  322.6127
6563.61777259674  315.8139
6563.85174529547  290.2274
6564.08571799421  228.9513
6564.31969069294  245.6909
6564.55366339168  243.406
6564.78763609042  273.9015
6565.02160878915  263.2838
6565.25558148789  253.231
6565.48955418663  274.5941
6565.72352688536  275.0849
6565.9574995841  266.5995
6566.19147228284  255.6645
6566.42544498157  248.6856
6566.65941768031  224.9489
6566.89339037905  264.2522
6567.12736307778  289.0703
6567.36133577652  276.2424
6567.59530847525  258.654
6567.82928117399  248.2259
6568.06325387273  231.4173
6568.29722657146  240.0313
6568.5311992702  254.3549
6568.76517196894  255.9562
6568.99914466767  277.7305
6569.23311736641  265.7971
6569.46709006514  267.2094
6569.70106276388  268.1895
6569.93503546262  262.675
6570.16900816135  247.3796
6570.40298086009  236.4716
6570.63695355883  250.0807
6570.87092625756  265.5221
6571.1048989563  249.0169
6571.33887165504  231.17
6571.57284435377  246.3304
6571.80681705251  288.0705
6572.04078975125  262.3434
6572.27476244998  213.4133
6572.50873514872  231.0497
6572.74270784745  225.2853
6572.97668054619  228.6732
6573.21065324493  226.6384
6573.44462594366  208.6553
6573.6785986424  205.7325
6573.91257134114  231.5568
6574.14654403987  264.2206
6574.38051673861  229.7988
6574.61448943735  215.1078
6574.84846213608  203.8629
6575.08243483482  211.5025
6575.31640753356  236.6689
6575.55038023229  212.8811
6575.78435293103  195.2218
6576.01832562976  187.4242
6576.2522983285  215.7494
6576.48627102724  194.8132
6576.72024372597  190.9275
6576.95421642471  216.7425
6577.18818912345  195.6521
6577.42216182218  228.9977
6577.65613452092  215.2984
6577.89010721965  204.7986
6578.12407991839  192.5621
6578.35805261713  216.5943
6578.59202531586  200.8194
6578.8259980146  174.8847
6579.05997071334  210.2677
6579.29394341207  181.6312
6579.52791611081  179.5908
6579.76188880955  174.8222
6579.99586150828  175.8377
6580.22983420702  184.0424
6580.46380690575  209.8882
6580.69777960449  179.8462
6580.93175230323  161.6615
6581.16572500196  199.0161
6581.3996977007  244.5221
6581.63367039944  217.8654
6581.86764309817  197.3613
6582.10161579691  198.1793
6582.33558849565  143.4342
6582.56956119438  170.1927
6582.80353389312  173.2411
6583.03750659186  165.4274
6583.27147929059  142.3266
6583.50545198933  149.1721
6583.73942468806  199.0119
6583.9733973868  189.9311
6584.20737008554  166.5643
6584.44134278427  163.2991
6584.67531548301  186.2324
6584.90928818175  192.5517
6585.14326088048  164.8304
6585.37723357922  186.6491
6585.61120627796  209.3754
6585.84517897669  183.6888
6586.07915167543  147.2422
6586.31312437417  124.7145
6586.5470970729  156.5259
6586.78106977164  172.11
6587.01504247037  160.2468
6587.24901516911  160.589
6587.48298786785  189.0497
6587.71696056658  190.9717
6587.95093326532  196.7464
6588.18490596406  201.6279
6588.41887866279  169.6729
6588.65285136153  155.5543
6588.88682406027  160.7247
6589.120796759  184.4484
6589.35476945774  185.5768
6589.58874215647  134.2794
6589.82271485521  123.7071
6590.05668755395  168.242
6590.29066025268  176.2433
6590.52463295142  147.4984
6590.75860565016  170.6521
6590.99257834889  194.7894
6591.22655104763  151.9463
6591.46052374637  173.5196
6591.6944964451  177.1011
6591.92846914384  143.0508
6592.16244184257  153.2658
6592.39641454131  170.4675
6592.63038724005  175.6789
6592.86435993878  175.8954
6593.09833263752  188.3288
6593.33230533626  188.8321
6593.56627803499  209.0977
6593.80025073373  194.7663
6594.03422343247  164.2572
6594.2681961312  161.6667
6594.50216882994  195.8625
6594.73614152867  160.5442
6594.97011422741  196.7382
6595.20408692615  187.1513
6595.43805962488  203.685
6595.67203232362  204.8657
6595.90600502236  208.6701
6596.13997772109  183.1868
6596.37395041983  182.029
6596.60792311857  189.3741
6596.8418958173  156.3897
6597.07586851604  169.3278
6597.30984121477  156.7302
6597.54381391351  174.7194
6597.77778661225  166.502
6598.01175931098  133.4501
6598.24573200972  174.8571
6598.47970470846  177.4489
6598.71367740719  171.6872
6598.94765010593  151.7025
6599.18162280466  154.4891
6599.4155955034  168.7569
6599.64956820214  160.2635
6599.88354090088  135.4066
6600.11751359961  149.7711
6600.35148629835  164.8725
6600.58545899708  158.5292
6600.81943169582  154.4723
6601.05340439456  139.5464
6601.28737709329  159.7543
6601.52134979203  187.8292
6601.75532249076  143.1573
6601.9892951895  147.6994
6602.22326788824  182.4031
6602.45724058697  154.275
6602.69121328571  188.6844
6602.92518598445  146.0722
6603.15915868318  155.5067
6603.39313138192  147.007
6603.62710408066  135.2376
6603.86107677939  184.9135
6604.09504947813  162.8937
6604.32902217687  150.6313
6604.5629948756  165.6391
6604.79696757434  164.586
6605.03094027308  134.0664
6605.26491297181  175.0165
6605.49888567055  166.4566
6605.73285836928  163.4447
6605.96683106802  162.8895
6606.20080376676  148.0353
6606.43477646549  155.6973
6606.66874916423  120.7726
6606.90272186297  163.4754
6607.1366945617  171.064
6607.37066726044  141.4787
6607.60463995918  175.8164
6607.83861265791  182.2799
6608.07258535665  143.6037
6608.30655805538  141.2569
6608.54053075412  133.1166
6608.77450345286  168.1338
6609.00847615159  156.654
6609.24244885033  180.7225
6609.47642154907  170.5969
6609.7103942478  189.8887
6609.94436694654  174.1846
6610.17833964528  154.7639
6610.41231234401  157.7224
6610.64628504275  169.1895
6610.88025774148  157.541
6611.11423044022  169.1855
6611.34820313896  169.1044
6611.58217583769  130.4071
6611.81614853643  145.6125
6612.05012123517  137.1735
6612.2840939339  153.9048
6612.51806663264  153.7955
6612.75203933137  182.8862
6612.98601203011  137.727
6613.21998472885  127.6994
6613.45395742759  160.5
6613.68793012632  135.3553
6613.92190282506  108.666
6614.15587552379  127.3758
6614.38984822253  142.0634
6614.62382092127  117.7598
6614.85779362  162.744
6615.09176631874  132.6325
6615.32573901748  159.6873
6615.55971171621  188.4317
6615.79368441495  144.4569
6616.02765711369  166.541
6616.26162981242  160.3408
6616.49560251116  183.9193
6616.72957520989  172.5661
6616.96354790863  138.5789
6617.19752060737  136.0037
6617.4314933061  144.7432
6617.66546600484  149.8918
6617.89943870358  166.8309
6618.13341140231  185.6926
6618.36738410105  156.6181
6618.60135679978  149.761
6618.83532949852  164.961
6619.06930219726  157.7884
6619.303274896  131.7237
6619.53724759473  149.3929
6619.77122029347  196.5795
6620.0051929922  183.2766
6620.23916569094  146.3917
6620.47313838968  147.2044
6620.70711108841  165.9291
6620.94108378715  128.9839
6621.17505648588  125.9496
6621.40902918462  186.0377
6621.64300188336  144.4331
6621.87697458209  128.3984
6622.11094728083  137.4161
6622.34491997957  144.4561
6622.5788926783  131.9628
6622.81286537704  132.1528
6623.04683807578  162.0173
6623.28081077451  153.3077
6623.51478347325  162.5562
6623.74875617198  132.0482
6623.98272887072  139.9684
6624.21670156946  153.9521
6624.45067426819  122.6646
6624.68464696693  133.0253
6624.91861966567  126.5006
6625.1525923644  147.1232
6625.38656506314  149.9959
6625.62053776188  151.9705
6625.85451046061  157.896
6626.08848315935  169.0116
6626.32245585809  109.8032
6626.55642855682  150.6594
6626.79040125556  132.6306
6627.02437395429  146.1635
6627.25834665303  89.21779
6627.49231935177  151.3985
6627.7262920505  149.4898
6627.96026474924  130.324
6628.19423744798  119.0247
6628.42821014671  103.7912
6628.66218284545  155.2635
6628.89615554419  138.0898
6629.13012824292  104.9079
6629.36410094166  125.8372
6629.5980736404  160.8926
6629.83204633913  170.8156
6630.06601903787  126.0262
6630.2999917366  138.7188
6630.53396443534  148.0662
6630.76793713408  142.0443
6631.00190983281  144.1118
6631.23588253155  150.5198
6631.46985523029  147.1478
6631.70382792902  137.4814
6631.93780062776  129.3584
6632.1717733265  116.7545
6632.40574602523  176.6945
6632.63971872397  142.9497
6632.8736914227  133.5797
6633.10766412144  140.1308
6633.34163682018  122.5436
6633.57560951891  100.5611
6633.80958221765  145.8887
6634.04355491639  121.2469
6634.27752761512  128.9488
6634.51150031386  146.4947
6634.7454730126  116.4565
6634.97944571133  82.96178
6635.21341841007  132.8069
6635.4473911088  114.5302
6635.68136380754  115.0033
6635.91533650628  130.418
6636.14930920501  144.7105
6636.38328190375  134.9169
6636.61725460249  146.9723
6636.85122730122  145.4477
6637.08519999996  128.8168
6637.3191726987  116.9383
6637.55314539743  133.0388
6637.78711809617  92.2614
6638.0210907949  100.3937
6638.25506349364  126.2407
6638.48903619238  109.9033
6638.72300889111  98.25336
6638.95698158985  111.693
6639.19095428859  117.2333
6639.42492698732  136.8652
6639.65889968606  117.1341
6639.89287238479  129.7887
6640.12684508353  168.878
6640.36081778227  147.3187
6640.59479048101  111.8098
6640.82876317974  129.6937
6641.06273587848  130.6208
6641.29670857721  115.0528
6641.53068127595  101.2098
6641.76465397469  94.48758
6641.99862667342  112.1243
6642.23259937216  94.75371
6642.4665720709  69.23048
6642.70054476963  123.9329
6642.93451746837  114.2747
6643.1684901671  130.8865
6643.40246286584  142.5149
6643.63643556458  98.71112
6643.87040826331  93.61753
6644.10438096205  128.3452
6644.33835366079  128.9515
6644.57232635952  150.801
6644.80629905826  135.9237
6645.040271757  82.21864
6645.27424445573  110.9349
6645.50821715447  116.8406
6645.7421898532  114.0669
6645.97616255194  98.10987
6646.21013525068  126.5328
6646.44410794941  124.6444
6646.67808064815  113.8729
6646.91205334689  104.5061
6647.14602604562  126.8971
6647.37999874436  122.4088
6647.6139714431  92.17641
6647.84794414183  111.5001
6648.08191684057  127.3391
6648.31588953931  117.5153
6648.54986223804  137.4006
6648.78383493678  141.4406
6649.01780763551  102.5831
6649.25178033425  78.21774
6649.48575303299  108.6832
6649.71972573172  110.6007
6649.95369843046  76.83575
6650.1876711292  119.6971
6650.42164382793  118.265
6650.65561652667  84.34156
6650.88958922541  93.62806
6651.12356192414  116.0874
6651.35753462288  124.8027
6651.59150732161  87.07761
6651.82548002035  108.7255
6652.05945271909  84.02561
6652.29342541782  114.288
6652.52739811656  119.7496
6652.7613708153  128.6763
6652.99534351403  91.547
6653.22931621277  107.1644
6653.46328891151  116.0676
6653.69726161024  120.3961
6653.93123430898  111.2349
6654.16520700772  115.0778
6654.39917970645  101.7564
6654.63315240519  95.31113
6654.86712510392  96.2624
6655.10109780266  99.98968
6655.3350705014  90.49802
6655.56904320013  91.11094
6655.80301589887  75.56882
6656.03698859761  53.5674
6656.27096129634  122.5264
6656.50493399508  79.97653
6656.73890669382  82.07269
6656.97287939255  120.9167
6657.20685209129  113.9832
6657.44082479002  75.82072
6657.67479748876  67.8938
6657.9087701875  79.01473
6658.14274288623  115.5199
6658.37671558497  100.778
6658.61068828371  77.67422
6658.84466098244  93.30053
6659.07863368118  109.8301
6659.31260637992  88.04521
6659.54657907865  78.46369
6659.78055177739  46.83658
6660.01452447612  88.75293
6660.24849717486  76.59004
6660.4824698736  96.41808
6660.71644257233  46.28725
6660.95041527107  65.51315
6661.18438796981  76.0126
6661.41836066854  50.87986
6661.65233336728  88.69496
6661.88630606601  70.9478
6662.12027876475  92.20536
6662.35425146349  115.661
6662.58822416222  98.00278
6662.82219686096  37.87796
6663.0561695597  50.73622
6663.29014225843  68.34282
6663.52411495717  43.08838
6663.75808765591  59.17176
6663.99206035464  48.62807
6664.22603305338  59.24052
6664.46000575211  58.54525
6664.69397845085  51.90785
6664.92795114959  66.1985
6665.16192384833  82.39889
6665.39589654706  78.96759
6665.6298692458  92.92127
6665.86384194453  59.35075
6666.09781464327  30.45553
6666.33178734201  60.25131
6666.56576004074  41.51196
6666.79973273948  35.35087
6667.03370543822  69.19142
6667.26767813695  39.59897
6667.50165083569  66.44696
6667.73562353442  44.53094
6667.96959623316  47.7048
6668.2035689319  41.98401
6668.43754163063  72.87642
6668.67151432937  87.94996
6668.90548702811  54.82584
6669.13945972684  36.66098
6669.37343242558  59.66808
6669.60740512432  71.39808
6669.84137782305  45.3655
6670.07535052179  58.85094
6670.30932322053  21.18204
6670.54329591926  52.68866
6670.777268618  43.80219
6671.01124131673  24.52606
6671.24521401547  36.5785
6671.47918671421  13.27534
6671.71315941294  29.01538
6671.94713211168  13.66209
6672.18110481042  57.69259
6672.41507750915  39.18156
6672.64905020789  50.56873
6672.88302290662  79.22862
6673.11699560536  32.0927
6673.3509683041  70.74451
6673.58494100284  57.953
6673.81891370157  52.20679
6674.05288640031  27.15588
6674.28685909904  32.06689
6674.52083179778  25.96089
6674.75480449652  17.39616
6674.98877719525  36.47168
6675.22274989399  24.47294
6675.45672259273  24.48045
6675.69069529146  39.15117
6675.9246679902  42.50927
6676.15864068893  33.01097
6676.39261338767  29.66856
6676.62658608641  30.74619
6676.86055878514  26.37385
6677.09453148388  33.44634
6677.32850418262  50.75991
6677.56247688135  23.98808
6677.79644958009  35.35703
6678.03042227883  64.81055
6678.26439497756  21.88431
6678.4983676763  38.80136
6678.73234037503  31.91385
6678.96631307377  66.82523
6679.20028577251  38.97966
6679.43425847124  28.1114
6679.66823116998  29.53159
6679.90220386872  43.38869
6680.13617656745  57.93301
6680.37014926619  37.79262
6680.60412196492  11.34191
6680.83809466366  -13.79476
6681.0720673624  26.35995
6681.30604006114  22.12752
6681.54001275987  37.99111
6681.77398545861  29.19473
6682.00795815734  52.54015
6682.24193085608  16.90068
6682.47590355482  11.65044
6682.70987625355  40.65157
6682.94384895229  6.682316
6683.17782165103  32.68644
6683.41179434976  30.42618
6683.6457670485  19.21941
6683.87973974724  21.71284
6684.11371244597  26.0113
6684.34768514471  37.89303
6684.58165784344  -16.24146
6684.81563054218  3.662293
6685.04960324092  11.28242
6685.28357593965  -1.89617
6685.51754863839  29.44047
6685.75152133713  27.86345
6685.98549403586  42.45742
6686.2194667346  63.03973
6686.45343943333  38.00756
6686.68741213207  22.33653
6686.92138483081  60.14867
6687.15535752954  44.6195
6687.38933022828  -8.770302
6687.62330292702  44.41655
6687.85727562575  31.50748
6688.09124832449  -2.724137
6688.32522102323  9.573811
6688.55919372196  1.313263
6688.7931664207  29.64991
6689.02713911944  37.54061
6689.26111181817  23.07071
6689.49508451691  26.49772
6689.72905721564  16.70145
6689.96302991438  30.5984
6690.19700261312  -29.57915
6690.43097531185  -10.89161
6690.66494801059  -0.9432338
6690.89892070933  19.03831
6691.13289340806  8.007166
6691.3668661068  10.65941
6691.60083880554  32.51543
6691.83481150427  9.739809
6692.06878420301  -14.4215
6692.30275690174  12.2676
6692.53672960048  9.351499
6692.77070229922  0.6521615
