6453.0631313259  20.48717
6453.29715556368  26.5848
6453.53117980147  36.40528
6453.76520403925  26.67286
6453.99922827704  32.70967
6454.23325251482  32.31715
6454.4672767526  39.97351
6454.70130099038  42.96586
6454.93532522817  43.30368
6455.16934946595  48.54576
6455.40337370374  34.7422
6455.63739794152  31.57324
6455.87142217931  28.93461
6456.10544641709  20.75706
6456.33947065487  37.38892
6456.57349489266  73.68915
6456.80751913044  44.77464
6457.04154336823  14.53347
6457.27556760601  0.2141428
6457.50959184379  8.390572
6457.74361608158  31.64005
6457.97764031936  35.18672
6458.21166455714  25.06019
6458.44568879493  28.99477
6458.67971303271  38.93559
6458.91373727049  36.75784
6459.14776150828  38.06654
6459.38178574606  63.33474
6459.61580998385  41.69301
6459.84983422163  44.22752
6460.08385845941  30.75173
6460.3178826972  42.91837
6460.55190693498  33.46946
6460.78593117276  7.855798
6461.01995541055  19.17654
6461.25397964833  26.25036
6461.48800388611  21.06985
6461.7220281239  32.49987
6461.95605236168  40.05235
6462.19007659947  62.1473
6462.42410083725  61.19011
6462.65812507503  42.47548
6462.89214931282  34.14211
6463.1261735506  30.35578
6463.36019778839  54.19949
6463.59422202617  24.43069
6463.82824626395  20.57326
6464.06227050174  39.44771
6464.29629473952  67.64153
6464.5303189773  73.22534
6464.76434321509  42.19052
6464.99836745287  39.5584
6465.23239169065  39.46975
6465.46641592844  30.27708
6465.70044016622  51.09375
6465.93446440401  40.31289
6466.16848864179  68.50257
6466.40251287957  57.60902
6466.63653711736  38.42452
6466.87056135514  26.84521
6467.10458559292  12.63076
6467.33860983071  30.79087
6467.57263406849  43.88521
6467.80665830627  32.61881
6468.04068254406  43.93394
6468.27470678184  60.10918
6468.50873101963  54.75228
6468.74275525741  49.03513
6468.9767794952  37.00304
6469.21080373298  51.21115
6469.44482797076  31.4219
6469.67885220854  39.33233
6469.91287644633  62.38354
6470.14690068411  72.13663
6470.3809249219  52.92269
6470.61494915968  73.01221
6470.84897339746  29.2571
6471.08299763525  24.77499
6471.31702187303  53.90147
6471.55104611082  24.36312
6471.7850703486  40.27518
6472.01909458638  53.23835
6472.25311882417  40.02542
6472.48714306195  39.89822
6472.72116729973  39.86806
6472.95519153752  76.05995
6473.1892157753  53.58999
6473.42324001309  60.26315
6473.65726425087  74.52999
6473.89128848865  66.59283
6474.12531272643  67.30544
6474.35933696422  58.18847
6474.593361202  36.00202
6474.82738543979  38.53415
6475.06140967757  44.20752
6475.29543391536  42.25405
6475.52945815314  71.13898
6475.76348239092  80.16883
6475.99750662871  45.50391
6476.23153086649  41.80839
6476.46555510427  46.71952
6476.69957934206  44.30439
6476.93360357984  46.57705
6477.16762781762  67.42368
6477.40165205541  75.19608
6477.63567629319  53.81158
6477.86970053098  57.36951
6478.10372476876  56.9644
6478.33774900654  48.57975
6478.57177324433  47.07824
6478.80579748211  52.38764
6479.03982171989  64.31678
6479.27384595768  44.50531
6479.50787019546  48.95994
6479.74189443324  52.69522
6479.97591867103  63.00145
6480.20994290881  45.74241
6480.4439671466  41.09119
6480.67799138438  46.46282
6480.91201562217  80.98632
6481.14603985995  46.29253
6481.38006409773  28.83329
6481.61408833551  53.44191
6481.8481125733  68.58469
6482.08213681108  59.40594
6482.31616104887  64.62729
6482.55018528665  86.31416
6482.78420952443  64.46423
6483.01823376222  49.26876
6483.252258  58.96262
6483.48628223779  42.7599
6483.72030647557  35.89794
6483.95433071335  55.69416
6484.18835495114  63.18333
6484.42237918892  37.99192
6484.65640342671  54.52012
6484.89042766449  64.46268
6485.12445190227  62.77778
6485.35847614005  75.24708
6485.59250037784  66.91766
6485.82652461562  65.97608
6486.06054885341  72.00537
6486.29457309119  42.01833
6486.52859732897  37.07555
6486.76262156676  69.66489
6486.99664580454  78.44241
6487.23067004233  80.04362
6487.46469428011  61.94181
6487.69871851789  60.4059
6487.93274275568  80.43153
6488.16676699346  70.42715
6488.40079123125  79.64194
6488.63481546903  55.67806
6488.86883970681  61.10781
6489.1028639446  65.65712
6489.33688818238  66.10117
6489.57091242016  67.04339
6489.80493665795  71.09315
6490.03896089573  63.73346
6490.27298513351  52.83297
6490.5070093713  71.2071
6490.74103360908  64.74057
6490.97505784687  58.21949
6491.20908208465  68.23331
6491.44310632243  57.7982
6491.67713056022  67.05798
6491.911154798  77.07342
6492.14517903578  82.8997
6492.37920327357  77.29282
6492.61322751135  53.64204
6492.84725174913  32.86197
6493.08127598692  64.87604
6493.3153002247  73.30689
6493.54932446249  58.9285
6493.78334870027  56.91418
6494.01737293805  48.16657
6494.25139717584  68.72928
6494.48542141362  94.11212
6494.7194456514  81.31565
6494.95346988919  82.38514
6495.18749412697  63.74919
6495.42151836476  68.53461
6495.65554260254  78.22604
6495.88956684032  98.7888
6496.12359107811  63.29951
6496.35761531589  52.45444
6496.59163955367  90.95623
6496.82566379146  82.08873
6497.05968802924  67.85416
6497.29371226703  87.07945
6497.52773650481  70.73818
6497.76176074259  42.42562
6497.99578498038  54.70172
6498.22980921816  72.93476
6498.46383345594  77.74287
6498.69785769373  86.94687
6498.93188193151  104.9987
6499.16590616929  105.3681
6499.39993040708  75.1403
6499.63395464486  75.95596
6499.86797888265  72.30029
6500.10200312043  82.6396
6500.33602735822  69.97584
6500.570051596  97.10738
6500.80407583378  67.80062
6501.03810007156  59.3177
6501.27212430935  60.36517
6501.50614854713  57.09178
6501.74017278492  78.1396
6501.9741970227  76.72636
6502.20822126048  58.59134
6502.44224549827  62.67989
6502.67626973605  67.66268
6502.91029397384  70.86283
6503.14431821162  70.26558
6503.3783424494  60.04894
6503.61236668719  74.0301
6503.84639092497  74.57969
6504.08041516275  49.88482
6504.31443940054  64.72121
6504.54846363832  76.72569
6504.7824878761  86.87916
6505.01651211389  85.87603
6505.25053635167  62.49963
6505.48456058945  63.38442
6505.71858482724  57.34958
6505.95260906502  71.85175
6506.18663330281  79.03023
6506.42065754059  70.89043
6506.65468177837  71.80421
6506.88870601616  93.56487
6507.12273025394  94.08797
6507.35675449173  60.97152
6507.59077872951  63.278
6507.82480296729  75.52184
6508.05882720508  76.57946
6508.29285144286  92.55184
6508.52687568065  83.11449
6508.76089991843  103.3355
6508.99492415621  67.14513
6509.228948394  65.2207
6509.46297263178  66.30282
6509.69699686956  63.76165
6509.93102110735  67.86407
6510.16504534513  72.55794
6510.39906958291  84.21857
6510.6330938207  73.35362
6510.86711805848  80.34216
6511.10114229627  97.12729
6511.33516653405  90.65205
6511.56919077183  80.98727
6511.80321500962  85.31445
6512.0372392474  88.57717
6512.27126348518  76.89178
6512.50528772297  73.58819
6512.73931196075  60.37368
6512.97333619853  48.72004
6513.20736043632  78.12108
6513.4413846741  83.03682
6513.67540891189  77.36992
6513.90943314967  85.11537
6514.14345738745  80.62998
6514.37748162524  63.4887
6514.61150586302  80.98711
6514.84553010081  91.60649
6515.07955433859  71.88681
6515.31357857637  103.0769
6515.54760281416  84.03017
6515.78162705194  65.47476
6516.01565128973  64.71638
6516.24967552751  78.01622
6516.48369976529  88.56717
6516.71772400307  93.14092
6516.95174824086  78.71674
6517.18577247864  108.5916
6517.41979671643  103.5556
6517.65382095421  77.30724
6517.88784519199  79.98135
6518.12186942978  71.11919
6518.35589366756  72.38219
6518.58991790535  69.15302
6518.82394214313  82.99554
6519.05796638091  91.99464
6519.2919906187  81.54575
6519.52601485648  100.3297
6519.76003909426  80.15997
6519.99406333205  92.60191
6520.22808756983  80.78329
6520.46211180761  86.60212
6520.6961360454  76.21666
6520.93016028318  72.01762
6521.16418452097  61.68525
6521.39820875875  69.40652
6521.63223299653  87.08902
6521.86625723432  97.91295
6522.1002814721  83.09939
6522.33430570989  82.47447
6522.56832994767  79.84071
6522.80235418545  66.52821
6523.03637842324  83.31033
6523.27040266102  85.65771
6523.5044268988  84.103
6523.73845113659  99.66211
6523.97247537437  96.2071
6524.20649961215  74.43523
6524.44052384994  69.62877
6524.67454808772  80.34861
6524.90857232551  59.25674
6525.14259656329  60.23858
6525.37662080107  51.65821
6525.61064503886  79.98215
6525.84466927664  72.04834
6526.07869351442  77.76648
6526.31271775221  79.57733
6526.54674198999  105.0873
6526.78076622778  77.68435
6527.01479046556  73.587
6527.24881470334  78.86622
6527.48283894113  93.38275
6527.71686317891  92.47761
6527.95088741669  65.42204
6528.18491165448  66.07494
6528.41893589226  72.45498
6528.65296013004  80.23922
6528.88698436783  78.83445
6529.12100860561  66.85145
6529.3550328434  54.71962
6529.58905708118  73.7534
6529.82308131896  78.13406
6530.05710555675  60.93632
6530.29112979453  77.06676
6530.52515403231  71.7613
6530.7591782701  57.88871
6530.99320250788  77.59313
6531.22722674567  78.55794
6531.46125098345  90.66912
6531.69527522123  90.43972
6531.92929945902  75.9138
6532.1633236968  98.04829
6532.39734793458  100.5867
6532.63137217237  100.6154
6532.86539641015  101.3747
6533.09942064793  102.1405
6533.33344488572  87.53763
6533.5674691235  55.27353
6533.80149336129  87.11223
6534.03551759907  92.25943
6534.26954183686  113.4069
6534.50356607464  105.598
6534.73759031242  67.72836
6534.97161455021  73.97073
6535.20563878799  46.00417
6535.43966302577  86.3409
6535.67368726356  119.5975
6535.90771150134  86.84518
6536.14173573912  89.73912
6536.37575997691  85.71971
6536.60978421469  69.50986
6536.84380845247  72.16066
6537.07783269026  87.67847
6537.31185692804  90.02245
6537.54588116583  75.45378
6537.77990540361  68.97356
6538.01392964139  74.87074
6538.24795387918  84.24529
6538.48197811696  85.32413
6538.71600235475  83.02932
6538.95002659253  80.7449
6539.18405083031  105.969
6539.4180750681  95.70713
6539.65209930588  90.59045
6539.88612354366  79.15989
6540.12014778145  69.92587
6540.35417201923  67.72723
6540.58819625702  101.3229
6540.8222204948  107.6152
6541.05624473258  80.33004
6541.29026897037  75.5463
6541.52429320815  88.72318
6541.75831744593  99.22704
6541.99234168372  83.31005
6542.2263659215  74.62876
6542.46039015929  87.09428
6542.69441439707  81.15511
6542.92843863485  82.31123
6543.16246287264  87.27645
6543.39648711042  100.259
6543.6305113482  112.2703
6543.86453558599  101.6972
6544.09855982377  101.9578
6544.33258406155  109.1026
6544.56660829934  114.2724
6544.80063253712  112.5364
6545.03465677491  91.42001
6545.26868101269  65.98724
6545.50270525047  92.33092
6545.73672948826  100.6096
6545.97075372604  73.44007
6546.20477796382  80.78291
6546.43880220161  83.61642
6546.67282643939  70.90887
6546.90685067718  96.07437
6547.14087491496  136.7359
6547.37489915275  113.2349
6547.60892339053  83.79293
6547.84294762831  91.8765
6548.07697186609  97.53938
6548.31099610388  119.3635
6548.54502034166  95.51894
6548.77904457945  98.84619
6549.01306881723  109.8126
6549.24709305501  115.1886
6549.4811172928  83.40825
6549.71514153058  93.14679
6549.94916576837  104.7825
6550.18319000615  98.37613
6550.41721424393  76.35453
6550.65123848172  109.7062
6550.8852627195  109.9902
6551.11928695728  108.919
6551.35331119507  112.8352
6551.58733543285  129.3666
6551.82135967063  105.8325
6552.05538390842  99.94486
6552.2894081462  119.11
6552.52343238398  113.8548
6552.75745662177  80.52814
6552.99148085955  112.7214
6553.22550509734  133.4208
6553.45952933512  131.5459
6553.6935535729  128.7086
6553.92757781069  114.3788
6554.16160204847  121.8953
6554.39562628626  83.18033
6554.62965052404  83.22937
6554.86367476182  108.995
6555.09769899961  128.013
6555.33172323739  123.3789
6555.56574747517  119.4411
6555.79977171296  131.1446
6556.03379595074  136.9379
6556.26782018853  119.4084
6556.50184442631  124.2044
6556.73586866409  128.3323
6556.96989290188  114.6684
6557.20391713966  135.8978
6557.43794137744  148.1458
6557.67196561523  126.6398
6557.90598985301  120.051
6558.14001409079  110.889
6558.37403832858  109.567
6558.60806256636  128.9775
6558.84208680415  125.681
6559.07611104193  110.2416
6559.31013527971  118.1472
6559.5441595175  129.5981
6559.77818375528  128.2755
6560.01220799307  144.3167
6560.24623223085  124.7485
6560.48025646863  110.4338
6560.71428070642  132.7425
6560.9483049442  158.6516
6561.18232918198  136.2768
6561.41635341977  119.1057
6561.65037765755  136.5835
6561.88440189533  132.4848
6562.11842613312  167.0483
6562.3524503709  131.9389
6562.58647460869  119.2412
6562.82049884647  114.7582
6563.05452308425  138.4926
6563.28854732204  155.5425
6563.52257155982  144.283
6563.7565957976  109.3227
6563.99062003539  125.9743
6564.22464427317  114.9161
6564.45866851095  114.9018
6564.69269274874  138.5361
6564.92671698652  137.1534
6565.16074122431  118.0724
6565.39476546209  121.3097
6565.62878969987  163.3302
6565.86281393766  167.6921
6566.09683817544  121.2939
6566.33086241323  149.4364
6566.56488665101  125.0554
6566.79891088879  100.4557
6567.03293512658  132.986
6567.26695936436  132.3498
6567.50098360214  136.4353
6567.73500783993  146.1335
6567.96903207771  128.0411
6568.20305631549  149.3079
6568.43708055328  122.4669
6568.67110479106  128.8183
6568.90512902885  145.446
6569.13915326663  152.254
6569.37317750441  168.1084
6569.6072017422  152.9736
6569.84122597998  142.5638
6570.07525021777  155.983
6570.30927445555  155.328
6570.54329869333  146.0063
6570.77732293112  140.5737
6571.0113471689  142.5994
6571.24537140668  136.5498
6571.47939564447  134.9196
6571.71341988225  129.1923
6571.94744412003  127.8024
6572.18146835782  151.5689
6572.4154925956  155.8716
6572.64951683339  113.5836
6572.88354107117  102.9939
6573.11756530895  121.1598
6573.35158954674  137.3744
6573.58561378452  147.3406
6573.81963802231  128.0784
6574.05366226009  123.4984
6574.28768649787  120.2368
6574.52171073566  135.1165
6574.75573497344  124.077
6574.98975921122  127.2205
6575.22378344901  128.4357
6575.45780768679  124.5561
6575.69183192458  122.6808
6575.92585616236  138.2841
6576.15988040014  137.8354
6576.39390463793  123.0885
6576.62792887571  101.9855
6576.86195311349  88.25154
6577.09597735128  123.3573
6577.33000158906  145.8905
6577.56402582684  123.9776
6577.79805006463  127.5367
6578.03207430241  113.9272
6578.2660985402  115.308
6578.50012277798  96.28003
6578.73414701576  115.4351
6578.96817125355  129.1304
6579.20219549133  108.383
6579.43621972911  111.7784
6579.6702439669  113.954
6579.90426820468  111.0708
6580.13829244247  95.09274
6580.37231668025  100.9535
6580.60634091803  117.0105
6580.84036515582  121.0322
6581.0743893936  107.7885
6581.30841363139  111.6927
6581.54243786917  98.7989
6581.77646210695  110.8901
6582.01048634474  104.5978
6582.24451058252  93.26485
6582.4785348203  113.7973
6582.71255905809  83.72983
6582.94658329587  111.0245
6583.18060753365  82.28389
6583.41463177144  84.40993
6583.64865600922  99.36146
6583.882680247  103.7314
6584.11670448479  104.4447
6584.35072872257  118.8564
6584.58475296036  96.01705
6584.81877719814  90.67842
6585.05280143592  84.59799
6585.28682567371  69.07571
6585.52084991149  96.55362
6585.75487414928  109.4398
6585.98889838706  82.00694
6586.22292262484  88.7474
6586.45694686263  107.951
6586.69097110041  98.36853
6586.92499533819  98.03098
6587.15901957598  105.3418
6587.39304381376  113.5912
6587.62706805155  81.36785
6587.86109228933  63.48804
6588.09511652711  90.13211
6588.3291407649  85.06388
6588.56316500268  90.02044
6588.79718924046  98.85296
6589.03121347825  110.7854
6589.26523771603  100.1017
6589.49926195381  85.23364
6589.7332861916  90.89108
6589.96731042938  90.66947
6590.20133466717  92.85164
6590.43535890495  77.12082
6590.66938314273  89.81062
6590.90340738052  103.9536
6591.1374316183  81.4504
6591.37145585608  86.98749
6591.60548009387  69.54131
6591.83950433165  86.63228
6592.07352856943  96.61887
6592.30755280722  88.11056
6592.541577045  122.0312
6592.77560128279  106.607
6593.00962552057  80.44185
6593.24364975835  119.703
6593.47767399614  87.98229
6593.71169823392  59.2276
6593.94572247171  78.41286
6594.17974670949  96.03263
6594.41377094727  101.6685
6594.64779518506  91.94511
6594.88181942284  91.90979
6595.11584366062  92.1702
6595.34986789841  82.62925
6595.58389213619  76.65217
6595.81791637397  98.05535
6596.05194061176  89.34995
6596.28596484954  90.40953
6596.51998908733  93.90781
6596.75401332511  88.35849
6596.98803756289  91.53457
6597.22206180068  106.7932
6597.45608603846  105.3152
6597.69011027625  81.62875
6597.92413451403  61.40129
6598.15815875181  105.4557
6598.3921829896  87.09968
6598.62620722738  82.81055
6598.86023146516  80.35066
6599.09425570295  87.95534
6599.32827994073  90.96178
6599.56230417852  95.10648
6599.7963284163  97.09973
6600.03035265408  99.95072
6600.26437689187  51.07694
6600.49840112965  69.57447
6600.73242536744  86.82561
6600.96644960522  97.47118
6601.200473843  75.2823
6601.43449808079  97.8356
6601.66852231857  82.5673
6601.90254655635  80.3233
6602.13657079414  87.16605
6602.37059503192  71.43473
6602.6046192697  71.16399
6602.83864350749  83.18162
6603.07266774527  101.9611
6603.30669198306  95.15987
6603.54071622084  82.00459
6603.77474045862  89.38912
6604.00876469641  85.48186
6604.24278893419  65.25768
6604.47681317197  82.71632
6604.71083740976  87.49652
6604.94486164754  71.39034
6605.17888588532  47.56872
6605.41291012311  67.19077
6605.64693436089  64.54367
6605.88095859868  51.8387
6606.11498283646  71.98615
6606.34900707424  84.00094
6606.58303131203  91.64774
6606.81705554981  96.63047
6607.05107978759  82.76859
6607.28510402538  68.44917
6607.51912826316  78.01562
6607.75315250095  108.3932
6607.98717673873  97.10839
6608.22120097651  47.17059
6608.4552252143  63.23206
6608.68924945208  81.21671
6608.92327368986  95.8063
6609.15729792765  81.50735
6609.39132216543  55.41742
6609.62534640322  83.91856
6609.859370641  96.56996
6610.09339487878  85.90141
6610.32741911657  82.61148
6610.56144335435  84.65701
6610.79546759213  70.85014
6611.02949182992  62.36671
6611.2635160677  53.0994
6611.49754030548  55.01154
6611.73156454327  70.53651
6611.96558878105  76.74532
6612.19961301884  97.2178
6612.43363725662  71.27137
6612.66766149441  66.32516
6612.90168573219  57.82295
6613.13570996997  83.94003
6613.36973420776  74.24973
6613.60375844554  83.41154
6613.83778268332  87.48083
6614.07180692111  76.51403
6614.30583115889  67.63562
6614.53985539667  76.48143
6614.77387963446  71.3353
6615.00790387224  84.64109
6615.24192811002  79.3565
6615.47595234781  74.86866
6615.70997658559  69.75912
6615.94400082338  84.93532
6616.17802506116  79.37809
6616.41204929894  83.80789
6616.64607353673  59.27132
6616.88009777451  76.46954
6617.11412201229  86.32568
6617.34814625008  79.80241
6617.58217048786  75.08196
6617.81619472565  38.81369
6618.05021896343  45.7924
6618.28424320121  54.13307
6618.518267439  111.9814
6618.75229167678  89.21642
6618.98631591457  79.20737
6619.22034015235  83.7746
6619.45436439013  65.12099
6619.68838862792  72.12585
6619.9224128657  53.48182
6620.15643710348  74.48021
6620.39046134127  81.71284
6620.62448557905  71.76244
6620.85850981683  76.98314
6621.09253405462  76.96485
6621.3265582924  76.56104
6621.56058253019  55.8617
6621.79460676797  51.8267
6622.02863100575  72.05167
6622.26265524354  78.47504
6622.49667948132  69.90462
6622.7307037191  86.35922
6622.96472795689  90.43465
6623.19875219467  76.16621
6623.43277643245  71.44183
6623.66680067024  56.96151
6623.90082490802  71.79974
6624.13484914581  72.11639
6624.36887338359  74.52367
6624.60289762137  81.23656
6624.83692185916  62.68968
6625.07094609694  51.13952
6625.30497033473  72.1695
6625.53899457251  86.89626
6625.77301881029  62.07013
6626.00704304808  69.82217
6626.24106728586  54.52254
6626.47509152364  59.0252
6626.70911576143  58.07417
6626.94313999921  103.6168
6627.177164237  67.22926
6627.41118847478  71.4186
6627.64521271256  53.32995
6627.87923695035  44.57052
6628.11326118813  90.97092
6628.34728542592  83.82911
6628.5813096637  71.3658
6628.81533390148  67.40221
6629.04935813927  58.84638
6629.28338237705  67.36656
6629.51740661483  75.65172
6629.75143085262  72.48719
6629.9854550904  79.34984
6630.21947932818  96.97961
6630.45350356597  67.22794
6630.68752780375  77.328
6630.92155204153  70.48631
6631.15557627932  69.11805
6631.3896005171  89.50356
6631.62362475489  82.06889
6631.85764899267  51.17744
6632.09167323045  81.93877
6632.32569746824  88.73083
6632.55972170602  70.20855
6632.79374594381  66.95169
6633.02777018159  80.58299
6633.26179441937  89.00729
6633.49581865716  58.22393
6633.72984289494  61.66254
6633.96386713272  75.57368
6634.19789137051  69.51891
6634.43191560829  70.67583
6634.66593984608  73.80882
6634.89996408386  39.72867
6635.13398832164  44.76801
6635.36801255943  42.08912
6635.60203679721  58.12748
6635.83606103499  67.0217
6636.07008527278  68.97501
6636.30410951056  89.79884
6636.53813374834  71.57755
6636.77215798613  68.52252
6637.00618222391  46.21071
6637.2402064617  54.96612
6637.47423069948  43.53783
6637.70825493726  32.66357
6637.94227917505  57.94312
6638.17630341283  73.00076
6638.41032765061  75.70783
6638.6443518884  68.64951
6638.87837612618  90.18784
6639.11240036397  57.01929
6639.34642460175  75.8568
6639.58044883953  83.58031
6639.81447307732  61.61858
6640.0484973151  62.94699
6640.28252155288  43.25449
6640.51654579067  34.98183
6640.75057002845  50.05173
6640.98459426624  46.69529
6641.21861850402  47.92121
6641.4526427418  59.08812
6641.68666697959  48.79314
6641.92069121737  57.43567
6642.15471545515  44.428
6642.38873969294  70.42081
6642.62276393072  69.06015
6642.8567881685  43.46642
6643.09081240629  52.92218
6643.32483664407  66.98995
6643.55886088186  65.67074
6643.79288511964  62.41488
6644.02690935743  62.78864
6644.26093359521  50.54382
6644.49495783299  44.80762
6644.72898207078  56.46282
6644.96300630856  63.4238
6645.19703054634  62.71666
6645.43105478413  51.22979
6645.66507902191  56.05112
6645.89910325969  56.21869
6646.13312749748  68.73006
6646.36715173526  52.24692
6646.60117597304  76.77319
6646.83520021083  69.15811
6647.06922444861  43.46669
6647.3032486864  56.40897
6647.53727292418  71.35782
6647.77129716196  53.97479
6648.00532139975  40.98934
6648.23934563753  59.31141
6648.47336987531  49.73878
6648.7073941131  51.45831
6648.94141835088  56.81908
6649.17544258867  48.25635
6649.40946682645  32.31196
6649.64349106423  40.13691
6649.87751530202  46.67765
6650.1115395398  51.54039
6650.34556377758  30.02714
6650.57958801537  54.90312
6650.81361225315  55.53489
6651.04763649093  67.32062
6651.28166072872  64.44248
6651.5156849665  31.44625
6651.74970920429  75.86807
6651.98373344207  49.61364
6652.21775767986  58.71348
6652.45178191764  62.03941
6652.68580615542  53.12591
6652.91983039321  50.61088
6653.15385463099  50.41035
6653.38787886877  60.66306
6653.62190310656  54.78127
6653.85592734434  44.24895
6654.08995158212  56.29699
6654.32397581991  32.00557
6654.55800005769  51.13651
6654.79202429548  64.46699
6655.02604853326  38.83311
6655.26007277104  51.33072
6655.49409700883  65.16391
6655.72812124661  50.97569
6655.96214548439  30.54593
6656.19616972218  47.50331
6656.43019395996  51.0729
6656.66421819775  34.8183
6656.89824243553  26.76218
6657.13226667331  33.30805
6657.3662909111  25.31679
6657.60031514888  34.18867
6657.83433938666  47.11309
6658.06836362445  49.32559
6658.30238786223  49.56991
6658.53641210002  46.03106
6658.7704363378  42.43129
6659.00446057558  86.56339
6659.23848481337  41.35546
6659.47250905115  39.44875
6659.70653328894  48.88121
6659.94055752672  52.89299
6660.1745817645  44.13158
6660.40860600229  20.54486
6660.64263024007  17.11
6660.87665447785  48.01284
6661.11067871564  45.6379
6661.34470295342  43.51319
6661.5787271912  54.35287
6661.81275142899  41.71215
6662.04677566677  41.12103
6662.28079990455  38.2834
6662.51482414234  41.97428
6662.74884838012  35.27593
6662.98287261791  35.31173
6663.21689685569  30.85971
6663.45092109347  13.85316
6663.68494533126  25.51518
6663.91896956904  31.22037
6664.15299380683  29.38448
6664.38701804461  49.20661
6664.62104228239  40.41592
6664.85506652018  36.0449
6665.08909075796  16.52304
6665.32311499574  31.52679
6665.55713923353  43.97364
6665.79116347131  50.99141
6666.02518770909  49.46321
6666.25921194688  26.67477
6666.49323618466  22.65363
6666.72726042245  22.26478
6666.96128466023  17.22685
6667.19530889801  32.73217
6667.4293331358  43.13719
6667.66335737358  39.62174
6667.89738161136  37.38459
6668.13140584915  43.61262
6668.36543008693  41.03023
6668.59945432472  26.79017
6668.8334785625  13.56297
6669.06750280028  15.31283
6669.30152703807  61.78683
6669.53555127585  28.42279
6669.76957551363  12.40891
6670.00359975142  27.11052
6670.2376239892  23.49708
6670.47164822698  30.8155
6670.70567246477  7.209651
6670.93969670255  19.23771
6671.17372094034  33.36625
6671.40774517812  31.25877
6671.6417694159  15.8125
6671.87579365369  28.82023
6672.10981789147  43.17702
6672.34384212926  27.47279
6672.57786636704  36.3848
6672.81189060482  36.52145
6673.04591484261  46.29564
6673.27993908039  27.97465
6673.51396331817  25.14951
6673.74798755596  25.74797
6673.98201179374  26.51861
6674.21603603152  25.53308
6674.45006026931  30.82117
6674.68408450709  40.5265
6674.91810874488  32.27852
6675.15213298266  4.516758
6675.38615722044  20.8867
6675.62018145823  17.57133
6675.85420569601  -3.466489
6676.08822993379  4.60884
6676.32225417158  9.442274
6676.55627840936  32.32733
6676.79030264715  15.37349
6677.02432688493  22.71189
6677.25835112271  22.22884
6677.4923753605  2.87018
6677.72639959828  6.322861
6677.96042383606  22.88488
6678.19444807385  17.58488
6678.42847231163  15.32221
6678.66249654942  42.33307
6678.8965207872  33.67971
6679.13054502498  17.10691
6679.36456926277  5.125785
6679.59859350055  26.89867
6679.83261773834  41.40118
6680.06664197612  11.12072
6680.3006662139  9.635608
6680.53469045169  8.452725
6680.76871468947  -5.8445
6681.00273892725  10.84887
6681.23676316504  42.18847
6681.47078740282  8.58485
6681.7048116406  24.33848
6681.93883587839  11.96436
6682.17286011617  17.89334
6682.40688435396  22.59711
6682.64090859174  11.44001
6682.87493282952  5.590812
6683.10895706731  -1.753915
6683.34298130509  -8.159422
6683.57700554288  10.93295
6683.81102978066  20.80289
6684.04505401844  -1.478872
6684.27907825623  28.73958
6684.51310249401  20.98995
6684.74712673179  18.45462
6684.98115096958  9.860458
6685.21517520736  27.61976
6685.44919944514  4.875366
6685.68322368293  -1.294014
6685.91724792071  -7.142
6686.1512721585  6.903689
6686.38529639628  1.879312
6686.61932063406  6.162011
6686.85334487185  25.17083
6687.08736910963  5.24428
6687.32139334741  41.63632
6687.5554175852  11.28689
6687.78944182298  -4.262507
6688.02346606077  14.06721
6688.25749029855  5.853397
6688.49151453633  0.3709354
6688.72553877412  21.48698
6688.9595630119  5.476868
6689.19358724968  0.9223639
6689.42761148747  18.42677
6689.66163572525  -0.4300439
6689.89565996303  -6.194416
6690.12968420082  16.16411
6690.3637084386  18.77188
6690.59773267639  20.26329
6690.83175691417  17.79837
6691.06578115195  9.824534
6691.29980538974  14.99082
6691.53382962752  -7.994016
6691.76785386531  -15.14164
6692.00187810309  -5.208792
6692.23590234087  6.647986
6692.46992657866  26.69027
