6453.0441971425  5.786027
6453.27822832407  17.20477
6453.51225950564  19.1128
6453.74629068721  19.53851
6453.98032186878  -0.484604
6454.21435305035  1.888547
6454.44838423192  15.1243
6454.68241541349  34.91053
6454.91644659506  33.03554
6455.15047777663  14.85238
6455.3845089582  28.81178
6455.61854013977  24.10733
6455.85257132134  7.815133
6456.08660250291  8.276101
6456.32063368448  30.31387
6456.55466486605  25.58566
6456.78869604762  23.29816
6457.02272722919  25.94275
6457.25675841076  19.47413
6457.49078959233  17.9518
6457.7248207739  36.12143
6457.95885195547  44.19238
6458.19288313704  23.7875
6458.42691431861  10.28178
6458.66094550018  6.243835
6458.89497668175  0.2978429
6459.12900786332  31.3123
6459.3630390449  24.52007
6459.59707022646  3.069796
6459.83110140803  43.64586
6460.06513258961  33.42952
6460.29916377118  19.04614
6460.53319495275  20.61828
6460.76722613431  18.54459
6461.00125731589  25.7484
6461.23528849746  32.23615
6461.46931967903  20.38498
6461.7033508606  14.14736
6461.93738204217  31.9398
6462.17141322374  43.06583
6462.40544440531  30.85243
6462.63947558688  36.03261
6462.87350676845  32.80587
6463.10753795002  34.39539
6463.34156913159  41.74615
6463.57560031316  42.75352
6463.80963149473  37.3045
6464.0436626763  57.48656
6464.27769385787  42.58792
6464.51172503944  24.72041
6464.74575622101  40.1662
6464.97978740258  22.34099
6465.21381858415  15.53712
6465.44784976572  36.08304
6465.68188094729  41.24651
6465.91591212886  26.19363
6466.14994331043  27.86508
6466.383974492  9.171514
6466.61800567357  32.89429
6466.85203685514  43.16409
6467.08606803671  33.32907
6467.32009921828  29.39319
6467.55413039985  17.42826
6467.78816158142  26.25956
6468.02219276299  51.65379
6468.25622394456  52.87501
6468.49025512613  49.67842
6468.7242863077  41.24303
6468.95831748927  32.17685
6469.19234867084  38.42073
6469.42637985241  35.06069
6469.66041103398  31.16507
6469.89444221555  48.84029
6470.12847339712  44.39083
6470.36250457869  37.06739
6470.59653576026  46.19581
6470.83056694183  37.59313
6471.0645981234  24.46482
6471.29862930497  20.66785
6471.53266048654  14.36503
6471.76669166811  24.18888
6472.00072284968  35.57603
6472.23475403125  31.21824
6472.46878521282  52.17343
6472.70281639439  43.27069
6472.93684757596  11.0906
6473.17087875753  14.1519
6473.4049099391  25.45077
6473.63894112067  43.83665
6473.87297230224  45.36487
6474.10700348381  41.49115
6474.34103466538  37.98737
6474.57506584696  37.22768
6474.80909702852  42.0734
6475.04312821009  38.72673
6475.27715939167  32.26348
6475.51119057324  44.30464
6475.74522175481  59.37522
6475.97925293638  47.54662
6476.21328411795  44.37667
6476.44731529952  52.00005
6476.68134648109  35.60024
6476.91537766266  13.61041
6477.14940884423  41.29155
6477.3834400258  38.89596
6477.61747120737  35.39914
6477.85150238894  24.53369
6478.08553357051  40.35091
6478.31956475208  55.3069
6478.55359593365  37.47583
6478.78762711522  34.96053
6479.02165829679  34.52043
6479.25568947836  34.56165
6479.48972065993  20.28046
6479.7237518415  29.59778
6479.95778302307  39.53876
6480.19181420464  47.60421
6480.42584538621  41.14661
6480.65987656778  31.88204
6480.89390774935  57.62376
6481.12793893092  52.84914
6481.36197011249  40.963
6481.59600129406  42.69209
6481.83003247563  32.92996
6482.0640636572  32.78847
6482.29809483877  38.87817
6482.53212602034  33.68733
6482.76615720191  36.21597
6483.00018838348  34.6891
6483.23421956505  32.85833
6483.46825074662  20.18399
6483.70228192819  19.71834
6483.93631310976  33.07153
6484.17034429133  17.70543
6484.4043754729  36.08875
6484.63840665447  42.26306
6484.87243783604  46.61847
6485.10646901761  40.39462
6485.34050019918  58.86896
6485.57453138075  59.29967
6485.80856256232  41.05229
6486.04259374389  36.23403
6486.27662492546  28.56413
6486.51065610703  35.54126
6486.7446872886  44.12571
6486.97871847017  60.9464
6487.21274965174  60.17007
6487.44678083331  28.65294
6487.68081201488  42.74237
6487.91484319645  61.02488
6488.14887437802  48.35517
6488.3829055596  30.92989
6488.61693674116  46.66299
6488.85096792274  33.49632
6489.0849991043  28.93838
6489.31903028588  59.81647
6489.55306146745  58.8809
6489.78709264901  32.49266
6490.02112383059  24.22192
6490.25515501216  31.94882
6490.48918619373  38.13206
6490.7232173753  33.26458
6490.95724855687  43.01319
6491.19127973844  39.97085
6491.42531092001  43.39271
6491.65934210158  40.28045
6491.89337328315  47.58419
6492.12740446472  42.88984
6492.36143564629  54.09822
6492.59546682786  41.13361
6492.82949800943  42.04904
6493.063529191  36.85043
6493.29756037257  38.91622
6493.53159155414  41.38651
6493.76562273571  43.96045
6493.99965391728  60.21828
6494.23368509885  62.63627
6494.46771628042  54.10816
6494.70174746199  41.34226
6494.93577864356  28.22385
6495.16980982513  39.96552
6495.4038410067  37.29724
6495.63787218827  65.59241
6495.87190336984  41.37479
6496.10593455141  48.35084
6496.33996573298  56.75445
6496.57399691455  47.25399
6496.80802809612  33.95057
6497.04205927769  28.61366
6497.27609045926  31.41508
6497.51012164083  43.01226
6497.7441528224  56.00365
6497.97818400397  45.72887
6498.21221518554  33.27927
6498.44624636711  45.99975
6498.68027754868  67.30979
6498.91430873025  70.10611
6499.14833991182  49.31405
6499.38237109339  42.81567
6499.61640227496  34.99791
6499.85043345653  36.93129
6500.0844646381  46.96419
6500.31849581967  34.41829
6500.55252700124  30.25207
6500.78655818281  66.63913
6501.02058936438  48.30816
6501.25462054595  50.80916
6501.48865172752  54.9752
6501.72268290909  47.89695
6501.95671409066  36.58173
6502.19074527223  38.22514
6502.4247764538  48.69871
6502.65880763537  59.43333
6502.89283881695  63.62315
6503.12686999851  50.31284
6503.36090118009  43.17119
6503.59493236166  45.32373
6503.82896354323  43.25357
6504.06299472479  49.91806
6504.29702590637  52.68235
6504.53105708794  46.7764
6504.76508826951  47.85996
6504.99911945107  29.24606
6505.23315063265  34.46181
6505.46718181422  33.72113
6505.70121299579  61.45327
6505.93524417736  41.09333
6506.16927535893  34.95819
6506.4033065405  48.73827
6506.63733772207  50.99435
6506.87136890364  68.71066
6507.10540008521  53.36771
6507.33943126678  38.91187
6507.57346244835  47.20149
6507.80749362992  40.88474
6508.04152481149  54.40826
6508.27555599306  61.23166
6508.50958717463  47.31585
6508.7436183562  30.65409
6508.97764953777  45.96794
6509.21168071934  38.37255
6509.44571190091  84.30597
6509.67974308248  71.20951
6509.91377426405  58.14948
6510.14780544562  67.76781
6510.38183662719  30.74797
6510.61586780876  45.91981
6510.84989899033  32.78548
6511.0839301719  35.41096
6511.31796135347  60.14887
6511.55199253504  69.06527
6511.78602371661  65.46159
6512.02005489818  50.54034
6512.25408607975  52.14032
6512.48811726132  39.64542
6512.72214844289  27.41395
6512.95617962446  37.21611
6513.19021080603  37.00849
6513.4242419876  73.71727
6513.65827316917  74.89231
6513.89230435074  57.61003
6514.12633553231  52.07329
6514.36036671388  58.9065
6514.59439789545  53.53957
6514.82842907702  56.81183
6515.06246025859  48.89681
6515.29649144016  44.2128
6515.53052262173  46.14733
6515.7645538033  36.16237
6515.99858498487  51.91758
6516.23261616644  70.62378
6516.46664734801  50.71955
6516.70067852958  50.77131
6516.93470971115  53.02919
6517.16874089272  43.42765
6517.40277207429  52.02262
6517.63680325586  53.05198
6517.87083443743  62.53733
6518.104865619  77.9808
6518.33889680057  61.26262
6518.57292798215  44.89927
6518.80695916371  36.34045
6519.04099034528  46.117
6519.27502152686  52.98407
6519.50905270842  45.34887
6519.74308389  63.91382
6519.97711507157  47.55622
6520.21114625313  59.11407
6520.44517743471  70.01008
6520.67920861628  61.00348
6520.91323979785  42.26064
6521.14727097942  47.73363
6521.38130216099  38.32561
6521.61533334256  52.52854
6521.84936452413  72.48063
6522.0833957057  56.40968
6522.31742688727  49.79147
6522.55145806884  44.57891
6522.78548925041  45.25639
6523.01952043198  58.68255
6523.25355161355  61.62729
6523.48758279512  60.82803
6523.72161397669  50.91628
6523.95564515826  45.26373
6524.18967633983  51.61278
6524.4237075214  47.13569
6524.65773870297  58.24999
6524.89176988454  58.90795
6525.12580106611  49.38721
6525.35983224768  65.0125
6525.59386342925  50.65673
6525.82789461082  40.24942
6526.06192579239  50.95558
6526.29595697396  53.2956
6526.52998815553  47.87085
6526.7640193371  37.32364
6526.99805051867  36.76337
6527.23208170024  51.16841
6527.46611288181  59.2421
6527.70014406338  53.98252
6527.93417524495  40.0129
6528.16820642652  48.00375
6528.40223760809  56.68177
6528.63626878966  60.50318
6528.87029997123  47.78939
6529.1043311528  56.47865
6529.33836233437  72.21185
6529.57239351594  45.70737
6529.80642469751  39.5479
6530.04045587908  64.95511
6530.27448706065  59.77597
6530.50851824222  57.4688
6530.74254942379  71.83607
6530.97658060536  54.40124
6531.21061178693  42.63758
6531.4446429685  59.89249
6531.67867415007  47.36845
6531.91270533164  37.18911
6532.14673651321  57.80493
6532.38076769478  55.98813
6532.61479887636  51.96476
6532.84883005793  73.44482
6533.08286123949  42.28333
6533.31689242106  74.45764
6533.55092360264  55.92141
6533.78495478421  48.2046
6534.01898596578  49.66845
6534.25301714735  48.40649
6534.48704832892  58.99664
6534.72107951049  54.57634
6534.95511069206  57.71072
6535.18914187363  69.31184
6535.4231730552  51.67994
6535.65720423677  67.25523
6535.89123541834  72.44929
6536.12526659991  33.83084
6536.35929778148  48.21441
6536.59332896305  65.54318
6536.82736014462  59.89745
6537.06139132619  51.9108
6537.29542250776  51.50464
6537.52945368933  62.07721
6537.7634848709  68.01516
6537.99751605247  74.1334
6538.23154723404  59.70869
6538.46557841561  49.26025
6538.69960959718  61.26556
6538.93364077875  72.25343
6539.16767196032  61.55099
6539.40170314189  66.65055
6539.63573432346  74.73254
6539.86976550503  66.39745
6540.1037966866  65.92007
6540.33782786817  42.04274
6540.57185904974  61.64753
6540.80589023131  62.94423
6541.03992141288  83.31467
6541.27395259445  74.48445
6541.50798377602  60.48946
6541.74201495759  66.10588
6541.97604613916  54.01506
6542.21007732073  36.85905
6542.4441085023  55.49376
6542.67813968387  59.74794
6542.91217086544  49.02606
6543.14620204701  60.66893
6543.38023322858  71.58734
6543.61426441015  48.97346
6543.84829559172  70.80486
6544.08232677329  73.82985
6544.31635795486  51.77779
6544.55038913643  54.12936
6544.784420318  68.32308
6545.01845149957  34.59225
6545.25248268114  39.2981
6545.48651386271  76.74364
6545.72054504429  64.92142
6545.95457622585  60.68063
6546.18860740742  84.27824
6546.42263858899  85.10992
6546.65666977057  58.95662
6546.89070095213  64.33616
6547.12473213371  85.18688
6547.35876331528  63.84786
6547.59279449685  60.61496
6547.82682567842  77.7716
6548.06085685999  60.23012
6548.29488804156  60.9731
6548.52891922313  68.45846
6548.7629504047  60.95316
6548.99698158627  77.38184
6549.23101276784  73.17984
6549.46504394941  65.13329
6549.69907513098  76.71033
6549.93310631255  65.76641
6550.16713749412  69.95064
6550.40116867569  57.31828
6550.63519985726  49.62144
6550.86923103883  60.17326
6551.1032622204  80.0312
6551.33729340197  106.2256
6551.57132458354  91.54218
6551.80535576511  75.23158
6552.03938694668  69.81938
6552.27341812825  62.58255
6552.50744930982  54.33057
6552.74148049139  78.84393
6552.97551167296  77.88773
6553.20954285453  83.2956
6553.4435740361  74.01879
6553.67760521767  94.52767
6553.91163639924  94.77565
6554.14566758081  84.36931
6554.37969876238  73.72789
6554.61372994395  79.96711
6554.84776112552  92.76309
6555.08179230709  108.1236
6555.31582348866  95.40617
6555.54985467023  79.01942
6555.7838858518  100.4183
6556.01791703337  96.80357
6556.25194821494  75.55448
6556.48597939651  72.29784
6556.72001057808  72.95155
6556.95404175965  82.90369
6557.18807294122  91.92138
6557.42210412279  91.82311
6557.65613530436  99.02519
6557.89016648593  78.24333
6558.1241976675  62.9871
6558.35822884907  92.65564
6558.59226003064  99.59521
6558.82629121221  74.07899
6559.06032239378  76.46207
6559.29435357535  113.7108
6559.52838475692  111.4791
6559.76241593849  95.78909
6559.99644712006  103.2332
6560.23047830163  109.0942
6560.4645094832  101.8922
6560.69854066477  103.3802
6560.93257184634  95.40897
6561.16660302791  90.37818
6561.40063420948  87.09504
6561.63466539105  97.43556
6561.86869657262  105.1669
6562.10272775419  118.0003
6562.33675893576  97.77842
6562.57079011734  118.141
6562.80482129891  103.8625
6563.03885248047  127.5301
6563.27288366205  114.0705
6563.50691484361  93.8157
6563.74094602519  68.88828
6563.97497720676  86.80483
6564.20900838833  105.3145
6564.4430395699  96.18736
6564.67707075147  108.7429
6564.91110193304  103.1495
6565.14513311461  95.59821
6565.37916429618  81.67467
6565.61319547775  103.3458
6565.84722665932  100.324
6566.08125784089  80.97556
6566.31528902246  87.48164
6566.54932020403  78.85805
6566.7833513856  112.4118
6567.01738256717  104.9498
6567.25141374874  102.5596
6567.48544493031  82.84717
6567.71947611188  91.7623
6567.95350729345  100.8376
6568.18753847502  93.94614
6568.42156965659  102.3731
6568.65560083816  116.2428
6568.88963201973  115.4683
6569.1236632013  107.83
6569.35769438287  97.1086
6569.59172556444  99.97601
6569.82575674601  113.3413
6570.05978792758  91.46741
6570.29381910915  94.84476
6570.52785029072  108.3129
6570.76188147229  119.5717
6570.99591265386  99.16073
6571.22994383543  93.93304
6571.463975017  136.6378
6571.69800619857  113.541
6571.93203738014  113.0952
6572.16606856171  74.16551
6572.40009974328  93.72661
6572.63413092485  89.35179
6572.86816210642  90.29739
6573.10219328799  98.6592
6573.33622446956  85.82619
6573.57025565113  99.27871
6573.8042868327  107.914
6574.03831801427  91.47717
6574.27234919584  85.13145
6574.50638037741  72.00541
6574.74041155898  71.03038
6574.97444274055  97.2433
6575.20847392212  71.41287
6575.44250510369  75.58482
6575.67653628526  81.27645
6575.91056746683  68.64756
6576.14459864841  77.86224
6576.37862982997  93.86199
6576.61266101154  89.95928
6576.84669219312  80.4019
6577.08072337469  95.59315
6577.31475455626  94.76904
6577.54878573782  81.82039
6577.7828169194  95.74896
6578.01684810097  53.77976
6578.25087928254  69.44859
6578.48491046411  83.38301
6578.71894164568  76.74696
6578.95297282725  68.97041
6579.18700400882  77.95178
6579.42103519039  87.61292
6579.65506637196  75.1775
6579.88909755353  74.99113
6580.1231287351  76.64014
6580.35715991667  80.69905
6580.59119109824  92.08692
6580.82522227981  65.32295
6581.05925346138  53.26169
6581.29328464295  82.0621
6581.52731582452  74.32483
6581.76134700609  64.54926
6581.99537818766  54.69167
6582.22940936923  68.75673
6582.4634405508  80.16886
6582.69747173237  59.62507
6582.93150291394  61.87958
6583.16553409551  73.86995
6583.39956527708  64.87247
6583.63359645865  64.68915
6583.86762764022  71.19303
6584.10165882179  66.31712
6584.33569000336  73.24709
6584.56972118493  63.12999
6584.8037523665  77.62967
6585.03778354807  63.45227
6585.27181472964  47.83818
6585.50584591121  72.52277
6585.73987709278  76.06953
6585.97390827435  52.50602
6586.20793945592  50.43238
6586.44197063749  57.92602
6586.67600181906  62.6544
6586.91003300063  81.51756
6587.1440641822  79.16182
6587.37809536377  68.8252
6587.61212654534  58.80676
6587.84615772691  70.92888
6588.08018890848  67.25803
6588.31422009005  49.90892
6588.54825127162  51.84961
6588.78228245319  52.26182
6589.01631363476  74.51583
6589.25034481633  59.62663
6589.4843759979  49.26491
6589.71840717947  58.77307
6589.95243836104  61.59397
6590.18646954261  58.91697
6590.42050072418  44.44439
6590.65453190575  66.13165
6590.88856308732  73.95647
6591.1225942689  75.02121
6591.35662545046  58.79837
6591.59065663203  52.67971
6591.8246878136  50.46756
6592.05871899517  55.75388
6592.29275017675  55.29457
6592.52678135831  67.59015
6592.76081253988  50.67776
6592.99484372146  41.13044
6593.22887490303  66.42439
6593.4629060846  63.69938
6593.69693726617  42.1547
6593.93096844774  46.9705
6594.16499962931  58.50156
6594.39903081088  70.04825
6594.63306199245  62.7443
6594.86709317402  46.09414
6595.10112435559  65.04539
6595.33515553716  71.18692
6595.56918671873  70.86429
6595.8032179003  92.47115
6596.03724908187  74.70057
6596.27128026344  46.67302
6596.50531144501  44.59342
6596.73934262658  63.77634
6596.97337380815  68.64901
6597.20740498972  48.85907
6597.44143617129  59.13748
6597.67546735286  62.26454
6597.90949853443  61.45251
6598.143529716  60.37748
6598.37756089757  54.10585
6598.61159207914  60.88538
6598.84562326071  51.91739
6599.07965444228  39.01136
6599.31368562385  43.05933
6599.54771680542  49.54759
6599.78174798699  64.39361
6600.01577916856  50.26138
6600.24981035013  60.6654
6600.4838415317  52.29046
6600.71787271327  61.61434
6600.95190389484  59.60836
6601.18593507641  48.25468
6601.41996625798  53.42068
6601.65399743955  64.59198
6601.88802862112  66.89838
6602.12205980269  63.92908
6602.35609098426  62.22595
6602.59012216583  79.20641
6602.8241533474  77.12905
6603.05818452897  73.18031
6603.29221571054  61.35473
6603.52624689211  47.29135
6603.76027807368  51.62627
6603.99430925525  46.62859
6604.22834043682  66.61732
6604.46237161839  63.41362
6604.69640279996  57.93188
6604.93043398153  50.75909
6605.16446516311  56.95116
6605.39849634467  77.55092
6605.63252752624  62.43525
6605.86655870781  37.67854
6606.10058988939  54.31822
6606.33462107095  53.93982
6606.56865225253  56.77975
6606.8026834341  52.264
6607.03671461567  59.48132
6607.27074579724  39.09687
6607.50477697881  76.24113
6607.73880816038  62.58551
6607.97283934195  49.03597
6608.20687052352  55.0103
6608.44090170509  53.8784
6608.67493288666  50.53009
6608.90896406823  51.74515
6609.1429952498  79.2654
6609.37702643137  62.69648
6609.61105761294  61.85561
6609.84508879451  57.91327
6610.07911997608  43.30473
6610.31315115765  48.17493
6610.54718233922  40.7902
6610.78121352079  45.24601
6611.01524470236  53.09011
6611.24927588393  67.6629
6611.4833070655  42.80868
6611.71733824707  40.07032
6611.95136942864  61.24275
6612.18540061021  47.6386
6612.41943179178  54.28408
6612.65346297335  32.60226
6612.88749415492  54.21157
6613.12152533649  66.02381
6613.35555651806  54.93835
6613.58958769963  62.60523
6613.8236188812  48.32447
6614.05765006277  53.65689
6614.29168124434  44.62088
6614.52571242591  49.9202
6614.75974360748  69.25388
6614.99377478905  53.35927
6615.22780597062  47.54834
6615.46183715219  69.0082
6615.69586833376  56.11443
6615.92989951533  35.26051
6616.1639306969  42.92766
6616.39796187847  58.20651
6616.63199306004  64.00521
6616.86602424161  56.82235
6617.10005542318  49.235
6617.33408660475  34.35831
6617.56811778632  46.92169
6617.80214896789  40.21418
6618.03618014946  53.10359
6618.27021133103  44.20965
6618.5042425126  51.45677
6618.73827369417  43.34844
6618.97230487574  70.81219
6619.20633605732  84.46139
6619.44036723888  63.61459
6619.67439842045  46.17532
6619.90842960202  52.47644
6620.1424607836  38.77688
6620.37649196517  33.45684
6620.61052314674  56.2002
6620.8445543283  70.06977
6621.07858550988  37.39378
6621.31261669145  38.94424
6621.54664787302  58.54659
6621.78067905459  48.48939
6622.01471023616  44.96135
6622.24874141773  77.60171
6622.4827725993  69.62012
6622.71680378087  45.1558
6622.95083496244  34.80032
6623.18486614401  48.39683
6623.41889732558  45.57623
6623.65292850715  42.59375
6623.88695968872  49.70829
6624.12099087029  43.33196
6624.35502205186  51.11573
6624.58905323343  66.98354
6624.823084415  66.79085
6625.05711559657  52.85293
6625.29114677814  47.54608
6625.52517795971  46.49458
6625.75920914128  40.80407
6625.99324032285  49.85695
6626.22727150442  45.70564
6626.46130268599  51.93886
6626.69533386756  45.81802
6626.92936504913  50.19585
6627.1633962307  56.84475
6627.39742741227  57.78899
6627.63145859384  39.54349
6627.86548977541  48.20624
6628.09952095698  54.51099
6628.33355213855  63.71743
6628.56758332012  50.37281
6628.80161450169  50.2936
6629.03564568326  46.22128
6629.26967686483  51.76614
6629.5037080464  56.95897
6629.73773922797  37.70554
6629.97177040954  38.33434
6630.20580159111  62.33131
6630.43983277268  49.50544
6630.67386395425  39.53611
6630.90789513582  39.64066
6631.14192631739  55.48709
6631.37595749896  48.97121
6631.60998868053  56.43599
6631.8440198621  45.47333
6632.07805104367  49.25654
6632.31208222524  30.60804
6632.54611340681  38.32371
6632.78014458838  34.76832
6633.01417576995  32.51313
6633.24820695152  35.6895
6633.48223813309  42.95949
6633.71626931466  36.95684
6633.95030049623  33.55938
6634.1843316778  53.53894
6634.41836285937  48.8233
6634.65239404094  39.10814
6634.88642522251  26.79278
6635.12045640408  46.54205
6635.35448758565  52.05159
6635.58851876722  36.69672
6635.82254994879  51.04273
6636.05658113036  57.28992
6636.29061231194  55.66645
6636.52464349351  69.35769
6636.75867467508  46.57594
6636.99270585665  28.35922
6637.22673703822  54.1254
6637.46076821979  53.63789
6637.69479940136  52.05488
6637.92883058292  24.83675
6638.1628617645  30.96478
6638.39689294607  44.66814
6638.63092412764  41.71587
6638.86495530921  33.66816
6639.09898649078  42.53007
6639.33301767235  35.0167
6639.56704885392  61.51982
6639.80108003549  51.29092
6640.03511121706  43.81586
6640.26914239863  42.38793
6640.5031735802  51.44529
6640.73720476177  40.87825
6640.97123594334  35.27419
6641.20526712491  53.03819
6641.43929830648  32.84604
6641.67332948805  33.44514
6641.90736066962  43.51454
6642.14139185119  34.42831
6642.37542303276  41.46464
6642.60945421433  46.8228
6642.8434853959  35.45293
6643.07751657747  28.65113
6643.31154775904  32.27698
6643.54557894061  21.86592
6643.77961012218  55.67852
6644.01364130375  64.04304
6644.24767248532  40.06701
6644.48170366689  48.28074
6644.71573484846  48.53753
6644.94976603003  60.4267
6645.1837972116  49.03613
6645.41782839317  39.37686
6645.65185957474  37.00981
6645.88589075631  27.41188
6646.11992193788  23.20742
6646.35395311945  13.93953
6646.58798430102  14.85823
6646.82201548259  50.91941
6647.05604666416  45.38099
6647.29007784573  32.61891
6647.5241090273  35.38737
6647.75814020887  22.31912
6647.99217139044  30.10029
6648.22620257201  41.45991
6648.46023375358  22.33479
6648.69426493515  23.19174
6648.92829611672  26.21653
6649.16232729829  25.42674
6649.39635847986  29.13448
6649.63038966144  24.8483
6649.864420843  31.0441
6650.09845202457  36.87596
6650.33248320615  42.83398
6650.56651438772  24.76318
6650.80054556928  38.70544
6651.03457675086  45.78938
6651.26860793243  43.50411
6651.502639114  53.26519
6651.73667029557  32.52364
6651.97070147714  39.79819
6652.20473265871  31.06843
6652.43876384028  14.50071
6652.67279502185  38.3012
6652.90682620342  50.96311
6653.14085738499  33.07055
6653.37488856656  38.57147
6653.60891974813  54.9093
6653.8429509297  48.13843
6654.07698211127  37.05426
6654.31101329284  35.51432
6654.54504447441  19.38881
6654.77907565598  29.73351
6655.01310683755  33.37006
6655.24713801912  31.42687
6655.48116920069  47.31984
6655.71520038226  31.21297
6655.94923156383  36.6174
6656.1832627454  32.67569
6656.41729392697  37.16685
6656.65132510854  47.02937
6656.88535629011  39.14352
6657.11938747168  37.64241
6657.35341865325  35.74805
6657.58744983482  12.66926
6657.82148101639  31.33143
6658.05551219796  37.80913
6658.28954337953  22.86156
6658.5235745611  25.25702
6658.75760574267  57.93533
6658.99163692424  37.88057
6659.22566810581  45.81723
6659.45969928738  34.07053
6659.69373046895  29.23401
6659.92776165052  33.55408
6660.16179283209  22.08848
6660.39582401366  26.43604
6660.62985519523  21.71825
6660.8638863768  33.66993
6661.09791755837  33.31605
6661.33194873994  12.5159
6661.56597992151  13.01172
6661.80001110308  29.17964
6662.03404228465  34.77378
6662.26807346622  33.18832
6662.50210464779  30.48626
6662.73613582936  36.07151
6662.97016701093  46.72884
6663.2041981925  44.53483
6663.43822937408  23.59981
6663.67226055564  2.132016
6663.90629173722  22.49168
6664.14032291879  45.20491
6664.37435410036  39.57135
6664.60838528193  19.83517
6664.8424164635  24.39381
6665.07644764507  35.22155
6665.31047882664  17.62592
6665.54451000821  17.63305
6665.77854118978  20.98256
6666.01257237135  26.83181
6666.24660355292  11.05373
6666.48063473449  24.37015
6666.71466591606  34.38453
6666.94869709763  14.28483
6667.1827282792  16.57456
6667.41675946077  26.52333
6667.65079064234  14.43314
6667.88482182391  32.47486
6668.11885300548  30.17075
6668.35288418705  33.81637
6668.58691536862  23.8884
6668.82094655019  -1.922938
6669.05497773176  18.81913
6669.28900891333  22.80932
6669.5230400949  38.14857
6669.75707127647  29.26126
6669.99110245804  36.54742
6670.22513363961  10.75227
6670.45916482118  16.50611
6670.69319600275  26.6189
6670.92722718432  15.38879
6671.16125836589  3.42329
6671.39528954746  16.19819
6671.62932072903  6.852087
6671.8633519106  11.71632
6672.09738309217  19.36111
6672.33141427374  14.97709
6672.56544545531  25.9362
6672.79947663688  31.91512
6673.03350781845  21.99472
6673.26753900002  21.06711
6673.50157018159  10.19022
6673.73560136316  19.6374
6673.96963254473  16.0393
6674.2036637263  15.10275
6674.43769490787  7.71551
6674.67172608944  -8.927571
6674.90575727101  5.058723
6675.13978845258  26.56673
6675.37381963415  34.83908
6675.60785081572  14.7257
6675.84188199729  9.463552
6676.07591317886  -4.376174
6676.30994436043  18.32297
6676.543975542  14.72635
6676.77800672357  32.07923
6677.01203790514  35.48824
6677.24606908671  26.10192
6677.48010026828  35.39316
6677.71413144985  10.12774
6677.94816263142  20.67365
6678.18219381299  7.227856
6678.41622499456  19.78952
6678.65025617614  30.94597
6678.8842873577  22.46396
6679.11831853927  2.714224
6679.35234972084  10.76334
6679.58638090242  11.20023
6679.82041208398  41.09021
6680.05444326556  15.66702
6680.28847444713  -4.577807
6680.5225056287  15.59068
6680.75653681027  22.22312
6680.99056799184  9.274214
6681.22459917341  -3.970666
6681.45863035498  13.27857
6681.69266153655  13.4062
6681.92669271812  19.44825
6682.16072389969  0.01252495
6682.39475508126  15.61307
6682.62878626283  1.350847
6682.8628174444  7.028834
6683.09684862597  -0.577094
6683.33087980754  21.64833
6683.56491098911  -7.947958
6683.79894217068  4.548201
6684.03297335225  11.47809
6684.26700453382  4.838215
6684.50103571539  -0.1740464
6684.73506689696  18.21153
6684.96909807853  4.132168
6685.2031292601  21.05105
6685.43716044167  9.473492
6685.67119162324  9.549311
6685.90522280481  -0.2415842
6686.13925398638  5.675092
6686.37328516795  12.62447
6686.60731634952  -6.078123
6686.84134753109  -5.593246
6687.07537871266  -0.3488175
6687.30940989423  -8.072033
6687.5434410758  2.141576
6687.77747225737  -7.843856
6688.01150343894  -10.3731
6688.24553462051  -0.247813
6688.47956580208  17.3494
6688.71359698365  1.874083
6688.94762816522  -7.031535
6689.18165934679  16.25973
6689.41569052836  20.19313
6689.64972170993  2.025747
6689.8837528915  6.775297
6690.11778407307  5.403867
6690.35181525464  4.80444
6690.58584643621  1.035266
6690.81987761778  0.9906841
6691.05390879935  -11.50904
6691.28793998092  7.533578
6691.52197116249  33.23029
6691.75600234406  14.51407
6691.99003352563  13.03717
6692.2240647072  -1.793092
6692.45809588877  -2.274831
