6452.9987738655  42.52332
6453.23275718165  21.11861
6453.4667404978  21.13273
6453.70072381396  22.58081
6453.93470713011  3.874508
6454.16869044626  1.168094
6454.40267376241  16.77706
6454.63665707857  32.68035
6454.87064039472  42.53257
6455.10462371087  40.37591
6455.33860702702  32.73903
6455.57259034318  23.16451
6455.80657365933  15.84927
6456.04055697548  33.06016
6456.27454029163  20.66953
6456.50852360778  38.03944
6456.74250692394  28.10277
6456.97649024009  34.22009
6457.21047355624  29.94426
6457.44445687239  16.40454
6457.67844018854  16.6867
6457.9124235047  27.08497
6458.14640682085  24.51371
6458.380390137  16.89397
6458.61437345315  29.99043
6458.8483567693  20.6305
6459.08234008546  41.5644
6459.31632340161  19.46211
6459.55030671776  23.56311
6459.78429003391  15.85576
6460.01827335006  7.545532
6460.25225666622  12.87786
6460.48623998237  31.22896
6460.72022329852  29.45758
6460.95420661468  33.46799
6461.18818993083  40.80375
6461.42217324698  19.82014
6461.65615656313  18.86501
6461.89013987928  24.88739
6462.12412319543  26.43034
6462.35810651159  19.13142
6462.59208982774  40.58245
6462.82607314389  37.47442
6463.06005646004  32.32578
6463.2940397762  38.02071
6463.52802309235  28.34425
6463.7620064085  38.39456
6463.99598972465  43.18272
6464.2299730408  34.71423
6464.46395635696  30.4053
6464.69793967311  15.80602
6464.93192298926  24.29294
6465.16590630541  31.27143
6465.39988962157  29.791
6465.63387293772  52.12151
6465.86785625387  25.78554
6466.10183957002  33.14093
6466.33582288618  41.2925
6466.56980620233  19.7583
6466.80378951848  20.95214
6467.03777283463  19.9757
6467.27175615078  23.32686
6467.50573946693  35.91981
6467.73972278309  31.8007
6467.97370609924  37.41683
6468.20768941539  54.02362
6468.44167273154  56.1347
6468.6756560477  41.91225
6468.90963936385  28.32302
6469.14362268  7.614347
6469.37760599615  9.936813
6469.61158931231  38.46061
6469.84557262846  45.09771
6470.07955594461  33.4356
6470.31353926076  43.59212
6470.54752257691  49.05823
6470.78150589307  44.89204
6471.01548920922  46.80796
6471.24947252537  21.25062
6471.48345584152  7.427301
6471.71743915767  49.23096
6471.95142247383  53.04734
6472.18540578998  49.21241
6472.41938910613  28.60679
6472.65337242228  52.11482
6472.88735573843  42.82806
6473.12133905459  15.74912
6473.35532237074  36.79227
6473.58930568689  40.02011
6473.82328900304  45.43032
6474.0572723192  48.49976
6474.29125563535  38.51644
6474.5252389515  29.64471
6474.75922226765  17.20926
6474.9932055838  36.19566
6475.22718889996  49.6737
6475.46117221611  31.81293
6475.69515553226  44.78004
6475.92913884841  54.64926
6476.16312216456  41.44905
6476.39710548072  42.48352
6476.63108879687  61.37143
6476.86507211302  34.9579
6477.09905542917  38.70893
6477.33303874533  46.31049
6477.56702206148  44.25159
6477.80100537763  55.89606
6478.03498869378  46.69565
6478.26897200993  37.91487
6478.50295532609  48.78912
6478.73693864224  45.14003
6478.97092195839  57.70231
6479.20490527455  60.29497
6479.4388885907  46.66264
6479.67287190685  39.96006
6479.906855223  60.17299
6480.14083853915  53.25678
6480.3748218553  24.79193
6480.60880517146  44.29612
6480.84278848761  32.99603
6481.07677180376  29.36299
6481.31075511991  48.16436
6481.54473843607  40.6316
6481.77872175222  42.46519
6482.01270506837  47.61157
6482.24668838452  39.78549
6482.48067170067  43.19805
6482.71465501683  30.1461
6482.94863833298  55.70101
6483.18262164913  66.14554
6483.41660496528  30.78794
6483.65058828144  35.36555
6483.88457159759  45.12055
6484.11855491374  34.28884
6484.35253822989  29.37651
6484.58652154604  61.55088
6484.82050486219  66.84713
6485.05448817835  58.42443
6485.2884714945  61.33753
6485.52245481065  43.80898
6485.7564381268  33.17003
6485.99042144296  47.70598
6486.22440475911  52.59687
6486.45838807526  39.26014
6486.69237139141  42.61791
6486.92635470756  55.09946
6487.16033802372  65.89256
6487.39432133987  51.66195
6487.62830465602  38.34567
6487.86228797217  40.28276
6488.09627128833  32.86488
6488.33025460448  34.16066
6488.56423792063  66.50917
6488.79822123678  65.17768
6489.03220455294  47.49217
6489.26618786909  43.39666
6489.50017118524  39.18385
6489.73415450139  55.85262
6489.96813781754  67.86017
6490.2021211337  69.07486
6490.43610444985  74.5704
6490.670087766  46.46512
6490.90407108215  32.88985
6491.1380543983  44.63003
6491.37203771446  43.07198
6491.60602103061  44.81359
6491.84000434676  38.51233
6492.07398766291  34.08711
6492.30797097906  45.56011
6492.54195429522  56.01138
6492.77593761137  42.38464
6493.00992092752  39.05338
6493.24390424367  57.32576
6493.47788755983  58.67677
6493.71187087598  57.14011
6493.94585419213  68.32619
6494.17983750828  66.95064
6494.41382082443  55.23644
6494.64780414059  37.64025
6494.88178745674  64.93531
6495.11577077289  54.14225
6495.34975408904  41.95006
6495.5837374052  51.41558
6495.81772072135  68.14605
6496.0517040375  68.65915
6496.28568735365  61.66835
6496.5196706698  36.08292
6496.75365398596  53.43851
6496.98763730211  74.33401
6497.22162061826  53.35424
6497.45560393441  50.10498
6497.68958725057  48.1082
6497.92357056672  42.65329
6498.15755388287  62.25668
6498.39153719902  57.81493
6498.62552051517  70.30468
6498.85950383133  81.26714
6499.09348714748  61.33981
6499.32747046363  41.38937
6499.56145377978  44.17778
6499.79543709593  43.77384
6500.02942041209  45.66052
6500.26340372824  47.15381
6500.49738704439  42.39308
6500.73137036054  50.80457
6500.9653536767  54.02508
6501.19933699285  53.18851
6501.433320309  77.17036
6501.66730362515  79.0378
6501.90128694131  60.06684
6502.13527025746  44.35291
6502.36925357361  31.87935
6502.60323688976  55.04035
6502.83722020591  65.54271
6503.07120352206  35.42347
6503.30518683822  38.56104
6503.53917015437  66.33159
6503.77315347052  45.42904
6504.00713678667  37.05972
6504.24112010283  63.78358
6504.47510341898  48.39671
6504.70908673513  48.3983
6504.94307005128  76.53582
6505.17705336743  64.54044
6505.41103668359  73.52253
6505.64501999974  79.57083
6505.87900331589  69.36618
6506.11298663204  66.45735
6506.3469699482  54.78584
6506.58095326435  42.80907
6506.8149365805  56.82985
6507.04891989665  70.20193
6507.2829032128  64.58737
6507.51688652896  52.11892
6507.75086984511  44.22419
6507.98485316126  58.79581
6508.21883647741  39.57327
6508.45281979356  58.87542
6508.68680310972  65.48056
6508.92078642587  46.74835
6509.15476974202  62.17686
6509.38875305817  59.77902
6509.62273637433  35.17647
6509.85671969048  42.50183
6510.09070300663  48.29898
6510.32468632278  62.63355
6510.55866963893  71.51281
6510.79265295509  55.07545
6511.02663627124  50.1456
6511.26061958739  52.45618
6511.49460290354  49.3665
6511.7285862197  54.16631
6511.96256953585  54.37415
6512.196552852  41.6493
6512.43053616815  36.43866
6512.6645194843  44.72731
6512.89850280046  44.65832
6513.13248611661  48.07549
6513.36646943276  62.56402
6513.60045274891  78.6565
6513.83443606507  75.85741
6514.06841938122  87.08186
6514.30240269737  69.16775
6514.53638601352  35.16912
6514.77036932967  74.52578
6515.00435264583  75.8064
6515.23833596198  57.61379
6515.47231927813  56.18237
6515.70630259428  55.11239
6515.94028591043  79.52626
6516.17426922659  87.49803
6516.40825254274  68.27938
6516.64223585889  52.04902
6516.87621917504  55.78265
6517.11020249119  68.00729
6517.34418580735  75.79273
6517.5781691235  80.42445
6517.81215243965  54.43239
6518.0461357558  49.02487
6518.28011907196  78.20409
6518.51410238811  69.67857
6518.74808570426  69.61913
6518.98206902041  50.66073
6519.21605233656  47.46577
6519.45003565272  62.75057
6519.68401896887  56.24981
6519.91800228502  54.65267
6520.15198560117  84.91279
6520.38596891732  78.4725
6520.61995223348  84.02345
6520.85393554963  79.80252
6521.08791886578  66.94411
6521.32190218193  62.65653
6521.55588549809  76.50969
6521.78986881424  87.32092
6522.02385213039  76.28543
6522.25783544654  80.81902
6522.49181876269  68.11295
6522.72580207885  45.16146
6522.959785395  53.06128
6523.19376871115  61.54828
6523.4277520273  79.18232
6523.66173534346  72.20094
6523.89571865961  53.39098
6524.12970197576  66.0941
6524.36368529191  62.49659
6524.59766860806  69.60641
6524.83165192422  66.66641
6525.06563524037  83.53199
6525.29961855652  42.50922
6525.53360187267  43.37015
6525.76758518883  45.73447
6526.00156850498  65.92997
6526.23555182113  70.42854
6526.46953513728  54.52473
6526.70351845343  62.07839
6526.93750176959  60.9839
6527.17148508574  60.05622
6527.40546840189  78.97124
6527.63945171804  83.59375
6527.8734350342  70.89619
6528.10741835035  73.71893
6528.3414016665  83.06919
6528.57538498265  67.73207
6528.8093682988  50.87619
6529.04335161496  67.44675
6529.27733493111  65.41079
6529.51131824726  52.38761
6529.74530156341  56.81995
6529.97928487957  43.80527
6530.21326819572  59.77349
6530.44725151187  50.94989
6530.68123482802  56.30159
6530.91521814417  71.74587
6531.14920146033  55.31979
6531.38318477648  50.8747
6531.61716809263  81.50672
6531.85115140878  74.63392
6532.08513472493  72.06153
6532.31911804109  52.61134
6532.55310135724  79.0907
6532.78708467339  81.21114
6533.02106798954  66.01025
6533.25505130569  76.90638
6533.48903462185  98.41198
6533.723017938  77.08302
6533.95700125415  69.8839
6534.1909845703  59.47334
6534.42496788645  70.08276
6534.65895120261  80.76953
6534.89293451876  86.15245
6535.12691783491  76.45345
6535.36090115106  57.48443
6535.59488446722  67.32679
6535.82886778337  65.80262
6536.06285109952  56.43014
6536.29683441567  65.77946
6536.53081773183  72.93588
6536.76480104798  73.59812
6536.99878436413  74.59921
6537.23276768028  100.9671
6537.46675099643  96.05303
6537.70073431259  61.47218
6537.93471762874  57.89596
6538.16870094489  85.81832
6538.40268426104  89.73989
6538.63666757719  70.53628
6538.87065089335  81.71207
6539.1046342095  97.89899
6539.33861752565  93.6835
6539.5726008418  62.11248
6539.80658415796  65.05846
6540.04056747411  45.00331
6540.27455079026  71.58431
6540.50853410641  80.60213
6540.74251742256  75.58733
6540.97650073872  65.84358
6541.21048405487  69.2188
6541.44446737102  59.56486
6541.67845068717  58.9148
6541.91243400333  70.6688
6542.14641731948  72.96309
6542.38040063563  63.51521
6542.61438395178  91.1567
6542.84836726793  74.52513
6543.08235058408  56.70703
6543.31633390024  91.92029
6543.55031721639  80.43841
6543.78430053254  89.78716
6544.0182838487  95.43241
6544.25226716485  73.06694
6544.486250481  93.15859
6544.72023379715  72.79459
6544.9542171133  44.43286
6545.18820042946  69.11147
6545.42218374561  89.70514
6545.65616706176  72.12496
6545.89015037791  60.42745
6546.12413369406  89.42876
6546.35811701022  81.7765
6546.59210032637  77.71804
6546.82608364252  79.71159
6547.06006695867  67.99831
6547.29405027483  90.40399
6547.52803359098  95.32471
6547.76201690713  77.05283
6547.99600022328  91.69473
6548.22998353943  91.63524
6548.46396685559  76.12897
6548.69795017174  85.76933
6548.93193348789  78.42208
6549.16591680404  65.37566
6549.39990012019  80.40945
6549.63388343635  88.73914
6549.8678667525  75.0724
6550.10185006865  78.76372
6550.3358333848  72.81477
6550.56981670096  61.77353
6550.80380001711  69.24895
6551.03778333326  75.29945
6551.27176664941  81.12481
6551.50574996556  92.93442
6551.73973328172  102.0538
6551.97371659787  81.77515
6552.20769991402  64.46069
6552.44168323017  70.06271
6552.67566654632  78.33119
6552.90964986248  93.02072
6553.14363317863  107.8003
6553.37761649478  96.44688
6553.61159981093  99.53996
6553.84558312709  85.83805
6554.07956644324  86.59621
6554.31354975939  102.3647
6554.54753307554  82.42979
6554.7815163917  63.8637
6555.01549970785  77.98997
6555.249483024  98.94169
6555.48346634015  113.8235
6555.7174496563  110.3351
6555.95143297245  90.60202
6556.18541628861  96.54709
6556.41939960476  93.84222
6556.65338292091  91.42796
6556.88736623706  99.17588
6557.12134955322  120.1937
6557.35533286937  113.6
6557.58931618552  97.51697
6557.82329950167  82.91213
6558.05728281783  109.1508
6558.29126613398  108.8321
6558.52524945013  100.6541
6558.75923276628  118.8783
6558.99321608243  131.0491
6559.22719939859  111.9088
6559.46118271474  115.0325
6559.69516603089  100.9475
6559.92914934704  123.4816
6560.1631326632  115.246
6560.39711597935  115.6036
6560.6310992955  135.9388
6560.86508261165  135.7728
6561.0990659278  137.2854
6561.33304924395  113.6711
6561.56703256011  115.8278
6561.80101587626  105.7101
6562.03499919241  114.494
6562.26898250857  136.6722
6562.50296582472  160.8801
6562.73694914087  112.9142
6562.97093245702  97.07882
6563.20491577317  110.5708
6563.43889908932  112.4566
6563.67288240548  90.42439
6563.90686572163  85.97559
6564.14084903778  116.1678
6564.37483235393  98.72889
6564.60881567009  96.80566
6564.84279898624  96.17957
6565.07678230239  98.32588
6565.31076561854  95.36722
6565.54474893469  117.8616
6565.77873225085  123.0415
6566.012715567  100.989
6566.24669888315  93.60233
6566.4806821993  103.0533
6566.71466551545  101.9567
6566.94864883161  94.68887
6567.18263214776  90.77661
6567.41661546391  104.9802
6567.65059878006  108.2405
6567.88458209622  99.74334
6568.11856541237  104.1535
6568.35254872852  99.27885
6568.58653204467  99.84281
6568.82051536082  87.04788
6569.05449867698  86.80146
6569.28848199313  116.5588
6569.52246530928  135.3183
6569.75644862543  114.004
6569.99043194159  90.71497
6570.22441525774  86.48982
6570.45839857389  89.95647
6570.69238189004  95.22752
6570.92636520619  94.57427
6571.16034852235  95.12772
6571.3943318385  95.97284
6571.62831515465  87.41466
6571.8622984708  74.77631
6572.09628178695  83.80568
6572.33026510311  73.67897
6572.56424841926  74.94547
6572.79823173541  107.1443
6573.03221505156  109.5599
6573.26619836772  97.92227
6573.50018168387  93.97008
6573.73416500002  113.674
6573.96814831617  111.6238
6574.20213163232  84.93575
6574.43611494848  82.14058
6574.67009826463  79.89502
6574.90408158078  79.87041
6575.13806489693  84.1273
6575.37204821309  96.53146
6575.60603152924  97.33762
6575.84001484539  99.5957
6576.07399816154  98.71357
6576.3079814777  106.6798
6576.54196479385  101.8806
6576.77594811  75.76858
6577.00993142615  92.2939
6577.2439147423  88.73032
6577.47789805846  73.29485
6577.71188137461  75.08119
6577.94586469076  88.58038
6578.17984800691  91.05211
6578.41383132306  92.7989
6578.64781463922  83.96831
6578.88179795537  62.37996
6579.11578127152  64.16614
6579.34976458767  66.43406
6579.58374790382  62.60367
6579.81773121998  70.14604
6580.05171453613  82.65218
6580.28569785228  70.87852
6580.51968116843  81.25944
6580.75366448458  91.39986
6580.98764780074  76.46387
6581.22163111689  74.25594
6581.45561443304  64.6786
6581.68959774919  62.20973
6581.92358106535  72.13808
6582.1575643815  84.45898
6582.39154769765  98.40864
6582.6255310138  78.39207
6582.85951432996  59.93641
6583.09349764611  62.95779
6583.32748096226  74.60604
6583.56146427841  79.20016
6583.79544759456  73.53224
6584.02943091072  81.8674
6584.26341422687  76.88062
6584.49739754302  61.57288
6584.73138085917  59.8541
6584.96536417532  84.66814
6585.19934749148  79.38435
6585.43333080763  74.88504
6585.66731412378  54.55912
6585.90129743993  38.98487
6586.13528075609  43.65556
6586.36926407224  64.19358
6586.60324738839  62.16963
6586.83723070454  45.27634
6587.07121402069  67.1117
6587.30519733685  73.55079
6587.539180653  71.83167
6587.77316396915  73.64082
6588.0071472853  67.38979
6588.24113060146  67.31715
6588.47511391761  86.5643
6588.70909723376  76.67059
6588.94308054991  63.40226
6589.17706386606  81.2324
6589.41104718221  91.23627
6589.64503049837  90.29515
6589.87901381452  88.29721
6590.11299713067  86.76102
6590.34698044682  91.05552
6590.58096376298  79.50047
6590.81494707913  57.92435
6591.04893039528  53.40964
6591.28291371143  69.94924
6591.51689702758  78.6059
6591.75088034374  72.21608
6591.98486365989  74.141
6592.21884697604  68.61996
6592.45283029219  71.32068
6592.68681360835  69.16802
6592.9207969245  67.99139
6593.15478024065  82.0738
6593.3887635568  79.44461
6593.62274687296  46.37799
6593.85673018911  50.31592
6594.09071350526  73.76785
6594.32469682141  81.05491
6594.55868013756  73.18566
6594.79266345372  65.33136
6595.02664676987  60.00922
6595.26063008602  65.23756
6595.49461340217  60.99401
6595.72859671832  57.38882
6595.96258003448  49.52522
6596.19656335063  59.34879
6596.43054666678  39.424
6596.66452998293  57.0391
6596.89851329909  72.33533
6597.13249661524  62.49852
6597.36647993139  74.19755
6597.60046324754  60.15429
6597.83444656369  68.28966
6598.06842987985  46.52096
6598.302413196  67.19855
6598.53639651215  75.93902
6598.7703798283  76.05533
6599.00436314445  76.20805
6599.23834646061  76.76094
6599.47232977676  68.01498
6599.70631309291  78.62948
6599.94029640906  57.96331
6600.17427972522  70.04258
6600.40826304137  69.22168
6600.64224635752  48.30338
6600.87622967367  57.81343
6601.11021298982  83.26491
6601.34419630598  60.3728
6601.57817962213  66.17841
6601.81216293828  79.24599
6602.04614625443  68.02602
6602.28012957058  75.18156
6602.51411288674  78.54125
6602.74809620289  58.2267
6602.98207951904  83.77383
6603.21606283519  88.15639
6603.45004615135  66.39264
6603.6840294675  69.54403
6603.91801278365  83.62858
6604.1519960998  55.30486
6604.38597941595  61.09638
6604.61996273211  61.47873
6604.85394604826  60.73611
6605.08792936441  84.7303
6605.32191268056  53.11055
6605.55589599672  38.18879
6605.78987931287  57.19015
6606.02386262902  62.55095
6606.25784594517  51.28194
6606.49182926133  37.00684
6606.72581257748  53.72795
6606.95979589363  67.82079
6607.19377920978  49.57458
6607.42776252593  36.26421
6607.66174584208  62.72646
6607.89572915824  71.51285
6608.12971247439  53.34078
6608.36369579054  55.14383
6608.59767910669  54.00615
6608.83166242285  49.77021
6609.065645739  65.80022
6609.29962905515  82.75721
6609.5336123713  95.9306
6609.76759568745  80.23551
6610.00157900361  71.70609
6610.23556231976  61.25104
6610.46954563591  67.21392
6610.70352895206  61.32792
6610.93751226822  67.11834
6611.17149558437  65.07446
6611.40547890052  62.89878
6611.63946221667  67.16512
6611.87344553282  65.72221
6612.10742884898  73.4374
6612.34141216513  60.93238
6612.57539548128  51.3041
6612.80937879743  39.32092
6613.04336211358  30.52791
6613.27734542974  35.68013
6613.51132874589  44.57048
6613.74531206204  52.12271
6613.97929537819  64.08896
6614.21327869435  61.26563
6614.4472620105  50.33392
6614.68124532665  81.37611
6614.9152286428  82.15971
6615.14921195895  60.60363
6615.38319527511  67.6422
6615.61717859126  49.48021
6615.85116190741  41.78753
6616.08514522356  73.08854
6616.31912853972  84.51041
6616.55311185587  58.81812
6616.78709517202  53.94014
6617.02107848817  60.73306
6617.25506180432  66.78532
6617.48904512048  57.08876
6617.72302843663  48.45646
6617.95701175278  68.21684
6618.19099506893  56.34758
6618.42497838509  66.57368
6618.65896170124  69.00671
6618.89294501739  72.99
6619.12692833354  68.14847
6619.36091164969  62.61896
6619.59489496585  51.06701
6619.828878282  51.06428
6620.06286159815  70.78825
6620.2968449143  61.0303
6620.53082823045  41.32529
6620.76481154661  45.82201
6620.99879486276  63.9565
6621.23277817891  56.43293
6621.46676149506  65.18424
6621.70074481121  57.88166
6621.93472812737  58.00522
6622.16871144352  48.8693
6622.40269475967  51.91336
6622.63667807582  63.06813
6622.87066139198  60.57351
6623.10464470813  60.6939
6623.33862802428  55.01853
6623.57261134043  56.04718
6623.80659465658  54.74312
6624.04057797274  46.25522
6624.27456128889  47.36889
6624.50854460504  48.19079
6624.74252792119  28.41042
6624.97651123735  42.29962
6625.2104945535  51.23448
6625.44447786965  40.20245
6625.6784611858  50.2526
6625.91244450195  57.36444
6626.14642781811  43.58109
6626.38041113426  72.79597
6626.61439445041  65.16817
6626.84837776656  52.11149
6627.08236108271  53.84049
6627.31634439887  69.22475
6627.55032771502  72.64289
6627.78431103117  37.01517
6628.01829434732  44.15243
6628.25227766348  40.17073
6628.48626097963  65.50331
6628.72024429578  52.08146
6628.95422761193  54.53725
6629.18821092809  49.279
6629.42219424424  42.3249
6629.65617756039  56.26514
6629.89016087654  51.12408
6630.12414419269  40.6112
6630.35812750884  47.06417
6630.592110825  59.66285
6630.82609414115  50.00486
6631.0600774573  56.95625
6631.29406077345  54.93623
6631.52804408961  58.31806
6631.76202740576  45.19207
6631.99601072191  57.27308
6632.22999403806  77.02182
6632.46397735422  51.11131
6632.69796067037  59.66153
6632.93194398652  43.92034
6633.16592730267  39.99649
6633.39991061882  45.78021
6633.63389393498  52.30218
6633.86787725113  44.32021
6634.10186056728  36.22085
6634.33584388343  20.93479
6634.56982719959  31.17817
6634.80381051574  44.81905
6635.03779383189  36.65222
6635.27177714804  42.5683
6635.50576046419  58.43795
6635.73974378035  46.21712
6635.9737270965  49.86735
6636.20771041265  71.25004
6636.4416937288  65.36168
6636.67567704495  56.46406
6636.90966036111  44.95119
6637.14364367726  31.32436
6637.37762699341  33.89516
6637.61161030956  37.64603
6637.84559362571  38.80066
6638.07957694187  30.18184
6638.31356025802  35.39791
6638.54754357417  50.38273
6638.78152689032  41.76794
6639.01551020648  38.67254
6639.24949352263  27.80376
6639.48347683878  60.69838
6639.71746015493  46.312
6639.95144347108  54.56556
6640.18542678724  49.37448
6640.41941010339  51.25418
6640.65339341954  47.49888
6640.88737673569  44.4409
6641.12136005185  55.06536
6641.355343368  48.99346
6641.58932668415  45.73878
6641.8233100003  36.23004
6642.05729331645  34.58264
6642.29127663261  38.56264
6642.52525994876  60.29485
6642.75924326491  38.24997
6642.99322658106  27.30686
6643.22720989722  38.4153
6643.46119321337  20.55193
6643.69517652952  33.17022
6643.92915984567  59.20243
6644.16314316182  52.97735
6644.39712647797  55.66861
6644.63110979413  56.93642
6644.86509311028  31.79052
6645.09907642643  71.67587
6645.33305974258  68.04607
6645.56704305874  41.846
6645.80102637489  29.32682
6646.03500969104  59.69532
6646.26899300719  74.35855
6646.50297632335  44.13206
6646.7369596395  33.47317
6646.97094295565  52.40997
6647.2049262718  51.84571
6647.43890958795  52.81654
6647.67289290411  41.63202
6647.90687622026  55.46929
6648.14085953641  45.11601
6648.37484285256  48.36687
6648.60882616871  63.9412
6648.84280948487  45.81347
6649.07679280102  37.12452
6649.31077611717  29.42123
6649.54475943332  47.54875
6649.77874274947  43.71162
6650.01272606563  48.71824
6650.24670938178  33.99528
6650.48069269793  34.46703
6650.71467601409  26.3591
6650.94865933024  26.47577
6651.18264264639  63.54747
6651.41662596254  68.83581
6651.65060927869  46.58405
6651.88459259485  58.92294
6652.118575911  60.17398
6652.35255922715  39.06821
6652.5865425433  50.12071
6652.82052585945  41.21698
6653.05450917561  25.41603
6653.28849249176  25.15459
6653.52247580791  61.4076
6653.75645912406  41.29455
6653.99044244021  22.75166
6654.22442575637  30.98462
6654.45840907252  22.45587
6654.69239238867  27.99089
6654.92637570482  50.56893
6655.16035902098  37.52335
6655.39434233713  25.50445
6655.62832565328  43.80302
6655.86230896943  46.67439
6656.09629228558  42.45148
6656.33027560174  36.29038
6656.56425891789  32.17936
6656.79824223404  38.78504
6657.03222555019  39.77382
6657.26620886635  40.8212
6657.5001921825  33.46159
6657.73417549865  11.62443
6657.9681588148  29.38678
6658.20214213095  53.11781
6658.43612544711  55.63839
6658.67010876326  40.70317
6658.90409207941  40.73835
6659.13807539556  34.21159
6659.37205871171  36.58863
6659.60604202787  20.63511
6659.84002534402  26.5661
6660.07400866017  38.21698
6660.30799197632  51.21313
6660.54197529247  27.05344
6660.77595860863  52.34524
6661.00994192478  38.62142
6661.24392524093  20.54647
6661.47790855708  35.35526
6661.71189187324  26.27105
6661.94587518939  26.3115
6662.17985850554  54.13421
6662.41384182169  29.08983
6662.64782513784  15.42969
6662.881808454  32.68726
6663.11579177015  22.67405
6663.3497750863  33.53827
6663.58375840245  30.76344
6663.81774171861  24.32973
6664.05172503476  25.0318
6664.28570835091  40.29226
6664.51969166706  34.3465
6664.75367498322  7.573297
6664.98765829937  18.83135
6665.22164161552  24.01859
6665.45562493167  26.95529
6665.68960824782  25.91368
6665.92359156398  23.89939
6666.15757488013  16.90758
6666.39155819628  26.76711
6666.62554151243  22.37673
6666.85952482858  25.4156
6667.09350814474  18.66493
6667.32749146089  49.24159
6667.56147477704  41.29122
6667.79545809319  24.41372
6668.02944140934  18.7428
6668.2634247255  23.99075
6668.49740804165  11.95266
6668.7313913578  -4.254648
6668.96537467395  20.7898
6669.19935799011  35.41965
6669.43334130626  27.20751
6669.66732462241  15.01613
6669.90130793856  37.79576
6670.13529125471  19.75655
6670.36927457086  32.80354
6670.60325788702  29.33384
6670.83724120317  15.34053
6671.07122451932  14.14138
6671.30520783548  20.48298
6671.53919115163  15.71764
6671.77317446778  13.60935
6672.00715778393  43.10424
6672.24114110008  24.71536
6672.47512441624  -0.998516
6672.70910773239  15.11626
6672.94309104854  27.58933
6673.17707436469  25.28524
6673.41105768084  12.96056
6673.645040997  18.66996
6673.87902431315  14.94814
6674.1130076293  17.41693
6674.34699094545  29.64647
6674.58097426161  18.32002
6674.81495757776  -0.1552232
6675.04894089391  15.33922
6675.28292421006  24.64469
6675.51690752621  17.85212
6675.75089084237  19.91242
6675.98487415852  30.09527
6676.21885747467  30.80391
6676.45284079082  36.97458
6676.68682410697  19.72773
6676.92080742313  14.59695
6677.15479073928  17.20005
6677.38877405543  41.5106
6677.62275737158  29.89117
6677.85674068774  5.652297
6678.09072400389  14.26443
6678.32470732004  -7.669609
6678.55869063619  17.99931
6678.79267395234  23.7329
6679.0266572685  11.65047
6679.26064058465  13.07451
6679.4946239008  -0.6616129
6679.72860721695  22.71663
6679.96259053311  12.72925
6680.19657384926  27.79368
6680.43055716541  13.09106
6680.66454048156  13.6286
6680.89852379771  5.389872
6681.13250711387  -9.185615
6681.36649043002  0.4880618
6681.60047374617  6.194468
6681.83445706232  19.13193
6682.06844037848  21.36058
6682.30242369463  20.27807
6682.53640701078  0.7779794
6682.77039032693  -8.848148
6683.00437364308  4.28873
6683.23835695923  24.31344
6683.47234027539  8.827625
6683.70632359154  20.83988
6683.94030690769  2.609225
6684.17429022384  4.676279
6684.40827354  -13.52372
6684.64225685615  -17.84414
6684.8762401723  -15.10562
6685.11022348845  7.969653
6685.34420680461  -8.020844
6685.57819012076  5.630859
6685.81217343691  27.29772
6686.04615675306  7.582529
6686.28014006921  -4.772334
6686.51412338537  4.778092
6686.74810670152  10.51061
6686.98209001767  19.17412
6687.21607333382  17.04935
6687.45005664998  4.589108
6687.68403996613  -6.133263
6687.91802328228  6.347454
6688.15200659843  14.23242
6688.38598991458  11.18321
6688.61997323073  14.14435
6688.85395654689  2.919686
6689.08793986304  11.45328
6689.32192317919  4.812523
6689.55590649535  -9.093908
6689.7898898115  3.383831
6690.02387312765  -1.572053
6690.2578564438  6.298677
6690.49183975995  20.15676
6690.72582307611  -7.368019
6690.95980639226  -7.835517
6691.19378970841  2.358187
6691.42777302456  -9.712359
6691.66175634071  -6.28911
6691.89573965687  -1.110024
6692.12972297302  20.6866
6692.36370628917  14.12228
