6453.0445868569  23.89939
6453.27864286091  23.26534
6453.51269886492  22.12131
6453.74675486894  32.38666
6453.98081087295  18.43262
6454.21486687696  31.09479
6454.44892288097  51.4777
6454.68297888498  31.65938
6454.91703488899  36.4726
6455.15109089301  35.1833
6455.38514689702  10.36175
6455.61920290103  49.196
6455.85325890504  41.62533
6456.08731490905  54.73674
6456.32137091306  43.63659
6456.55542691708  -13.04436
6456.78948292109  18.56154
6457.0235389251  31.6576
6457.25759492911  21.43016
6457.49165093312  30.43059
6457.72570693713  -18.00092
6457.95976294115  -14.09669
6458.19381894516  36.17359
6458.42787494917  33.07013
6458.66193095318  52.55353
6458.89598695719  46.81439
6459.1300429612  24.55583
6459.36409896522  12.10188
6459.59815496923  22.37688
6459.83221097324  18.601
6460.06626697725  7.712607
6460.30032298126  10.80921
6460.53437898528  17.37761
6460.76843498929  24.12114
6461.0024909933  -5.810598
6461.23654699731  -3.945388
6461.47060300132  42.93249
6461.70465900533  50.6608
6461.93871500934  38.1057
6462.17277101336  44.89145
6462.40682701737  61.51425
6462.64088302138  16.87933
6462.87493902539  3.469767
6463.1089950294  10.98067
6463.34305103341  26.26307
6463.57710703743  38.51537
6463.81116304144  45.37841
6464.04521904545  24.97946
6464.27927504946  11.97713
6464.51333105347  11.80041
6464.74738705749  32.51188
6464.9814430615  58.36148
6465.21549906551  45.37997
6465.44955506952  43.96625
6465.68361107353  41.75468
6465.91766707755  13.5877
6466.15172308156  28.71818
6466.38577908557  12.06119
6466.61983508958  26.28952
6466.85389109359  47.13788
6467.0879470976  37.26879
6467.32200310161  34.54557
6467.55605910563  36.40152
6467.79011510964  49.87864
6468.02417111365  42.44664
6468.25822711766  40.92061
6468.49228312167  53.96925
6468.72633912569  23.42499
6468.9603951297  37.01104
6469.19445113371  46.42926
6469.42850713772  40.63289
6469.66256314173  22.93063
6469.89661914574  34.47883
6470.13067514976  19.80727
6470.36473115377  27.61884
6470.59878715778  100.5191
6470.83284316179  101.6556
6471.0668991658  88.11172
6471.30095516981  69.52843
6471.53501117383  23.08012
6471.76906717784  32.37177
6472.00312318185  58.88446
6472.23717918586  51.97284
6472.47123518987  48.62713
6472.70529119388  21.24143
6472.9393471979  31.12215
6473.17340320191  43.61584
6473.40745920592  41.20242
6473.64151520993  43.88715
6473.87557121394  43.51624
6474.10962721795  48.06871
6474.34368322197  91.4009
6474.57773922598  102.086
6474.81179522999  62.578
6475.045851234  59.21097
6475.27990723801  68.36971
6475.51396324202  46.11922
6475.74801924604  43.8563
6475.98207525005  41.44939
6476.21613125406  24.87806
6476.45018725807  18.30099
6476.68424326208  49.02653
6476.91829926609  51.14137
6477.15235527011  80.76342
6477.38641127412  63.08748
6477.62046727813  75.77866
6477.85452328214  51.08543
6478.08857928615  40.41301
6478.32263529016  27.52659
6478.55669129418  39.89172
6478.79074729819  60.87366
6479.0248033022  47.07171
6479.25885930621  67.90028
6479.49291531022  61.75855
6479.72697131423  49.58994
6479.96102731825  46.14257
6480.19508332226  65.4207
6480.42913932627  46.7205
6480.66319533028  38.82125
6480.89725133429  59.9193
6481.13130733831  56.1271
6481.36536334232  38.92171
6481.59941934633  71.39692
6481.83347535034  76.36697
6482.06753135435  57.17949
6482.30158735836  36.37047
6482.53564336237  47.96092
6482.76969936639  70.0155
6483.0037553704  42.75908
6483.23781137441  56.27645
6483.47186737842  46.70614
6483.70592338243  22.21046
6483.93997938644  58.52215
6484.17403539046  73.42217
6484.40809139447  49.26856
6484.64214739848  66.18557
6484.87620340249  45.2108
6485.1102594065  -1.597256
6485.34431541052  6.094545
6485.57837141453  31.58204
6485.81242741854  34.743
6486.04648342255  27.17533
6486.28053942656  9.058192
6486.51459543058  -2.948246
6486.74865143459  19.0426
6486.9827074386  46.39315
6487.21676344261  46.39239
6487.45081944662  47.92975
6487.68487545063  55.58354
6487.91893145464  39.74148
6488.15298745866  30.88861
6488.38704346267  28.72131
6488.62109946668  66.93502
6488.85515547069  36.5614
6489.0892114747  33.43525
6489.32326747872  41.95317
6489.55732348273  33.04641
6489.79137948674  21.34067
6490.02543549075  58.74914
6490.25949149476  81.6257
6490.49354749877  51.51812
6490.72760350279  52.56892
6490.96165950679  51.09865
6491.19571551081  46.59457
6491.42977151482  56.52485
6491.66382751883  60.35058
6491.89788352284  38.8464
6492.13193952686  1.025457
6492.36599553087  24.8124
6492.60005153488  9.593901
6492.83410753889  46.49894
6493.0681635429  24.92388
6493.30221954691  2.366641
6493.53627555093  26.37649
6493.77033155494  41.48727
6494.00438755895  57.83347
6494.23844356296  52.23873
6494.47249956697  45.05515
6494.70655557098  70.00716
6494.940611575  65.58904
6495.17466757901  41.64417
6495.40872358302  38.71426
6495.64277958703  56.2215
6495.87683559104  12.46158
6496.11089159505  35.74368
6496.34494759906  43.78762
6496.57900360308  30.2285
6496.81305960709  64.90505
6497.0471156111  45.01734
6497.28117161511  63.90334
6497.51522761912  88.55519
6497.74928362313  66.42393
6497.98333962715  63.08023
6498.21739563116  57.7375
6498.45145163517  75.73637
6498.68550763918  130.9095
6498.91956364319  96.22675
6499.15361964721  28.49345
6499.38767565122  51.91582
6499.62173165523  65.75887
6499.85578765924  61.7716
6500.08984366325  43.9654
6500.32389966726  46.70572
6500.55795567128  61.19742
6500.79201167529  80.2516
6501.0260676793  72.93587
6501.26012368331  37.92849
6501.49417968732  62.12922
6501.72823569133  106.2458
6501.96229169535  72.08333
6502.19634769936  80.17701
6502.43040370337  77.61438
6502.66445970738  47.79677
6502.89851571139  50.4343
6503.1325717154  61.87897
6503.36662771942  45.56936
6503.60068372343  28.6469
6503.83473972744  60.22871
6504.06879573145  46.97203
6504.30285173546  18.76913
6504.53690773947  79.68446
6504.77096374349  56.87174
6505.0050197475  63.13615
6505.23907575151  81.45476
6505.47313175552  68.81091
6505.70718775953  23.3995
6505.94124376354  69.0768
6506.17529976756  65.51855
6506.40935577157  48.73576
6506.64341177558  60.43753
6506.87746777959  77.96426
6507.1115237836  51.23981
6507.34557978762  35.54919
6507.57963579163  55.11025
6507.81369179564  46.41545
6508.04774779965  54.04647
6508.28180380366  92.84111
6508.51585980767  94.46436
6508.74991581169  71.03896
6508.9839718157  52.57418
6509.21802781971  75.38981
6509.45208382372  63.7906
6509.68613982773  95.86429
6509.92019583174  83.90678
6510.15425183576  51.68763
6510.38830783977  72.88876
6510.62236384378  91.15195
6510.85641984779  75.29385
6511.0904758518  98.4399
6511.32453185581  67.54578
6511.55858785983  46.06831
6511.79264386384  49.74583
6512.02669986785  76.64913
6512.26075587186  57.83942
6512.49481187587  71.69183
6512.72886787989  87.6912
6512.9629238839  52.42829
6513.19697988791  78.79729
6513.43103589192  94.73533
6513.66509189593  58.50478
6513.89914789994  58.39317
6514.13320390396  93.36919
6514.36725990797  74.8122
6514.60131591198  75.77504
6514.83537191599  73.3019
6515.06942792  67.79766
6515.30348392401  53.66817
6515.53753992803  64.65735
6515.77159593204  82.64283
6516.00565193605  100.789
6516.23970794006  97.26213
6516.47376394407  99.53509
6516.70781994808  80.85839
6516.9418759521  37.83208
6517.17593195611  71.8156
6517.40998796012  91.53696
6517.64404396413  72.50026
6517.87809996814  74.33604
6518.11215597215  82.79375
6518.34621197616  84.98709
6518.58026798018  81.59244
6518.81432398419  84.10269
6519.0483799882  81.77539
6519.28243599221  63.20108
6519.51649199622  56.7287
6519.75054800024  89.9245
6519.98460400425  83.6369
6520.21866000826  49.61052
6520.45271601227  55.78305
6520.68677201628  78.81805
6520.9208280203  56.52556
6521.15488402431  48.5364
6521.38894002832  60.20532
6521.62299603233  75.90331
6521.85705203634  73.29087
6522.09110804035  73.77428
6522.32516404436  62.01723
6522.55922004838  75.23338
6522.79327605239  52.07093
6523.0273320564  27.40988
6523.26138806041  51.923
6523.49544406442  76.53188
6523.72950006843  68.26588
6523.96355607245  43.27932
6524.19761207646  62.17802
6524.43166808047  102.2321
6524.66572408448  100.1321
6524.89978008849  78.01536
6525.1338360925  51.33837
6525.36789209652  82.34971
6525.60194810053  106.3848
6525.83600410454  64.3567
6526.07006010855  75.17088
6526.30411611256  78.42768
6526.53817211657  76.67743
6526.77222812059  51.25391
6527.0062841246  91.68787
6527.24034012861  90.49523
6527.47439613262  86.14217
6527.70845213663  100.5531
6527.94250814065  107.4657
6528.17656414466  84.08614
6528.41062014867  69.00776
6528.64467615268  61.50475
6528.87873215669  69.31889
6529.1127881607  78.08825
6529.34684416472  77.08669
6529.58090016873  81.09695
6529.81495617274  79.54107
6530.04901217675  74.39787
6530.28306818076  69.78423
6530.51712418477  57.17127
6530.75118018878  48.68513
6530.9852361928  58.76953
6531.21929219681  77.94449
6531.45334820082  66.3176
6531.68740420483  39.7701
6531.92146020884  47.92889
6532.15551621286  48.16315
6532.38957221687  47.70842
6532.62362822088  63.531
6532.85768422489  69.76273
6533.0917402289  82.95206
6533.32579623291  113.1606
6533.55985223693  88.92724
6533.79390824094  36.29129
6534.02796424495  89.71642
6534.26202024896  79.92704
6534.49607625297  62.28062
6534.73013225699  72.78458
6534.964188261  68.95289
6535.19824426501  57.73117
6535.43230026902  69.51635
6535.66635627303  43.54546
6535.90041227704  64.44557
6536.13446828105  103.0994
6536.36852428506  114.0525
6536.60258028908  104.2173
6536.83663629309  96.79671
6537.0706922971  77.56447
6537.30474830111  74.20305
6537.53880430512  93.25217
6537.77286030914  106.2506
6538.00691631315  99.23171
6538.24097231716  59.74001
6538.47502832117  57.62863
6538.70908432518  99.21606
6538.9431403292  97.00731
6539.17719633321  74.35535
6539.41125233722  104.3453
6539.64530834123  76.77438
6539.87936434524  78.73772
6540.11342034925  88.93042
6540.34747635327  97.43044
6540.58153235728  113.642
6540.81558836129  60.277
6541.0496443653  83.89925
6541.28370036931  101.6282
6541.51775637332  85.39826
6541.75181237733  71.74632
6541.98586838135  75.77228
6542.21992438536  98.96999
6542.45398038937  73.61298
6542.68803639338  105.6042
6542.92209239739  135.8283
6543.15614840141  141.8183
6543.39020440542  121.9711
6543.62426040943  85.71499
6543.85831641344  100.715
6544.09237241745  95.96854
6544.32642842146  116.3092
6544.56048442548  97.49429
6544.79454042949  77.42653
6545.0285964335  98.41129
6545.26265243751  79.75211
6545.49670844152  111.4076
6545.73076444553  101.7113
6545.96482044955  81.23006
6546.19887645356  102.6865
6546.43293245757  78.5144
6546.66698846158  93.7857
6546.90104446559  94.439
6547.1351004696  69.293
6547.36915647362  71.84647
6547.60321247763  75.7182
6547.83726848164  89.49266
6548.07132448565  83.08556
6548.30538048966  98.44157
6548.53943649367  118.0168
6548.77349249769  99.39868
6549.0075485017  88.38467
6549.24160450571  81.82841
6549.47566050972  105.5913
6549.70971651373  123.8765
6549.94377251775  96.28301
6550.17782852176  125.8973
6550.41188452577  96.44511
6550.64594052978  101.9105
6550.87999653379  142.4738
6551.1140525378  124.4646
6551.34810854181  124.2275
6551.58216454583  125.4535
6551.81622054984  106.6482
6552.05027655385  116.4729
6552.28433255786  138.1826
6552.51838856187  128.6492
6552.75244456589  134.5924
6552.9865005699  148.499
6553.22055657391  139.571
6553.45461257792  156.052
6553.68866858193  159.4875
6553.92272458594  133.2462
6554.15678058996  149.4618
6554.39083659397  176.7395
6554.62489259798  178.32
6554.85894860199  183.2845
6555.093004606  155.2091
6555.32706061002  148.515
6555.56111661403  159.1655
6555.79517261804  161.9944
6556.02922862205  182.831
6556.26328462606  192.286
6556.49734063007  182.7675
6556.73139663408  155.0199
6556.9654526381  152.6693
6557.19950864211  175.0211
6557.43356464612  146.02
6557.66762065013  152.6806
6557.90167665414  198.2776
6558.13573265815  189.6436
6558.36978866217  185.8756
6558.60384466618  196.9072
6558.83790067019  196.337
6559.0719566742  182.9754
6559.30601267821  189.0155
6559.54006868223  221.2672
6559.77412468624  205.2483
6560.00818069025  194.476
6560.24223669426  224.966
6560.47629269827  195.6964
6560.71034870228  162.2475
6560.9444047063  180.4086
6561.1784607103  179.441
6561.41251671432  188.8131
6561.64657271833  179.0019
6561.88062872234  217.0097
6562.11468472635  213.844
6562.34874073037  181.2268
6562.58279673438  212.9322
6562.81685273839  218.7758
6563.0509087424  174.9799
6563.28496474641  185.8109
6563.51902075042  228.5355
6563.75307675444  214.068
6563.98713275845  215.3168
6564.22118876246  212.721
6564.45524476647  219.9238
6564.68930077048  207.708
6564.92335677449  239.0415
6565.1574127785  186.4303
6565.39146878252  187.4028
6565.62552478653  203.514
6565.85958079054  217.0027
6566.09363679455  220.8471
6566.32769279856  170.0643
6566.56174880258  197.9397
6566.79580480659  226.5593
6567.0298608106  191.5691
6567.26391681461  183.9118
6567.49797281862  155.8672
6567.73202882264  155.1313
6567.96608482665  181.6422
6568.20014083066  176.5786
6568.43419683467  184.1322
6568.66825283868  180.3098
6568.90230884269  208.423
6569.1363648467  180.6002
6569.37042085072  172.2219
6569.60447685473  170.4756
6569.83853285874  153.3784
6570.07258886275  176.4419
6570.30664486676  147.326
6570.54070087077  143.4946
6570.77475687479  155.6527
6571.0088128788  137.1534
6571.24286888281  136.9837
6571.47692488682  166.6787
6571.71098089083  185.018
6571.94503689484  145.8342
6572.17909289886  148.0473
6572.41314890287  128.1539
6572.64720490688  114.8784
6572.88126091089  137.6954
6573.1153169149  150.026
6573.34937291891  144.7903
6573.58342892293  156.9521
6573.81748492694  165.5305
6574.05154093095  118.0047
6574.28559693496  81.8717
6574.51965293897  142.4037
6574.75370894298  137.8785
6574.987764947  102.1105
6575.22182095101  121.5883
6575.45587695502  85.85571
6575.68993295903  81.98753
6575.92398896304  130.3141
6576.15804496705  110.9188
6576.39210097107  116.594
6576.62615697508  133.5717
6576.86021297909  129.9916
6577.0942689831  126.217
6577.32832498711  113.1883
6577.56238099113  92.14355
6577.79643699514  85.39045
6578.03049299915  85.43106
6578.26454900316  101.05
6578.49860500717  126.0462
6578.73266101118  110.5642
6578.96671701519  112.0077
6579.20077301921  85.94182
6579.43482902322  89.27119
6579.66888502723  96.57584
6579.90294103124  106.1948
6580.13699703525  113.949
6580.37105303927  103.526
6580.60510904328  117.0406
6580.83916504729  96.44568
6581.0732210513  93.0257
6581.30727705531  81.41405
6581.54133305932  83.50333
6581.77538906334  112.2707
6582.00944506735  107.5356
6582.24350107136  92.52489
6582.47755707537  77.89919
6582.71161307938  91.83843
6582.9456690834  109.6383
6583.17972508741  84.70252
6583.41378109142  92.90589
6583.64783709543  88.46626
6583.88189309944  92.75911
6584.11594910345  97.72446
6584.35000510746  78.60078
6584.58406111148  97.21313
6584.81811711549  108.7274
6585.0521731195  101.6057
6585.28622912351  87.32012
6585.52028512752  73.56981
6585.75434113154  92.28555
6585.98839713555  107.5692
6586.22245313956  98.23697
6586.45650914357  82.9297
6586.69056514758  93.7955
6586.92462115159  93.04839
6587.15867715561  83.03304
6587.39273315962  75.68805
6587.62678916363  91.31452
6587.86084516764  87.95036
6588.09490117165  106.0772
6588.32895717566  81.42203
6588.56301317968  74.23481
6588.79706918369  112.3408
6589.0311251877  96.49239
6589.26518119171  73.05444
6589.49923719572  87.70181
6589.73329319973  89.02578
6589.96734920375  72.55232
6590.20140520776  81.79893
6590.43546121177  80.33101
6590.66951721578  66.76544
6590.90357321979  81.37593
6591.1376292238  65.341
6591.37168522782  56.70449
6591.60574123183  100.463
6591.83979723584  84.53178
6592.07385323985  54.61655
6592.30790924386  102.5727
6592.54196524787  96.13819
6592.77602125189  57.74164
6593.0100772559  88.55546
6593.24413325991  89.72458
6593.47818926392  67.57745
6593.71224526793  67.39801
6593.94630127194  73.46774
6594.18035727596  76.74508
6594.41441327997  61.42086
6594.64846928398  78.07677
6594.88252528799  75.00445
6595.116581292  71.03001
6595.35063729601  102.8188
6595.58469330003  98.0073
6595.81874930404  69.15551
6596.05280530805  90.67353
6596.28686131206  80.69129
6596.52091731607  66.3926
6596.75497332008  78.83788
6596.9890293241  84.31026
6597.22308532811  75.74547
6597.45714133212  98.07188
6597.69119733613  95.85458
6597.92525334014  76.10493
6598.15930934416  74.53614
6598.39336534817  82.72226
6598.62742135218  84.0659
6598.86147735619  133.3657
6599.0955333602  82.01025
6599.32958936421  62.40117
6599.56364536822  65.93973
6599.79770137224  88.8295
6600.03175737625  110.8821
6600.26581338026  63.84566
6600.49986938427  70.80656
6600.73392538828  119.4562
6600.96798139229  57.13125
6601.20203739631  59.57708
6601.43609340032  72.37623
6601.67014940433  72.55753
6601.90420540834  60.0033
6602.13826141235  53.25565
6602.37231741637  63.33309
6602.60637342038  79.81026
6602.84042942439  67.06137
6603.0744854284  72.86588
6603.30854143241  63.99756
6603.54259743643  37.79831
6603.77665344044  43.47327
6604.01070944445  63.92389
6604.24476544846  73.24344
6604.47882145247  103.0713
6604.71287745648  111.4328
6604.94693346049  95.666
6605.18098946451  61.59097
6605.41504546852  38.72699
6605.64910147253  95.91001
6605.88315747654  77.94375
6606.11721348055  97.10723
6606.35126948457  92.16418
6606.58532548858  75.50037
6606.81938149259  94.52718
6607.0534374966  75.03006
6607.28749350061  92.2866
6607.52154950462  82.78923
6607.75560550863  85.2002
6607.98966151264  65.06583
6608.22371751666  73.46717
6608.45777352067  78.36379
6608.69182952468  120.0029
6608.92588552869  72.37268
6609.15994153271  85.21211
6609.39399753672  67.29302
6609.62805354073  35.79631
6609.86210954474  55.81416
6610.09616554875  71.34383
6610.33022155276  49.27083
6610.56427755678  37.99909
6610.79833356079  55.83932
6611.0323895648  74.62144
6611.26644556881  42.74331
6611.50050157282  33.0774
6611.73455757683  49.22925
6611.96861358085  101.5162
6612.20266958486  90.73096
6612.43672558887  26.2862
6612.67078159288  44.91932
6612.90483759689  82.55431
6613.1388936009  65.60319
6613.37294960491  61.88693
6613.60700560893  94.86037
6613.84106161294  56.71124
6614.07511761695  85.87102
6614.30917362096  108.817
6614.54322962497  91.68731
6614.77728562898  78.57548
6615.011341633  63.8959
6615.24539763701  73.71721
6615.47945364102  77.84673
6615.71350964503  58.45173
6615.94756564904  64.14281
6616.18162165306  36.22587
6616.41567765707  49.11951
6616.64973366108  69.61919
6616.88378966509  71.16505
6617.1178456691  82.70643
6617.35190167311  83.4604
6617.58595767713  56.59086
6617.82001368114  73.7336
6618.05406968515  77.45252
6618.28812568916  103.5269
6618.52218169317  81.18303
6618.75623769718  46.9114
6618.9902937012  29.27724
6619.22434970521  40.92511
6619.45840570922  101.2885
6619.69246171323  106.0488
6619.92651771724  36.90361
6620.16057372125  33.60064
6620.39462972527  55.07227
6620.62868572928  70.67841
6620.86274173329  61.84455
6621.0967977373  48.70113
6621.33085374131  60.48502
6621.56490974532  68.83134
6621.79896574934  85.81272
6622.03302175335  94.18066
6622.26707775736  90.55574
6622.50113376137  83.3214
6622.73518976538  39.10841
6622.9692457694  43.04669
6623.20330177341  64.29487
6623.43735777742  70.15228
6623.67141378143  51.33015
6623.90546978544  50.57547
6624.13952578945  83.99845
6624.37358179347  59.62827
6624.60763779748  49.46856
6624.84169380149  33.0202
6625.0757498055  60.23131
6625.30980580951  71.67999
6625.54386181352  60.29178
6625.77791781754  72.6005
6626.01197382155  78.50172
6626.24602982556  72.61158
6626.48008582957  104.9918
6626.71414183358  66.16927
6626.94819783759  41.11129
6627.18225384161  61.85889
6627.41630984562  35.97827
6627.65036584963  31.23857
6627.88442185364  69.53283
6628.11847785765  86.6795
6628.35253386166  68.9633
6628.58658986568  46.16459
6628.82064586969  42.61775
6629.0547018737  63.51064
6629.28875787771  53.84612
6629.52281388172  47.23395
6629.75686988574  65.59417
6629.99092588975  50.14906
6630.22498189376  73.88391
6630.45903789777  80.85068
6630.69309390178  60.12056
6630.92714990579  70.22774
6631.16120590981  61.4133
6631.39526191382  18.01628
6631.62931791783  76.31787
6631.86337392184  93.96271
6632.09742992585  44.2179
6632.33148592986  58.61399
6632.56554193388  60.33484
6632.79959793789  60.37124
6633.0336539419  88.9252
6633.26770994591  72.19696
6633.50176594992  56.91496
6633.73582195393  54.39253
6633.96987795795  59.03428
6634.20393396196  45.41245
6634.43798996597  41.55744
6634.67204596998  42.68457
6634.90610197399  48.55972
6635.140157978  38.94827
6635.37421398202  41.92861
6635.60826998603  61.95543
6635.84232599004  61.30482
6636.07638199405  53.5612
6636.31043799806  73.97101
6636.54449400207  39.11068
6636.77855000609  57.12593
6637.0126060101  47.12105
6637.24666201411  48.47735
6637.48071801812  53.14336
6637.71477402213  51.47687
6637.94883002615  66.00853
6638.18288603016  93.61425
6638.41694203417  61.15332
6638.65099803818  51.86935
6638.88505404219  51.47055
6639.1191100462  74.87765
6639.35316605021  70.54298
6639.58722205423  48.23497
6639.82127805824  53.65785
6640.05533406225  91.92426
6640.28939006626  91.21625
6640.52344607027  54.40309
6640.75750207428  42.10518
6640.9915580783  68.2969
6641.22561408231  54.43753
6641.45967008632  61.77935
6641.69372609033  72.63181
6641.92778209434  45.11089
6642.16183809835  31.78542
6642.39589410237  70.34263
6642.62995010638  65.90932
6642.86400611039  75.09614
6643.0980621144  31.70378
6643.33211811841  50.50269
6643.56617412242  50.34525
6643.80023012644  73.06034
6644.03428613045  72.20116
6644.26834213446  58.03693
6644.50239813847  12.06532
6644.73645414248  21.92061
6644.9705101465  50.99499
6645.20456615051  56.67361
6645.43862215452  39.01942
6645.67267815853  41.03226
6645.90673416254  31.99537
6646.14079016655  51.78185
6646.37484617056  80.92854
6646.60890217458  74.0353
6646.84295817859  56.47877
6647.0770141826  46.20434
6647.31107018661  45.91153
6647.54512619062  46.04416
6647.77918219463  50.31969
6648.01323819865  48.38072
6648.24729420266  17.32611
6648.48135020667  57.22059
6648.71540621068  48.88017
6648.94946221469  57.39368
6649.1835182187  35.70193
6649.41757422272  45.54554
6649.65163022673  59.1148
6649.88568623074  47.59114
6650.11974223475  44.92212
6650.35379823876  42.92985
6650.58785424278  33.77462
6650.82191024679  40.73948
6651.0559662508  48.59574
6651.29002225481  37.83496
6651.52407825882  46.97189
6651.75813426284  84.70268
6651.99219026685  47.90831
6652.22624627086  30.53033
6652.46030227487  49.60186
6652.69435827888  58.06826
6652.92841428289  24.41405
6653.1624702869  28.16096
6653.39652629092  65.6902
6653.63058229493  61.90714
6653.86463829894  76.06068
6654.09869430295  87.58148
6654.33275030696  59.61684
6654.56680631097  55.84864
6654.80086231499  53.72784
6655.034918319  28.26175
6655.26897432301  40.42368
6655.50303032702  47.86654
6655.73708633103  34.68084
6655.97114233505  55.97068
6656.20519833906  37.54515
6656.43925434307  49.35103
6656.67331034708  83.00778
6656.90736635109  57.44297
6657.1414223551  29.52383
6657.37547835912  35.08211
6657.60953436313  56.43647
6657.84359036714  19.53479
6658.07764637115  12.37064
6658.31170237516  15.31553
6658.54575837917  7.187547
6658.77981438319  34.87548
6659.0138703872  55.73883
6659.24792639121  35.95074
6659.48198239522  70.8123
6659.71603839923  44.88023
6659.95009440324  62.17478
6660.18415040726  33.87441
6660.41820641127  18.07546
6660.65226241528  45.83445
6660.88631841929  52.20173
6661.1203744233  10.74705
6661.35443042731  53.06246
6661.58848643133  31.65252
6661.82254243534  35.59836
6662.05659843935  30.82405
6662.29065444336  53.27682
6662.52471044737  29.67987
6662.75876645138  2.600258
6662.9928224554  15.12547
6663.22687845941  64.07863
6663.46093446342  36.19345
6663.69499046743  63.92007
6663.92904647144  27.47436
6664.16310247545  12.33099
6664.39715847947  42.86523
6664.63121448348  43.85076
6664.86527048749  37.78367
6665.0993264915  53.7751
6665.33338249551  39.52051
6665.56743849953  4.493818
6665.80149450354  42.23673
6666.03555050755  62.97853
6666.26960651156  34.76487
6666.50366251557  45.41745
6666.73771851958  67.65497
6666.97177452359  28.90321
6667.20583052761  22.09048
6667.43988653162  4.247986
6667.67394253563  0.4373958
6667.90799853964  18.73921
6668.14205454365  36.31898
6668.37611054766  37.01033
6668.61016655168  41.66747
6668.84422255569  37.90308
6669.0782785597  26.6324
6669.31233456371  10.47653
6669.54639056772  33.90339
6669.78044657173  35.44968
6670.01450257575  22.32204
6670.24855857976  44.64971
6670.48261458377  25.36179
6670.71667058778  44.30343
6670.95072659179  35.16525
6671.18478259581  51.40405
6671.41883859982  42.21938
6671.65289460383  30.35782
6671.88695060784  47.52793
6672.12100661185  35.88873
6672.35506261587  41.26968
6672.58911861988  11.37146
6672.82317462389  30.37614
6673.0572306279  16.69694
6673.29128663191  34.49618
6673.52534263592  25.06882
6673.75939863993  40.72335
6673.99345464395  9.542889
6674.22751064796  4.246301
6674.46156665197  -3.942238
6674.69562265598  31.73595
6674.92967865999  32.8857
6675.163734664  2.62137
6675.39779066802  14.88947
6675.63184667203  38.33396
6675.86590267604  24.43883
6676.09995868005  -13.8389
6676.33401468406  5.794066
6676.56807068808  9.843953
6676.80212669209  25.28791
6677.0361826961  9.504668
6677.27023870011  15.38852
6677.50429470412  2.451901
6677.73835070813  -30.5977
6677.97240671215  4.436069
6678.20646271616  18.21822
6678.44051872017  28.33221
6678.67457472418  3.392643
6678.90863072819  -5.489063
6679.1426867322  17.36984
6679.37674273622  18.54163
6679.61079874023  41.13834
6679.84485474424  3.722015
6680.07891074825  20.8138
6680.31296675226  8.712591
6680.54702275627  3.316242
6680.78107876029  11.12815
6681.0151347643  17.73211
6681.24919076831  -6.211915
6681.48324677232  17.75839
6681.71730277633  20.55303
6681.95135878034  30.05061
6682.18541478436  22.06272
6682.41947078837  -11.22083
6682.65352679238  11.79103
6682.88758279639  49.4701
6683.1216388004  21.70986
6683.35569480441  -2.959536
6683.58975080843  11.35237
6683.82380681244  8.123482
6684.05786281645  -17.89774
6684.29191882046  -20.87934
6684.52597482447  -5.398437
6684.76003082848  16.42143
6684.99408683249  28.03046
6685.22814283651  -15.40908
6685.46219884052  -8.20371
6685.69625484453  19.5043
6685.93031084854  20.80781
6686.16436685255  35.66706
6686.39842285657  14.521
6686.63247886058  17.28768
6686.86653486459  -2.322394
6687.1005908686  -12.73321
6687.33464687261  -32.58043
6687.56870287662  -3.064246
6687.80275888064  16.45118
6688.03681488465  -10.67298
6688.27087088866  -23.31697
6688.50492689267  34.66635
6688.73898289668  22.78585
6688.97303890069  14.57222
6689.20709490471  -10.7622
6689.44115090872  6.87417
6689.67520691273  9.957431
6689.90926291674  4.336553
6690.14331892075  45.57423
6690.37737492476  64.57146
6690.61143092878  40.30859
6690.84548693279  7.750027
6691.0795429368  -10.1843
6691.31359894081  5.458796
6691.54765494482  -5.506158
6691.78171094883  39.21851
6692.01576695285  20.90762
6692.24982295686  -16.39028
6692.48387896087  -0.3583666
