6453.0960894474  83.84926
6453.33012641003  90.3219
6453.56416337266  85.43243
6453.79820033529  85.62215
6454.03223729792  58.76253
6454.26627426055  85.79926
6454.50031122318  108.7429
6454.73434818581  57.31415
6454.96838514844  57.57402
6455.20242211107  65.26331
6455.4364590737  17.92201
6455.67049603633  66.79789
6455.90453299896  90.87476
6456.13856996159  92.57197
6456.37260692422  85.82661
6456.60664388685  54.36914
6456.84068084948  73.74268
6457.07471781212  111.948
6457.30875477474  81.81248
6457.54279173737  76.27721
6457.7768287  61.17773
6458.01086566263  59.46388
6458.24490262527  84.42754
6458.47893958789  66.69693
6458.71297655053  66.50894
6458.94701351316  85.53056
6459.18105047578  89.65685
6459.41508743842  118.1463
6459.64912440105  101.4944
6459.88316136368  94.58676
6460.11719832631  147.2381
6460.35123528894  76.31226
6460.58527225157  71.44643
6460.8193092142  69.44353
6461.05334617683  59.99768
6461.28738313946  96.47173
6461.52142010209  117.181
6461.75545706472  113.6738
6461.98949402735  123.4618
6462.22353098998  134.1055
6462.45756795261  77.11777
6462.69160491524  51.85968
6462.92564187787  90.04568
6463.1596788405  112.5289
6463.39371580313  103.8838
6463.62775276576  86.50855
6463.86178972839  140.5428
6464.09582669102  89.92753
6464.32986365365  31.83141
6464.56390061628  55.62666
6464.79793757891  108.5704
6465.03197454154  136.7767
6465.26601150417  114.2938
6465.5000484668  110.5926
6465.73408542943  78.55019
6465.96812239206  122.7689
6466.20215935469  89.55606
6466.43619631732  72.34104
6466.67023327995  102.2148
6466.90427024258  131.3204
6467.13830720521  102.8567
6467.37234416784  104.2973
6467.60638113047  145.7816
6467.8404180931  153.4468
6468.07445505573  117.8876
6468.30849201836  119.589
6468.54252898099  131.6055
6468.77656594362  105.1286
6469.01060290625  143.6001
6469.24463986888  145.1754
6469.47867683151  136.9811
6469.71271379414  132.1756
6469.94675075677  102.9788
6470.1807877194  114.4796
6470.41482468203  141.2316
6470.64886164467  134.356
6470.8828986073  127.2818
6471.11693556992  147.7314
6471.35097253255  116.8719
6471.58500949518  90.09438
6471.81904645782  100.5787
6472.05308342044  86.14439
6472.28712038308  123.8139
6472.52115734571  156.5338
6472.75519430834  137.6752
6472.98923127097  127.6053
6473.22326823359  155.5824
6473.45730519623  147.01
6473.69134215886  126.6578
6473.92537912149  123.8432
6474.15941608412  127.3563
6474.39345304675  114.1777
6474.62749000938  132.5798
6474.86152697201  146.3673
6475.09556393464  130.247
6475.32960089727  126.1514
6475.5636378599  123.4847
6475.79767482253  125.3223
6476.03171178516  147.9112
6476.26574874779  169.9958
6476.49978571042  166.1193
6476.73382267305  180.1373
6476.96785963568  136.4407
6477.20189659831  149.1371
6477.43593356094  180.7979
6477.66997052357  156.0882
6477.9040074862  164.8146
6478.13804444883  174.1868
6478.37208141146  179.6332
6478.60611837409  160.6617
6478.84015533672  117.1873
6479.07419229935  134.4925
6479.30822926198  156.9103
6479.54226622461  139.145
6479.77630318724  160.0356
6480.01034014987  172.6164
6480.2443771125  153.0364
6480.47841407513  156.3922
6480.71245103776  101.6784
6480.94648800039  130.106
6481.18052496302  169.3613
6481.41456192565  145.7327
6481.64859888828  156.2927
6481.88263585091  179.9615
6482.11667281354  191.5979
6482.35070977617  189.2938
6482.5847467388  194.2315
6482.81878370143  203.1817
6483.05282066406  157.4402
6483.28685762669  149.3913
6483.52089458932  205.2308
6483.75493155195  206.6797
6483.98896851458  170.9708
6484.22300547721  142.3189
6484.45704243984  150.3259
6484.69107940248  159.7866
6484.92511636511  170.3694
6485.15915332773  182.8638
6485.39319029037  187.2063
6485.627227253  170.8812
6485.86126421563  155.9612
6486.09530117826  171.6917
6486.32933814089  173.3891
6486.56337510352  182.8391
6486.79741206615  206.0834
6487.03144902878  164.3109
6487.26548599141  165.5643
6487.49952295404  175.0923
6487.73355991667  136.6859
6487.9675968793  173.1537
6488.20163384193  163.3649
6488.43567080456  131.3975
6488.66970776719  174.2494
6488.90374472982  187.573
6489.13778169245  209.0141
6489.37181865508  185.8135
6489.60585561771  189.0325
6489.83989258034  141.4069
6490.07392954297  150.4898
6490.3079665056  211.7801
6490.54200346823  164.5435
6490.77604043086  156.6503
6491.01007739349  167.044
6491.24411435612  172.2545
6491.47815131875  179.4554
6491.71218828138  155.3339
6491.94622524401  181.4351
6492.18026220664  140.0681
6492.41429916927  150.9971
6492.6483361319  183.5654
6492.88237309453  181.8036
6493.11641005716  207.9687
6493.35044701979  167.0265
6493.58448398242  178.4416
6493.81852094505  190.6849
6494.05255790768  166.8718
6494.28659487031  199.9978
6494.52063183294  174.4314
6494.75466879557  127.4385
6494.9887057582  183.6242
6495.22274272083  198.1019
6495.45677968346  190.4405
6495.69081664609  153.2236
6495.92485360872  183.986
6496.15889057135  196.0211
6496.39292753398  157.6956
6496.62696449661  153.5413
6496.86100145924  138.3547
6497.09503842187  184.5407
6497.3290753845  159.8813
6497.56311234714  169.6954
6497.79714930977  179.6964
6498.03118627239  194.6655
6498.26522323503  188.2275
6498.49926019765  179.3372
6498.73329716029  210.6932
6498.96733412292  210.8124
6499.20137108555  162.9314
6499.43540804818  123.8342
6499.66944501081  179.2907
6499.90348197344  196.1056
6500.13751893607  188.2446
6500.3715558987  172.564
6500.60559286133  221.6341
6500.83962982396  226.9529
6501.07366678659  204.8221
6501.30770374922  160.3287
6501.54174071185  167.117
6501.77577767448  170.6694
6502.00981463711  146.0015
6502.24385159974  158.2051
6502.47788856237  202.2622
6502.711925525  206.1253
6502.94596248763  207.0251
6503.17999945026  173.1466
6503.41403641289  140.3734
6503.64807337552  189.5469
6503.88211033815  169.7416
6504.11614730078  141.3168
6504.35018426341  159.5162
6504.58422122604  199.6014
6504.81825818867  197.1715
6505.0522951513  191.1792
6505.28633211393  167.5239
6505.52036907656  207.8338
6505.75440603919  208.9629
6505.98844300182  195.7184
6506.22247996445  194.0049
6506.45651692708  183.5375
6506.69055388971  178.3507
6506.92459085234  171.8059
6507.15862781497  181.0956
6507.3926647776  189.5172
6507.62670174023  170.3403
6507.86073870286  166.3848
6508.09477566549  207.885
6508.32881262812  214.9368
6508.56284959075  179.4288
6508.79688655338  204.8242
6509.03092351601  203.8711
6509.26496047864  183.3288
6509.49899744127  186.9262
6509.7330344039  203.132
6509.96707136654  208.3284
6510.20110832916  196.868
6510.43514529179  183.9808
6510.66918225443  218.7794
6510.90321921706  203.7252
6511.13725617969  216.2445
6511.37129314232  196.7253
6511.60533010495  190.0196
6511.83936706758  225.1046
6512.07340403021  194.9034
6512.30744099284  176.3714
6512.54147795547  216.8226
6512.7755149181  234.3396
6513.00955188073  200.4679
6513.24358884336  168.401
6513.47762580599  187.0942
6513.71166276862  199.781
6513.94569973125  221.5171
6514.17973669388  215.8099
6514.41377365651  189.9203
6514.64781061914  187.4819
6514.88184758177  187.2304
6515.1158845444  184.5249
6515.34992150703  189.7675
6515.58395846966  205.9671
6515.81799543229  192.0703
6516.05203239492  183.8171
6516.28606935755  222.8398
6516.52010632018  229.4309
6516.75414328281  215.8381
6516.98818024544  183.6619
6517.22221720807  198.5773
6517.4562541707  201.6844
6517.69029113333  190.4488
6517.92432809596  213.6358
6518.15836505859  205.3893
6518.39240202122  211.5132
6518.62643898385  232.4993
6518.86047594648  189.9891
6519.09451290911  176.8869
6519.32854987174  214.9664
6519.56258683437  248.8589
6519.796623797  216.7654
6520.03066075963  196.3185
6520.26469772226  207.53
6520.49873468489  218.854
6520.73277164752  217.1758
6520.96680861015  189.7152
6521.20084557278  224.2215
6521.43488253541  219.8493
6521.66891949804  213.7227
6521.90295646067  223.3437
6522.1369934233  218.5213
6522.37103038593  233.4536
6522.60506734856  152.0858
6522.83910431119  125.4386
6523.07314127382  174.129
6523.30717823645  228.4203
6523.54121519909  230.8085
6523.77525216172  223.6109
6524.00928912435  243.0959
6524.24332608698  206.7404
6524.4773630496  218.2315
6524.71140001224  257.4436
6524.94543697487  225.5123
6525.1794739375  212.2231
6525.41351090013  261.9044
6525.64754786276  257.0071
6525.88158482539  218.4773
6526.11562178802  228.9928
6526.34965875065  209.5091
6526.58369571328  202.0875
6526.81773267591  205.0806
6527.05176963854  246.5147
6527.28580660117  225.13
6527.5198435638  193.8177
6527.75388052643  232.2448
6527.98791748906  235.3817
6528.22195445169  202.8977
6528.45599141432  200.6129
6528.69002837695  223.139
6528.92406533958  260.6695
6529.15810230221  220.4308
6529.39213926484  209.863
6529.62617622747  249.7219
6529.8602131901  220.4139
6530.09425015273  194.9386
6530.32828711536  227.9255
6530.56232407799  257.5328
6530.79636104062  253.2082
6531.03039800325  239.1166
6531.26443496588  229.8108
6531.49847192851  192.8169
6531.73250889114  190.7057
6531.96654585377  240.176
6532.2005828164  206.5905
6532.43461977903  234.2355
6532.66865674166  267.3157
6532.90269370429  271.3455
6533.13673066692  273.5636
6533.37076762955  234.6636
6533.60480459218  264.0064
6533.83884155481  224.5573
6534.07287851744  195.0485
6534.30691548007  197.9038
6534.5409524427  247.546
6534.77498940533  262.4783
6535.00902636796  246.907
6535.24306333059  216.1564
6535.47710029322  260.0999
6535.71113725585  219.0741
6535.94517421849  247.9781
6536.17921118111  286.244
6536.41324814375  237.6921
6536.64728510637  234.4047
6536.88132206901  261.0526
6537.11535903163  239.4781
6537.34939599427  216.5009
6537.5834329569  243.2321
6537.81746991953  251.1007
6538.05150688216  248.8039
6538.28554384479  261.6794
6538.51958080742  265.8992
6538.75361777005  304.8329
6538.98765473268  283.9535
6539.22169169531  248.0965
6539.45572865794  263.1455
6539.68976562057  244.8296
6539.9238025832  271.079
6540.15783954583  266.046
6540.39187650846  270.5232
6540.62591347109  262.6747
6540.85995043372  289.2223
6541.09398739635  286.2099
6541.32802435898  268.301
6541.56206132161  301.9249
6541.79609828424  255.917
6542.03013524687  274.6291
6542.2641722095  254.3395
6542.49820917213  255.9083
6542.73224613476  309.9514
6542.96628309739  300.4021
6543.20032006002  311.6913
6543.43435702265  296.205
6543.66839398528  285.9036
6543.90243094791  285.3854
6544.13646791054  295.339
6544.37050487317  308.3279
6544.6045418358  322.0773
6544.83857879843  320.7071
6545.07261576106  331.2984
6545.30665272369  310.2982
6545.54068968632  300.0643
6545.77472664895  341.9523
6546.00876361158  363.731
6546.24280057421  335.099
6546.47683753684  289.4385
6546.71087449947  307.8565
6546.9449114621  308.8256
6547.17894842473  324.6273
6547.41298538736  355.9379
6547.64702234999  336.4968
6547.88105931262  354.9618
6548.11509627525  349.8513
6548.34913323788  330.9287
6548.58317020051  359.7188
6548.81720716315  316.1883
6549.05124412577  317.9551
6549.2852810884  357.3882
6549.51931805104  369.3404
6549.75335501366  369.2837
6549.9873919763  367.8291
6550.22142893892  357.2119
6550.45546590156  307.4016
6550.68950286419  363.6617
6550.92353982681  335.5979
6551.15757678945  379.5474
6551.39161375208  409.5307
6551.62565071471  421.5102
6551.85968767734  361.7849
6552.09372463997  379.806
6552.3277616026  377.3646
6552.56179856523  369.8055
6552.79583552786  346.0575
6553.02987249049  396.024
6553.26390945312  400.7366
6553.49794641575  437.0314
6553.73198337838  386.5005
6553.96602034101  401.8524
6554.20005730364  416.4222
6554.43409426627  396.9023
6554.6681312289  441.2673
6554.90216819153  446.4107
6555.13620515416  430.3335
6555.37024211679  471.468
6555.60427907942  451.9214
6555.83831604205  406.3305
6556.07235300468  411.4306
6556.30638996731  417.3579
6556.54042692994  406.6022
6556.77446389257  380.8374
6557.0085008552  386.488
6557.24253781783  421.496
6557.47657478046  403.1412
6557.71061174309  404.2814
6557.94464870572  418.7254
6558.17868566835  379.7895
6558.41272263098  411.9848
6558.64675959361  409.06
6558.88079655624  368.7079
6559.11483351887  381.4799
6559.3488704815  389.4046
6559.58290744413  376.976
6559.81694440676  346.1287
6560.05098136939  343.8477
6560.28501833202  347.9675
6560.51905529465  385.89
6560.75309225728  373.5
6560.98712921991  334.0038
6561.22116618254  391.6954
6561.45520314517  359.4156
6561.68924010781  341.8735
6561.92327707043  346.1787
6562.15731403306  340.3594
6562.39135099569  345.6537
6562.62538795833  359.9802
6562.85942492096  383.8455
6563.09346188359  383.8933
6563.32749884622  349.7511
6563.56153580885  357.2902
6563.79557277148  382.14
6564.0296097341  354.4062
6564.26364669674  336.8956
6564.49768365937  342.5567
6564.731720622  317.1342
6564.96575758463  352.0098
6565.19979454726  304.8426
6565.43383150989  385.292
6565.66786847252  364.4694
6565.90190543515  347.6285
6566.13594239778  341.6272
6566.36997936041  345.8826
6566.60401632304  371.6535
6566.83805328567  368.1168
6567.0720902483  307.2252
6567.30612721093  334.6565
6567.54016417356  372.716
6567.77420113619  348.6721
6568.00823809882  316.5408
6568.24227506145  321.3754
6568.47631202408  334.758
6568.71034898671  302.7513
6568.94438594934  341.4307
6569.17842291197  310.8122
6569.4124598746  354.8113
6569.64649683723  375.8399
6569.88053379986  340.0445
6570.11457076249  296.261
6570.34860772512  325.4081
6570.58264468775  330.7502
6570.81668165038  300.6398
6571.05071861301  307.7775
6571.28475557564  328.0869
6571.51879253827  349.0589
6571.7528295009  361.8558
6571.98686646353  340.4786
6572.22090342616  293.823
6572.45494038879  303.0677
6572.68897735142  327.7596
6572.92301431405  336.4785
6573.15705127668  300.8336
6573.39108823931  317.8982
6573.62512520194  311.2866
6573.85916216457  290.2273
6574.0931991272  306.8664
6574.32723608983  296.1646
6574.56127305246  297.5758
6574.79531001509  319.8402
6575.02934697772  307.1587
6575.26338394036  299.9102
6575.49742090298  272.9627
6575.73145786562  264.1945
6575.96549482824  271.5341
6576.19953179087  277.4759
6576.43356875351  300.6345
6576.66760571613  274.4515
6576.90164267877  295.4125
6577.1356796414  312.9966
6577.36971660403  284.6856
6577.60375356666  276.8305
6577.83779052929  281.2781
6578.07182749192  271.7206
6578.30586445455  312.1197
6578.53990141718  319.6717
6578.77393837981  268.5968
6579.00797534244  282.406
6579.24201230507  277.088
6579.4760492677  287.5326
6579.71008623033  302.1566
6579.94412319296  290.8951
6580.17816015559  283.5365
6580.41219711822  273.7636
6580.64623408085  283.9627
6580.88027104348  263.946
6581.11430800611  253.6177
6581.34834496874  296.3007
6581.58238193137  291.9665
6581.816418894  290.5629
6582.05045585663  300.3068
6582.28449281926  303.322
6582.51852978189  276.74
6582.75256674452  295.4169
6582.98660370715  283.3247
6583.22064066978  246.4064
6583.45467763241  278.4814
6583.68871459504  250.4125
6583.92275155767  253.472
6584.1567885203  243.5775
6584.39082548293  244.6039
6584.62486244556  266.2432
6584.85889940819  262.4886
6585.09293637082  229.4385
6585.32697333345  227.7775
6585.56101029608  269.8109
6585.79504725871  298.151
6586.02908422134  258.7339
6586.26312118397  254.8413
6586.4971581466  239.821
6586.73119510923  236.9964
6586.96523207186  257.2354
6587.19926903449  257.1961
6587.43330599712  248.5008
6587.66734295975  244.1791
6587.90137992238  248.1197
6588.13541688501  269.7029
6588.36945384764  280.18
6588.60349081027  270.5029
6588.83752777291  265.1311
6589.07156473553  284.814
6589.30560169816  278.621
6589.5396386608  246.8112
6589.77367562343  224.9551
6590.00771258606  243.1442
6590.24174954868  289.7239
6590.47578651132  290.3719
6590.70982347395  260.3221
6590.94386043658  282.2459
6591.17789739921  259.7449
6591.41193436184  261.7243
6591.64597132447  241.8391
6591.8800082871  224.7338
6592.11404524973  290.6887
6592.34808221236  268.5464
6592.58211917499  248.8216
6592.81615613762  253.4904
6593.05019310025  269.7566
6593.28423006288  229.9699
6593.51826702551  247.6032
6593.75230398814  264.2875
6593.98634095077  220.1319
6594.2203779134  253.6766
6594.45441487603  226.3299
6594.68845183866  213.7961
6594.92248880129  220.494
6595.15652576392  233.7284
6595.39056272655  254.7401
6595.62459968918  271.0035
6595.85863665181  245.0931
6596.09267361444  252.1241
6596.32671057707  267.4317
6596.5607475397  248.7865
6596.79478450233  220.0058
6597.02882146496  199.9369
6597.26285842759  226.6503
6597.49689539022  224.3008
6597.73093235285  225.174
6597.96496931548  216.7833
6598.19900627811  277.5645
6598.43304324074  266.3236
6598.66708020337  233.5222
6598.901117166  233.8593
6599.13515412863  249.6113
6599.36919109126  213.0067
6599.60322805389  215.736
6599.83726501652  235.4425
6600.07130197915  224.3193
6600.30533894178  249.9621
6600.53937590441  246.567
6600.77341286704  248.2079
6601.00744982968  246.8815
6601.2414867923  219.2621
6601.47552375493  211.7018
6601.70956071757  264.4053
6601.94359768019  271.1772
6602.17763464283  239.9218
6602.41167160546  209.5717
6602.64570856809  206.6797
6602.87974553072  229.5026
6603.11378249335  262.0278
6603.34781945598  225.4095
6603.58185641861  252.3089
6603.81589338124  222.1519
6604.04993034387  213.7309
6604.2839673065  223.7001
6604.51800426913  238.2531
6604.75204123176  285.045
6604.98607819439  293.785
6605.22011515702  272.2021
6605.45415211965  243.6561
6605.68818908228  245.6598
6605.92222604491  256.6646
6606.15626300754  257.5926
6606.39029997017  244.2544
6606.6243369328  244.9625
6606.85837389543  228.5784
6607.09241085806  211.5035
6607.32644782069  252.9254
6607.56048478332  275.2425
6607.79452174595  259.5857
6608.02855870858  227.4662
6608.26259567121  223.3626
6608.49663263384  235.1628
6608.73066959647  212.9981
6608.9647065591  203.6546
6609.19874352173  210.8158
6609.43278048436  182.3242
6609.66681744699  230.5219
6609.90085440962  225.2632
6610.13489137225  199.1576
6610.36892833488  244.1636
6610.60296529751  223.0743
6610.83700226014  216.6443
6611.07103922277  202.485
6611.3050761854  209.1354
6611.53911314803  238.264
6611.77315011066  224.6021
6612.00718707329  231.6805
6612.24122403592  229.8593
6612.47526099855  251.6575
6612.70929796118  216.2976
6612.94333492381  226.6843
6613.17737188644  254.4613
6613.41140884907  234.9601
6613.6454458117  252.2113
6613.87948277433  223.4631
6614.11351973696  206.7865
6614.34755669959  204.16
6614.58159366222  210.6873
6614.81563062486  215.3604
6615.04966758749  226.5252
6615.28370455012  229.4603
6615.51774151275  215.4116
6615.75177847538  232.7006
6615.98581543801  239.0748
6616.21985240064  213.3438
6616.45388936327  188.8269
6616.6879263259  187.4968
6616.92196328853  223.1496
6617.15600025116  241.8995
6617.39003721379  219.9173
6617.62407417642  224.3367
6617.85811113905  257.0826
6618.09214810168  236.4827
6618.32618506431  208.4233
6618.56022202694  202.5858
6618.79425898957  233.416
6619.0282959522  213.1327
6619.26233291483  218.1469
6619.49636987746  210.2023
6619.73040684009  219.3858
6619.96444380272  219.4568
6620.19848076535  200.8257
6620.43251772798  181.1924
6620.66655469061  225.4066
6620.90059165324  233.962
6621.13462861587  195.1868
6621.3686655785  231.7032
6621.60270254113  221.5072
6621.83673950376  217.5938
6622.07077646639  201.6739
6622.30481342902  169.5051
6622.53885039165  185.7082
6622.77288735428  184.8712
6623.00692431691  173.2563
6623.24096127954  172.989
6623.47499824217  191.1734
6623.7090352048  217.2831
6623.94307216743  192.081
6624.17710913006  169.0777
6624.41114609269  226.1276
6624.64518305532  231.6241
6624.87922001795  210.3127
6625.11325698058  188.6398
6625.34729394321  181.8116
6625.58133090584  195.5349
6625.81536786847  231.7315
6626.0494048311  240.0297
6626.28344179373  196.0192
6626.51747875636  213.1095
6626.75151571899  214.539
6626.98555268163  217.9074
6627.21958964425  141.3324
6627.45362660689  193.0958
6627.68766356952  221.3356
6627.92170053215  227.756
6628.15573749478  200.3305
6628.38977445741  183.8733
6628.62381142004  162.3048
6628.85784838267  156.2806
6629.0918853453  210.4467
6629.32592230793  198.8218
6629.55995927056  197.5619
6629.79399623319  226.7718
6630.02803319582  204.0307
6630.26207015845  202.239
6630.49610712108  188.584
6630.73014408371  177.1711
6630.96418104634  184.855
6631.19821800897  187.5586
6631.4322549716  236.2056
6631.66629193423  235.3068
6631.90032889686  201.0893
6632.13436585949  178.4042
6632.36840282212  166.1702
6632.60243978475  149.0309
6632.83647674738  171.5114
6633.07051371001  175.2048
6633.30455067264  152.8002
6633.53858763527  173.6744
6633.7726245979  233.41
6634.00666156053  204.8043
6634.24069852316  146.9124
6634.47473548579  211.3012
6634.70877244842  204.7939
6634.94280941105  199.2858
6635.17684637368  167.2647
6635.41088333631  187.2921
6635.64492029894  160.8012
6635.87895726157  166.9063
6636.1129942242  181.8122
6636.34703118683  179.4213
6636.58106814946  186.6184
6636.81510511209  161.119
6637.04914207472  204.3009
6637.28317903735  143.9592
6637.51721599998  162.5007
6637.75125296261  205.8211
6637.98528992524  184.0333
6638.21932688787  194.2434
6638.4533638505  208.1967
6638.68740081313  179.3321
6638.92143777576  132.669
6639.15547473839  129.5685
6639.38951170102  211.6867
6639.62354866365  182.314
6639.85758562629  135.6107
6640.09162258891  156.7734
6640.32565955155  159.1911
6640.55969651417  151.7501
6640.79373347681  171.1505
6641.02777043943  206.4608
6641.26180740207  179.3711
6641.4958443647  141.9068
6641.72988132733  178.2259
6641.96391828996  203.6391
6642.19795525259  196.191
6642.43199221522  201.1249
6642.66602917785  215.5451
6642.90006614048  180.2906
6643.13410310311  173.78
6643.36814006574  185.0568
6643.60217702837  166.163
6643.836213991  167.2957
6644.07025095363  197.4924
6644.30428791626  183.7083
6644.53832487889  180.4651
6644.77236184152  188.0892
6645.00639880415  188.7265
6645.24043576678  165.2436
6645.47447272941  164.834
6645.70850969204  203.0311
6645.94254665467  152.3477
6646.1765836173  138.4143
6646.41062057993  149.9147
6646.64465754256  154.0213
6646.87869450519  140.5908
6647.11273146782  135.4466
6647.34676843045  150.0603
6647.58080539308  156.2983
6647.81484235571  154.1048
6648.04887931834  157.2419
6648.28291628097  118.3054
6648.5169532436  124.8199
6648.75099020623  169.4744
6648.98502716886  155.3456
6649.21906413149  151.4459
6649.45310109412  179.6849
6649.68713805675  154.1107
6649.92117501938  156.9115
6650.15521198201  146.7794
6650.38924894464  151.1433
6650.62328590727  164.8195
6650.8573228699  163.5475
6651.09135983253  148.8918
6651.32539679516  161.61
6651.55943375779  166.9684
6651.79347072042  127.2989
6652.02750768305  92.35336
6652.26154464568  168.3071
6652.49558160831  141.7579
6652.72961857095  138.736
6652.96365553357  162.9284
6653.1976924962  159.9323
6653.43172945884  169.1837
6653.66576642146  141.7861
6653.8998033841  143.916
6654.13384034672  158.7304
6654.36787730936  111.3792
6654.60191427199  107.4428
6654.83595123462  129.7332
6655.06998819725  169.9249
6655.30402515988  179.2012
6655.53806212251  150.5494
6655.77209908514  120.126
6656.00613604777  143.6662
6656.2401730104  145.6608
6656.47420997303  119.3538
6656.70824693566  157.5174
6656.94228389829  149.3703
6657.17632086092  156.1097
6657.41035782355  175.6052
6657.64439478618  138.4752
6657.87843174881  117.7982
6658.11246871144  96.60781
6658.34650567407  106.2923
6658.5805426367  104.6859
6658.81457959933  118.3424
6659.04861656196  98.99416
6659.28265352459  114.2452
6659.51669048722  139.6626
6659.75072744985  132.7
6659.98476441248  83.85683
6660.21880137511  130.0543
6660.45283833774  149.7233
6660.68687530037  153.0298
6660.920912263  155.2887
6661.15494922563  155.7359
6661.38898618826  141.4237
6661.62302315089  98.15737
6661.85706011352  84.94026
6662.09109707615  133.1298
6662.32513403878  127.8567
6662.55917100141  99.15974
6662.79320796404  139.8113
6663.02724492667  105.579
6663.2612818893  138.0799
6663.49531885193  151.5949
6663.72935581456  138.2721
6663.96339277719  124.0663
6664.19742973982  125.5232
6664.43146670245  106.5157
6664.66550366508  96.6945
6664.89954062771  101.5348
6665.13357759034  100.634
6665.36761455297  79.5947
6665.6016515156  101.6089
6665.83568847823  76.76798
6666.06972544086  87.24698
6666.30376240349  79.12772
6666.53779936612  98.08661
6666.77183632875  90.07867
6667.00587329139  104.2824
6667.23991025401  94.25437
6667.47394721664  76.31432
6667.70798417928  100.096
6667.94202114191  113.54
6668.17605810454  73.48305
6668.41009506716  88.7942
6668.6441320298  112.7924
6668.87816899243  107.1726
6669.11220595506  102.7902
6669.34624291769  92.64866
6669.58027988032  91.71101
6669.81431684295  60.12428
6670.04835380558  77.07436
6670.28239076821  66.9988
6670.51642773084  82.47244
6670.75046469347  77.16071
6670.9845016561  99.43896
6671.21853861873  62.37188
6671.45257558136  95.06873
6671.68661254399  110.4543
6671.92064950662  49.87623
6672.15468646925  98.78368
6672.38872343188  84.25111
6672.62276039451  73.32769
6672.85679735714  97.46503
6673.09083431977  93.27426
6673.3248712824  107.17
6673.55890824503  82.06399
6673.79294520766  61.44853
6674.02698217029  67.96446
6674.26101913292  121.3884
6674.49505609555  83.07336
6674.72909305818  64.83468
6674.96313002081  71.65034
6675.19716698344  67.21114
6675.43120394607  64.61292
6675.6652409087  60.7584
6675.89927787133  57.27514
6676.13331483396  57.43148
6676.36735179659  56.4865
6676.60138875922  50.57549
6676.83542572185  50.07837
6677.06946268448  79.06808
6677.30349964711  51.67828
6677.53753660974  35.1803
6677.77157357237  17.97548
6678.00561053501  36.69165
6678.23964749763  29.28524
6678.47368446026  69.88275
6678.70772142289  56.03765
6678.94175838552  8.879639
6679.17579534815  54.09449
6679.40983231078  44.50869
6679.64386927342  29.96176
6679.87790623605  45.7069
6680.11194319867  46.70052
6680.34598016131  37.53625
6680.58001712394  5.809324
6680.81405408657  41.1985
6681.04809104919  63.76713
6681.28212801183  29.29704
6681.51616497446  60.70673
6681.75020193709  62.95253
6681.98423889972  57.77832
6682.21827586235  42.72767
6682.45231282498  54.77914
6682.68634978761  41.51738
6682.92038675024  41.94545
6683.15442371287  38.09797
6683.3884606755  72.07207
6683.62249763813  43.70255
6683.85653460076  22.21433
6684.09057156339  2.488064
6684.32460852602  58.18711
6684.55864548865  50.52452
6684.79268245128  19.42189
6685.02671941391  18.658
6685.26075637654  22.33935
6685.49479333917  17.17095
6685.7288303018  48.13904
6685.96286726443  10.56823
6686.19690422706  15.53962
6686.43094118969  52.9749
6686.66497815232  55.1291
6686.89901511495  -4.502028
6687.13305207758  -2.339134
6687.36708904021  12.45243
6687.60112600284  36.1749
6687.83516296547  64.60326
6688.0691999281  55.24656
6688.30323689073  25.2492
6688.53727385336  17.60135
6688.77131081599  17.6269
6689.00534777862  21.7419
6689.23938474125  7.172088
6689.47342170388  9.129081
6689.70745866651  34.5811
6689.94149562914  23.41869
6690.17553259177  35.2839
6690.4095695544  -8.996751
6690.64360651703  5.765253
6690.87764347966  19.84454
6691.11168044229  40.8819
6691.34571740492  31.02805
6691.57975436755  4.288365
6691.81379133018  26.08419
6692.04782829281  -8.424312
6692.28186525544  -7.016766
6692.51590221807  30.52619
