6453.0394342466  18.34432
6453.27349215562  15.86369
6453.50755006464  22.93106
6453.74160797366  15.09714
6453.97566588268  25.48129
6454.2097237917  44.64849
6454.44378170072  43.21491
6454.67783960973  20.47466
6454.91189751875  23.57568
6455.14595542777  25.56895
6455.38001333679  0.9065171
6455.61407124581  22.83821
6455.84812915483  35.76924
6456.08218706385  20.87424
6456.31624497287  25.81591
6456.55030288189  31.18566
6456.78436079091  34.78336
6457.01841869993  37.81068
6457.25247660895  42.82896
6457.48653451796  34.29759
6457.72059242698  -1.213509
6457.954650336  -10.71007
6458.18870824502  27.04512
6458.42276615404  30.31883
6458.65682406306  8.051853
6458.89088197208  30.19514
6459.1249398811  28.90471
6459.35899779012  45.35948
6459.59305569914  36.92504
6459.82711360815  6.238422
6460.06117151718  38.85751
6460.29522942619  33.57803
6460.52928733522  18.7632
6460.76334524423  17.33242
6460.99740315325  14.29
6461.23146106227  15.5335
6461.46551897129  38.71748
6461.69957688031  48.05017
6461.93363478933  26.27581
6462.16769269835  37.38367
6462.40175060737  48.56152
6462.63580851639  40.98955
6462.86986642541  12.85976
6463.10392433443  11.08164
6463.33798224344  8.288494
6463.57204015246  47.55878
6463.80609806148  40.30039
6464.0401559705  30.92739
6464.27421387952  35.43679
6464.50827178854  20.35489
6464.74232969756  11.45325
6464.97638760658  40.56911
6465.2104455156  52.33593
6465.44450342462  15.31021
6465.67856133364  24.1686
6465.91261924266  22.5055
6466.14667715167  36.73258
6466.38073506069  29.69206
6466.61479296971  18.18477
6466.84885087873  43.03712
6467.08290878775  40.89389
6467.31696669677  41.50536
6467.55102460579  67.80729
6467.78508251481  77.48376
6468.01914042383  47.63337
6468.25319833285  19.91905
6468.48725624187  33.06234
6468.72131415089  46.45754
6468.9553720599  35.4904
6469.18942996892  41.5151
6469.42348787794  40.57714
6469.65754578696  24.85974
6469.89160369598  27.132
6470.125661605  45.69274
6470.35971951402  43.34213
6470.59377742304  47.36237
6470.82783533206  75.48769
6471.06189324108  61.06083
6471.2959511501  23.95239
6471.53000905912  26.35316
6471.76406696813  34.63768
6471.99812487715  24.807
6472.23218278617  25.57115
6472.46624069519  36.34825
6472.70029860421  51.56413
6472.93435651323  44.17871
6473.16841442225  40.52551
6473.40247233127  33.39539
6473.63653024029  25.90788
6473.87058814931  28.56041
6474.10464605833  31.3132
6474.33870396735  51.36905
6474.57276187636  54.95729
6474.80681978538  51.43523
6475.0408776944  58.55854
6475.27493560342  57.84575
6475.50899351244  62.32716
6475.74305142146  66.11599
6475.97710933048  51.19133
6476.2111672395  38.17978
6476.44522514852  25.76374
6476.67928305754  42.53991
6476.91334096656  42.17575
6477.14739887558  21.45605
6477.38145678459  73.85404
6477.61551469361  45.49997
6477.84957260263  36.91069
6478.08363051165  52.05847
6478.31768842067  55.14943
6478.55174632969  60.66219
6478.78580423871  48.9794
6479.01986214773  33.99962
6479.25392005675  37.28815
6479.48797796577  47.43118
6479.72203587479  59.1329
6479.95609378381  73.68681
6480.19015169283  53.04089
6480.42420960185  42.10935
6480.65826751086  61.61564
6480.89232541988  54.53143
6481.1263833289  49.73817
6481.36044123792  55.6788
6481.59449914694  55.79734
6481.82855705596  56.67623
6482.06261496498  33.37479
6482.296672874  34.66747
6482.53073078302  56.67695
6482.76478869204  56.71548
6482.99884660106  50.01665
6483.23290451008  27.21143
6483.46696241909  46.64655
6483.70102032811  39.75599
6483.93507823713  32.53917
6484.16913614615  37.38393
6484.40319405517  57.89852
6484.63725196419  45.73114
6484.87130987321  45.2563
6485.10536778223  54.23151
6485.33942569125  44.78967
6485.57348360027  46.34507
6485.80754150929  55.94575
6486.0415994183  42.3236
6486.27565732732  42.75586
6486.50971523634  61.65219
6486.74377314536  66.81173
6486.97783105438  66.2332
6487.2118889634  41.79533
6487.44594687242  23.39352
6487.68000478144  21.41873
6487.91406269046  61.13519
6488.14812059948  39.4561
6488.3821785085  40.52987
6488.61623641752  47.71006
6488.85029432653  40.51533
6489.08435223555  57.2938
6489.31841014457  72.69481
6489.55246805359  54.77948
6489.78652596261  15.09016
6490.02058387163  20.84397
6490.25464178065  57.62535
6490.48869968967  69.42099
6490.72275759869  64.74166
6490.95681550771  54.11142
6491.19087341673  50.15994
6491.42493132574  42.65507
6491.65898923476  62.64905
6491.89304714378  47.84303
6492.1271050528  58.92113
6492.36116296182  35.16167
6492.59522087084  16.70247
6492.82927877986  50.80937
6493.06333668888  46.18808
6493.2973945979  59.4694
6493.53145250692  49.63881
6493.76551041594  40.7307
6493.99956832496  40.15156
6494.23362623398  31.74829
6494.46768414299  45.47914
6494.70174205201  58.04251
6494.93579996103  57.09579
6495.16985787005  53.71888
6495.40391577907  41.62201
6495.63797368809  47.22783
6495.87203159711  64.15417
6496.10608950613  58.1058
6496.34014741515  43.95597
6496.57420532417  65.69888
6496.80826323319  91.24451
6497.04232114221  50.16314
6497.27637905123  46.41373
6497.51043696025  56.32177
6497.74449486926  58.63462
6497.97855277828  63.69202
6498.2126106873  53.57712
6498.44666859632  50.76371
6498.68072650534  74.39649
6498.91478441436  66.12774
6499.14884232338  48.31336
6499.3829002324  55.59737
6499.61695814142  35.87287
6499.85101605044  64.06183
6500.08507395946  61.13745
6500.31913186848  58.2816
6500.55318977749  48.25565
6500.78724768651  82.13042
6501.02130559553  35.45672
6501.25536350455  47.99566
6501.48942141357  58.11599
6501.72347932259  54.68767
6501.95753723161  59.25656
6502.19159514063  48.65266
6502.42565304965  58.28856
6502.65971095867  54.58135
6502.89376886769  52.13311
6503.1278267767  44.6496
6503.36188468572  53.58319
6503.59594259474  86.47495
6503.83000050376  62.39048
6504.06405841278  56.52344
6504.2981163218  49.65306
6504.53217423082  66.10791
6504.76623213984  42.60053
6505.00029004886  49.15733
6505.23434795788  54.51581
6505.4684058669  67.8674
6505.70246377592  53.01463
6505.93652168493  53.74441
6506.17057959395  56.92908
6506.40463750297  75.91933
6506.63869541199  66.05639
6506.87275332101  55.75229
6507.10681123003  47.44978
6507.34086913905  69.13398
6507.57492704807  67.97982
6507.80898495709  53.26893
6508.04304286611  80.44077
6508.27710077513  75.12801
6508.51115868415  56.6352
6508.74521659316  71.51511
6508.97927450218  76.59755
6509.2133324112  64.25145
6509.44739032022  62.93294
6509.68144822924  77.96796
6509.91550613826  56.42502
6510.14956404728  56.55521
6510.3836219563  64.96433
6510.61767986532  56.69725
6510.85173777434  47.17078
6511.08579568336  53.03463
6511.31985359238  66.81894
6511.55391150139  56.19489
6511.78796941041  58.53772
6512.02202731943  75.47658
6512.25608522845  71.13896
6512.49014313747  56.55148
6512.72420104649  62.46151
6512.95825895551  71.21502
6513.19231686453  69.94175
6513.42637477355  68.92693
6513.66043268257  55.55524
6513.89449059159  68.06981
6514.12854850061  87.22489
6514.36260640963  46.56624
6514.59666431864  64.24014
6514.83072222767  91.77518
6515.06478013668  98.57622
6515.2988380457  73.62667
6515.53289595472  73.25396
6515.76695386374  69.83548
6516.00101177276  47.64095
6516.23506968178  43.09558
6516.4691275908  46.50946
6516.70318549982  52.66952
6516.93724340884  50.64477
6517.17130131786  59.33634
6517.40535922688  65.70139
6517.63941713589  51.72062
6517.87347504491  63.01653
6518.10753295393  74.03354
6518.34159086295  58.82528
6518.57564877197  85.56426
6518.80970668099  89.17907
6519.04376459001  49.87057
6519.27782249903  81.46912
6519.51188040805  83.21381
6519.74593831707  72.48518
6519.97999622609  72.32044
6520.21405413511  71.62533
6520.44811204412  69.25217
6520.68216995314  52.72373
6520.91622786216  45.47733
6521.15028577118  69.15045
6521.3843436802  68.19805
6521.61840158922  53.53045
6521.85245949824  60.67086
6522.08651740726  79.33145
6522.32057531628  70.81998
6522.5546332253  82.16593
6522.78869113432  70.11758
6523.02274904334  47.98777
6523.25680695235  67.18867
6523.49086486137  67.84406
6523.72492277039  56.30172
6523.95898067941  61.76888
6524.19303858843  60.93502
6524.42709649745  56.37484
6524.66115440647  50.63137
6524.89521231549  63.90598
6525.12927022451  66.2794
6525.36332813353  54.94608
6525.59738604255  85.10979
6525.83144395156  66.1824
6526.06550186058  72.62861
6526.2995597696  52.67615
6526.53361767862  60.48453
6526.76767558764  46.38816
6527.00173349666  52.06466
6527.23579140568  57.55126
6527.4698493147  62.81924
6527.70390722372  81.26237
6527.93796513274  79.71482
6528.17202304176  77.85465
6528.40608095078  76.97547
6528.6401388598  51.47378
6528.87419676881  72.84616
6529.10825467783  75.60521
6529.34231258685  62.89487
6529.57637049587  37.98242
6529.81042840489  33.60117
6530.04448631391  62.01376
6530.27854422293  84.71574
6530.51260213195  68.384
6530.74666004097  62.18185
6530.98071794999  83.54485
6531.21477585901  58.61774
6531.44883376802  47.33161
6531.68289167705  48.01493
6531.91694958606  56.66003
6532.15100749508  50.46496
6532.3850654041  59.03484
6532.61912331312  89.83642
6532.85318122214  88.89978
6533.08723913116  72.69218
6533.32129704018  82.83154
6533.5553549492  93.03788
6533.78941285822  50.06998
6534.02347076724  67.92963
6534.25752867626  83.47829
6534.49158658528  84.80039
6534.72564449429  73.83858
6534.95970240331  70.15028
6535.19376031233  55.56305
6535.42781822135  86.63873
6535.66187613037  89.68184
6535.89593403939  85.0955
6536.12999194841  72.00095
6536.36404985743  48.0129
6536.59810776645  59.44868
6536.83216567547  78.9094
6537.06622358449  76.68741
6537.30028149351  74.76687
6537.53433940252  52.66461
6537.76839731154  54.91968
6538.00245522056  90.3682
6538.23651312958  87.41344
6538.4705710386  98.54865
6538.70462894762  101.6058
6538.93868685664  59.40783
6539.17274476566  53.43126
6539.40680267468  64.99612
6539.6408605837  75.41561
6539.87491849272  85.79381
6540.10897640174  72.15845
6540.34303431075  85.00713
6540.57709221977  79.86375
6540.81115012879  72.02176
6541.04520803781  49.13651
6541.27926594683  59.44692
6541.51332385585  84.37528
6541.74738176487  107.4959
6541.98143967389  87.31398
6542.21549758291  71.56306
6542.44955549193  65.37783
6542.68361340095  76.06044
6542.91767130997  94.04543
6543.15172921898  95.23574
6543.385787128  94.74322
6543.61984503702  92.81643
6543.85390294604  80.32452
6544.08796085506  66.85858
6544.32201876408  87.01638
6544.5560766731  76.94949
6544.79013458212  43.0119
6545.02419249114  74.66473
6545.25825040016  108.364
6545.49230830918  117.0429
6545.72636621819  102.4285
6545.96042412721  95.9015
6546.19448203623  111.7039
6546.42853994525  97.94131
6546.66259785427  83.0225
6546.89665576329  70.88184
6547.13071367231  72.64365
6547.36477158133  82.08432
6547.59882949035  82.81989
6547.83288739937  100.7368
6548.06694530839  82.27917
6548.30100321741  85.84689
6548.53506112642  67.95615
6548.76911903544  73.19795
6549.00317694447  79.95624
6549.23723485348  94.7356
6549.4712927625  103.2126
6549.70535067152  118.5049
6549.93940858054  121.1514
6550.17346648956  126.6546
6550.40752439858  90.03947
6550.6415823076  67.56806
6550.87564021662  76.55671
6551.10969812564  115.4944
6551.34375603465  113.9959
6551.57781394368  119.5886
6551.8118718527  118.6552
6552.04592976171  102.3712
6552.27998767073  115.6908
6552.51404557975  108.3858
6552.74810348877  81.8412
6552.98216139779  107.1391
6553.21621930681  132.5999
6553.45027721583  145.3563
6553.68433512485  103.5208
6553.91839303387  102.9738
6554.15245094289  111.6388
6554.38650885191  90.86673
6554.62056676093  111.4332
6554.85462466994  114.9805
6555.08868257896  115.4184
6555.32274048798  140.3795
6555.556798397  138.9321
6555.79085630602  120.4493
6556.02491421504  123.7459
6556.25897212406  142.3305
6556.49303003308  132.0618
6556.7270879421  148.4897
6556.96114585112  145.9265
6557.19520376014  146.3118
6557.42926166915  132.8125
6557.66331957817  129.6509
6557.89737748719  158.5385
6558.13143539621  137.8899
6558.36549330523  141.7035
6558.59955121425  171.3323
6558.83360912327  175.0132
6559.06766703229  160.1901
6559.30172494131  162.5987
6559.53578285033  156.7642
6559.76984075935  159.3607
6560.00389866837  167.2676
6560.23795657738  161.405
6560.4720144864  149.0242
6560.70607239542  152.2761
6560.94013030444  162.1436
6561.17418821346  162.934
6561.40824612248  156.7264
6561.6423040315  150.5706
6561.87636194052  191.6178
6562.11041984954  194.1608
6562.34447775856  165.4983
6562.57853566758  149.351
6562.8125935766  158.7334
6563.04665148561  154.456
6563.28070939463  146.1732
6563.51476730365  188.1119
6563.74882521267  131.1983
6563.98288312169  132.1756
6564.21694103071  178.271
6564.45099893973  184.1957
6564.68505684875  150.8279
6564.91911475777  167.0853
6565.15317266679  167.2041
6565.38723057581  166.8862
6565.62128848483  159.8819
6565.85534639384  155.3608
6566.08940430286  153.7307
6566.32346221188  174.7292
6566.5575201209  130.4333
6566.79157802992  144.2381
6567.02563593894  127.0329
6567.25969384796  159.1541
6567.49375175698  179.619
6567.727809666  174.9018
6567.96186757502  150.8452
6568.19592548404  161.8036
6568.42998339306  153.5243
6568.66404130207  177.5016
6568.8980992111  163.7689
6569.13215712011  153.2672
6569.36621502913  141.5583
6569.60027293815  146.6592
6569.83433084717  143.0684
6570.06838875619  146.0585
6570.30244666521  135.291
6570.53650457423  132.0693
6570.77056248325  133.9865
6571.00462039227  140.4671
6571.23867830129  131.7518
6571.47273621031  150.6081
6571.70679411932  119.8485
6571.94085202834  104.8466
6572.17490993736  122.6312
6572.40896784638  121.5566
6572.6430257554  128.7103
6572.87708366442  122.08
6573.11114157344  131.6878
6573.34519948246  125.7778
6573.57925739148  111.9296
6573.8133153005  105.1185
6574.04737320952  140.635
6574.28143111854  135.065
6574.51548902756  121.6424
6574.74954693657  111.2937
6574.98360484559  83.0795
6575.21766275461  81.26436
6575.45172066363  88.24726
6575.68577857265  110.4576
6575.91983648167  111.9517
6576.15389439069  101.7789
6576.38795229971  125.3451
6576.62201020873  118.7859
6576.85606811775  110.2293
6577.09012602677  97.15237
6577.32418393578  88.06754
6577.5582418448  121.1991
6577.79229975382  106.6891
6578.02635766284  64.25755
6578.26041557186  81.43865
6578.49447348088  82.78481
6578.7285313899  85.53834
6578.96258929892  94.10223
6579.19664720794  95.30289
6579.43070511696  86.40378
6579.66476302598  96.88304
6579.898820935  114.8957
6580.13287884401  103.419
6580.36693675303  69.33144
6580.60099466205  70.26299
6580.83505257107  89.69385
6581.06911048009  104.9053
6581.30316838911  97.50858
6581.53722629813  64.25538
6581.77128420715  94.98556
6582.00534211617  101.2312
6582.23940002519  81.12444
6582.47345793421  84.02744
6582.70751584323  103.5874
6582.94157375225  113.9263
6583.17563166126  67.69572
6583.40968957028  79.46728
6583.6437474793  81.15472
6583.87780538832  102.572
6584.11186329734  101.7865
6584.34592120636  82.94874
6584.57997911538  93.57389
6584.8140370244  102.2072
6585.04809493342  95.02323
6585.28215284244  97.87286
6585.51621075145  100.3109
6585.75026866047  98.80336
6585.98432656949  75.65808
6586.21838447851  80.74146
6586.45244238753  83.37799
6586.68650029655  73.49075
6586.92055820557  75.61612
6587.15461611459  90.10926
6587.38867402361  90.07825
6587.62273193263  94.34805
6587.85678984165  78.51082
6588.09084775067  78.08205
6588.32490565969  89.77047
6588.55896356871  87.61909
6588.79302147773  64.21836
6589.02707938674  84.52456
6589.26113729576  93.24406
6589.49519520478  64.26044
6589.7292531138  67.91906
6589.96331102282  57.58926
6590.19736893184  88.58089
6590.43142684086  112.4852
6590.66548474988  100.9671
6590.8995426589  75.27842
6591.13360056792  62.11616
6591.36765847694  89.65087
6591.60171638596  88.34181
6591.83577429497  69.27872
6592.06983220399  63.56642
6592.30389011301  83.85394
6592.53794802203  61.5344
6592.77200593105  74.56907
6593.00606384007  69.20638
6593.24012174909  71.75035
6593.47417965811  71.80978
6593.70823756713  85.65794
6593.94229547615  89.54996
6594.17635338517  76.87215
6594.41041129419  99.30507
6594.6444692032  65.72039
6594.87852711222  85.66119
6595.11258502124  51.87934
6595.34664293026  71.08286
6595.58070083928  75.0345
6595.8147587483  102.6025
6596.04881665732  118.702
6596.28287456634  73.17505
6596.51693247536  81.84845
6596.75099038438  74.90572
6596.9850482934  71.97868
6597.21910620241  57.46532
6597.45316411143  52.19347
6597.68722202045  67.45544
6597.92127992947  75.4081
6598.15533783849  87.10599
6598.38939574751  84.21692
6598.62345365653  75.42661
6598.85751156555  72.15427
6599.09156947457  72.51712
6599.32562738359  61.07966
6599.55968529261  55.60809
6599.79374320163  60.97062
6600.02780111064  61.20135
6600.26185901967  63.19077
6600.49591692868  68.3171
6600.7299748377  87.28996
6600.96403274672  102.9738
6601.19809065574  79.64188
6601.43214856476  43.74798
6601.66620647378  52.543
6601.9002643828  78.08907
6602.13432229182  57.14612
6602.36838020084  69.84106
6602.60243810986  74.79943
6602.83649601887  49.27007
6603.07055392789  79.49531
6603.30461183691  80.30759
6603.53866974593  49.69314
6603.77272765495  50.1212
6604.00678556397  75.14062
6604.24084347299  72.51948
6604.47490138201  64.36804
6604.70895929103  73.42258
6604.94301720005  44.73425
6605.17707510907  50.37506
6605.41113301809  78.70724
6605.6451909271  67.83264
6605.87924883613  83.00211
6606.11330674514  68.28019
6606.34736465416  72.74699
6606.58142256318  92.89276
6606.8154804722  49.30616
6607.04953838122  76.66811
6607.28359629024  65.18098
6607.51765419926  76.95374
6607.75171210828  64.26266
6607.9857700173  57.66292
6608.21982792632  68.46055
6608.45388583534  88.10135
6608.68794374436  85.72276
6608.92200165338  69.74272
6609.15605956239  102.0671
6609.39011747141  55.54696
6609.62417538043  46.34949
6609.85823328945  57.58093
6610.09229119847  65.2164
6610.32634910749  65.7633
6610.56040701651  62.22353
6610.79446492553  60.0596
6611.02852283455  79.67393
6611.26258074357  92.11066
6611.49663865259  90.28263
6611.7306965616  75.12162
6611.96475447062  88.74563
6612.19881237964  95.522
6612.43287028866  79.99689
6612.66692819768  70.11243
6612.9009861067  58.96328
6613.13504401572  57.71959
6613.36910192474  66.4051
6613.60315983376  68.80358
6613.83721774278  49.58942
6614.0712756518  58.85023
6614.30533356082  46.08178
6614.53939146984  54.12386
6614.77344937885  59.36927
6615.00750728787  48.81511
6615.24156519689  60.78743
6615.47562310591  66.47408
6615.70968101493  84.96873
6615.94373892395  82.08079
6616.17779683297  61.45416
6616.41185474199  38.70907
6616.64591265101  61.19597
6616.87997056003  57.68247
6617.11402846904  55.49357
6617.34808637806  93.32236
6617.58214428708  78.05255
6617.8162021961  58.03294
6618.05026010512  51.94255
6618.28431801414  62.39449
6618.51837592316  58.26746
6618.75243383218  39.77354
6618.9864917412  45.88431
6619.22054965022  52.21327
6619.45460755924  70.03674
6619.68866546826  71.49718
6619.92272337727  61.70272
6620.15678128629  83.90246
6620.39083919531  74.20162
6620.62489710433  39.98063
6620.85895501335  65.41376
6621.09301292237  76.88465
6621.32707083139  51.82394
6621.56112874041  57.10361
6621.79518664943  63.07503
6622.02924455845  86.11568
6622.26330246747  76.87039
6622.49736037649  64.81194
6622.73141828551  46.74504
6622.96547619453  35.37416
6623.19953410354  41.72303
6623.43359201256  66.56349
6623.66764992158  53.73997
6623.9017078306  78.89059
6624.13576573962  76.97707
6624.36982364864  51.83567
6624.60388155766  55.32034
6624.83793946668  62.88009
6625.0719973757  60.18512
6625.30605528472  79.84037
6625.54011319374  85.29857
6625.77417110276  63.61856
6626.00822901177  45.44189
6626.24228692079  79.91516
6626.47634482981  74.68607
6626.71040273883  59.17629
6626.94446064785  63.75926
6627.17851855687  61.89833
6627.41257646589  56.95258
6627.64663437491  71.14419
6627.88069228393  73.1207
6628.11475019295  63.97524
6628.34880810197  40.33249
6628.58286601099  22.29998
6628.81692392001  48.21525
6629.05098182902  78.62613
6629.28503973804  51.30679
6629.51909764706  50.95112
6629.75315555608  67.50536
6629.9872134651  43.05029
6630.22127137412  51.09357
6630.45532928314  55.73474
6630.68938719216  58.57678
6630.92344510118  50.7845
6631.1575030102  40.55388
6631.39156091922  52.30916
6631.62561882823  63.19125
6631.85967673725  42.59652
6632.09373464627  50.57347
6632.32779255529  61.65679
6632.56185046431  48.3031
6632.79590837333  52.029
6633.02996628235  68.89523
6633.26402419137  42.8604
6633.49808210039  46.35847
6633.73214000941  60.20116
6633.96619791843  63.38403
6634.20025582745  56.5116
6634.43431373646  48.95861
6634.66837164548  49.77724
6634.9024295545  60.21694
6635.13648746352  62.25967
6635.37054537254  72.31658
6635.60460328156  66.6574
6635.83866119058  69.33721
6636.0727190996  83.20956
6636.30677700862  49.8896
6636.54083491764  34.61135
6636.77489282666  57.62999
6637.00895073567  51.50169
6637.24300864469  44.26948
6637.47706655371  49.9413
6637.71112446273  55.73502
6637.94518237175  53.72692
6638.17924028077  27.70539
6638.41329818979  65.64001
6638.64735609881  54.99643
6638.88141400783  41.16698
6639.11547191685  61.53704
6639.34952982587  44.81447
6639.58358773489  43.80945
6639.8176456439  58.0772
6640.05170355293  62.80255
6640.28576146194  44.5499
6640.51981937096  35.14826
6640.75387727998  45.28893
6640.987935189  59.50189
6641.22199309802  48.21806
6641.45605100704  55.72305
6641.69010891606  56.05235
6641.92416682508  75.44206
6642.1582247341  53.12819
6642.39228264312  38.36296
6642.62634055214  60.04068
6642.86039846116  52.55357
6643.09445637017  40.9414
6643.32851427919  51.86008
6643.56257218821  44.95281
6643.79663009723  28.09664
6644.03068800625  32.10461
6644.26474591527  35.79179
6644.49880382429  36.42897
6644.73286173331  46.03803
6644.96691964233  52.83489
6645.20097755135  50.03428
6645.43503546037  45.34056
6645.66909336939  49.05587
6645.9031512784  36.77865
6646.13720918742  53.97477
6646.37126709644  45.292
6646.60532500546  72.48171
6646.83938291448  66.96935
6647.0734408235  61.67227
6647.30749873252  56.34648
6647.54155664154  52.49827
6647.77561455056  43.70933
6648.00967245958  61.88884
6648.2437303686  55.77644
6648.47778827762  32.57441
6648.71184618664  49.88837
6648.94590409565  40.28446
6649.17996200467  24.42277
6649.41401991369  50.96069
6649.64807782271  55.98921
6649.88213573173  27.11132
6650.11619364075  31.76479
6650.35025154977  52.1117
6650.58430945879  59.00468
6650.81836736781  56.99358
6651.05242527683  52.78026
6651.28648318585  61.6627
6651.52054109487  52.47424
6651.75459900388  48.25253
6651.9886569129  29.78674
6652.22271482192  54.69187
6652.45677273094  39.87786
6652.69083063996  40.43861
6652.92488854898  48.20492
6653.158946458  40.88387
6653.39300436702  34.48416
6653.62706227604  37.54256
6653.86112018506  52.42301
6654.09517809408  50.32298
6654.3292360031  52.78542
6654.56329391211  27.36984
6654.79735182113  59.89458
6655.03140973015  47.76412
6655.26546763917  58.17624
6655.49952554819  57.89188
6655.73358345721  21.52818
6655.96764136623  35.22227
6656.20169927525  49.28243
6656.43575718427  29.04778
6656.66981509329  56.88928
6656.90387300231  39.70071
6657.13793091132  27.19278
6657.37198882034  43.56155
6657.60604672936  36.79418
6657.84010463838  49.07587
6658.0741625474  47.95692
6658.30822045642  34.61331
6658.54227836544  38.19038
6658.77633627446  22.99553
6659.01039418348  49.47912
6659.2444520925  31.42349
6659.47851000152  57.54427
6659.71256791053  26.187
6659.94662581956  34.22278
6660.18068372858  44.1375
6660.41474163759  31.03834
6660.64879954661  39.96811
6660.88285745563  53.30789
6661.11691536465  48.48277
6661.35097327367  34.02758
6661.58503118269  35.02801
6661.81908909171  28.84271
6662.05314700073  38.29591
6662.28720490975  28.79732
6662.52126281877  32.56412
6662.75532072779  41.43575
6662.9893786368  37.00787
6663.22343654582  35.65313
6663.45749445484  19.76914
6663.69155236386  30.99548
6663.92561027288  56.26991
6664.1596681819  39.74918
6664.39372609092  23.74948
6664.62778399994  6.90055
6664.86184190896  26.09645
6665.09589981798  55.63194
6665.329957727  42.56697
6665.56401563602  13.68192
6665.79807354504  24.28731
6666.03213145405  21.2739
6666.26618936307  46.7494
6666.50024727209  50.25936
6666.73430518111  16.19181
6666.96836309013  19.78611
6667.20242099915  30.33163
6667.43647890817  3.235771
6667.67053681719  44.79976
6667.90459472621  23.80965
6668.13865263523  5.02261
6668.37271054425  26.66837
6668.60676845327  37.91264
6668.84082636229  18.43211
6669.0748842713  16.26529
6669.30894218032  15.87209
6669.54300008934  26.7611
6669.77705799836  29.71142
6670.01111590738  32.70186
6670.2451738164  41.6167
6670.47923172542  38.61681
6670.71328963444  25.82453
6670.94734754346  32.09438
6671.18140545248  30.13381
6671.41546336149  38.17014
6671.64952127051  18.02993
6671.88357917953  7.390263
6672.11763708855  22.21577
6672.35169499757  49.05491
6672.58575290659  54.64474
6672.81981081561  36.49528
6673.05386872463  27.31969
6673.28792663365  19.40513
6673.52198454267  22.53041
6673.75604245169  13.4501
6673.99010036071  26.60527
6674.22415826973  25.17526
6674.45821617874  18.62136
6674.69227408776  17.6239
6674.92633199678  34.84071
6675.1603899058  29.95492
6675.39444781482  44.94468
6675.62850572384  13.08637
6675.86256363286  3.550063
6676.09662154188  -1.046138
6676.3306794509  28.65435
6676.56473735992  23.79272
6676.79879526894  24.21535
6677.03285317795  32.62097
6677.26691108697  31.98729
6677.500968996  24.29382
6677.73502690501  19.98922
6677.96908481403  17.19673
6678.20314272305  -6.287411
6678.43720063207  8.721589
6678.67125854109  17.30689
6678.90531645011  20.19937
6679.13937435913  11.46408
6679.37343226815  13.0657
6679.60749017717  -1.865718
6679.84154808619  -7.362243
6680.07560599521  -2.565916
6680.30966390422  18.29836
6680.54372181324  32.39057
6680.77777972226  31.83404
6681.01183763128  17.68545
6681.2458955403  -9.463479
6681.47995344932  -9.337153
6681.71401135834  35.87238
6681.94806926736  11.5938
6682.18212717638  8.509689
6682.4161850854  10.82749
6682.65024299442  12.79246
6682.88430090343  15.36194
6683.11835881245  4.972988
6683.35241672147  -15.82594
6683.58647463049  -24.34545
6683.82053253951  -16.34041
6684.05459044853  17.46974
6684.28864835755  6.55894
6684.52270626657  15.56638
6684.75676417559  13.09228
6684.99082208461  10.36928
6685.22487999363  8.368399
6685.45893790265  -7.95529
6685.69299581166  20.09584
6685.92705372068  35.26859
6686.1611116297  -3.178064
6686.39516953872  2.709229
6686.62922744774  39.37088
6686.86328535676  31.42223
6687.09734326578  34.95206
6687.3314011748  7.568901
6687.56545908382  12.60933
6687.79951699284  18.54891
6688.03357490186  3.500496
6688.26763281088  4.398525
6688.5016907199  17.25254
6688.73574862891  22.18909
6688.96980653793  18.75035
6689.20386444695  4.002928
6689.43792235597  6.176148
6689.67198026499  25.07297
6689.90603817401  15.27617
6690.14009608303  12.41702
6690.37415399205  18.70854
6690.60821190107  26.41479
6690.84226981009  17.99951
6691.07632771911  -6.500122
6691.31038562813  -4.880497
6691.54444353714  -10.1519
6691.77850144616  -11.79602
6692.01255935518  -20.73993
6692.2466172642  4.600908
6692.48067517322  -9.988739
