6452.9178665561  133.4495
6453.15201011586  102.2205
6453.38615367563  70.94934
6453.62029723539  102.049
6453.85444079516  74.56091
6454.08858435492  74.70726
6454.32272791468  76.94611
6454.55687147445  41.47729
6454.79101503421  73.74035
6455.02515859397  99.45155
6455.25930215373  55.30474
6455.4934457135  51.29302
6455.72758927326  42.45575
6455.96173283302  73.91805
6456.19587639279  79.84361
6456.43001995255  72.70998
6456.66416351232  64.18084
6456.89830707208  101.8475
6457.13245063184  113.8931
6457.36659419161  84.59742
6457.60073775137  52.3111
6457.83488131113  82.64612
6458.0690248709  91.92746
6458.30316843066  50.10975
6458.53731199042  66.2444
6458.77145555019  92.57499
6459.00559910995  95.25987
6459.23974266971  120.8586
6459.47388622947  65.06876
6459.70802978924  46.85906
6459.942173349  89.05862
6460.17631690877  60.51022
6460.41046046853  81.97864
6460.64460402829  104.5193
6460.87874758806  93.04932
6461.11289114782  66.52713
6461.34703470758  71.92748
6461.58117826735  97.0644
6461.81532182711  112.0596
6462.04946538687  117.2375
6462.28360894664  94.08652
6462.5177525064  94.30161
6462.75189606616  78.7748
6462.98603962593  100.5384
6463.22018318569  36.43729
6463.45432674545  89.33199
6463.68847030522  127.7632
6463.92261386498  59.47417
6464.15675742474  76.16418
6464.39090098451  82.11271
6464.62504454427  70.24277
6464.85918810403  99.43965
6465.0933316638  107.3699
6465.32747522356  94.34791
6465.56161878332  76.72351
6465.79576234309  87.38653
6466.02990590285  106.9128
6466.26404946261  86.83585
6466.49819302238  119.963
6466.73233658214  100.4891
6466.9664801419  96.50262
6467.20062370167  96.42363
6467.43476726143  82.66794
6467.66891082119  64.48083
6467.90305438096  94.40327
6468.13719794072  88.55007
6468.37134150049  106.0754
6468.60548506025  143.7559
6468.83962862001  99.96841
6469.07377217977  100.8756
6469.30791573954  86.97989
6469.5420592993  99.97712
6469.77620285906  116.016
6470.01034641883  100.5836
6470.24448997859  98.89552
6470.47863353836  74.87746
6470.71277709812  103.701
6470.94692065788  170.95
6471.18106421765  156.5409
6471.41520777741  124.9056
6471.64935133717  125.4306
6471.88349489694  129.3491
6472.1176384567  134.2555
6472.35178201646  114.6864
6472.58592557623  100.5397
6472.82006913599  138.9434
6473.05421269575  151.7732
6473.28835625552  140.6567
6473.52249981528  130.4991
6473.75664337504  70.57837
6473.99078693481  127.4523
6474.22493049457  142.1471
6474.45907405433  139.3568
6474.6932176141  144.7429
6474.92736117386  99.54792
6475.16150473362  67.27363
6475.39564829339  107.0164
6475.62979185315  154.3861
6475.86393541291  142.1119
6476.09807897268  106.6225
6476.33222253244  120.2269
6476.56636609221  143.0313
6476.80050965197  138.5584
6477.03465321173  140.1593
6477.26879677149  135.7821
6477.50294033126  132.3179
6477.73708389102  119.655
6477.97122745078  134.2921
6478.20537101055  115.4361
6478.43951457031  150.6955
6478.67365813007  141.5944
6478.90780168984  118.6392
6479.1419452496  121.2151
6479.37608880937  125.988
6479.61023236913  146.8478
6479.84437592889  126.0114
6480.07851948866  160.1395
6480.31266304842  142.8551
6480.54680660818  133.4589
6480.78095016795  123.202
6481.01509372771  121.0433
6481.24923728747  160.5773
6481.48338084724  126.855
6481.717524407  167.2421
6481.95166796676  143.4925
6482.18581152653  123.2536
6482.41995508629  99.15446
6482.65409864605  116.9536
6482.88824220582  138.8759
6483.12238576558  119.4588
6483.35652932534  147.7943
6483.59067288511  146.5437
6483.82481644487  159.2761
6484.05896000463  176.6527
6484.2931035644  170.4246
6484.52724712416  105.5568
6484.76139068392  157.5071
6484.99553424369  119.4094
6485.22967780345  130.49
6485.46382136321  103.603
6485.69796492298  109.8883
6485.93210848274  146.4143
6486.1662520425  126.4433
6486.40039560227  117.5109
6486.63453916203  134.4334
6486.86868272179  154.7625
6487.10282628156  179.176
6487.33696984132  166.4903
6487.57111340108  151.5304
6487.80525696085  134.8452
6488.03940052061  108.5558
6488.27354408037  138.5015
6488.50768764014  138.7025
6488.7418311999  120.6975
6488.97597475966  141.2945
6489.21011831943  182.9142
6489.44426187919  176.196
6489.67840543896  135.2576
6489.91254899872  132.2589
6490.14669255848  150.9546
6490.38083611825  161.1601
6490.61497967801  145.7183
6490.84912323777  150.5512
6491.08326679753  185.7402
6491.3174103573  175.081
6491.55155391706  170.8662
6491.78569747682  171.0688
6492.01984103659  115.388
6492.25398459635  147.8075
6492.48812815611  136.9456
6492.72227171588  173.2675
6492.95641527564  158.2755
6493.19055883541  141.2228
6493.42470239517  135.5358
6493.65884595493  135.9703
6493.8929895147  149.0371
6494.12713307446  171.2796
6494.36127663422  179.266
6494.59542019399  176.6083
6494.82956375375  163.2563
6495.06370731351  158.1107
6495.29785087328  155.8616
6495.53199443304  124.1489
6495.7661379928  117.7992
6496.00028155257  129.8519
6496.23442511233  141.2063
6496.46856867209  167.7363
6496.70271223186  146.9921
6496.93685579162  141.2935
6497.17099935138  204.2726
6497.40514291115  196.1563
6497.63928647091  168.0063
6497.87343003067  167.7453
6498.10757359044  171.7462
6498.3417171502  184.0877
6498.57586070996  142.213
6498.81000426973  139.2997
6499.04414782949  172.3472
6499.27829138925  153.1565
6499.51243494902  173.2885
6499.74657850878  202.1646
6499.98072206854  173.4365
6500.21486562831  179.7705
6500.44900918807  169.6876
6500.68315274784  144.4962
6500.9172963076  148.6864
6501.15143986736  145.0197
6501.38558342713  141.403
6501.61972698689  193.1599
6501.85387054665  175.4695
6502.08801410641  170.3613
6502.32215766618  198.696
6502.55630122594  187.9758
6502.7904447857  145.7421
6503.02458834547  125.528
6503.25873190523  164.577
6503.492875465  177.0323
6503.72701902476  151.8879
6503.96116258452  150.986
6504.19530614429  160.7677
6504.42944970405  170.0247
6504.66359326381  148.0477
6504.89773682358  144.6591
6505.13188038334  136.704
6505.3660239431  146.8356
6505.60016750287  151.6945
6505.83431106263  199.6775
6506.06845462239  224.8227
6506.30259818216  188.5121
6506.53674174192  165.4607
6506.77088530168  192.5564
6507.00502886145  169.4017
6507.23917242121  180.8022
6507.47331598097  186.0915
6507.70745954074  171.751
6507.9416031005  173.4235
6508.17574666026  150.9414
6508.40989022003  149.2694
6508.64403377979  176.7593
6508.87817733955  194.3664
6509.11232089932  208.8466
6509.34646445908  171.9232
6509.58060801884  153.5015
6509.81475157861  148.3448
6510.04889513837  143.6603
6510.28303869813  199.2583
6510.5171822579  153.7553
6510.75132581766  199.5381
6510.98546937742  171.0093
6511.21961293719  192.4133
6511.45375649695  164.9408
6511.68790005671  170.1003
6511.92204361648  205.2961
6512.15618717624  172.6626
6512.39033073601  171.7206
6512.62447429577  206.999
6512.85861785553  176.2724
6513.09276141529  113.6113
6513.32690497506  158.805
6513.56104853482  203.1052
6513.79519209458  157.4062
6514.02933565435  159.6857
6514.26347921411  165.7705
6514.49762277387  187.9603
6514.73176633364  220.8906
6514.9659098934  189.4583
6515.20005345317  160.0985
6515.43419701293  174.0656
6515.66834057269  176.4594
6515.90248413246  198.7258
6516.13662769222  188.6215
6516.37077125198  155.2324
6516.60491481175  172.9061
6516.83905837151  166.0328
6517.07320193127  191.3633
6517.30734549104  204.1035
6517.5414890508  144.2272
6517.77563261056  181.375
6518.00977617033  199.3048
6518.24391973009  173.0113
6518.47806328985  196.9755
6518.71220684962  222.6245
6518.94635040938  211.0788
6519.18049396914  201.2867
6519.41463752891  204.0599
6519.64878108867  182.4016
6519.88292464843  183.1862
6520.1170682082  158.546
6520.35121176796  191.6563
6520.58535532772  210.4486
6520.81949888749  200.7137
6521.05364244725  167.318
6521.28778600701  209.1053
6521.52192956678  217.1607
6521.75607312654  182.458
6521.9902166863  215.3029
6522.22436024607  168.8542
6522.45850380583  150.457
6522.69264736559  157.0781
6522.92679092536  159.6529
6523.16093448512  186.6422
6523.39507804489  203.9938
6523.62922160465  158.9427
6523.86336516441  163.6845
6524.09750872417  181.0576
6524.33165228394  179.4995
6524.5657958437  209.8982
6524.79993940346  190.5109
6525.03408296323  170.4568
6525.26822652299  197.255
6525.50237008275  183.8823
6525.73651364252  174.3748
6525.97065720228  173.1518
6526.20480076205  177.1036
6526.43894432181  195.4809
6526.67308788157  216.2614
6526.90723144134  210.9685
6527.1413750011  175.6134
6527.37551856086  205.9465
6527.60966212063  218.9864
6527.84380568039  202.5069
6528.07794924015  150.6451
6528.31209279992  167.4947
6528.54623635968  206.89
6528.78037991944  200.0035
6529.01452347921  200.8932
6529.24866703897  183.0286
6529.48281059873  203.0018
6529.7169541585  235.6959
6529.95109771826  227.7957
6530.18524127802  229.8056
6530.41938483779  226.8116
6530.65352839755  235.2601
6530.88767195731  217.426
6531.12181551708  198.4133
6531.35595907684  219.1299
6531.5901026366  214.4024
6531.82424619637  252.9055
6532.05838975613  233.1059
6532.29253331589  179.2935
6532.52667687566  213.3094
6532.76082043542  197.6322
6532.99496399518  213.317
6533.22910755495  190.2518
6533.46325111471  224.6009
6533.69739467447  217.5471
6533.93153823424  217.4335
6534.165681794  212.6089
6534.39982535377  175.1771
6534.63396891353  210.3154
6534.86811247329  213.2283
6535.10225603305  221.5296
6535.33639959282  224.3641
6535.57054315258  197.1844
6535.80468671234  223.012
6536.03883027211  210.1294
6536.27297383187  173.8356
6536.50711739163  182.5263
6536.7412609514  176.4694
6536.97540451116  175.3966
6537.20954807093  234.5509
6537.44369163069  225.3157
6537.67783519045  212.0956
6537.91197875022  213.974
6538.14612230998  204.6949
6538.38026586974  233.2092
6538.6144094295  246.4104
6538.84855298927  203.5168
6539.08269654903  164.4653
6539.31684010879  204.1667
6539.55098366856  193.9157
6539.78512722832  221.6952
6540.01927078808  222.4733
6540.25341434785  239.5872
6540.48755790761  245.9598
6540.72170146738  257.7962
6540.95584502714  200.021
6541.1899885869  220.2182
6541.42413214667  235.4661
6541.65827570643  274.0514
6541.89241926619  241.1356
6542.12656282595  281.7637
6542.36070638572  223.6589
6542.59484994548  226.9286
6542.82899350525  224.8554
6543.06313706501  238.1599
6543.29728062477  239.6087
6543.53142418454  241.4594
6543.7655677443  247.14
6543.99971130406  261.3821
6544.23385486383  234.5283
6544.46799842359  228.2137
6544.70214198335  243.2128
6544.93628554312  280.1861
6545.17042910288  273.9261
6545.40457266265  281.5228
6545.63871622241  279.4112
6545.87285978217  234.3309
6546.10700334193  254.4225
6546.3411469017  274.6586
6546.57529046146  274.9423
6546.80943402122  258.2324
6547.04357758099  258.5292
6547.27772114075  281.2898
6547.51186470051  258.8868
6547.74600826028  283.3141
6547.98015182004  265.4215
6548.21429537981  253.1356
6548.44843893957  268.1248
6548.68258249933  257.3312
6548.9167260591  289.9241
6549.15086961886  274.4164
6549.38501317862  310.0204
6549.61915673838  249.8265
6549.85330029815  282.0114
6550.08744385791  277.1353
6550.32158741768  302.5191
6550.55573097744  310.7813
6550.7898745372  306.5357
6551.02401809697  282.0797
6551.25816165673  314.8167
6551.49230521649  306.9103
6551.72644877626  303.5366
6551.96059233602  312.7603
6552.19473589578  296.9964
6552.42887945555  258.5396
6552.66302301531  308.1255
6552.89716657507  317.9439
6553.13131013483  313.3757
6553.3654536946  303.7766
6553.59959725436  312.6097
6553.83374081413  291.4407
6554.06788437389  321.8957
6554.30202793365  353.4265
6554.53617149342  313.2424
6554.77031505318  319.5909
6555.00445861294  330.5054
6555.23860217271  303.0655
6555.47274573247  320.7445
6555.70688929223  297.3991
6555.941032852  322.5835
6556.17517641176  324.5347
6556.40931997153  294.218
6556.64346353129  316.3076
6556.87760709105  329.6978
6557.11175065081  340.4014
6557.34589421058  343.7587
6557.58003777034  359.625
6557.8141813301  358.5239
6558.04832488987  305.267
6558.28246844963  275.7957
6558.51661200939  312.6451
6558.75075556916  338.1147
6558.98489912892  322.0869
6559.21904268868  333.9732
6559.45318624845  311.7759
6559.68732980821  297.2644
6559.92147336798  340.1956
6560.15561692774  349.0977
6560.3897604875  347.6615
6560.62390404727  338.3913
6560.85804760703  307.6622
6561.09219116679  372.4814
6561.32633472655  362.021
6561.56047828632  319.265
6561.79462184608  301.8999
6562.02876540584  342.4085
6562.26290896561  354.2198
6562.49705252537  341.3878
6562.73119608514  374.9204
6562.9653396449  317.1238
6563.19948320466  305.9592
6563.43362676442  338.6169
6563.66777032419  342.2852
6563.90191388395  324.4094
6564.13605744372  309.7747
6564.37020100348  356.2337
6564.60434456324  343.7788
6564.83848812301  299.8225
6565.07263168277  279.9918
6565.30677524253  303.8293
6565.5409188023  298.569
6565.77506236206  330.8597
6566.00920592182  284.9051
6566.24334948159  285.1675
6566.47749304135  321.2903
6566.71163660111  312.6425
6566.94578016088  307.3703
6567.17992372064  338.8355
6567.41406728041  316.7099
6567.64821084017  278.8292
6567.88235439993  317.5826
6568.11649795969  306.9651
6568.35064151946  302.0728
6568.58478507922  297.1216
6568.81892863898  272.9788
6569.05307219875  331.9379
6569.28721575851  333.7138
6569.52135931827  346.4991
6569.75550287804  347.5369
6569.9896464378  318.3881
6570.22378999757  319.2158
6570.45793355733  323.8231
6570.69207711709  250.2093
6570.92622067686  270.5884
6571.16036423662  329.3677
6571.39450779638  330.3024
6571.62865135615  294.1031
6571.86279491591  317.9445
6572.09693847567  325.8593
6572.33108203543  298.8853
6572.5652255952  289.1425
6572.79936915496  288.9767
6573.03351271472  283.6725
6573.26765627449  291.0201
6573.50179983425  301.7568
6573.73594339402  300.6728
6573.97008695378  322.4052
6574.20423051354  242.0772
6574.43837407331  244.2217
6574.67251763307  274.5698
6574.90666119283  288.3479
6575.1408047526  270.9738
6575.37494831236  263.9452
6575.60909187212  241.1026
6575.84323543189  230.3339
6576.07737899165  237.6507
6576.31152255141  287.9702
6576.54566611118  277.9751
6576.77980967094  262.8955
6577.0139532307  242.9422
6577.24809679047  238.2977
6577.48224035023  251.0634
6577.71638390999  232.2679
6577.95052746976  241.4976
6578.18467102952  232.7842
6578.41881458928  249.8569
6578.65295814905  253.9514
6578.88710170881  221.7967
6579.12124526857  228.2723
6579.35538882834  213.1624
6579.5895323881  245.0902
6579.82367594786  259.0721
6580.05781950763  242.9544
6580.29196306739  212.5407
6580.52610662715  198.0184
6580.76025018692  227.5784
6580.99439374668  210.7994
6581.22853730644  216.2522
6581.46268086621  225.8257
6581.69682442597  254.9383
6581.93096798573  241.2475
6582.1651115455  218.4729
6582.39925510526  241.8764
6582.63339866502  247.2566
6582.86754222479  229.9103
6583.10168578455  221.8332
6583.33582934432  205.5457
6583.56997290408  214.9648
6583.80411646384  235.6378
6584.0382600236  232.8399
6584.27240358337  230.9843
6584.50654714313  226.8814
6584.7406907029  224.0368
6584.97483426266  229.9689
6585.20897782242  231.9332
6585.44312138218  210.7701
6585.67726494195  202.9164
6585.91140850171  202.1211
6586.14555206147  236.3432
6586.37969562124  232.2538
6586.613839181  210.5966
6586.84798274077  224.0532
6587.08212630053  238.0346
6587.31626986029  219.3279
6587.55041342006  185.0748
6587.78455697982  186.9083
6588.01870053958  209.6039
6588.25284409935  207.3288
6588.48698765911  183.9366
6588.72113121887  213.0178
6588.95527477864  204.4264
6589.1894183384  228.5779
6589.42356189816  235.7109
6589.65770545793  233.7481
6589.89184901769  223.4681
6590.12599257745  202.1838
6590.36013613722  200.9878
6590.59427969698  217.6164
6590.82842325674  207.1244
6591.06256681651  207.3542
6591.29671037627  228.0065
6591.53085393603  220.2455
6591.7649974958  221.0439
6591.99914105556  207.4341
6592.23328461532  194.0273
6592.46742817509  217.3967
6592.70157173485  202.0635
6592.93571529461  204.353
6593.16985885438  175.4901
6593.40400241414  221.3822
6593.6381459739  241.0008
6593.87228953367  216.9762
6594.10643309343  231.0996
6594.34057665319  191.4334
6594.57472021296  187.3073
6594.80886377272  152.0467
6595.04300733248  208.4376
6595.27715089225  204.6594
6595.51129445201  190.026
6595.74543801178  216.7899
6595.97958157154  218.2663
6596.2137251313  229.3504
6596.44786869106  234.1189
6596.68201225083  211.8482
6596.91615581059  222.1093
6597.15029937035  199.66
6597.38444293012  200.0242
6597.61858648988  194.6467
6597.85273004965  233.1265
6598.08687360941  232.2019
6598.32101716917  178.3234
6598.55516072894  208.6001
6598.7893042887  226.1926
6599.02344784846  206.1591
6599.25759140823  196.36
6599.49173496799  197.0165
6599.72587852775  198.9125
6599.96002208752  200.6127
6600.19416564728  188.0039
6600.42830920704  202.6409
6600.66245276681  207.36
6600.89659632657  234.9604
6601.13073988633  215.4902
6601.3648834461  205.6781
6601.59902700586  200.215
6601.83317056562  232.0485
6602.06731412539  188.2897
6602.30145768515  208.3096
6602.53560124491  222.4296
6602.76974480468  214.7068
6603.00388836444  192.7683
6603.2380319242  181.347
6603.47217548397  175.517
6603.70631904373  196.4452
6603.94046260349  200.4126
6604.17460616326  213.5288
6604.40874972302  207.2062
6604.64289328278  236.6842
6604.87703684255  210.1076
6605.11118040231  168.7368
6605.34532396207  191.1822
6605.57946752184  217.3113
6605.8136110816  194.6692
6606.04775464136  212.5154
6606.28189820113  219.4535
6606.51604176089  212.0854
6606.75018532066  208.7402
6606.98432888042  175.427
6607.21847244018  167.4004
6607.45261599994  175.0708
6607.68675955971  189.0719
6607.92090311947  201.7856
6608.15504667923  187.6197
6608.389190239  183.4578
6608.62333379876  164.9182
6608.85747735853  168.7483
6609.09162091829  189.9334
6609.32576447805  208.2198
6609.55990803781  220.4281
6609.79405159758  163.1172
6610.02819515734  181.6448
6610.2623387171  161.5905
6610.49648227687  170.275
6610.73062583663  146.9097
6610.9647693964  226.9812
6611.19891295616  167.2979
6611.43305651592  165.3823
6611.66720007569  187.4247
6611.90134363545  212.1451
6612.13548719521  222.1396
6612.36963075498  202.6492
6612.60377431474  218.0076
6612.8379178745  206.853
6613.07206143427  191.2549
6613.30620499403  171.7249
6613.54034855379  204.4279
6613.77449211356  194.1109
6614.00863567332  197.1981
6614.24277923308  242.2698
6614.47692279285  213.4472
6614.71106635261  181.9437
6614.94520991237  155.7896
6615.17935347214  151.7527
6615.4134970319  176.7296
6615.64764059166  205.2256
6615.88178415143  175.6856
6616.11592771119  160.0954
6616.35007127095  201.7506
6616.58421483072  259.43
6616.81835839048  241.3737
6617.05250195024  217.5215
6617.28664551001  234.2822
6617.52078906977  195.0463
6617.75493262954  215.5118
6617.9890761893  192.6169
6618.22321974906  188.0002
6618.45736330882  186.7008
6618.69150686859  203.0536
6618.92565042835  189.2779
6619.15979398811  193.2023
6619.39393754788  213.3634
6619.62808110764  222.1125
6619.86222466741  160.5066
6620.09636822717  167.3721
6620.33051178693  155.4529
6620.5646553467  167.9358
6620.79879890646  170.523
6621.03294246622  201.7205
6621.26708602599  175.8553
6621.50122958575  181.9427
6621.73537314551  207.3961
6621.96951670528  167.0463
6622.20366026504  169.4655
6622.4378038248  155.0557
6622.67194738457  162.6068
6622.90609094433  159.8732
6623.14023450409  145.0662
6623.37437806386  153.3046
6623.60852162362  185.6484
6623.84266518338  187.2196
6624.07680874315  170.0474
6624.31095230291  176.8017
6624.54509586267  184.767
6624.77923942244  173.6595
6625.0133829822  149.2207
6625.24752654196  182.539
6625.48167010173  175.3914
6625.71581366149  139.9222
6625.94995722125  151.1322
6626.18410078102  137.8757
6626.41824434078  166.2541
6626.65238790054  200.9143
6626.88653146031  211.7796
6627.12067502007  186.6116
6627.35481857983  153.0595
6627.5889621396  170.141
6627.82310569936  147.8901
6628.05724925912  138.2999
6628.29139281889  176.7069
6628.52553637865  175.5114
6628.75967993841  191.7868
6628.99382349818  189.8344
6629.22796705794  155.6289
6629.4621106177  165.4946
6629.69625417747  159.9028
6629.93039773723  176.3268
6630.16454129699  187.3977
6630.39868485676  173.5654
6630.63282841652  148.1586
6630.86697197629  209.0964
6631.10111553605  176.9392
6631.33525909581  140.0988
6631.56940265558  174.9813
6631.80354621534  148.2258
6632.0376897751  133.2268
6632.27183333486  126.472
6632.50597689463  166.9439
6632.74012045439  163.6198
6632.97426401415  207.2712
6633.20840757392  177.8954
6633.44255113368  147.2096
6633.67669469345  124.0424
6633.91083825321  135.8224
6634.14498181297  149.736
6634.37912537274  143.4588
6634.6132689325  174.5977
6634.84741249226  168.4804
6635.08155605203  149.8746
6635.31569961179  146.9027
6635.54984317155  151.3793
6635.78398673132  131.2465
6636.01813029108  129.3422
6636.25227385084  151.6132
6636.48641741061  178.1633
6636.72056097037  166.2001
6636.95470453013  141.9141
6637.1888480899  156.9648
6637.42299164966  161.0498
6637.65713520942  127.8996
6637.89127876919  143.3364
6638.12542232895  142.2305
6638.35956588871  148.5653
6638.59370944848  157.0081
6638.82785300824  169.1282
6639.061996568  183.3861
6639.29614012777  152.3857
6639.53028368753  132.9633
6639.76442724729  138.221
6639.99857080706  164.0759
6640.23271436682  158.0385
6640.46685792658  142.4221
6640.70100148635  159.9158
6640.93514504611  161.1993
6641.16928860587  140.3659
6641.40343216564  120.3999
6641.6375757254  141.0722
6641.87171928517  107.0033
6642.10586284493  135.6802
6642.34000640469  140.0261
6642.57414996446  154.2384
6642.80829352422  141.1369
6643.04243708398  132.0404
6643.27658064374  135.5438
6643.51072420351  155.4522
6643.74486776327  158.0943
6643.97901132304  135.764
6644.2131548828  141.908
6644.44729844256  99.30939
6644.68144200233  129.6346
6644.91558556209  121.6544
6645.14972912185  143.6002
6645.38387268162  167.5329
6645.61801624138  161.3249
6645.85215980114  133.3173
6646.08630336091  127.679
6646.32044692067  153.4426
6646.55459048043  121.3384
6646.7887340402  157.2623
6647.02287759996  178.1296
6647.25702115972  135.2673
6647.49116471949  110.9313
6647.72530827925  106.5445
6647.95945183901  110.9617
6648.19359539878  125.9943
6648.42773895854  149.3132
6648.6618825183  145.5964
6648.89602607807  112.6165
6649.13016963783  121.4938
6649.36431319759  123.9354
6649.59845675736  115.4844
6649.83260031712  97.71248
6650.06674387688  115.5768
6650.30088743665  154.4732
6650.53503099641  139.2331
6650.76917455618  161.0303
6651.00331811594  95.48325
6651.2374616757  115.4698
6651.47160523546  117.0572
6651.70574879523  98.11272
6651.93989235499  133.6208
6652.17403591475  96.64636
6652.40817947452  124.5989
6652.64232303428  118.4561
6652.87646659404  133.6107
6653.11061015381  118.6515
6653.34475371357  107.4922
6653.57889727334  127.1696
6653.8130408331  143.8445
6654.04718439286  106.8737
6654.28132795263  115.0841
6654.51547151239  104.5996
6654.74961507215  121.8851
6654.98375863191  92.19172
6655.21790219168  115.4737
6655.45204575144  112.3093
6655.6861893112  81.83716
6655.92033287097  120.5054
6656.15447643073  107.507
6656.38861999049  102.52
6656.62276355026  116.5705
6656.85690711002  104.9593
6657.09105066979  123.6261
6657.32519422955  94.24195
6657.55933778931  122.5268
6657.79348134908  135.6584
6658.02762490884  100.0013
6658.2617684686  101.0686
6658.49591202837  84.91554
6658.73005558813  74.05605
6658.96419914789  99.17943
6659.19834270766  55.92269
6659.43248626742  124.5192
6659.66662982718  124.7039
6659.90077338695  117.5921
6660.13491694671  82.93034
6660.36906050647  73.20436
6660.60320406624  115.2366
6660.837347626  103.9179
6661.07149118576  77.02577
6661.30563474553  79.47913
6661.53977830529  71.41664
6661.77392186505  93.9087
6662.00806542482  96.62318
6662.24220898458  85.76429
6662.47635254434  68.25615
6662.71049610411  72.94572
6662.94463966387  75.24078
6663.17878322363  117.0128
6663.4129267834  83.02673
6663.64707034316  105.2591
6663.88121390292  99.91756
6664.11535746269  100.5753
6664.34950102245  103.2216
6664.58364458221  109.6014
6664.81778814198  77.10432
6665.05193170174  73.02075
6665.2860752615  64.27106
6665.52021882127  93.48244
6665.75436238103  94.68079
6665.98850594079  93.813
6666.22264950056  95.78766
6666.45679306032  95.72179
6666.69093662008  94.26833
6666.92508017985  114.7064
6667.15922373961  94.2599
6667.39336729937  89.69702
6667.62751085914  101.8644
6667.8616544189  76.16869
6668.09579797867  51.97958
6668.32994153843  84.93453
6668.56408509819  64.40554
6668.79822865796  112.2187
6669.03237221772  78.86232
6669.26651577748  76.77498
6669.50065933725  90.34707
6669.73480289701  62.54795
6669.96894645677  75.72255
6670.20309001654  70.39002
6670.4372335763  58.43193
6670.67137713606  58.98247
6670.90552069583  74.20623
6671.13966425559  58.78069
6671.37380781535  73.24084
6671.60795137512  62.47093
6671.84209493488  76.9682
6672.07623849464  70.47253
6672.31038205441  57.26746
6672.54452561417  96.59735
6672.77866917393  52.28009
6673.0128127337  50.09907
6673.24695629346  58.37674
6673.48109985322  98.03873
6673.71524341299  88.98578
6673.94938697275  67.88848
6674.18353053251  68.70786
6674.41767409228  68.05882
6674.65181765204  47.99843
6674.8859612118  62.97655
6675.12010477157  94.4136
6675.35424833133  56.25988
6675.58839189109  37.09244
6675.82253545086  64.22659
6676.05667901062  31.73096
6676.29082257038  31.21596
6676.52496613015  15.29883
6676.75910968991  54.73089
6676.99325324968  62.81376
6677.22739680944  24.07095
6677.4615403692  46.7663
6677.69568392896  27.91618
6677.92982748873  29.83841
6678.16397104849  57.07343
6678.39811460825  59.08348
6678.63225816802  20.51511
6678.86640172778  34.32673
6679.10054528755  20.73653
6679.33468884731  32.51952
6679.56883240707  70.89861
6679.80297596684  16.15694
6680.0371195266  18.31299
6680.27126308636  91.28577
6680.50540664613  61.86322
6680.73955020589  59.31271
6680.97369376565  55.67703
6681.20783732542  15.63224
6681.44198088518  -3.57734
6681.67612444494  14.82993
6681.91026800471  23.37113
6682.14441156447  33.26191
6682.37855512423  40.52377
6682.612698684  21.2257
6682.84684224376  42.53818
6683.08098580352  5.685381
6683.31512936329  51.51329
6683.54927292305  37.36257
6683.78341648281  30.98815
6684.01756004258  42.64907
6684.25170360234  27.22953
6684.4858471621  13.01274
6684.71999072187  41.63614
6684.95413428163  15.39468
6685.18827784139  4.639159
6685.42242140116  45.55264
6685.65656496092  8.174133
6685.89070852068  70.57515
6686.12485208045  78.92755
6686.35899564021  56.7305
6686.59313919997  22.66946
6686.82728275974  -0.912307
6687.0614263195  6.75102
6687.29556987926  14.78749
6687.52971343903  35.30323
6687.76385699879  36.79448
6687.99800055855  38.34247
6688.23214411832  -4.203088
6688.46628767808  -1.784909
6688.70043123784  30.23397
6688.93457479761  23.36273
6689.16871835737  29.11521
6689.40286191713  50.9906
6689.6370054769  30.62565
6689.87114903666  50.27052
6690.10529259643  -26.99293
6690.33943615619  23.87644
6690.57357971595  2.144361
6690.80772327572  -1.366816
6691.04186683548  -24.22756
6691.27601039524  12.91782
6691.51015395501  28.26005
6691.74429751477  27.10001
6691.97844107453  9.741832
6692.2125846343  -12.91415
6692.44672819406  25.21989
