6452.9171439748  49.3606
6453.15127014993  74.41466
6453.38539632507  49.85812
6453.6195225002  71.9835
6453.85364867534  77.46923
6454.08777485047  102.0812
6454.3219010256  89.32701
6454.55602720074  47.32057
6454.79015337587  73.45348
6455.02427955101  89.57861
6455.25840572614  39.00723
6455.49253190128  31.4597
6455.72665807641  61.90022
6455.96078425154  88.34798
6456.19491042668  99.08639
6456.42903660181  76.0349
6456.66316277695  85.14069
6456.89728895208  108.5265
6457.13141512722  95.98368
6457.36554130235  47.16215
6457.59966747748  65.19872
6457.83379365262  90.45473
6458.06791982775  71.1832
6458.30204600289  58.47222
6458.53617217802  59.75876
6458.77029835315  86.25551
6459.00442452829  99.39294
6459.23855070342  83.12186
6459.47267687856  112.5663
6459.70680305369  66.69109
6459.94092922883  97.40525
6460.17505540396  70.97598
6460.40918157909  71.69508
6460.64330775423  108.9554
6460.87743392936  76.85023
6461.11156010449  83.52542
6461.34568627963  94.31221
6461.57981245476  70.23365
6461.8139386299  82.8939
6462.04806480503  91.9695
6462.28219098017  124.1305
6462.5163171553  93.16493
6462.75044333043  46.98572
6462.98456950557  111.0292
6463.2186956807  104.8769
6463.45282185584  95.02316
6463.68694803097  107.0007
6463.92107420611  84.97924
6464.15520038124  86.51122
6464.38932655637  94.35761
6464.62345273151  71.31827
6464.85757890664  68.80711
6465.09170508178  90.74282
6465.32583125691  97.6433
6465.55995743204  95.51378
6465.79408360718  95.56062
6466.02820978231  107.9633
6466.26233595745  81.34363
6466.49646213258  94.62031
6466.73058830771  98.83117
6466.96471448285  80.88264
6467.19884065798  73.5773
6467.43296683312  56.36747
6467.66709300825  88.8389
6467.90121918339  100.9473
6468.13534535852  70.79704
6468.36947153365  95.81377
6468.60359770879  120.5351
6468.83772388392  96.06987
6469.07185005906  101.3495
6469.30597623419  114.5562
6469.54010240932  137.2089
6469.77422858446  101.4841
6470.00835475959  70.73944
6470.24248093473  100.292
6470.47660710986  96.50916
6470.710733285  109.093
6470.94485946013  113.7888
6471.17898563526  84.32534
6471.4131118104  93.65793
6471.64723798553  120.1485
6471.88136416067  104.8267
6472.1154903358  104.9501
6472.34961651094  116.7411
6472.58374268607  102.8043
6472.8178688612  134.2639
6473.05199503634  124.8252
6473.28612121147  115.1279
6473.52024738661  86.14667
6473.75437356174  89.84753
6473.98849973687  80.62097
6474.22262591201  116.0891
6474.45675208714  154.5891
6474.69087826228  129.1013
6474.92500443741  111.4539
6475.15913061254  120.7027
6475.39325678768  138.7095
6475.62738296281  146.0998
6475.86150913795  126.6236
6476.09563531308  133.7108
6476.32976148821  121.938
6476.56388766335  100.7049
6476.79801383848  148.7682
6477.03214001362  120.1123
6477.26626618875  105.7642
6477.50039236388  123.7746
6477.73451853902  148.4774
6477.96864471415  128.9933
6478.20277088929  125.3733
6478.43689706442  153.9714
6478.67102323956  140.5941
6478.90514941469  131.2803
6479.13927558983  152.7748
6479.37340176496  159.2209
6479.60752794009  155.2735
6479.84165411523  112.3991
6480.07578029036  90.58299
6480.3099064655  120.026
6480.54403264063  111.3739
6480.77815881576  139.6427
6481.0122849909  113.0773
6481.24641116603  111.2254
6481.48053734117  130.9201
6481.7146635163  130.7036
6481.94878969144  127.3394
6482.18291586657  150.4291
6482.4170420417  153.0423
6482.65116821684  141.4197
6482.88529439197  116.061
6483.11942056711  85.8108
6483.35354674224  105.9565
6483.58767291737  132.8297
6483.82179909251  153.075
6484.05592526764  133.9453
6484.29005144278  153.5222
6484.52417761791  133.0423
6484.75830379304  130.4395
6484.99242996818  119.3477
6485.22655614331  122.6098
6485.46068231845  146.4088
6485.69480849358  151.5728
6485.92893466872  116.6333
6486.16306084385  100.2688
6486.39718701898  117.6635
6486.63131319412  124.3959
6486.86543936925  125.3696
6487.09956554439  125.3953
6487.33369171952  115.923
6487.56781789465  127.4371
6487.80194406979  131.7119
6488.03607024492  113.9093
6488.27019642006  127.6303
6488.50432259519  136.6363
6488.73844877033  97.75684
6488.97257494546  110.4981
6489.20670112059  120.3228
6489.44082729573  144.2953
6489.67495347086  132.029
6489.909079646  130.5058
6490.14320582113  146.0624
6490.37733199626  141.5169
6490.6114581714  137.7482
6490.84558434653  157.1199
6491.07971052167  173.4329
6491.3138366968  151.8945
6491.54796287193  145.8993
6491.78208904707  151.9158
6492.0162152222  114.1114
6492.25034139734  131.9268
6492.48446757247  171.2547
6492.71859374761  177.9011
6492.95271992274  164.7774
6493.18684609787  129.254
6493.42097227301  125.3525
6493.65509844814  158.5105
6493.88922462328  147.7869
6494.12335079841  163.2305
6494.35747697354  144.824
6494.59160314868  136.8202
6494.82572932381  168.0416
6495.05985549895  125.8706
6495.29398167408  99.07938
6495.52810784922  141.1651
6495.76223402435  165.1612
6495.99636019948  98.84553
6496.23048637462  88.19968
6496.46461254975  83.35982
6496.69873872489  92.25498
6496.93286490002  144.9076
6497.16699107515  134.1303
6497.40111725029  148.2363
6497.63524342542  137.1215
6497.86936960056  143.2439
6498.10349577569  149.897
6498.33762195083  153.7381
6498.57174812596  163.6662
6498.80587430109  160.9289
6499.04000047623  172.9243
6499.27412665136  163.9711
6499.5082528265  149.6455
6499.74237900163  175.5206
6499.97650517676  143.4567
6500.2106313519  147.9447
6500.44475752703  169.6817
6500.67888370217  161.8682
6500.9130098773  144.4809
6501.14713605243  150.579
6501.38126222757  129.2161
6501.6153884027  130.6581
6501.84951457784  134.7942
6502.08364075297  151.7383
6502.31776692811  162.0503
6502.55189310324  179.3399
6502.78601927837  154.1525
6503.02014545351  116.6835
6503.25427162864  149.9221
6503.48839780378  169.8276
6503.72252397891  149.7612
6503.95665015405  169.1036
6504.19077632918  190.5342
6504.42490250431  156.3097
6504.65902867945  115.5516
6504.89315485458  167.452
6505.12728102972  137.0638
6505.36140720485  178.6707
6505.59553337998  187.2681
6505.82965955512  137.4362
6506.06378573025  122.6323
6506.29791190539  142.0891
6506.53203808052  142.8068
6506.76616425565  118.609
6507.00029043079  159.1195
6507.23441660592  178.1445
6507.46854278106  173.8971
6507.70266895619  183.9896
6507.93679513132  152.2446
6508.17092130646  166.743
6508.40504748159  194.4846
6508.63917365673  145.5776
6508.87329983186  156.3935
6509.107426007  188.3809
6509.34155218213  171.8061
6509.57567835726  166.6953
6509.8098045324  189.5729
6510.04393070753  136.7505
6510.27805688267  180.168
6510.5121830578  205.9449
6510.74630923293  174.8231
6510.98043540807  158.2619
6511.2145615832  185.923
6511.44868775834  161.0303
6511.68281393347  147.6219
6511.91694010861  212.0291
6512.15106628374  185.8403
6512.38519245887  140.8134
6512.61931863401  151.7139
6512.85344480914  117.2451
6513.08757098428  133.8566
6513.32169715941  180.8771
6513.55582333455  148.1855
6513.78994950968  139.2014
6514.02407568481  137.565
6514.25820185995  147.4536
6514.49232803508  188.0999
6514.72645421022  171.458
6514.96058038535  132.2082
6515.19470656048  146.1318
6515.42883273562  144.0038
6515.66295891075  171.1643
6515.89708508589  175.7271
6516.13121126102  202.9091
6516.36533743615  186.9772
6516.59946361129  185.8874
6516.83358978642  192.8191
6517.06771596156  200.7715
6517.30184213669  167.2919
6517.53596831182  160.8823
6517.77009448696  159.9028
6518.0042206621  170.263
6518.23834683723  178.8522
6518.47247301236  164.9565
6518.7065991875  158.9423
6518.94072536263  150.4184
6519.17485153777  145.457
6519.4089777129  153.3067
6519.64310388803  175.1537
6519.87723006317  172.9312
6520.1113562383  165.3066
6520.34548241344  154.9146
6520.57960858857  197.9822
6520.8137347637  189.7796
6521.04786093884  170.4026
6521.28198711397  201.7365
6521.51611328911  199.1623
6521.75023946424  180.972
6521.98436563938  174.7012
6522.21849181451  139.8417
6522.45261798964  163.3045
6522.68674416478  189.598
6522.92087033991  165.2504
6523.15499651504  168.8067
6523.38912269018  161.3989
6523.62324886531  160.5768
6523.85737504045  163.9055
6524.09150121558  147.9458
6524.32562739072  163.5814
6524.55975356585  187.6974
6524.79387974098  161.8894
6525.02800591612  161.8324
6525.26213209125  205.3132
6525.49625826639  168.5733
6525.73038444152  167.2381
6525.96451061666  171.3036
6526.19863679179  119.0661
6526.43276296692  187.334
6526.66688914206  192.8416
6526.90101531719  215.0824
6527.13514149233  214.3742
6527.36926766746  180.4231
6527.60339384259  177.6758
6527.83752001773  197.6147
6528.07164619286  214.7651
6528.305772368  169.6859
6528.53989854313  208.7317
6528.77402471827  194.4549
6529.0081508934  174.5011
6529.24227706853  186.1922
6529.47640324367  196.472
6529.7105294188  221.5473
6529.94465559393  211.7543
6530.17878176907  218.7823
6530.4129079442  195.4505
6530.64703411934  158.5189
6530.88116029447  190.7368
6531.11528646961  200.1353
6531.34941264474  188.6164
6531.58353881987  166.7159
6531.81766499501  153.9104
6532.05179117014  176.6196
6532.28591734528  198.1137
6532.52004352041  202.8564
6532.75416969555  221.0254
6532.98829587068  219.7226
6533.22242204581  190.8442
6533.45654822095  186.2861
6533.69067439608  134.8612
6533.92480057122  178.442
6534.15892674635  202.4239
6534.39305292148  195.6178
6534.62717909662  175.
6534.86130527175  192.3013
6535.09543144689  170.4569
6535.32955762202  188.1342
6535.56368379715  212.6303
6535.79780997229  177.274
6536.03193614742  207.135
6536.26606232256  211.8489
6536.50018849769  195.5589
6536.73431467283  215.3783
6536.96844084796  209.1712
6537.20256702309  192.3076
6537.43669319823  193.1777
6537.67081937336  178.4131
6537.9049455485  188.1609
6538.13907172363  233.8483
6538.37319789876  224.8439
6538.6073240739  222.3322
6538.84145024903  221.9576
6539.07557642417  172.8134
6539.3097025993  202.3157
6539.54382877444  177.1286
6539.77795494957  182.8477
6540.0120811247  191.6935
6540.24620729984  196.8291
6540.48033347497  267.9917
6540.71445965011  219.5749
6540.94858582524  203.2817
6541.18271200038  159.0047
6541.41683817551  221.0903
6541.65096435064  238.6352
6541.88509052578  227.8077
6542.11921670091  190.6645
6542.35334287605  201.9507
6542.58746905118  219.7924
6542.82159522631  216.0657
6543.05572140145  237.766
6543.28984757658  252.5389
6543.52397375172  216.9653
6543.75809992685  226.3404
6543.99222610199  281.6071
6544.22635227712  257.3351
6544.46047845225  198.3781
6544.69460462739  219.269
6544.92873080252  238.754
6545.16285697765  240.1246
6545.39698315279  280.6844
6545.63110932792  252.9765
6545.86523550306  246.2735
6546.09936167819  236.7281
6546.33348785333  202.4551
6546.56761402846  209.2026
6546.80174020359  240.9338
6547.03586637873  287.4272
6547.26999255386  246.1329
6547.504118729  225.4337
6547.73824490413  245.0946
6547.97237107927  267.9805
6548.2064972544  248.8702
6548.44062342953  256.2763
6548.67474960467  268.1477
6548.9088757798  239.3242
6549.14300195494  238.5042
6549.37712813007  273.8947
6549.6112543052  244.6096
6549.84538048034  261.8279
6550.07950665547  271.6174
6550.31363283061  266.2898
6550.54775900574  247.1443
6550.78188518088  243.8681
6551.01601135601  233.37
6551.25013753114  266.8507
6551.48426370628  243.1361
6551.71838988141  255.5805
6551.95251605655  272.5404
6552.18664223168  270.8623
6552.42076840681  277.8671
6552.65489458195  261.2114
6552.88902075708  297.0913
6553.12314693222  297.4909
6553.35727310735  294.7555
6553.59139928249  298.7357
6553.82552545762  270.8793
6554.05965163275  282.966
6554.29377780789  275.3312
6554.52790398302  255.3596
6554.76203015815  291.7094
6554.99615633329  251.627
6555.23028250842  245.5525
6555.46440868356  275.6623
6555.69853485869  239.272
6555.93266103383  252.9288
6556.16678720896  277.9628
6556.40091338409  262.8359
6556.63503955923  264.2486
6556.86916573436  264.5641
6557.1032919095  280.3921
6557.33741808463  274.3582
6557.57154425977  274.569
6557.8056704349  298.3912
6558.03979661003  266.104
6558.27392278517  254.0929
6558.5080489603  278.4664
6558.74217513544  261.3536
6558.97630131057  262.4776
6559.2104274857  292.3372
6559.44455366084  281.5309
6559.67867983597  289.6926
6559.91280601111  294.5519
6560.14693218624  339.9821
6560.38105836138  286.7099
6560.61518453651  268.3634
6560.84931071164  276.1187
6561.08343688678  249.7099
6561.31756306191  324.0149
6561.55168923705  305.1256
6561.78581541218  304.0744
6562.01994158731  312.1641
6562.25406776245  334.1183
6562.48819393758  305.8093
6562.72232011272  309.6384
6562.95644628785  286.6291
6563.19057246298  296.1307
6563.42469863812  234.8947
6563.65882481325  300.969
6563.89295098839  298.0483
6564.12707716352  300.1524
6564.36120333866  288.6649
6564.59532951379  309.2919
6564.82945568892  313.4655
6565.06358186406  311.4895
6565.29770803919  286.4761
6565.53183421433  256.657
6565.76596038946  277.3963
6566.00008656459  285.4626
6566.23421273973  297.3048
6566.46833891486  249.8262
6566.70246509  265.5523
6566.93659126513  299.1244
6567.17071744027  340.1569
6567.4048436154  277.278
6567.63896979053  277.8696
6567.87309596567  292.7668
6568.1072221408  304.002
6568.34134831594  281.2432
6568.57547449107  279.193
6568.8096006662  270.0143
6569.04372684134  284.205
6569.27785301647  279.4088
6569.51197919161  280.6617
6569.74610536674  262.125
6569.98023154187  262.1837
6570.21435771701  251.6151
6570.44848389214  262.0956
6570.68261006728  229.3527
6570.91673624241  261.2639
6571.15086241755  291.8788
6571.38498859268  261.0888
6571.61911476781  244.9767
6571.85324094295  231.327
6572.08736711808  242.0522
6572.32149329322  223.9378
6572.55561946835  239.911
6572.78974564349  285.5004
6573.02387181862  270.1899
6573.25799799375  270.8521
6573.49212416889  264.5358
6573.72625034402  258.4341
6573.96037651916  240.7665
6574.19450269429  241.2822
6574.42862886942  258.2464
6574.66275504456  260.7247
6574.89688121969  195.1891
6575.13100739483  212.9567
6575.36513356996  214.0557
6575.59925974509  218.3877
6575.83338592023  246.7576
6576.06751209536  227.3711
6576.3016382705  227.3564
6576.53576444563  245.4965
6576.76989062076  248.2204
6577.0040167959  232.686
6577.23814297103  217.966
6577.47226914617  246.1111
6577.7063953213  250.588
6577.94052149644  189.5717
6578.17464767157  188.4769
6578.4087738467  220.2589
6578.64290002184  214.4846
6578.87702619697  192.1347
6579.11115237211  181.6646
6579.34527854724  175.6893
6579.57940472237  225.3013
6579.81353089751  232.3723
6580.04765707264  208.8401
6580.28178324778  218.0028
6580.51590942291  191.2615
6580.75003559805  204.8372
6580.98416177318  200.3271
6581.21828794832  193.6341
6581.45241412345  201.302
6581.68654029858  208.6135
6581.92066647372  220.881
6582.15479264885  212.7722
6582.38891882399  210.4595
6582.62304499912  196.5181
6582.85717117425  209.8696
6583.09129734939  210.81
6583.32542352452  200.834
6583.55954969966  211.7609
6583.79367587479  210.0389
6584.02780204992  198.422
6584.26192822506  172.7132
6584.49605440019  196.3863
6584.73018057533  213.9437
6584.96430675046  177.0244
6585.19843292559  192.84
6585.43255910073  192.0351
6585.66668527586  227.3057
6585.900811451  223.21
6586.13493762613  209.2035
6586.36906380126  210.2992
6586.6031899764  204.3813
6586.83731615153  214.0199
6587.07144232667  223.1117
6587.3055685018  209.6682
6587.53969467694  173.9935
6587.77382085207  170.1376
6588.0079470272  217.4613
6588.24207320234  226.2635
6588.47619937747  187.6531
6588.71032555261  200.5359
6588.94445172774  194.3202
6589.17857790288  191.5232
6589.41270407801  161.2008
6589.64683025314  194.1977
6589.88095642828  215.9015
6590.11508260341  181.5928
6590.34920877855  189.709
6590.58333495368  204.4473
6590.81746112882  200.1567
6591.05158730395  199.2936
6591.28571347908  191.8156
6591.51983965422  225.3031
6591.75396582935  184.1854
6591.98809200449  189.4168
6592.22221817962  228.0153
6592.45634435475  208.7538
6592.69047052989  178.0561
6592.92459670502  160.1487
6593.15872288016  263.8754
6593.39284905529  211.2686
6593.62697523042  186.2735
6593.86110140556  220.7197
6594.09522758069  166.6728
6594.32935375583  191.6499
6594.56347993096  192.7812
6594.79760610609  162.3945
6595.03173228123  172.3933
6595.26585845636  199.4584
6595.4999846315  243.7392
6595.73411080663  194.527
6595.96823698177  171.1382
6596.2023631569  165.7451
6596.43648933203  170.5865
6596.67061550717  185.971
6596.9047416823  161.9159
6597.13886785744  147.0539
6597.37299403257  186.1408
6597.60712020771  208.1206
6597.84124638284  207.5387
6598.07537255797  185.2983
6598.30949873311  223.6392
6598.54362490824  230.1849
6598.77775108338  203.6855
6599.01187725851  215.7606
6599.24600343364  171.4237
6599.48012960878  183.1764
6599.71425578391  205.8709
6599.94838195905  192.4508
6600.18250813418  152.2612
6600.41663430931  219.2486
6600.65076048445  184.7676
6600.88488665958  201.2417
6601.11901283472  165.0761
6601.35313900985  172.3785
6601.58726518499  167.2439
6601.82139136012  174.3651
6602.05551753525  162.9563
6602.28964371039  143.7735
6602.52376988552  180.1498
6602.75789606066  188.4487
6602.99202223579  184.231
6603.22614841092  187.031
6603.46027458606  221.4776
6603.69440076119  192.5782
6603.92852693633  184.8897
6604.16265311146  179.3448
6604.3967792866  220.8335
6604.63090546173  193.0426
6604.86503163686  173.047
6605.099157812  160.7396
6605.33328398713  184.8347
6605.56741016227  199.616
6605.8015363374  197.8293
6606.03566251253  194.3835
6606.26978868767  171.8786
6606.5039148628  185.4786
6606.73804103794  194.0886
6606.97216721307  184.2259
6607.20629338821  191.4951
6607.44041956334  198.8828
6607.67454573847  165.6384
6607.90867191361  159.0412
6608.14279808874  161.1184
6608.37692426388  167.2962
6608.61105043901  200.2761
6608.84517661414  198.3134
6609.07930278928  181.2317
6609.31342896441  162.5716
6609.54755513955  187.8397
6609.78168131468  154.3242
6610.01580748981  166.8311
6610.24993366495  177.6889
6610.48405984008  144.3013
6610.71818601522  170.3334
6610.95231219035  184.057
6611.18643836548  187.0308
6611.42056454062  183.6076
6611.65469071575  160.0735
6611.88881689089  194.1619
6612.12294306602  199.82
6612.35706924116  182.2634
6612.59119541629  198.9609
6612.82532159143  187.2201
6613.05944776656  183.0887
6613.29357394169  141.0759
6613.52770011683  178.5239
6613.76182629196  207.148
6613.9959524671  188.281
6614.23007864223  179.3367
6614.46420481736  182.8878
6614.6983309925  183.1565
6614.93245716763  160.2312
6615.16658334277  169.2767
6615.4007095179  171.5169
6615.63483569303  189.2119
6615.86896186817  185.357
6616.1030880433  181.3856
6616.33721421844  183.0286
6616.57134039357  197.3002
6616.80546656871  173.635
6617.03959274384  200.1864
6617.27371891897  189.6202
6617.50784509411  180.1944
6617.74197126924  157.7359
6617.97609744438  143.8335
6618.21022361951  145.8385
6618.44434979464  168.2499
6618.67847596978  157.084
6618.91260214491  175.95
6619.14672832005  161.7387
6619.38085449518  167.5212
6619.61498067032  153.5792
6619.84910684545  163.4449
6620.08323302058  148.0398
6620.31735919572  191.1542
6620.55148537085  156.1113
6620.78561154599  164.9025
6621.01973772112  142.6817
6621.25386389625  139.4069
6621.48799007139  168.9951
6621.72211624652  208.4492
6621.95624242166  195.1057
6622.19036859679  153.1616
6622.42449477193  142.3177
6622.65862094706  142.768
6622.89274712219  155.7249
6623.12687329733  155.8959
6623.36099947246  141.8743
6623.5951256476  144.4597
6623.82925182273  155.5094
6624.06337799786  135.9026
6624.297504173  154.0693
6624.53163034813  152.8593
6624.76575652327  103.6868
6624.9998826984  114.0379
6625.23400887353  161.5118
6625.46813504867  153.065
6625.7022612238  138.3817
6625.93638739894  187.1204
6626.17051357407  164.9868
6626.40463974921  163.848
6626.63876592434  189.8318
6626.87289209947  134.6752
6627.10701827461  162.5545
6627.34114444974  151.5797
6627.57527062488  147.4269
6627.80939680001  127.2379
6628.04352297514  137.0093
6628.27764915028  175.218
6628.51177532541  169.2716
6628.74590150055  154.241
6628.98002767568  138.5075
6629.21415385082  136.0291
6629.44828002595  152.6535
6629.68240620108  170.6509
6629.91653237622  155.8955
6630.15065855135  143.4114
6630.38478472649  118.4848
6630.61891090162  150.0173
6630.85303707675  148.9199
6631.08716325189  116.5203
6631.32128942702  150.1118
6631.55541560216  128.5524
6631.78954177729  151.4157
6632.02366795243  146.561
6632.25779412756  177.1159
6632.49192030269  138.5782
6632.72604647783  131.1676
6632.96017265296  126.4921
6633.1942988281  135.0927
6633.42842500323  144.6818
6633.66255117836  164.9674
6633.8966773535  149.1849
6634.13080352863  138.1076
6634.36492970377  165.2052
6634.5990558789  149.2479
6634.83318205403  157.5353
6635.06730822917  145.2743
6635.3014344043  122.7767
6635.53556057944  107.114
6635.76968675457  125.3518
6636.00381292971  181.3883
6636.23793910484  166.9382
6636.47206527997  102.1884
6636.70619145511  133.2626
6636.94031763024  120.4687
6637.17444380538  128.38
6637.40856998051  141.7434
6637.64269615565  166.8701
6637.87682233078  140.2497
6638.11094850591  143.0706
6638.34507468105  112.7752
6638.57920085618  143.1718
6638.81332703131  126.3963
6639.04745320645  120.4454
6639.28157938158  145.0064
6639.51570555672  190.8506
6639.74983173185  162.4829
6639.98395790699  146.5878
6640.21808408212  147.4827
6640.45221025725  141.6739
6640.68633643239  152.858
6640.92046260752  188.8751
6641.15458878266  148.4152
6641.38871495779  116.8813
6641.62284113292  157.7357
6641.85696730806  142.5085
6642.09109348319  121.5564
6642.32521965833  129.7354
6642.55934583346  124.3729
6642.7934720086  157.8012
6643.02759818373  119.1449
6643.26172435886  106.4816
6643.495850534  106.9143
6643.72997670913  178.0281
6643.96410288427  125.6988
6644.1982290594  112.2221
6644.43235523453  143.8251
6644.66648140967  141.8386
6644.9006075848  107.5855
6645.13473375994  157.3187
6645.36885993507  165.4356
6645.60298611021  112.6379
6645.83711228534  138.5723
6646.07123846047  133.4
6646.30536463561  119.5881
6646.53949081074  120.5509
6646.77361698588  126.7334
6647.00774316101  151.0166
6647.24186933615  123.4546
6647.47599551128  107.8236
6647.71012168641  119.2672
6647.94424786155  141.1825
6648.17837403668  111.8991
6648.41250021181  123.0241
6648.64662638695  118.3013
6648.88075256208  113.0787
6649.11487873722  104.7646
6649.34900491235  122.7584
6649.58313108749  131.8264
6649.81725726262  108.6918
6650.05138343775  99.64258
6650.28550961289  100.5505
6650.51963578802  115.7656
6650.75376196316  133.6928
6650.98788813829  129.2267
6651.22201431342  105.5621
6651.45614048856  105.0043
6651.69026666369  118.716
6651.92439283883  124.9282
6652.15851901396  136.5222
6652.3926451891  132.4678
6652.62677136423  149.547
6652.86089753936  117.4377
6653.0950237145  90.02044
6653.32914988963  123.933
6653.56327606477  102.3347
6653.7974022399  118.7808
6654.03152841504  142.8978
6654.26565459017  83.05685
6654.4997807653  87.52927
6654.73390694044  127.2117
6654.96803311557  68.27531
6655.2021592907  120.015
6655.43628546584  110.4359
6655.67041164098  93.58856
6655.90453781611  111.6712
6656.13866399124  126.6081
6656.37279016638  118.6761
6656.60691634151  93.0433
6656.84104251664  79.43044
6657.07516869178  119.9851
6657.30929486691  124.2486
6657.54342104205  123.6345
6657.77754721718  113.4452
6658.01167339232  83.87494
6658.24579956745  121.7804
6658.47992574258  116.2719
6658.71405191772  93.45525
6658.94817809285  102.6743
6659.18230426799  100.9748
6659.41643044312  98.87061
6659.65055661826  80.77708
6659.88468279339  96.50289
6660.11880896852  88.07675
6660.35293514366  97.16463
6660.58706131879  84.3571
6660.82118749393  90.41975
6661.05531366906  106.6282
6661.28943984419  87.46098
6661.52356601933  103.0947
6661.75769219446  73.51556
6661.9918183696  32.75614
6662.22594454473  57.0301
6662.46007071987  65.3661
6662.694196895  93.46412
6662.92832307013  94.03119
6663.16244924527  91.85086
6663.3965754204  82.79226
6663.63070159553  92.33045
6663.86482777067  91.69109
6664.0989539458  90.96265
6664.33308012094  59.51835
6664.56720629607  30.97282
6664.80133247121  44.71877
6665.03545864634  99.0312
6665.26958482147  98.8409
6665.50371099661  37.34689
6665.73783717174  57.43363
6665.97196334688  82.36701
6666.20608952201  70.37341
6666.44021569715  103.3248
6666.67434187228  92.30736
6666.90846804741  66.12415
6667.14259422255  75.8914
6667.37672039768  84.29883
6667.61084657282  61.71234
6667.84497274795  91.41985
6668.07909892308  54.46253
6668.31322509822  55.64816
6668.54735127335  74.57374
6668.78147744849  66.00776
6669.01560362362  49.64541
6669.24972979876  68.12267
6669.48385597389  84.07615
6669.71798214902  67.5996
6669.95210832416  41.8024
6670.18623449929  49.90496
6670.42036067443  19.89214
6670.65448684956  41.15182
6670.88861302469  47.39422
6671.12273919983  77.44946
6671.35686537496  41.30761
6671.5909915501  13.27056
6671.82511772523  39.21185
6672.05924390036  52.644
6672.2933700755  46.51692
6672.52749625063  40.59638
6672.76162242577  88.32122
6672.9957486009  73.77155
6673.22987477604  105.422
6673.46400095117  89.80925
6673.6981271263  77.29768
6673.93225330144  77.2517
6674.16637947657  28.07431
6674.40050565171  -8.02109
6674.63463182684  29.68698
6674.86875800197  55.42561
6675.10288417711  67.83671
6675.33701035224  74.91244
6675.57113652738  24.76532
6675.80526270251  50.39
6676.03938887765  39.12772
6676.27351505278  29.09837
6676.50764122791  43.36466
6676.74176740305  43.88258
6676.97589357818  84.25526
6677.21001975332  74.08443
6677.44414592845  51.09284
6677.67827210358  39.13058
6677.91239827872  52.84944
6678.14652445385  57.02067
6678.38065062899  34.93181
6678.61477680412  20.81741
6678.84890297925  49.17845
6679.08302915439  52.6602
6679.31715532952  21.15922
6679.55128150466  19.96752
6679.78540767979  36.56031
6680.01953385493  58.769
6680.25366003006  35.6629
6680.48778620519  33.03704
6680.72191238033  68.86909
6680.95603855546  40.23143
6681.1901647306  32.20737
6681.42429090573  3.023446
6681.65841708086  14.30674
6681.892543256  26.32861
6682.12666943113  49.33467
6682.36079560627  50.24876
6682.5949217814  15.34158
6682.82904795654  31.91801
6683.06317413167  28.10679
6683.2973003068  55.41742
6683.53142648194  31.48302
6683.76555265707  22.0592
6683.99967883221  19.80988
6684.23380500734  42.64254
6684.46793118247  31.4315
6684.70205735761  22.37149
6684.93618353274  53.01834
6685.17030970788  22.35243
6685.40443588301  27.48571
6685.63856205815  41.40988
6685.87268823328  37.04043
6686.10681440841  47.62494
6686.34094058355  45.05772
6686.57506675868  19.47693
6686.80919293382  13.39929
6687.04331910895  59.62546
6687.27744528408  23.61472
6687.51157145922  10.22363
6687.74569763435  24.76307
6687.97982380949  46.07849
6688.21394998462  34.41361
6688.44807615975  33.17923
6688.68220233489  10.79069
6688.91632851002  22.18746
6689.15045468516  4.918085
6689.38458086029  26.48253
6689.61870703543  33.33837
6689.85283321056  29.8004
6690.08695938569  52.23835
6690.32108556083  10.75757
6690.55521173596  -4.526674
6690.7893379111  23.0998
6691.02346408623  5.044157
6691.25759026136  22.31849
6691.4917164365  70.79944
6691.72584261163  9.901525
6691.95996878677  13.00642
6692.1940949619  21.73155
6692.42822113704  35.38973
