6452.9128106663  41.98541
6453.1468325861  33.0171
6453.38085450589  59.54211
6453.61487642569  81.08701
6453.84889834549  60.03385
6454.08292026528  49.87951
6454.31694218508  85.04691
6454.55096410488  82.29817
6454.78498602467  56.22593
6455.01900794447  78.45201
6455.25302986427  77.80933
6455.48705178406  46.63553
6455.72107370386  60.14401
6455.95509562366  49.27011
6456.18911754345  61.55756
6456.42313946325  78.69961
6456.65716138305  59.95243
6456.89118330284  76.65279
6457.12520522264  62.54508
6457.35922714244  62.10682
6457.59324906223  88.18771
6457.82727098203  97.85692
6458.06129290183  83.88557
6458.29531482162  71.08781
6458.52933674142  82.32892
6458.76335866122  69.38783
6458.99738058101  58.83064
6459.23140250081  53.3591
6459.46542442061  73.21355
6459.6994463404  38.80893
6459.9334682602  62.53763
6460.16749018  67.44862
6460.40151209979  73.85052
6460.63553401959  56.36115
6460.86955593939  31.07144
6461.10357785918  47.16624
6461.33759977898  52.90339
6461.57162169878  57.66048
6461.80564361857  92.10764
6462.03966553837  90.69274
6462.27368745817  95.88202
6462.50770937796  90.28222
6462.74173129776  96.34232
6462.97575321756  95.86739
6463.20977513735  59.96695
6463.44379705715  73.22823
6463.67781897695  85.34628
6463.91184089674  75.80639
6464.14586281654  97.77834
6464.37988473634  89.92601
6464.61390665614  62.99883
6464.84792857593  70.01731
6465.08195049573  66.18581
6465.31597241552  98.0347
6465.54999433532  68.38181
6465.78401625512  104.511
6466.01803817491  85.11239
6466.25206009471  69.86536
6466.48608201451  105.4427
6466.72010393431  102.8442
6466.9541258541  76.72215
6467.1881477739  81.97743
6467.42216969369  80.32324
6467.65619161349  71.15691
6467.89021353329  76.67767
6468.12423545308  81.10122
6468.35825737288  87.41718
6468.59227929268  82.99828
6468.82630121247  90.97297
6469.06032313227  100.3775
6469.29434505207  68.88336
6469.52836697186  91.35023
6469.76238889166  75.26129
6469.99641081146  92.65397
6470.23043273125  97.80524
6470.46445465105  78.3108
6470.69847657085  93.97312
6470.93249849064  102.8853
6471.16652041044  85.5011
6471.40054233024  92.28122
6471.63456425003  94.54385
6471.86858616983  74.09814
6472.10260808963  91.53121
6472.33663000942  109.636
6472.57065192922  92.07339
6472.80467384902  117.8785
6473.03869576881  129.163
6473.27271768861  88.80766
6473.50673960841  78.16277
6473.7407615282  93.68179
6473.974783448  108.372
6474.2088053678  113.73
6474.44282728759  110.4008
6474.67684920739  119.556
6474.91087112719  118.1899
6475.14489304698  89.65206
6475.37891496678  96.49512
6475.61293688658  118.8676
6475.84695880637  104.5196
6476.08098072617  98.00758
6476.31500264597  74.06438
6476.54902456576  101.384
6476.78304648556  131.8476
6477.01706840536  127.6992
6477.25109032515  94.05759
6477.48511224495  91.50972
6477.71913416475  123.3677
6477.95315608454  117.3006
6478.18717800434  97.89828
6478.42119992414  97.61996
6478.65522184393  91.7166
6478.88924376373  94.69768
6479.12326568353  92.2764
6479.35728760332  111.1934
6479.59130952312  136.3276
6479.82533144292  113.008
6480.05935336271  92.87394
6480.29337528251  105.0229
6480.52739720231  115.1845
6480.7614191221  134.2049
6480.9954410419  114.7823
6481.2294629617  107.5158
6481.46348488149  134.9069
6481.69750680129  127.3623
6481.93152872109  122.3761
6482.16555064088  135.6553
6482.39957256068  124.9917
6482.63359448048  138.0863
6482.86761640027  138.0664
6483.10163832007  119.4519
6483.33566023987  133.8887
6483.56968215966  143.6314
6483.80370407946  95.4748
6484.03772599926  84.48394
6484.27174791905  128.2574
6484.50576983885  133.0241
6484.73979175865  128.672
6484.97381367844  118.7556
6485.20783559824  140.0521
6485.44185751804  137.7506
6485.67587943783  96.0632
6485.90990135763  117.4269
6486.14392327742  131.9678
6486.37794519722  101.0925
6486.61196711702  122.8806
6486.84598903682  100.8174
6487.08001095661  113.7177
6487.31403287641  131.7164
6487.54805479621  111.4814
6487.782076716  155.2924
6488.0160986358  110.2358
6488.2501205556  94.67612
6488.48414247539  80.02297
6488.71816439519  137.2477
6488.95218631499  125.4162
6489.18620823478  113.2232
6489.42023015458  143.4646
6489.65425207438  120.9387
6489.88827399417  103.1865
6490.12229591397  130.0926
6490.35631783377  157.332
6490.59033975356  136.5337
6490.82436167336  115.7753
6491.05838359316  138.664
6491.29240551295  153.9263
6491.52642743275  148.1575
6491.76044935255  148.9861
6491.99447127234  142.1956
6492.22849319214  135.1178
6492.46251511194  146.1048
6492.69653703173  108.2515
6492.93055895153  115.9502
6493.16458087133  116.5331
6493.39860279112  115.5557
6493.63262471092  132.2007
6493.86664663072  110.0462
6494.10066855051  104.7716
6494.33469047031  125.3315
6494.56871239011  126.124
6494.8027343099  116.2746
6495.0367562297  108.7033
6495.2707781495  139.6968
6495.50480006929  133.5939
6495.73882198909  107.1418
6495.97284390889  121.1411
6496.20686582868  153.6892
6496.44088774848  120.1449
6496.67490966827  132.24
6496.90893158807  169.6078
6497.14295350787  119.4139
6497.37697542767  99.87883
6497.61099734746  116.5268
6497.84501926726  128.1481
6498.07904118706  127.1849
6498.31306310685  131.6867
6498.54708502665  153.7701
6498.78110694645  110.9173
6499.01512886624  117.1292
6499.24915078604  148.7048
6499.48317270584  123.2358
6499.71719462563  143.5494
6499.95121654543  173.6882
6500.18523846523  132.5434
6500.41926038502  132.1534
6500.65328230482  142.4323
6500.88730422462  132.1881
6501.12132614441  142.9136
6501.35534806421  161.2789
6501.58936998401  149.4404
6501.8233919038  135.5526
6502.0574138236  150.1365
6502.2914357434  184.4404
6502.52545766319  172.6654
6502.75947958299  136.8459
6502.99350150279  138.3079
6503.22752342258  140.3364
6503.46154534238  140.6294
6503.69556726218  99.8871
6503.92958918197  125.3592
6504.16361110177  138.3597
6504.39763302157  117.1774
6504.63165494136  114.2089
6504.86567686116  143.6724
6505.09969878096  118.4449
6505.33372070075  154.3542
6505.56774262055  167.8365
6505.80176454035  163.3089
6506.03578646014  157.7881
6506.26980837994  142.9285
6506.50383029974  150.2179
6506.73785221953  147.6864
6506.97187413933  149.8305
6507.20589605913  167.729
6507.43991797892  167.188
6507.67393989872  161.7952
6507.90796181852  147.7886
6508.14198373831  141.3427
6508.37600565811  123.2911
6508.61002757791  124.9783
6508.8440494977  163.5441
6509.0780714175  171.9982
6509.3120933373  151.3355
6509.54611525709  120.2676
6509.78013717689  154.1449
6510.01415909668  169.7729
6510.24818101648  115.2206
6510.48220293628  180.9079
6510.71622485608  174.7888
6510.95024677587  124.9673
6511.18426869567  121.9796
6511.41829061547  167.3897
6511.65231253526  175.4841
6511.88633445506  154.8463
6512.12035637486  146.6201
6512.35437829465  115.421
6512.58840021445  133.8936
6512.82242213425  172.5878
6513.05644405404  150.3431
6513.29046597384  143.0599
6513.52448789364  155.1091
6513.75850981343  160.4979
6513.99253173323  148.3864
6514.22655365302  153.9426
6514.46057557282  141.3763
6514.69459749262  150.3983
6514.92861941242  149.6199
6515.16264133221  154.6237
6515.39666325201  187.3132
6515.63068517181  152.2478
6515.8647070916  149.3228
6516.0987290114  153.4535
6516.33275093119  136.7977
6516.56677285099  129.3131
6516.80079477079  144.3575
6517.03481669059  188.9375
6517.26883861038  196.0883
6517.50286053018  137.5588
6517.73688244998  125.2108
6517.97090436977  150.5835
6518.20492628957  134.3668
6518.43894820937  152.5363
6518.67297012916  169.1703
6518.90699204896  187.0175
6519.14101396876  207.678
6519.37503588855  173.2072
6519.60905780835  141.4152
6519.84307972815  166.3296
6520.07710164794  158.3163
6520.31112356774  173.445
6520.54514548753  164.7866
6520.77916740733  138.689
6521.01318932713  160.851
6521.24721124693  163.3758
6521.48123316672  151.3944
6521.71525508652  155.7174
6521.94927700632  145.6843
6522.18329892611  136.4492
6522.41732084591  160.1528
6522.65134276571  175.282
6522.8853646855  158.2083
6523.1193866053  138.5301
6523.35340852509  121.1278
6523.58743044489  127.5588
6523.82145236469  176.2045
6524.05547428449  190.7906
6524.28949620428  154.059
6524.52351812408  156.7934
6524.75754004388  171.9805
6524.99156196367  166.5043
6525.22558388347  176.2517
6525.45960580327  161.9164
6525.69362772306  176.8519
6525.92764964286  170.5269
6526.16167156266  148.2747
6526.39569348245  170.1643
6526.62971540225  174.6129
6526.86373732204  171.7768
6527.09775924184  201.39
6527.33178116164  170.327
6527.56580308144  152.7783
6527.79982500123  168.4083
6528.03384692103  182.4026
6528.26786884083  171.3017
6528.50189076062  161.4862
6528.73591268042  166.1962
6528.96993460022  160.0841
6529.20395652001  148.3204
6529.43797843981  150.5757
6529.67200035961  171.3254
6529.9060222794  171.3034
6530.1400441992  152.4938
6530.374066119  183.5196
6530.60808803879  207.9871
6530.84210995859  172.2038
6531.07613187838  172.1908
6531.31015379818  162.5032
6531.54417571798  158.0019
6531.77819763777  118.3534
6532.01221955757  132.8838
6532.24624147737  206.7259
6532.48026339717  193.6106
6532.71428531696  211.7333
6532.94830723676  257.4774
6533.18232915656  191.2949
6533.41635107635  154.6334
6533.65037299615  132.9988
6533.88439491594  180.8564
6534.11841683574  177.0089
6534.35243875554  151.7854
6534.58646067533  159.1639
6534.82048259513  182.0472
6535.05450451493  192.1013
6535.28852643472  194.3532
6535.52254835452  169.1043
6535.75657027432  151.4096
6535.99059219411  173.5835
6536.22461411391  189.5225
6536.45863603371  149.1875
6536.69265795351  165.2395
6536.9266798733  221.8843
6537.1607017931  166.3802
6537.39472371289  198.5765
6537.62874563269  218.6557
6537.86276755249  200.4581
6538.09678947228  173.8637
6538.33081139208  195.4254
6538.56483331188  233.1143
6538.79885523167  228.5111
6539.03287715147  161.2689
6539.26689907127  168.7791
6539.50092099106  196.9
6539.73494291086  185.833
6539.96896483066  181.6701
6540.20298675045  206.0919
6540.43700867025  198.4836
6540.67103059005  210.6229
6540.90505250984  226.0951
6541.13907442964  190.0036
6541.37309634944  198.3165
6541.60711826923  197.5491
6541.84114018903  225.4375
6542.07516210883  232.1731
6542.30918402863  195.9692
6542.54320594842  177.2148
6542.77722786822  210.4085
6543.01124978801  215.1097
6543.24527170781  214.7323
6543.47929362761  223.686
6543.71331554741  227.3642
6543.9473374672  232.8315
6544.181359387  233.3457
6544.41538130679  220.8089
6544.64940322659  197.5653
6544.88342514639  204.0473
6545.11744706618  213.0621
6545.35146898598  241.9857
6545.58549090578  275.7277
6545.81951282557  235.8188
6546.05353474537  209.0194
6546.28755666517  212.4712
6546.52157858496  230.4177
6546.75560050476  214.5517
6546.98962242456  196.6629
6547.22364434435  255.5123
6547.45766626415  232.0706
6547.69168818395  247.7251
6547.92571010374  258.9404
6548.15973202354  274.6598
6548.39375394334  267.0968
6548.62777586313  253.3958
6548.86179778293  216.0452
6549.09581970273  241.2695
6549.32984162252  244.6189
6549.56386354232  268.1129
6549.79788546212  256.2855
6550.03190738192  267.5171
6550.26592930171  279.2622
6550.49995122151  243.2802
6550.7339731413  263.1439
6550.9679950611  282.4638
6551.2020169809  266.9517
6551.4360389007  306.8315
6551.67006082049  308.5081
6551.90408274029  284.2247
6552.13810466008  255.2884
6552.37212657988  248.704
6552.60614849968  267.9965
6552.84017041948  303.6808
6553.07419233927  321.9653
6553.30821425907  304.7578
6553.54223617887  325.7477
6553.77625809866  313.8083
6554.01028001846  300.6635
6554.24430193826  303.825
6554.47832385805  276.0762
6554.71234577785  281.4857
6554.94636769764  281.4224
6555.18038961744  310.294
6555.41441153724  346.265
6555.64843345703  325.9161
6555.88245537683  314.8693
6556.11647729663  296.6915
6556.35049921642  262.0872
6556.58452113622  266.188
6556.81854305602  273.4583
6557.05256497581  270.3094
6557.28658689561  296.1756
6557.52060881541  283.728
6557.7546307352  286.6022
6557.988652655  282.8552
6558.2226745748  251.2707
6558.45669649459  253.9604
6558.69071841439  282.5437
6558.92474033419  252.7636
6559.15876225398  266.7857
6559.39278417378  295.0009
6559.62680609358  284.002
6559.86082801337  291.3011
6560.09484993317  252.8949
6560.32887185297  248.3577
6560.56289377276  286.3735
6560.79691569256  267.8827
6561.03093761236  261.4505
6561.26495953215  197.1108
6561.49898145195  212.4745
6561.73300337175  252.5191
6561.96702529154  280.3566
6562.20104721134  277.0991
6562.43506913114  248.7025
6562.66909105093  301.2384
6562.90311297073  290.1748
6563.13713489053  233.259
6563.37115681032  234.0156
6563.60517873012  262.4283
6563.83920064992  263.3162
6564.07322256971  265.6185
6564.30724448951  258.3505
6564.54126640931  220.9473
6564.7752883291  247.0181
6565.0093102489  258.8018
6565.2433321687  273.176
6565.47735408849  277.7408
6565.71137600829  266.2939
6565.94539792809  296.1031
6566.17941984788  263.9821
6566.41344176768  287.4127
6566.64746368748  261.2295
6566.88148560727  263.5799
6567.11550752707  235.1329
6567.34952944687  256.0633
6567.58355136666  263.7961
6567.81757328646  251.1149
6568.05159520626  259.325
6568.28561712605  282.4554
6568.51963904585  254.3308
6568.75366096565  265.2571
6568.98768288544  255.6773
6569.22170480524  258.0685
6569.45572672504  287.6303
6569.68974864483  271.8359
6569.92377056463  252.6811
6570.15779248443  266.0286
6570.39181440422  265.739
6570.62583632402  246.6095
6570.85985824382  237.7999
6571.09388016361  241.7835
6571.32790208341  239.1073
6571.56192400321  238.9967
6571.795945923  258.2326
6572.0299678428  244.1803
6572.2639897626  188.6033
6572.49801168239  170.7368
6572.73203360219  220.6771
6572.96605552199  244.5673
6573.20007744178  265.6042
6573.43409936158  245.1363
6573.66812128138  219.0437
6573.90214320117  230.6893
6574.13616512097  209.2579
6574.37018704077  200.6611
6574.60420896056  194.8491
6574.83823088036  218.4511
6575.07225280016  218.1418
6575.30627471995  189.9581
6575.54029663975  206.3453
6575.77431855955  232.2921
6576.00834047934  203.7553
6576.24236239914  173.9179
6576.47638431894  170.7431
6576.71040623873  207.5238
6576.94442815853  218.7239
6577.17845007833  223.7005
6577.41247199813  220.0976
6577.64649391792  188.1898
6577.88051583772  172.8416
6578.11453775751  172.2947
6578.34855967731  218.0952
6578.58258159711  213.809
6578.8166035169  180.9425
6579.0506254367  181.7368
6579.2846473565  201.57
6579.51866927629  196.3801
6579.75269119609  191.4972
6579.98671311589  199.2203
6580.22073503568  180.1185
6580.45475695548  164.877
6580.68877887528  200.8526
6580.92280079507  208.5561
6581.15682271487  168.5371
6581.39084463467  154.5418
6581.62486655446  181.7978
6581.85888847426  199.0582
6582.09291039406  214.0717
6582.32693231385  185.2583
6582.56095423365  189.5606
6582.79497615345  199.5909
6583.02899807324  204.6737
6583.26301999304  184.9182
6583.49704191284  218.0475
6583.73106383263  232.6503
6583.96508575243  205.9596
6584.19910767223  204.6169
6584.43312959202  174.1451
6584.66715151182  192.9172
6584.90117343162  180.3833
6585.13519535141  141.6816
6585.36921727121  156.7549
6585.60323919101  203.7786
6585.8372611108  220.0815
6586.0712830306  171.2782
6586.3053049504  189.6675
6586.53932687019  215.141
6586.77334878999  214.8737
6587.00737070979  204.5721
6587.24139262958  171.0641
6587.47541454938  190.0064
6587.70943646918  171.8848
6587.94345838897  136.7032
6588.17748030877  149.6489
6588.41150222857  175.5519
6588.64552414836  184.6456
6588.87954606816  161.1688
6589.11356798796  155.0004
6589.34758990775  180.5704
6589.58161182755  192.4032
6589.81563374735  203.9621
6590.04965566714  190.2699
6590.28367758694  191.4031
6590.51769950674  194.5985
6590.75172142653  147.7703
6590.98574334633  192.8912
6591.21976526613  200.3012
6591.45378718592  171.2623
6591.68780910572  213.614
6591.92183102552  216.8622
6592.15585294531  175.8464
6592.38987486511  193.6395
6592.62389678491  204.1474
6592.8579187047  188.3157
6593.0919406245  183.1958
6593.3259625443  190.8017
6593.55998446409  178.5555
6593.79400638389  181.6723
6594.02802830369  174.2772
6594.26205022348  141.9609
6594.49607214328  159.9162
6594.73009406308  183.0176
6594.96411598287  167.6548
6595.19813790267  186.0346
6595.43215982247  158.8011
6595.66618174226  154.1045
6595.90020366206  187.029
6596.13422558186  191.4867
6596.36824750165  182.6331
6596.60226942145  167.6488
6596.83629134125  167.2861
6597.07031326104  169.4368
6597.30433518084  167.1475
6597.53835710064  171.6644
6597.77237902043  150.039
6598.00640094023  171.327
6598.24042286003  189.4563
6598.47444477982  175.2311
6598.70846669962  200.5322
6598.94248861942  148.3071
6599.17651053921  146.5155
6599.41053245901  163.9814
6599.64455437881  173.5532
6599.8785762986  182.6211
6600.1125982184  130.327
6600.3466201382  174.3007
6600.58064205799  201.0187
6600.81466397779  197.2005
6601.04868589759  126.1798
6601.28270781738  103.8383
6601.51672973718  172.0832
6601.75075165698  184.7724
6601.98477357677  198.6618
6602.21879549657  157.5546
6602.45281741637  166.1712
6602.68683933616  204.2918
6602.92086125596  161.7085
6603.15488317576  141.4214
6603.38890509555  145.7626
6603.62292701535  148.9159
6603.85694893515  180.3192
6604.09097085494  189.918
6604.32499277474  167.2779
6604.55901469454  178.7852
6604.79303661433  176.1693
6605.02705853413  163.7612
6605.26108045393  135.2747
6605.49510237372  183.5728
6605.72912429352  181.0061
6605.96314621332  139.048
6606.19716813311  143.0627
6606.43119005291  153.402
6606.66521197271  178.0963
6606.8992338925  182.1848
6607.1332558123  169.0171
6607.3672777321  154.655
6607.60129965189  175.3338
6607.83532157169  173.858
6608.06934349149  153.4269
6608.30336541128  144.1001
6608.53738733108  142.7524
6608.77140925088  153.4654
6609.00543117067  147.458
6609.23945309047  162.4606
6609.47347501027  168.2723
6609.70749693006  182.6865
6609.94151884986  168.4663
6610.17554076966  150.1277
6610.40956268945  141.8373
6610.64358460925  154.9745
6610.87760652905  148.4873
6611.11162844884  170.9846
6611.34565036864  168.4631
6611.57967228844  168.7109
6611.81369420823  131.1366
6612.04771612803  162.6824
6612.28173804783  161.4418
6612.51575996762  157.8273
6612.74978188742  150.447
6612.98380380722  163.8062
6613.21782572701  148.173
6613.45184764681  159.3332
6613.68586956661  150.6476
6613.9198914864  153.0586
6614.1539134062  133.6074
6614.387935326  133.0722
6614.62195724579  143.7175
6614.85597916559  142.9315
6615.09000108539  110.2426
6615.32402300518  150.2199
6615.55804492498  178.2576
6615.79206684478  191.7368
6616.02608876457  172.9682
6616.26011068437  172.7222
6616.49413260417  174.3338
6616.72815452396  140.457
6616.96217644376  172.341
6617.19619836356  167.212
6617.43022028335  131.9688
6617.66424220315  154.6176
6617.89826412295  152.5384
6618.13228604274  179.1767
6618.36630796254  164.5674
6618.60032988234  133.9521
6618.83435180213  131.316
6619.06837372193  150.6809
6619.30239564173  154.9474
6619.53641756152  184.6051
6619.77043948132  156.4412
6620.00446140111  146.0802
6620.23848332091  143.3173
6620.47250524071  146.8494
6620.70652716051  91.22976
6620.9405490803  127.0273
6621.1745710001  143.8227
6621.40859291989  162.6024
6621.64261483969  165.8331
6621.87663675949  134.3005
6622.11065867929  124.014
6622.34468059908  152.5605
6622.57870251888  150.3383
6622.81272443867  130.6452
6623.04674635847  134.7158
6623.28076827827  141.6335
6623.51479019807  145.9809
6623.74881211786  165.7163
6623.98283403766  141.6564
6624.21685595745  129.1163
6624.45087787725  165.4389
6624.68489979705  156.7516
6624.91892171685  138.2447
6625.15294363664  133.7803
6625.38696555644  137.8891
6625.62098747624  133.9478
6625.85500939603  141.161
6626.08903131583  128.4395
6626.32305323563  136.3862
6626.55707515542  177.7427
6626.79109707522  151.3148
6627.02511899502  161.5991
6627.25914091481  144.222
6627.49316283461  144.5015
6627.72718475441  164.793
6627.9612066742  126.7188
6628.195228594  135.4168
6628.4292505138  145.4177
6628.66327243359  124.3003
6628.89729435339  141.8497
6629.13131627319  157.6624
6629.36533819298  124.8829
6629.59936011278  120.5021
6629.83338203258  109.1431
6630.06740395237  128.4159
6630.30142587217  134.1629
6630.53544779197  138.2865
6630.76946971176  106.8205
6631.00349163156  133.4707
6631.23751355136  151.0406
6631.47153547115  144.8532
6631.70555739095  161.6212
6631.93957931074  146.5426
6632.17360123054  158.8841
6632.40762315034  130.4962
6632.64164507014  100.9788
6632.87566698993  136.5367
6633.10968890973  123.8572
6633.34371082953  152.1032
6633.57773274932  121.7261
6633.81175466912  123.07
6634.04577658892  128.7047
6634.27979850871  136.9706
6634.51382042851  149.5466
6634.74784234831  137.3811
6634.9818642681  112.507
6635.2158861879  126.1886
6635.4499081077  137.083
6635.68393002749  105.9881
6635.91795194729  134.4146
6636.15197386709  131.3614
6636.38599578688  124.8652
6636.62001770668  113.51
6636.85403962648  139.5548
6637.08806154627  125.8014
6637.32208346607  85.14816
6637.55610538587  111.9871
6637.79012730566  100.3082
6638.02414922546  76.92082
6638.25817114526  122.0855
6638.49219306505  146.2564
6638.72621498485  125.1667
6638.96023690465  140.0296
6639.19425882444  137.9895
6639.42828074424  133.3327
6639.66230266404  137.1505
6639.89632458383  106.6301
6640.13034650363  122.255
6640.36436842343  154.6338
6640.59839034322  129.8131
6640.83241226302  144.0334
6641.06643418282  145.383
6641.30045610261  133.702
6641.53447802241  126.9943
6641.7684999422  119.1303
6642.002521862  108.5357
6642.2365437818  113.8308
6642.4705657016  124.6113
6642.70458762139  123.2658
6642.93860954119  110.7494
6643.17263146099  125.9657
6643.40665338078  141.1527
6643.64067530058  140.4012
6643.87469722037  149.6402
6644.10871914017  131.4984
6644.34274105997  92.07854
6644.57676297977  90.06479
6644.81078489956  97.20655
6645.04480681936  98.75535
6645.27882873915  124.1322
6645.51285065895  121.2787
6645.74687257875  134.1309
6645.98089449854  105.9071
6646.21491641834  119.9029
6646.44893833814  132.7908
6646.68296025793  127.9044
6646.91698217773  121.0516
6647.15100409753  138.837
6647.38502601733  121.2456
6647.61904793712  111.4355
6647.85306985692  89.81445
6648.08709177671  109.2554
6648.32111369651  89.39505
6648.55513561631  155.6905
6648.78915753611  153.2552
6649.0231794559  108.7974
6649.2572013757  106.301
6649.49122329549  107.742
6649.72524521529  114.836
6649.95926713509  99.9535
6650.19328905488  116.1114
6650.42731097468  111.1669
6650.66133289448  112.0628
6650.89535481428  98.63963
6651.12937673407  105.2405
6651.36339865387  127.7431
6651.59742057366  110.1272
6651.83144249346  71.29341
6652.06546441326  82.52386
6652.29948633305  122.2037
6652.53350825285  114.8198
6652.76753017265  96.89972
6653.00155209244  81.07095
6653.23557401224  111.0431
6653.46959593204  122.772
6653.70361785184  128.0239
6653.93763977163  110.813
6654.17166169143  121.3102
6654.40568361122  78.83131
6654.63970553102  73.82545
6654.87372745082  101.9431
6655.10774937062  136.1823
6655.34177129041  120.9915
6655.57579321021  108.1235
6655.80981513  80.54678
6656.0438370498  82.63693
6656.2778589696  68.43107
6656.51188088939  98.01277
6656.74590280919  68.12783
6656.97992472899  94.40131
6657.21394664878  77.61328
6657.44796856858  86.61893
6657.68199048838  117.7995
6657.91601240818  120.0686
6658.15003432797  93.99067
6658.38405624777  78.52537
6658.61807816756  65.68423
6658.85210008736  91.69616
6659.08612200716  64.76218
6659.32014392696  62.35793
6659.55416584675  84.59962
6659.78818776655  66.76385
6660.02220968635  58.50972
6660.25623160614  91.59011
6660.49025352594  89.82465
6660.72427544574  50.01342
6660.95829736553  76.5806
6661.19231928533  95.28033
6661.42634120512  78.07848
6661.66036312492  78.74442
6661.89438504472  103.4265
6662.12840696452  96.06401
6662.36242888431  77.07346
6662.59645080411  67.00184
6662.8304727239  88.61145
6663.0644946437  80.83078
6663.2985165635  75.2186
6663.53253848329  63.07314
6663.76656040309  81.51645
6664.00058232289  67.65929
6664.23460424269  124.451
6664.46862616248  81.95898
6664.70264808228  89.88017
6664.93667000207  83.46988
6665.17069192187  62.23666
6665.40471384167  67.49988
6665.63873576146  87.64324
6665.87275768126  76.44901
6666.10677960106  80.34451
6666.34080152086  76.78622
6666.57482344065  60.39804
6666.80884536045  71.20504
6667.04286728024  70.17204
6667.27688920004  50.93729
6667.51091111984  45.62448
6667.74493303963  41.89032
6667.97895495943  59.82039
6668.21297687923  58.21019
6668.44699879903  66.62504
6668.68102071882  59.69888
6668.91504263862  89.78264
6669.14906455841  62.2771
6669.38308647821  42.70641
6669.61710839801  80.54373
6669.8511303178  51.81159
6670.0851522376  70.42844
6670.3191741574  73.63179
6670.55319607719  77.46787
6670.78721799699  45.80526
6671.02123991679  39.74028
6671.25526183658  39.39999
6671.48928375638  80.06371
6671.72330567618  69.95158
6671.95732759597  44.987
6672.19134951577  45.40722
6672.42537143557  39.75861
6672.65939335536  33.32606
6672.89341527516  23.83357
6673.12743719496  52.66229
6673.36145911475  49.98212
6673.59548103455  51.89801
6673.82950295435  41.93064
6674.06352487414  51.99662
6674.29754679394  78.45731
6674.53156871374  59.65566
6674.76559063353  50.84753
6674.99961255333  52.07837
6675.23363447313  60.11806
6675.46765639292  34.52652
6675.70167831272  34.45207
6675.93570023252  31.31519
6676.16972215231  33.99945
6676.40374407211  65.16689
6676.63776599191  54.26598
6676.8717879117  58.64415
6677.1058098315  55.18668
6677.3398317513  43.26541
6677.5738536711  21.47408
6677.80787559089  30.41992
6678.04189751069  32.73626
6678.27591943048  33.19918
6678.50994135028  26.45866
6678.74396327008  30.60875
6678.97798518988  39.78053
6679.21200710967  25.67359
6679.44602902947  21.13451
6679.68005094926  41.2784
6679.91407286906  49.26352
6680.14809478886  27.3316
6680.38211670865  20.36244
6680.61613862845  10.04688
6680.85016054825  7.789478
6681.08418246804  23.51391
6681.31820438784  40.215
6681.55222630764  10.48688
6681.78624822743  26.05649
6682.02027014723  23.09769
6682.25429206703  24.96831
6682.48831398682  22.15286
6682.72233590662  26.1427
6682.95635782642  25.03905
6683.19037974621  39.71566
6683.42440166601  33.02423
6683.65842358581  43.27058
6683.8924455056  9.416719
6684.1264674254  -5.400377
6684.3604893452  12.12681
6684.59451126499  33.80429
6684.82853318479  64.41863
6685.06255510459  32.68584
6685.29657702438  34.72593
6685.53059894418  25.309
6685.76462086398  36.86197
6685.99864278378  33.05693
6686.23266470357  44.45114
6686.46668662337  23.5725
6686.70070854316  16.06443
6686.93473046296  4.870136
6687.16875238276  38.64278
6687.40277430255  53.66419
6687.63679622235  12.87558
6687.87081814215  31.62482
6688.10484006195  20.6461
6688.33886198174  37.43097
6688.57288390154  22.35183
6688.80690582133  4.499135
6689.04092774113  -9.67369
6689.27494966093  7.315342
6689.50897158072  6.138572
6689.74299350052  -4.746318
6689.97701542032  -0.7833189
6690.21103734012  56.64511
6690.44505925991  49.68364
6690.67908117971  31.54575
6690.9131030995  5.942632
6691.1471250193  -5.000335
6691.3811469391  3.563075
6691.61516885889  17.77026
6691.84919077869  29.50179
6692.08321269849  -10.7568
6692.31723461828  1.821744
