6452.9979567666  75.33557
6453.23205169196  120.1769
6453.46614661731  113.4196
6453.70024154267  111.7043
6453.93433646803  119.0887
6454.16843139338  101.801
6454.40252631874  87.18597
6454.63662124409  88.01419
6454.87071616945  84.22881
6455.10481109481  70.70922
6455.33890602016  52.76875
6455.57300094552  60.00879
6455.80709587088  100.8318
6456.04119079623  94.99146
6456.27528572159  64.56364
6456.50938064695  65.52753
6456.7434755723  142.5477
6456.97757049766  140.237
6457.21166542302  137.1939
6457.44576034837  129.6685
6457.67985527373  75.46781
6457.91395019909  79.12729
6458.14804512444  97.45495
6458.3821400498  90.68687
6458.61623497516  106.131
6458.85032990051  93.19067
6459.08442482587  105.7287
6459.31851975122  85.40251
6459.55261467658  111.4514
6459.78670960194  95.15702
6460.02080452729  96.93215
6460.25489945265  99.93314
6460.48899437801  93.90152
6460.72308930336  91.2169
6460.95718422872  64.1994
6461.19127915408  82.04175
6461.42537407943  113.6072
6461.65946900479  105.6229
6461.89356393015  135.4769
6462.1276588555  141.876
6462.36175378086  92.1729
6462.59584870621  111.0874
6462.82994363157  84.63059
6463.06403855693  83.77489
6463.29813348228  77.61199
6463.53222840764  113.5773
6463.766323333  104.1358
6464.00041825835  124.3692
6464.23451318371  140.4274
6464.46860810907  85.70733
6464.70270303442  101.821
6464.93679795978  143.0124
6465.17089288513  102.7419
6465.40498781049  100.9855
6465.63908273585  112.4643
6465.8731776612  128.8481
6466.10727258656  124.2433
6466.34136751192  74.7787
6466.57546243727  117.1629
6466.80955736263  132.2495
6467.04365228799  81.22223
6467.27774721334  96.46632
6467.5118421387  114.4821
6467.74593706405  131.8998
6467.98003198941  141.3213
6468.21412691477  139.7321
6468.44822184012  147.9154
6468.68231676548  136.8061
6468.91641169084  134.712
6469.15050661619  137.2222
6469.38460154155  131.5945
6469.61869646691  170.6871
6469.85279139226  170.0375
6470.08688631762  123.3915
6470.32098124298  130.2664
6470.55507616833  138.462
6470.78917109369  104.9804
6471.02326601904  147.0423
6471.2573609444  151.8863
6471.49145586976  153.5497
6471.72555079511  147.6938
6471.95964572047  102.2668
6472.19374064583  129.7879
6472.42783557118  145.2382
6472.66193049654  135.1448
6472.8960254219  101.6587
6473.13012034725  153.9391
6473.36421527261  145.6099
6473.59831019797  160.8733
6473.83240512332  135.7098
6474.06650004868  158.7303
6474.30059497404  162.5372
6474.53468989939  158.1727
6474.76878482475  154.0505
6475.0028797501  163.5542
6475.23697467546  147.6411
6475.47106960082  136.8821
6475.70516452617  174.156
6475.93925945153  181.0894
6476.17335437689  188.3969
6476.40744930224  163.8668
6476.6415442276  210.4076
6476.87563915296  181.9089
6477.10973407831  153.4861
6477.34382900367  171.3652
6477.57792392902  216.0199
6477.81201885438  172.106
6478.04611377974  123.444
6478.28020870509  169.767
6478.51430363045  197.3489
6478.74839855581  181.3031
6478.98249348116  170.0798
6479.21658840652  172.2748
6479.45068333188  208.6916
6479.68477825723  210.1899
6479.91887318259  168.7169
6480.15296810795  168.7808
6480.3870630333  164.1686
6480.62115795866  151.0969
6480.85525288402  164.9528
6481.08934780937  159.6111
6481.32344273473  146.6991
6481.55753766008  157.2639
6481.79163258544  203.7952
6482.0257275108  184.9341
6482.25982243615  179.3226
6482.49391736151  196.0486
6482.72801228687  175.2318
6482.96210721222  177.5137
6483.19620213758  177.8679
6483.43029706294  160.2015
6483.66439198829  163.8278
6483.89848691365  139.2707
6484.13258183901  141.0341
6484.36667676436  189.3707
6484.60077168972  168.0526
6484.83486661508  214.9594
6485.06896154043  248.2278
6485.30305646579  192.5839
6485.53715139114  152.3934
6485.7712463165  149.7836
6486.00534124186  135.677
6486.23943616721  140.524
6486.47353109257  154.8472
6486.70762601793  178.171
6486.94172094328  197.6617
6487.17581586864  165.3369
6487.40991079399  161.9361
6487.64400571935  178.5242
6487.87810064471  198.743
6488.11219557006  150.3032
6488.34629049542  130.4056
6488.58038542078  147.4144
6488.81448034614  201.9554
6489.04857527149  199.6107
6489.28267019685  187.4088
6489.5167651222  193.1526
6489.75086004756  189.2785
6489.98495497292  174.9781
6490.21904989827  144.3812
6490.45314482363  135.544
6490.68723974899  145.5022
6490.92133467434  155.8005
6491.1554295997  194.7541
6491.38952452505  193.6191
6491.62361945041  181.6096
6491.85771437577  207.0572
6492.09180930112  181.0417
6492.32590422648  173.685
6492.55999915184  162.1166
6492.79409407719  181.2558
6493.02818900255  234.6164
6493.26228392791  186.2328
6493.49637885326  201.8234
6493.73047377862  173.23
6493.96456870398  143.3543
6494.19866362933  182.6114
6494.43275855469  166.468
6494.66685348004  144.4586
6494.9009484054  172.0372
6495.13504333076  189.6438
6495.36913825611  214.2839
6495.60323318147  196.8591
6495.83732810683  185.6044
6496.07142303218  238.8292
6496.30551795754  232.168
6496.5396128829  186.4963
6496.77370780825  181.9976
6497.00780273361  175.1304
6497.24189765897  184.9502
6497.47599258432  190.2421
6497.71008750968  247.0163
6497.94418243504  246.0618
6498.17827736039  211.7594
6498.41237228575  236.9816
6498.6464672111  232.8685
6498.88056213646  206.0332
6499.11465706182  182.7174
6499.34875198717  161.681
6499.58284691253  212.6896
6499.81694183789  213.5883
6500.05103676324  161.0997
6500.2851316886  183.4931
6500.51922661395  215.4221
6500.75332153931  239.5233
6500.98741646467  219.1621
6501.22151139002  217.4839
6501.45560631538  162.7133
6501.68970124074  231.6495
6501.92379616609  191.1904
6502.15789109145  203.638
6502.39198601681  214.7207
6502.62608094216  196.1248
6502.86017586752  215.9692
6503.09427079287  200.1434
6503.32836571823  197.8072
6503.56246064359  215.8246
6503.79655556895  163.4741
6504.0306504943  138.5615
6504.26474541966  193.992
6504.49884034501  230.6426
6504.73293527037  213.0361
6504.96703019573  225.6947
6505.20112512108  217.2338
6505.43522004644  235.9486
6505.6693149718  219.3038
6505.90340989715  239.4988
6506.13750482251  205.9474
6506.37159974787  267.3822
6506.60569467322  261.9771
6506.83978959858  201.3784
6507.07388452394  236.2887
6507.30797944929  254.3437
6507.54207437465  227.0389
6507.7761693  208.2539
6508.01026422536  190.8793
6508.24435915072  178.2408
6508.47845407607  196.7917
6508.71254900143  208.2871
6508.94664392679  178.3585
6509.18073885214  201.1301
6509.4148337775  219.6897
6509.64892870286  215.6406
6509.88302362821  234.0439
6510.11711855357  185.9097
6510.35121347893  185.8373
6510.58530840428  201.4718
6510.81940332964  225.6504
6511.05349825499  185.7425
6511.28759318035  205.5554
6511.52168810571  229.9207
6511.75578303106  252.9593
6511.98987795642  232.0876
6512.22397288178  219.7059
6512.45806780713  231.4014
6512.69216273249  203.4519
6512.92625765785  199.1369
6513.1603525832  257.4836
6513.39444750856  243.4795
6513.62854243392  186.3234
6513.86263735927  213.0313
6514.09673228463  219.08
6514.33082720998  206.987
6514.56492213534  224.4436
6514.7990170607  234.6119
6515.03311198605  227.7241
6515.26720691141  218.9632
6515.50130183677  266.2069
6515.73539676212  212.1644
6515.96949168748  202.0422
6516.20358661283  234.9508
6516.43768153819  205.1583
6516.67177646355  175.302
6516.90587138891  233.0501
6517.13996631426  220.5573
6517.37406123962  217.9012
6517.60815616497  239.8443
6517.84225109033  234.1318
6518.07634601569  262.0339
6518.31044094104  247.53
6518.5445358664  228.968
6518.77863079176  264.534
6519.01272571711  266.6185
6519.24682064247  244.9077
6519.48091556783  216.91
6519.71501049318  225.2039
6519.94910541854  174.7337
6520.1832003439  178.1565
6520.41729526925  213.9175
6520.65139019461  252.5733
6520.88548511996  203.3447
6521.11958004532  198.2037
6521.35367497068  226.9898
6521.58776989604  240.9746
6521.82186482139  224.0974
6522.05595974675  219.4334
6522.2900546721  205.5765
6522.52414959746  228.8488
6522.75824452282  236.9206
6522.99233944817  230.9014
6523.22643437353  226.092
6523.46052929889  197.1265
6523.69462422424  218.9081
6523.9287191496  228.6671
6524.16281407496  233.0202
6524.39690900031  258.8513
6524.63100392567  259.4598
6524.86509885102  255.2973
6525.09919377638  246.098
6525.33328870174  272.6645
6525.56738362709  254.9523
6525.80147855245  233.9498
6526.03557347781  227.9394
6526.26966840316  273.276
6526.50376332852  273.0188
6526.73785825388  244.6447
6526.97195317923  258.5305
6527.20604810459  218.4229
6527.44014302994  203.391
6527.6742379553  220.0381
6527.90833288066  220.592
6528.14242780601  262.2331
6528.37652273137  279.0667
6528.61061765673  220.4077
6528.84471258208  213.9474
6529.07880750744  223.7421
6529.3129024328  220.0687
6529.54699735815  280.8958
6529.78109228351  257.0346
6530.01518720887  252.1738
6530.24928213422  214.2973
6530.48337705958  204.4837
6530.71747198493  271.0729
6530.95156691029  218.7366
6531.18566183565  214.1054
6531.419756761  251.6309
6531.65385168636  213.3212
6531.88794661172  226.7655
6532.12204153707  238.3389
6532.35613646243  200.836
6532.59023138779  204.3187
6532.82432631314  246.1939
6533.0584212385  242.1705
6533.29251616385  245.808
6533.52661108921  316.5141
6533.76070601457  245.7283
6533.99480093993  226.4453
6534.22889586528  214.6969
6534.46299079064  252.0185
6534.697085716  206.3282
6534.93118064135  227.1737
6535.16527556671  240.0182
6535.39937049206  252.0199
6535.63346541742  229.8507
6535.86756034278  272.7636
6536.10165526813  276.435
6536.33575019349  230.7121
6536.56984511885  234.6883
6536.8039400442  248.9524
6537.03803496956  228.635
6537.27212989491  206.4001
6537.50622482027  228.8331
6537.74031974563  268.5248
6537.97441467098  265.3181
6538.20850959634  262.8779
6538.4426045217  252.0093
6538.67669944705  225.6123
6538.91079437241  245.52
6539.14488929776  278.9562
6539.37898422312  282.7287
6539.61307914848  245.0371
6539.84717407384  267.0359
6540.08126899919  225.9155
6540.31536392455  291.0255
6540.54945884991  279.1071
6540.78355377526  226.631
6541.01764870062  241.4958
6541.25174362597  259.7394
6541.48583855133  241.655
6541.71993347669  263.4258
6541.95402840204  261.5187
6542.1881233274  310.4861
6542.42221825276  269.7116
6542.65631317811  272.5272
6542.89040810347  248.2874
6543.12450302883  284.2143
6543.35859795418  242.1959
6543.59269287954  255.7749
6543.82678780489  246.1497
6544.06088273025  265.2216
6544.29497765561  269.8139
6544.52907258097  284.188
6544.76316750632  257.8583
6544.99726243168  232.4887
6545.23135735703  277.0471
6545.46545228239  278.3706
6545.69954720775  259.8094
6545.9336421331  227.624
6546.16773705846  258.1512
6546.40183198382  320.8079
6546.63592690917  309.7947
6546.87002183453  277.2973
6547.10411675988  271.7378
6547.33821168524  273.1644
6547.5723066106  269.7297
6547.80640153595  290.7574
6548.04049646131  276.1724
6548.27459138667  280.3341
6548.50868631202  294.9566
6548.74278123738  306.9561
6548.97687616274  251.1967
6549.21097108809  263.735
6549.44506601345  296.2226
6549.67916093881  325.7969
6549.91325586416  281.0928
6550.14735078952  317.2897
6550.38144571488  358.0579
6550.61554064023  308.7096
6550.84963556559  310.6546
6551.08373049094  365.2651
6551.3178254163  343.6627
6551.55192034166  311.5238
6551.78601526701  353.1408
6552.02011019237  332.7711
6552.25420511773  335.7537
6552.48830004308  276.8787
6552.72239496844  273.7732
6552.9564898938  309.494
6553.19058481915  330.6487
6553.42467974451  351.0498
6553.65877466987  335.9414
6553.89286959522  319.9365
6554.12696452058  341.5004
6554.36105944594  310.8832
6554.59515437129  321.6652
6554.82924929665  330.3199
6555.063344222  349.0424
6555.29743914736  351.9386
6555.53153407272  329.7308
6555.76562899807  338.8245
6555.99972392343  378.752
6556.23381884879  344.4524
6556.46791377414  316.1189
6556.7020086995  351.9354
6556.93610362486  343.2964
6557.17019855021  362.7681
6557.40429347557  374.899
6557.63838840092  383.6538
6557.87248332628  387.3051
6558.10657825164  360.1969
6558.34067317699  343.5152
6558.57476810235  378.5086
6558.80886302771  380.1314
6559.04295795306  374.0869
6559.27705287842  404.1598
6559.51114780378  343.0752
6559.74524272913  372.5315
6559.97933765449  400.0475
6560.21343257985  432.0423
6560.4475275052  449.0161
6560.68162243056  429.4093
6560.91571735591  444.6518
6561.14981228127  440.9799
6561.38390720663  433.4441
6561.61800213198  415.2737
6561.85209705734  379.8745
6562.0861919827  428.4349
6562.32028690805  461.6113
6562.55438183341  427.1494
6562.78847675877  426.02
6563.02257168412  389.3845
6563.25666660948  429.2046
6563.49076153483  419.9069
6563.72485646019  455.6968
6563.95895138555  408.5677
6564.1930463109  430.3119
6564.42714123626  439.6059
6564.66123616162  486.0315
6564.89533108697  443.1714
6565.12942601233  377.9501
6565.36352093769  394.4624
6565.59761586304  410.4016
6565.8317107884  412.8016
6566.06580571376  399.3853
6566.29990063911  415.3813
6566.53399556447  419.8798
6566.76809048983  486.435
6567.00218541518  431.538
6567.23628034054  441.4445
6567.47037526589  464.9559
6567.70447019125  499.4994
6567.93856511661  502.5578
6568.17266004196  466.9308
6568.40675496732  507.4479
6568.64084989268  468.866
6568.87494481803  433.4894
6569.10903974339  480.1845
6569.34313466875  475.757
6569.5772295941  433.9676
6569.81132451946  445.1089
6570.04541944482  366.5521
6570.27951437017  378.6583
6570.51360929553  459.804
6570.74770422088  409.1665
6570.98179914624  441.4136
6571.2158940716  428.8627
6571.44998899695  453.8187
6571.68408392231  440.9867
6571.91817884767  369.2867
6572.15227377302  393.084
6572.38636869838  370.6749
6572.62046362374  400.8766
6572.85455854909  397.2639
6573.08865347445  415.6898
6573.3227483998  390.6709
6573.55684332516  377.7787
6573.79093825052  381.0152
6574.02503317587  371.3403
6574.25912810123  436.6946
6574.49322302659  410.7756
6574.72731795194  320.8362
6574.9614128773  376.203
6575.19550780266  382.61
6575.42960272801  357.3609
6575.66369765337  361.5006
6575.89779257873  345.502
6576.13188750408  367.1704
6576.36598242944  407.8225
6576.6000773548  354.5573
6576.83417228015  374.428
6577.06826720551  337.7477
6577.30236213086  348.042
6577.53645705622  351.0114
6577.77055198158  341.994
6578.00464690693  334.7054
6578.23874183229  358.5974
6578.47283675765  345.3017
6578.706931683  324.3467
6578.94102660836  311.2424
6579.17512153371  285.1984
6579.40921645907  316.3097
6579.64331138443  379.1917
6579.87740630979  341.6882
6580.11150123514  317.5048
6580.3455961605  313.6411
6580.57969108586  334.5172
6580.81378601121  361.9858
6581.04788093657  295.2863
6581.28197586192  279.6601
6581.51607078728  308.4883
6581.75016571264  326.3448
6581.98426063799  314.0864
6582.21835556335  315.3719
6582.45245048871  294.4835
6582.68654541406  297.3815
6582.92064033942  295.1325
6583.15473526478  297.5551
6583.38883019013  330.8987
6583.62292511549  310.9992
6583.85702004084  306.2503
6584.0911149662  305.1537
6584.32520989156  314.7603
6584.55930481691  278.4521
6584.79339974227  297.3361
6585.02749466763  321.2592
6585.26158959298  298.4163
6585.49568451834  274.6917
6585.7297794437  307.7012
6585.96387436905  295.5549
6586.19796929441  307.4118
6586.43206421976  288.9942
6586.66615914512  270.4293
6586.90025407048  306.5352
6587.13434899584  293.5294
6587.36844392119  264.1619
6587.60253884655  269.4922
6587.8366337719  259.8575
6588.07072869726  255.1627
6588.30482362262  252.0857
6588.53891854797  283.3317
6588.77301347333  311.9187
6589.00710839869  261.4604
6589.24120332404  278.1794
6589.4752982494  284.9945
6589.70939317476  303.5017
6589.94348810011  263.4757
6590.17758302547  267.7459
6590.41167795082  287.6681
6590.64577287618  304.3099
6590.87986780154  253.0262
6591.11396272689  233.3715
6591.34805765225  233.4009
6591.58215257761  275.6058
6591.81624750296  227.8927
6592.05034242832  247.0607
6592.28443735368  252.8329
6592.51853227903  238.171
6592.75262720439  244.1192
6592.98672212975  238.7203
6593.2208170551  260.7286
6593.45491198046  257.8508
6593.68900690581  266.0821
6593.92310183117  217.322
6594.15719675653  249.8401
6594.39129168189  267.7849
6594.62538660724  223.2315
6594.8594815326  222.1734
6595.09357645795  205.4543
6595.32767138331  262.8341
6595.56176630867  232.0248
6595.79586123402  228.6868
6596.02995615938  305.9654
6596.26405108474  345.4888
6596.49814601009  300.7858
6596.73224093545  259.5048
6596.9663358608  269.6715
6597.20043078616  293.7861
6597.43452571152  243.4996
6597.66862063687  267.2654
6597.90271556223  276.6249
6598.13681048759  251.779
6598.37090541294  249.6228
6598.6050003383  262.561
6598.83909526365  271.3179
6599.07319018901  239.885
6599.30728511437  241.2496
6599.54138003972  256.8564
6599.77547496508  243.7268
6600.00956989044  289.1479
6600.2436648158  294.1735
6600.47775974115  230.9926
6600.71185466651  238.692
6600.94594959186  290.992
6601.18004451722  252.9119
6601.41413944258  224.0118
6601.64823436793  275.3651
6601.88232929329  246.1871
6602.11642421865  247.6553
6602.350519144  222.1753
6602.58461406936  225.4482
6602.81870899472  242.7243
6603.05280392007  199.7386
6603.28689884543  210.0686
6603.52099377078  269.6061
6603.75508869614  240.7669
6603.9891836215  191.3309
6604.22327854686  220.4634
6604.45737347221  239.8496
6604.69146839757  239.096
6604.92556332292  251.9491
6605.15965824828  258.4716
6605.39375317364  212.9704
6605.62784809899  236.7636
6605.86194302435  274.7638
6606.09603794971  231.4065
6606.33013287506  210.3081
6606.56422780042  237.0638
6606.79832272577  241.2026
6607.03241765113  208.2355
6607.26651257649  191.6166
6607.50060750184  218.4648
6607.7347024272  229.9329
6607.96879735256  232.1363
6608.20289227791  259.6719
6608.43698720327  205.7838
6608.67108212863  236.0061
6608.90517705398  255.156
6609.13927197934  255.4032
6609.37336690469  215.4225
6609.60746183005  255.1368
6609.84155675541  240.5507
6610.07565168077  232.2745
6610.30974660612  210.6667
6610.54384153148  244.3723
6610.77793645683  165.0427
6611.01203138219  225.9346
6611.24612630755  250.5922
6611.4802212329  244.1903
6611.71431615826  255.0026
6611.94841108362  199.8118
6612.18250600897  227.1449
6612.41660093433  254.7179
6612.65069585969  175.9922
6612.88479078504  220.8194
6613.1188857104  252.8817
6613.35298063575  239.5022
6613.58707556111  254.4874
6613.82117048647  254.8782
6614.05526541182  262.778
6614.28936033718  221.2849
6614.52345526254  248.9522
6614.75755018789  229.4242
6614.99164511325  222.6192
6615.22574003861  254.3274
6615.45983496396  260.885
6615.69392988932  247.5463
6615.92802481468  265.544
6616.16211974003  253.285
6616.39621466539  219.0814
6616.63030959074  243.9045
6616.8644045161  241.5608
6617.09849944146  218.142
6617.33259436681  238.0997
6617.56668929217  233.7077
6617.80078421753  246.9638
6618.03487914288  216.0723
6618.26897406824  214.8113
6618.5030689936  231.8046
6618.73716391895  254.2525
6618.97125884431  217.8126
6619.20535376966  269.2632
6619.43944869502  245.975
6619.67354362038  244.6313
6619.90763854574  200.0432
6620.14173347109  213.8483
6620.37582839645  230.939
6620.6099233218  245.7376
6620.84401824716  218.235
6621.07811317252  202.7884
6621.31220809787  182.2435
6621.54630302323  191.1479
6621.78039794859  225.2181
6622.01449287394  239.7818
6622.2485877993  212.5136
6622.48268272466  168.6464
6622.71677765001  197.6203
6622.95087257537  196.5628
6623.18496750072  202.6914
6623.41906242608  204.9699
6623.65315735144  180.5193
6623.88725227679  185.5851
6624.12134720215  172.1761
6624.35544212751  197.5
6624.58953705286  180.4191
6624.82363197822  213.0885
6625.05772690358  201.3328
6625.29182182893  207.6171
6625.52591675429  168.9847
6625.76001167965  200.5059
6625.994106605  188.2554
6626.22820153036  187.8233
6626.46229645571  178.6777
6626.69639138107  149.2621
6626.93048630643  190.3096
6627.16458123178  212.0496
6627.39867615714  247.5884
6627.6327710825  221.726
6627.86686600785  173.0352
6628.10096093321  150.0704
6628.33505585857  185.6691
6628.56915078392  202.9313
6628.80324570928  231.0017
6629.03734063464  225.2915
6629.27143555999  205.3311
6629.50553048535  229.3477
6629.7396254107  218.6187
6629.97372033606  203.2378
6630.20781526142  202.7348
6630.44191018677  200.2352
6630.67600511213  183.7736
6630.91010003749  203.7555
6631.14419496284  170.5838
6631.3782898882  167.4196
6631.61238481356  202.9083
6631.84647973891  210.8587
6632.08057466427  169.3281
6632.31466958963  212.226
6632.54876451498  194.8292
6632.78285944034  189.3343
6633.01695436569  217.1798
6633.25104929105  180.3178
6633.48514421641  148.2005
6633.71923914176  147.8232
6633.95333406712  178.1082
6634.18742899248  131.6964
6634.42152391783  177.6955
6634.65561884319  198.1587
6634.88971376855  155.0054
6635.1238086939  184.9046
6635.35790361926  217.4978
6635.59199854461  186.1222
6635.82609346997  166.7065
6636.06018839533  174.2384
6636.29428332069  187.0141
6636.52837824604  177.907
6636.7624731714  145.1596
6636.99656809675  177.4632
6637.23066302211  233.5299
6637.46475794747  165.028
6637.69885287282  167.5329
6637.93294779818  224.3361
6638.16704272354  188.8396
6638.40113764889  185.2208
6638.63523257425  199.682
6638.8693274996  163.1183
6639.10342242496  178.9004
6639.33751735032  171.8289
6639.57161227567  161.1664
6639.80570720103  184.1532
6640.03980212639  167.3895
6640.27389705175  164.8904
6640.5079919771  196.8936
6640.74208690246  189.9383
6640.97618182781  208.7041
6641.21027675317  182.4154
6641.44437167853  120.4664
6641.67846660388  162.0245
6641.91256152924  185.7373
6642.1466564546  175.9667
6642.38075137995  150.1879
6642.61484630531  196.9768
6642.84894123067  157.725
6643.08303615602  127.7786
6643.31713108138  162.8936
6643.55122600673  156.6184
6643.78532093209  162.7941
6644.01941585745  184.2647
6644.2535107828  197.739
6644.48760570816  158.3831
6644.72170063352  145.6132
6644.95579555887  173.1595
6645.18989048423  223.1528
6645.42398540958  219.3306
6645.65808033494  192.1206
6645.8921752603  177.0094
6646.12627018565  149.5882
6646.36036511101  168.3179
6646.59446003637  163.9414
6646.82855496172  163.0455
6647.06264988708  198.7467
6647.29674481244  195.1668
6647.53083973779  155.7771
6647.76493466315  165.3313
6647.99902958851  128.6615
6648.23312451386  82.04017
6648.46721943922  145.8721
6648.70131436458  191.8361
6648.93540928993  169.9642
6649.16950421529  187.1275
6649.40359914064  174.0067
6649.637694066  180.7416
6649.87178899136  175.9472
6650.10588391671  144.7281
6650.33997884207  153.1
6650.57407376743  178.9308
6650.80816869278  136.8802
6651.04226361814  177.0964
6651.2763585435  175.8091
6651.51045346885  214.4944
6651.74454839421  201.2205
6651.97864331957  191.1843
6652.21273824492  122.7592
6652.44683317028  125.8055
6652.68092809564  162.3043
6652.91502302099  177.6391
6653.14911794635  152.0552
6653.3832128717  143.555
6653.61730779706  166.1992
6653.85140272242  161.2146
6654.08549764777  191.6214
6654.31959257313  197.1967
6654.55368749849  168.8529
6654.78778242384  180.5496
6655.0218773492  149.6813
6655.25597227456  162.8767
6655.49006719991  171.3012
6655.72416212527  91.65211
6655.95825705063  124.2708
6656.19235197598  180.707
6656.42644690134  140.9694
6656.66054182669  143.412
6656.89463675205  136.6151
6657.12873167741  159.6992
6657.36282660276  151.9651
6657.59692152812  120.0983
6657.83101645348  158.7292
6658.06511137883  150.4698
6658.29920630419  112.4997
6658.53330122955  113.7137
6658.7673961549  160.2632
6659.00149108026  138.2433
6659.23558600561  111.6076
6659.46968093097  128.2746
6659.70377585633  125.0039
6659.93787078169  97.0321
6660.17196570704  116.0629
6660.4060606324  111.1335
6660.64015555775  111.9884
6660.87425048311  154.4063
6661.10834540847  91.39646
6661.34244033382  123.1878
6661.57653525918  109.6193
6661.81063018454  85.82494
6662.04472510989  114.9571
6662.27882003525  123.6594
6662.51291496061  123.5107
6662.74700988596  72.45622
6662.98110481132  100.4486
6663.21519973667  102.3166
6663.44929466203  102.9634
6663.68338958739  118.8203
6663.91748451274  124.2781
6664.1515794381  133.7651
6664.38567436346  67.95176
6664.61976928881  108.1546
6664.85386421417  87.60499
6665.08795913953  94.32169
6665.32205406488  108.7602
6665.55614899024  111.2894
6665.7902439156  83.73288
6666.02433884095  73.76663
6666.25843376631  108.6604
6666.49252869166  104.3524
6666.72662361702  94.56116
6666.96071854238  124.4068
6667.19481346773  100.6198
6667.42890839309  93.33699
6667.66300331845  107.7768
6667.8970982438  105.2465
6668.13119316916  78.37563
6668.36528809452  72.07178
6668.59938301987  96.37582
6668.83347794523  86.86015
6669.06757287058  86.68086
6669.30166779594  76.03056
6669.5357627213  79.90686
6669.76985764665  68.8808
6670.00395257201  56.29685
6670.23804749737  71.19386
6670.47214242272  74.67302
6670.70623734808  73.9568
6670.94033227344  39.61715
6671.17442719879  92.89376
6671.40852212415  88.21548
6671.64261704951  52.41581
6671.87671197486  61.75028
6672.11080690022  59.60997
6672.34490182558  51.29633
6672.57899675093  71.80786
6672.81309167629  84.69916
6673.04718660165  71.72224
6673.281281527  59.34204
6673.51537645236  53.43276
6673.74947137771  77.97601
6673.98356630307  59.17084
6674.21766122843  69.40555
6674.45175615378  89.78394
6674.68585107914  62.15792
6674.9199460045  84.54193
6675.15404092985  38.53953
6675.38813585521  44.21844
6675.62223078057  32.82877
6675.85632570592  45.0935
6676.09042063128  47.60319
6676.32451555663  27.27022
6676.55861048199  83.41875
6676.79270540735  55.12329
6677.0268003327  81.58118
6677.26089525806  72.4044
6677.49499018342  54.32251
6677.72908510877  4.224958
6677.96318003413  -0.8734327
6678.19727495949  3.690257
6678.43136988484  61.43779
6678.6654648102  20.27554
6678.89955973555  35.45886
6679.13365466091  53.05897
6679.36774958627  10.76723
6679.60184451162  12.55977
6679.83593943698  17.41807
6680.07003436234  56.12698
6680.30412928769  43.67118
6680.53822421305  59.78787
6680.77231913841  34.15306
6681.00641406376  33.42361
6681.24050898912  37.12313
6681.47460391448  18.03478
6681.70869883983  42.03341
6681.94279376519  54.42192
6682.17688869054  56.78459
6682.4109836159  64.06593
6682.64507854126  20.81415
6682.87917346661  64.43796
6683.11326839197  49.66732
6683.34736331733  57.46704
6683.58145824268  29.5083
6683.81555316804  4.860191
6684.0496480934  31.10952
6684.28374301875  66.01515
6684.51783794411  52.04351
6684.75193286947  61.41888
6684.98602779482  52.68319
6685.22012272018  1.970133
6685.45421764553  30.82571
6685.68831257089  20.90403
6685.92240749625  31.24963
6686.15650242161  33.20239
6686.39059734696  4.3764
6686.62469227232  27.18292
6686.85878719767  28.93296
6687.09288212303  43.23575
6687.32697704839  59.32164
6687.56107197374  79.79205
6687.7951668991  17.66976
6688.02926182446  18.64758
6688.26335674981  29.1039
6688.49745167517  71.98998
6688.73154660053  57.2438
6688.96564152588  11.4813
6689.19973645124  19.58782
6689.43383137659  -23.08532
6689.66792630195  28.95272
6689.90202122731  44.67781
6690.13611615266  22.69647
6690.37021107802  -19.42796
6690.60430600338  28.73545
6690.83840092873  8.335769
6691.07249585409  21.62544
6691.30659077945  62.21006
6691.5406857048  52.13105
6691.77478063016  -26.42671
6692.00887555551  7.21201
6692.24297048087  14.73888
6692.47706540623  -32.02334
