6453.0754868597  50.06524
6453.30953143946  76.24086
6453.54357601921  50.93211
6453.77762059897  66.39297
6454.01166517873  63.40903
6454.24570975848  78.96771
6454.47975433824  82.94027
6454.713798918  63.94138
6454.94784349775  55.71505
6455.18188807751  59.0338
6455.41593265726  70.50177
6455.64997723702  74.43676
6455.88402181678  84.20137
6456.11806639653  90.60325
6456.35211097629  78.95451
6456.58615555605  59.3355
6456.8202001358  56.46436
6457.05424471556  65.7665
6457.28828929532  77.44754
6457.52233387507  64.29534
6457.75637845483  26.30802
6457.99042303459  28.92113
6458.22446761434  79.31157
6458.4585121941  96.30567
6458.69255677385  59.34922
6458.92660135361  55.66315
6459.16064593337  101.622
6459.39469051312  63.50928
6459.62873509288  37.99339
6459.86277967264  52.67028
6460.09682425239  80.09245
6460.33086883215  85.94371
6460.56491341191  65.5911
6460.79895799166  57.51218
6461.03300257142  78.9697
6461.26704715117  86.56633
6461.50109173093  90.56276
6461.73513631069  84.67523
6461.96918089044  61.82696
6462.2032254702  84.1074
6462.43727004996  70.284
6462.67131462971  67.63735
6462.90535920947  65.40621
6463.13940378923  29.68576
6463.37344836898  28.8643
6463.60749294874  97.89227
6463.8415375285  101.5121
6464.07558210825  78.63696
6464.30962668801  50.31105
6464.54367126776  58.69615
6464.77771584752  85.45354
6465.01176042728  76.84088
6465.24580500703  81.33868
6465.47984958679  92.53995
6465.71389416655  104.2468
6465.9479387463  90.20647
6466.18198332606  114.0506
6466.41602790582  91.26944
6466.65007248557  94.7901
6466.88411706533  75.5489
6467.11816164509  81.2543
6467.35220622484  85.7501
6467.5862508046  76.2103
6467.82029538435  78.93304
6468.05433996411  107.1846
6468.28838454387  117.5696
6468.52242912362  108.1978
6468.75647370338  113.4214
6468.99051828314  90.33927
6469.22456286289  100.8428
6469.45860744265  102.6075
6469.69265202241  105.0196
6469.92669660216  72.25811
6470.16074118192  90.36025
6470.39478576167  91.88645
6470.62883034143  101.723
6470.86287492119  111.0332
6471.09691950094  106.4902
6471.3309640807  90.35017
6471.56500866046  68.63368
6471.79905324021  73.18016
6472.03309781997  87.94658
6472.26714239973  79.51421
6472.50118697948  94.37759
6472.73523155924  121.7864
6472.969276139  106.3992
6473.20332071875  128.1861
6473.43736529851  122.308
6473.67140987826  82.5042
6473.90545445802  69.42774
6474.13949903778  107.7517
6474.37354361753  127.0049
6474.60758819729  154.5266
6474.84163277705  149.7475
6475.0756773568  91.77295
6475.30972193656  74.02147
6475.54376651632  92.64279
6475.77781109607  99.97894
6476.01185567583  113.663
6476.24590025558  122.4884
6476.47994483534  110.9506
6476.7139894151  109.1081
6476.94803399485  94.57095
6477.18207857461  120.0519
6477.41612315437  142.9457
6477.65016773412  147.9727
6477.88421231388  153.2107
6478.11825689364  120.4795
6478.35230147339  95.8083
6478.58634605315  136.6381
6478.82039063291  131.3174
6479.05443521266  100.4948
6479.28847979242  131.162
6479.52252437217  124.9171
6479.75656895193  132.2183
6479.99061353169  93.69461
6480.22465811144  114.1015
6480.4587026912  130.7708
6480.69274727096  109.4432
6480.92679185071  99.4624
6481.16083643047  108.1525
6481.39488101023  114.983
6481.62892558998  121.6551
6481.86297016974  134.101
6482.0970147495  142.5049
6482.33105932925  151.0574
6482.56510390901  153.7903
6482.79914848876  116.8552
6483.03319306852  99.49706
6483.26723764828  160.7397
6483.50128222803  167.7164
6483.73532680779  111.1344
6483.96937138755  95.04068
6484.2034159673  122.2621
6484.43746054706  137.1126
6484.67150512682  120.8435
6484.90554970657  112.0157
6485.13959428633  107.8362
6485.37363886608  120.8387
6485.60768344584  128.738
6485.8417280256  121.9936
6486.07577260535  133.6078
6486.30981718511  132.9974
6486.54386176487  97.42715
6486.77790634462  87.72798
6487.01195092438  109.5027
6487.24599550414  120.127
6487.48004008389  126.0768
6487.71408466365  136.8992
6487.94812924341  137.3565
6488.18217382316  123.2139
6488.41621840292  136.2847
6488.65026298267  112.4835
6488.88430756243  131.7026
6489.11835214219  132.5937
6489.35239672194  112.232
6489.5864413017  129.1426
6489.82048588146  130.1531
6490.05453046121  127.0298
6490.28857504097  133.9911
6490.52261962072  120.6727
6490.75666420048  111.6676
6490.99070878024  108.429
6491.22475336  132.6275
6491.45879793975  163.4416
6491.69284251951  159.6525
6491.92688709926  153.3221
6492.16093167902  139.3751
6492.39497625878  126.7787
6492.62902083853  142.8884
6492.86306541829  118.1609
6493.09710999805  124.8125
6493.3311545778  129.2787
6493.56519915756  175.0515
6493.79924373731  174.1311
6494.03328831707  155.6732
6494.26733289683  132.5287
6494.50137747658  119.0229
6494.73542205634  145.8367
6494.9694666361  122.8021
6495.20351121585  126.1665
6495.43755579561  106.5459
6495.67160037537  105.5354
6495.90564495512  166.2399
6496.13968953488  153.7621
6496.37373411464  102.7915
6496.60777869439  125.0356
6496.84182327415  126.589
6497.07586785391  152.905
6497.30991243366  144.3598
6497.54395701342  139.2671
6497.77800159317  145.4811
6498.01204617293  107.087
6498.24609075269  99.06235
6498.48013533244  156.3686
6498.7141799122  183.2607
6498.94822449196  149.8404
6499.18226907171  120.9667
6499.41631365147  110.7482
6499.65035823123  110.0824
6499.88440281098  144.915
6500.11844739074  133.1065
6500.35249197049  149.3129
6500.58653655025  132.6139
6500.82058113001  154.47
6501.05462570977  156.5104
6501.28867028952  155.0563
6501.52271486928  146.4592
6501.75675944903  129.2895
6501.99080402879  129.5157
6502.22484860855  137.2369
6502.4588931883  160.5703
6502.69293776806  183.9972
6502.92698234781  167.0626
6503.16102692757  143.7874
6503.39507150733  151.1353
6503.62911608708  145.5361
6503.86316066684  128.342
6504.0972052466  142.3406
6504.33124982635  148.7978
6504.56529440611  148.8077
6504.79933898587  159.2508
6505.03338356562  155.9185
6505.26742814538  146.4391
6505.50147272514  179.1515
6505.73551730489  136.7573
6505.96956188465  164.4073
6506.20360646441  158.6601
6506.43765104416  148.39
6506.67169562392  152.9026
6506.90574020368  144.6433
6507.13978478343  133.9707
6507.37382936319  141.7934
6507.60787394294  141.5062
6507.8419185227  131.7174
6508.07596310246  129.4676
6508.31000768221  126.4977
6508.54405226197  129.0778
6508.77809684173  140.107
6509.01214142148  169.6902
6509.24618600124  168.0605
6509.480230581  148.8348
6509.71427516075  88.68777
6509.94831974051  135.7215
6510.18236432026  121.4542
6510.41640890002  171.161
6510.65045347978  195.8107
6510.88449805953  175.2656
6511.11854263929  178.9078
6511.35258721905  163.123
6511.5866317988  145.4377
6511.82067637856  152.9164
6512.05472095832  156.2332
6512.28876553807  158.0352
6512.52281011783  156.1448
6512.75685469758  161.4387
6512.99089927734  171.5356
6513.2249438571  162.9922
6513.45898843685  167.4824
6513.69303301661  175.337
6513.92707759637  161.2683
6514.16112217612  158.7235
6514.39516675588  173.3048
6514.62921133564  168.8816
6514.86325591539  145.6156
6515.09730049515  167.2133
6515.3313450749  153.0634
6515.56538965466  167.4519
6515.79943423442  173.9005
6516.03347881417  121.5685
6516.26752339393  140.4625
6516.50156797369  145.2873
6516.73561255344  142.9221
6516.9696571332  153.4776
6517.20370171296  181.5967
6517.43774629271  200.1142
6517.67179087247  182.1711
6517.90583545223  162.493
6518.13988003198  167.7987
6518.37392461174  155.7595
6518.6079691915  155.6711
6518.84201377125  194.8915
6519.07605835101  183.1444
6519.31010293076  161.2912
6519.54414751052  153.2127
6519.77819209028  163.4729
6520.01223667003  138.1497
6520.24628124979  148.1536
6520.48032582955  166.6061
6520.7143704093  180.3821
6520.94841498906  169.2646
6521.18245956882  175.7624
6521.41650414857  164.6
6521.65054872833  151.7244
6521.88459330809  136.222
6522.11863788784  161.4739
6522.3526824676  172.6044
6522.58672704735  162.5494
6522.82077162711  147.9384
6523.05481620687  168.218
6523.28886078662  159.68
6523.52290536638  149.54
6523.75694994614  142.2637
6523.99099452589  133.3715
6524.22503910565  157.8477
6524.4590836854  166.1963
6524.69312826516  184.9518
6524.92717284492  164.2346
6525.16121742467  129.31
6525.39526200443  145.7656
6525.62930658419  142.0659
6525.86335116394  160.8688
6526.0973957437  202.6515
6526.33144032346  193.454
6526.56548490321  180.4811
6526.79952948297  140.6383
6527.03357406273  180.9438
6527.26761864248  138.0163
6527.50166322224  144.1587
6527.735707802  193.7737
6527.96975238175  165.4168
6528.20379696151  113.5825
6528.43784154127  90.35753
6528.67188612102  121.9789
6528.90593070078  154.4093
6529.13997528053  164.7805
6529.37401986029  182.7269
6529.60806444005  192.2308
6529.8421090198  174.382
6530.07615359956  157.8255
6530.31019817932  147.3814
6530.54424275907  158.4039
6530.77828733883  196.8488
6531.01233191858  205.8738
6531.24637649834  178.1673
6531.4804210781  137.3184
6531.71446565785  140.5045
6531.94851023761  163.0723
6532.18255481737  138.9115
6532.41659939712  164.3623
6532.65064397688  180.293
6532.88468855664  204.641
6533.11873313639  212.1274
6533.35277771615  214.2676
6533.5868222959  165.5065
6533.82086687566  161.4192
6534.05491145542  191.8642
6534.28895603517  177.3952
6534.52300061493  162.8858
6534.75704519469  204.9377
6534.99108977444  211.3207
6535.2251343542  203.9544
6535.45917893396  196.4115
6535.69322351371  178.6352
6535.92726809347  173.6524
6536.16131267323  145.0541
6536.39535725298  172.7562
6536.62940183274  175.1161
6536.86344641249  164.5826
6537.09749099225  160.1354
6537.33153557201  146.4466
6537.56558015176  188.6753
6537.79962473152  196.9693
6538.03366931128  168.6026
6538.26771389103  175.5739
6538.50175847079  206.7891
6538.73580305055  226.2218
6538.9698476303  206.3669
6539.20389221006  195.0033
6539.43793678982  194.5246
6539.67198136957  213.1508
6539.90602594933  199.4169
6540.14007052909  204.6919
6540.37411510884  203.6265
6540.6081596886  194.2022
6540.84220426835  181.8962
6541.07624884811  201.4052
6541.31029342787  185.1163
6541.54433800762  183.027
6541.77838258738  207.1489
6542.01242716714  187.8304
6542.24647174689  232.8715
6542.48051632665  199.4529
6542.7145609064  201.3118
6542.94860548616  199.3584
6543.18265006592  240.2724
6543.41669464567  230.6576
6543.65073922543  210.4114
6543.88478380519  212.0718
6544.11882838494  184.3105
6544.3528729647  212.3301
6544.58691754446  231.3568
6544.82096212421  228.7338
6545.05500670397  260.2067
6545.28905128373  224.7163
6545.52309586348  232.2367
6545.75714044324  259.9979
6545.991185023  229.6974
6546.22522960275  223.4719
6546.45927418251  208.5133
6546.69331876226  206.5039
6546.92736334202  219.2583
6547.16140792178  240.5613
6547.39545250153  247.8783
6547.62949708129  269.1745
6547.86354166105  251.479
6548.0975862408  180.5314
6548.33163082056  221.9701
6548.56567540031  241.7571
6548.79971998007  222.6544
6549.03376455983  212.0158
6549.26780913958  229.0423
6549.50185371934  269.5994
6549.7358982991  257.6452
6549.96994287886  215.8353
6550.20398745861  259.63
6550.43803203837  299.8383
6550.67207661812  292.826
6550.90612119788  281.6008
6551.14016577764  294.8994
6551.37421035739  263.8021
6551.60825493715  295.7326
6551.84229951691  294.5812
6552.07634409666  298.0864
6552.31038867642  325.1306
6552.54443325617  286.6202
6552.77847783593  307.1088
6553.01252241569  301.7544
6553.24656699544  325.031
6553.4806115752  357.4853
6553.71465615496  337.7165
6553.94870073471  303.6149
6554.18274531447  311.3542
6554.41678989422  328.388
6554.65083447398  325.3193
6554.88487905374  350.398
6555.11892363349  345.9478
6555.35296821325  365.8445
6555.58701279301  354.1789
6555.82105737276  308.0158
6556.05510195252  329.814
6556.28914653228  331.0786
6556.52319111203  326.1597
6556.75723569179  352.7704
6556.99128027155  338.0307
6557.2253248513  315.7135
6557.45936943106  302.4313
6557.69341401082  291.1605
6557.92745859057  292.7297
6558.16150317033  282.5813
6558.39554775008  304.4808
6558.62959232984  313.8646
6558.8636369096  274.3603
6559.09768148935  297.9695
6559.33172606911  312.0964
6559.56577064887  279.9284
6559.79981522862  289.1479
6560.03385980838  292.9103
6560.26790438814  266.4992
6560.50194896789  249.4127
6560.73599354765  269.8162
6560.97003812741  231.6511
6561.20408270716  246.3551
6561.43812728692  254.8742
6561.67217186667  290.5529
6561.90621644643  285.6189
6562.14026102619  270.0622
6562.37430560594  289.1375
6562.6083501857  268.2529
6562.84239476546  296.6467
6563.07643934521  271.9648
6563.31048392497  250.8284
6563.54452850473  275.013
6563.77857308448  270.8048
6564.01261766424  257.6772
6564.24666224399  257.9072
6564.48070682375  250.6436
6564.71475140351  284.4327
6564.94879598326  260.0213
6565.18284056302  275.8091
6565.41688514278  289.3716
6565.65092972253  299.8173
6565.88497430229  273.6452
6566.11901888205  253.0502
6566.3530634618  275.9566
6566.58710804156  298.211
6566.82115262131  244.147
6567.05519720107  212.3237
6567.28924178083  256.0951
6567.52328636059  252.1044
6567.75733094034  227.1856
6567.9913755201  255.7813
6568.22542009985  246.7705
6568.45946467961  244.9818
6568.69350925937  265.757
6568.92755383912  259.3777
6569.16159841888  248.9548
6569.39564299864  254.8345
6569.62968757839  263.8761
6569.86373215815  240.1755
6570.0977767379  252.9941
6570.33182131766  219.1753
6570.56586589742  238.3444
6570.79991047717  280.3159
6571.03395505693  281.4534
6571.26799963669  211.9413
6571.50204421644  245.1317
6571.7360887962  272.1389
6571.97013337596  256.0164
6572.20417795571  228.5724
6572.43822253547  218.5401
6572.67226711523  215.6365
6572.90631169498  223.5693
6573.14035627474  231.9433
6573.3744008545  238.1662
6573.60844543425  223.3662
6573.84249001401  223.2332
6574.07653459376  243.3752
6574.31057917352  263.8948
6574.54462375328  262.6617
6574.77866833303  227.1692
6575.01271291279  199.629
6575.24675749255  226.1269
6575.4808020723  210.6944
6575.71484665206  222.505
6575.94889123182  266.989
6576.18293581157  216.4379
6576.41698039133  188.0419
6576.65102497108  221.5349
6576.88506955084  250.8639
6577.1191141306  238.9609
6577.35315871035  229.0888
6577.58720329011  245.642
6577.82124786987  238.9679
6578.05529244962  208.6126
6578.28933702938  238.082
6578.52338160914  219.642
6578.75742618889  199.6562
6578.99147076865  183.3118
6579.22551534841  203.8739
6579.45955992816  213.4122
6579.69360450792  211.8741
6579.92764908767  224.5532
6580.16169366743  224.0683
6580.39573824719  190.5769
6580.62978282694  201.0258
6580.8638274067  200.2596
6581.09787198646  202.4153
6581.33191656621  207.2539
6581.56596114597  231.552
6581.80000572573  231.4822
6582.03405030548  199.3097
6582.26809488524  215.1049
6582.50213946499  211.7302
6582.73618404475  210.3288
6582.97022862451  235.0757
6583.20427320426  175.8721
6583.43831778402  183.0348
6583.67236236378  188.4346
6583.90640694353  180.5481
6584.14045152329  201.8515
6584.37449610305  172.9657
6584.6085406828  170.8457
6584.84258526256  215.9465
6585.07662984232  204.432
6585.31067442207  170.5539
6585.54471900183  173.1401
6585.77876358159  197.6715
6586.01280816134  169.0159
6586.2468527411  207.674
6586.48089732085  219.057
6586.71494190061  213.2515
6586.94898648037  191.9869
6587.18303106012  178.0142
6587.41707563988  192.8512
6587.65112021964  180.3104
6587.88516479939  203.9632
6588.11920937915  220.3557
6588.3532539589  202.1904
6588.58729853866  194.1651
6588.82134311842  242.717
6589.05538769817  238.2357
6589.28943227793  219.3679
6589.52347685769  202.2966
6589.75752143744  170.8152
6589.9915660172  160.4522
6590.22561059696  146.3232
6590.45965517671  203.1432
6590.69369975647  196.2783
6590.92774433623  188.4966
6591.16178891598  241.9051
6591.39583349574  205.7589
6591.6298780755  224.2677
6591.86392265525  177.031
6592.09796723501  157.0728
6592.33201181476  189.8076
6592.56605639452  192.147
6592.80010097428  174.0419
6593.03414555403  189.2656
6593.26819013379  205.2418
6593.50223471355  222.5998
6593.7362792933  186.0105
6593.97032387306  177.3666
6594.20436845281  146.3262
6594.43841303257  194.6163
6594.67245761233  180.0568
6594.90650219208  183.7225
6595.14054677184  163.355
6595.3745913516  214.1227
6595.60863593135  225.805
6595.84268051111  206.8402
6596.07672509087  209.4575
6596.31076967062  194.6812
6596.54481425038  172.2396
6596.77885883014  178.7954
6597.01290340989  200.032
6597.24694798965  152.8463
6597.48099256941  156.5255
6597.71503714916  173.3139
6597.94908172892  199.7322
6598.18312630867  170.8193
6598.41717088843  170.4953
6598.65121546819  171.9643
6598.88526004794  164.2499
6599.1193046277  138.93
6599.35334920746  153.5283
6599.58739378721  172.286
6599.82143836697  213.0789
6600.05548294673  181.8267
6600.28952752648  178.3303
6600.52357210624  206.5255
6600.75761668599  164.9978
6600.99166126575  152.1834
6601.22570584551  169.3207
6601.45975042526  205.4744
6601.69379500502  202.6935
6601.92783958478  182.3397
6602.16188416453  181.8359
6602.39592874429  197.9195
6602.62997332405  141.2192
6602.8640179038  196.4818
6603.09806248356  205.454
6603.33210706331  169.3128
6603.56615164307  199.2808
6603.80019622283  185.2495
6604.03424080259  198.5138
6604.26828538234  188.1356
6604.5023299621  176.1663
6604.73637454185  204.383
6604.97041912161  198.4476
6605.20446370137  157.1539
6605.43850828112  162.01
6605.67255286088  180.8983
6605.90659744064  203.0757
6606.14064202039  180.9544
6606.37468660015  159.1886
6606.60873117991  199.7957
6606.84277575966  198.2862
6607.07682033942  194.3013
6607.31086491917  162.6335
6607.54490949893  146.9522
6607.77895407869  195.1647
6608.01299865844  178.3308
6608.2470432382  160.1969
6608.48108781796  164.4322
6608.71513239771  161.0336
6608.94917697747  168.1266
6609.18322155723  179.0892
6609.41726613698  142.4719
6609.65131071674  174.1078
6609.88535529649  203.4823
6610.11939987625  173.8765
6610.35344445601  159.3401
6610.58748903576  161.1278
6610.82153361552  197.4334
6611.05557819528  197.3107
6611.28962277503  149.8318
6611.52366735479  146.8001
6611.75771193455  178.2273
6611.9917565143  157.0694
6612.22580109406  160.1734
6612.45984567381  165.7243
6612.69389025357  182.6638
6612.92793483333  160.4653
6613.16197941308  149.5498
6613.39602399284  158.4324
6613.6300685726  198.9942
6613.86411315236  215.5618
6614.09815773211  209.0022
6614.33220231187  197.0859
6614.56624689162  197.9952
6614.80029147138  191.1234
6615.03433605114  177.5695
6615.26838063089  163.0608
6615.50242521065  172.1195
6615.73646979041  173.6708
6615.97051437016  192.9203
6616.20455894992  175.7605
6616.43860352968  144.7113
6616.67264810943  131.7219
6616.90669268919  147.9372
6617.14073726894  167.4478
6617.3747818487  179.6798
6617.60882642846  129.2984
6617.84287100821  164.5739
6618.07691558797  169.3578
6618.31096016773  155.4105
6618.54500474748  167.1843
6618.77904932724  181.3923
6619.013093907  183.0541
6619.24713848675  161.0495
6619.48118306651  172.6958
6619.71522764626  134.7399
6619.94927222602  128.1865
6620.18331680578  152.4427
6620.41736138553  145.9242
6620.65140596529  166.2613
6620.88545054504  139.8512
6621.1194951248  163.9063
6621.35353970456  153.479
6621.58758428432  123.0985
6621.82162886407  155.4437
6622.05567344383  139.6276
6622.28971802358  151.3159
6622.52376260334  169.3977
6622.7578071831  145.7458
6622.99185176285  150.9553
6623.22589634261  165.8736
6623.45994092237  149.4962
6623.69398550212  161.1208
6623.92803008188  177.2598
6624.16207466164  148.3577
6624.39611924139  136.9671
6624.63016382115  171.8148
6624.86420840091  106.9088
6625.09825298066  136.1236
6625.33229756042  161.0149
6625.56634214018  158.9044
6625.80038671993  156.1218
6626.03443129969  160.1379
6626.26847587944  164.9803
6626.5025204592  164.0054
6626.73656503896  166.8095
6626.97060961871  155.5287
6627.20465419847  152.0583
6627.43869877823  153.1874
6627.67274335798  141.024
6627.90678793774  160.4604
6628.1408325175  135.2475
6628.37487709725  134.2669
6628.60892167701  152.6819
6628.84296625676  128.5758
6629.07701083652  125.1557
6629.31105541628  152.0589
6629.54509999603  154.4812
6629.77914457579  142.8056
6630.01318915555  148.5353
6630.2472337353  162.9133
6630.48127831506  141.2456
6630.71532289481  152.4445
6630.94936747457  147.7535
6631.18341205433  161.5521
6631.41745663408  153.1631
6631.65150121384  157.6031
6631.8855457936  127.2748
6632.11959037335  154.3954
6632.35363495311  142.2481
6632.58767953287  162.6444
6632.82172411262  162.2806
6633.05576869238  143.1154
6633.28981327214  141.7606
6633.52385785189  172.0708
6633.75790243165  160.1782
6633.9919470114  141.805
6634.22599159116  140.4252
6634.46003617092  139.9953
6634.69408075067  141.4103
6634.92812533043  144.5062
6635.16216991019  135.5137
6635.39621448994  140.9834
6635.6302590697  133.2936
6635.86430364946  100.8254
6636.09834822921  113.779
6636.33239280897  125.0535
6636.56643738873  139.9066
6636.80048196848  147.4809
6637.03452654824  109.2911
6637.268571128  130.3433
6637.50261570775  115.0747
6637.73666028751  102.9769
6637.97070486726  117.8951
6638.20474944702  153.4914
6638.43879402678  120.1361
6638.67283860653  144.4859
6638.90688318629  154.3614
6639.14092776605  137.7801
6639.3749723458  129.094
6639.60901692556  128.95
6639.84306150532  128.5388
6640.07710608507  162.0947
6640.31115066483  111.5575
6640.54519524458  115.9363
6640.77923982434  142.5648
6641.0132844041  159.8196
6641.24732898385  170.7541
6641.48137356361  156.7224
6641.71541814337  133.0254
6641.94946272312  132.6047
6642.18350730288  124.5182
6642.41755188264  142.8416
6642.65159646239  176.3021
6642.88564104215  114.2198
6643.1196856219  127.0925
6643.35373020166  146.44
6643.58777478142  133.6685
6643.82181936117  118.882
6644.05586394093  120.5611
6644.28990852069  133.8246
6644.52395310044  104.172
6644.7579976802  86.89555
6644.99204225996  95.57364
6645.22608683971  120.3527
6645.46013141947  159.3324
6645.69417599923  166.2226
6645.92822057898  139.4351
6646.16226515874  130.5874
6646.3963097385  99.68668
6646.63035431825  100.2427
6646.86439889801  98.98163
6647.09844347777  128.5538
6647.33248805752  94.89592
6647.56653263728  110.6736
6647.80057721703  88.23497
6648.03462179679  130.003
6648.26866637655  105.7567
6648.5027109563  104.5258
6648.73675553606  154.0813
6648.97080011581  150.5707
6649.20484469557  112.9757
6649.43888927533  135.5329
6649.67293385508  100.3698
6649.90697843484  71.13737
6650.1410230146  92.3261
6650.37506759435  118.5298
6650.60911217411  129.7115
6650.84315675387  103.9484
6651.07720133362  109.1075
6651.31124591338  111.1498
6651.54529049314  134.7324
6651.77933507289  128.2017
6652.01337965265  136.1169
6652.2474242324  107.6882
6652.48146881216  100.0668
6652.71551339192  106.924
6652.94955797167  112.9608
6653.18360255143  113.0647
6653.41764713119  125.118
6653.65169171094  102.0446
6653.8857362907  98.4566
6654.11978087046  123.6989
6654.35382545021  96.72584
6654.58787002997  79.37087
6654.82191460973  120.9703
6655.05595918948  127.6228
6655.29000376924  102.8603
6655.52404834899  163.763
6655.75809292875  98.83919
6655.99213750851  101.0083
6656.22618208826  69.25103
6656.46022666802  64.11212
6656.69427124778  82.71415
6656.92831582753  111.6615
6657.16236040729  90.20217
6657.39640498705  120.9128
6657.6304495668  120.3202
6657.86449414656  97.49976
6658.09853872632  114.1918
6658.33258330607  130.1443
6658.56662788583  60.10649
6658.80067246558  111.4921
6659.03471704534  115.2926
6659.2687616251  93.76746
6659.50280620485  104.662
6659.73685078461  105.7681
6659.97089536437  120.3826
6660.20493994412  103.8256
6660.43898452388  91.45599
6660.67302910364  113.5195
6660.90707368339  87.88106
6661.14111826315  78.078
6661.3751628429  112.0903
6661.60920742266  81.02986
6661.84325200242  78.86336
6662.07729658217  107.6846
6662.31134116193  105.5464
6662.54538574169  89.19811
6662.77943032144  102.58
6663.0134749012  101.6402
6663.24751948096  94.74724
6663.48156406071  87.17262
6663.71560864047  93.34729
6663.94965322023  66.21736
6664.18369779998  77.57858
6664.41774237974  98.89703
6664.6517869595  81.93109
6664.88583153925  79.8476
6665.11987611901  105.078
6665.35392069876  115.137
6665.58796527852  101.5778
6665.82200985828  94.95708
6666.05605443803  87.81275
6666.29009901779  80.28384
6666.52414359755  102.8116
6666.7581881773  105.0657
6666.99223275706  59.24693
6667.22627733681  24.18984
6667.46032191657  67.24876
6667.69436649633  106.8861
6667.92841107609  72.56613
6668.16245565584  64.60928
6668.3965002356  92.04854
6668.63054481535  69.94269
6668.86458939511  84.53203
6669.09863397487  48.54461
6669.33267855462  120.257
6669.56672313438  101.2428
6669.80076771414  74.39281
6670.03481229389  70.18369
6670.26885687365  79.10419
6670.50290145341  59.95004
6670.73694603316  48.27726
6670.97099061292  43.80055
6671.20503519267  36.87808
6671.43907977243  74.6312
6671.67312435219  50.41222
6671.90716893194  72.19987
6672.1412135117  62.02323
6672.37525809146  85.16343
6672.60930267121  87.39297
6672.84334725097  63.84811
6673.07739183073  38.19794
6673.31143641048  35.18322
6673.54548099024  52.32184
6673.77952556999  46.85557
6674.01357014975  56.65604
6674.24761472951  42.40459
6674.48165930926  76.77173
6674.71570388902  49.11364
6674.94974846878  56.16358
6675.18379304853  52.79644
6675.41783762829  33.80462
6675.65188220805  16.621
6675.8859267878  35.83377
6676.11997136756  42.41795
6676.35401594732  47.71412
6676.58806052707  49.75628
6676.82210510683  23.83467
6677.05614968658  40.44844
6677.29019426634  63.05792
6677.5242388461  55.76571
6677.75828342585  43.62108
6677.99232800561  43.15367
6678.22637258537  39.38519
6678.46041716512  41.38844
6678.69446174488  47.02369
6678.92850632464  51.94841
6679.16255090439  45.01431
6679.39659548415  11.8201
6679.6306400639  12.8493
6679.86468464366  16.48352
6680.09872922342  13.98677
6680.33277380318  7.188476
6680.56681838293  41.72968
6680.80086296269  32.40108
6681.03490754244  31.48269
6681.2689521222  41.94578
6681.50299670196  48.06664
6681.73704128171  32.83648
6681.97108586147  -11.62733
6682.20513044123  29.58823
6682.43917502098  15.51198
6682.67321960074  30.68574
6682.90726418049  63.22787
6683.14130876025  28.44571
6683.37535334001  40.60286
6683.60939791976  28.82042
6683.84344249952  14.38122
6684.07748707928  20.54781
6684.31153165903  21.17724
6684.54557623879  12.74137
6684.77962081855  29.42028
6685.0136653983  47.79326
6685.24770997806  5.968706
6685.48175455782  41.18131
6685.71579913757  22.24288
6685.94984371733  31.3268
6686.18388829709  48.30086
6686.41793287684  46.31959
6686.6519774566  35.55432
6686.88602203635  10.86457
6687.12006661611  12.00558
6687.35411119587  2.227904
6687.58815577562  40.83066
6687.82220035538  34.6083
6688.05624493513  3.473932
6688.29028951489  8.770643
6688.52433409465  4.176295
6688.7583786744  26.67958
6688.99242325416  27.03273
6689.22646783392  9.439857
6689.46051241367  15.13273
6689.69455699343  25.41187
6689.92860157319  40.03348
6690.16264615294  36.58039
6690.3966907327  39.82251
6690.63073531246  -16.26447
6690.86477989221  23.06202
6691.09882447197  15.9615
6691.33286905173  9.588943
6691.56691363148  -2.145795
6691.80095821124  20.96261
6692.035002791  6.576839
6692.26904737075  -0.130032
6692.50309195051  17.08038
