6452.9149773206  50.03712
6453.14905136807  63.69125
6453.38312541553  48.53819
6453.617199463  103.9356
6453.85127351047  111.6568
6454.08534755793  90.11541
6454.3194216054  85.20855
6454.55349565287  91.99815
6454.78756970033  85.54265
6455.0216437478  57.32793
6455.25571779527  55.32139
6455.48979184274  73.45741
6455.7238658902  72.05724
6455.95793993767  90.15537
6456.19201398514  73.01147
6456.4260880326  42.81368
6456.66016208007  63.26391
6456.89423612754  71.19238
6457.128310175  43.10332
6457.36238422247  101.1466
6457.59645826994  98.88107
6457.8305323174  55.97648
6458.06460636487  68.65893
6458.29868041234  77.1113
6458.5327544598  83.93332
6458.76682850727  74.03093
6459.00090255474  87.01305
6459.2349766022  103.4151
6459.46905064967  122.1514
6459.70312469714  103.7699
6459.9371987446  107.0639
6460.17127279207  90.83035
6460.40534683954  96.53636
6460.639420887  97.47745
6460.87349493447  48.61632
6461.10756898194  58.53352
6461.3416430294  105.7384
6461.57571707687  85.49444
6461.80979112434  81.01611
6462.0438651718  110.4318
6462.27793921927  107.9785
6462.51201326674  109.5513
6462.7460873142  99.30012
6462.98016136167  93.4123
6463.21423540914  92.50037
6463.4483094566  124.7408
6463.68238350407  121.9721
6463.91645755154  113.1359
6464.150531599  111.203
6464.38460564647  95.13219
6464.61867969394  89.91072
6464.8527537414  101.1779
6465.08682778887  105.2255
6465.32090183634  90.79585
6465.5549758838  77.48442
6465.78904993127  120.7657
6466.02312397874  133.5896
6466.2571980262  88.50415
6466.49127207367  113.8032
6466.72534612114  110.3025
6466.95942016861  91.70611
6467.19349421607  86.12599
6467.42756826354  87.1279
6467.66164231101  109.0198
6467.89571635847  124.485
6468.12979040594  123.118
6468.36386445341  109.5507
6468.59793850087  79.56497
6468.83201254834  93.79196
6469.06608659581  127.0219
6469.30016064327  123.4545
6469.53423469074  88.30151
6469.76830873821  63.46513
6470.00238278567  102.1248
6470.23645683314  134.7859
6470.47053088061  109.1303
6470.70460492807  121.6402
6470.93867897554  157.8614
6471.17275302301  103.0141
6471.40682707047  97.82207
6471.64090111794  149.7481
6471.87497516541  119.093
6472.10904921287  115.7837
6472.34312326034  124.2873
6472.57719730781  147.0953
6472.81127135527  133.8811
6473.04534540274  126.1411
6473.27941945021  120.7991
6473.51349349768  120.5077
6473.74756754514  109.666
6473.98164159261  131.719
6474.21571564007  175.3125
6474.44978968754  177.1144
6474.68386373501  149.186
6474.91793778247  149.2045
6475.15201182994  141.6467
6475.38608587741  115.977
6475.62015992487  131.178
6475.85423397234  139.3396
6476.08830801981  124.1352
6476.32238206728  107.7541
6476.55645611474  145.8478
6476.79053016221  192.0816
6477.02460420968  146.9657
6477.25867825714  132.4741
6477.49275230461  175.2773
6477.72682635208  164.2767
6477.96090039954  140.3163
6478.19497444701  149.4114
6478.42904849448  174.7841
6478.66312254194  151.1831
6478.89719658941  119.9892
6479.13127063688  149.2826
6479.36534468434  144.0255
6479.59941873181  139.1052
6479.83349277928  136.9565
6480.06756682674  134.9083
6480.30164087421  143.3985
6480.53571492168  100.9508
6480.76978896914  167.0365
6481.00386301661  130.9575
6481.23793706408  162.0358
6481.47201111154  182.4606
6481.70608515901  153.6931
6481.94015920648  107.8372
6482.17423325394  129.086
6482.40830730141  185.1405
6482.64238134888  142.8719
6482.87645539634  122.4678
6483.11052944381  157.3535
6483.34460349128  136.5866
6483.57867753875  164.6475
6483.81275158621  133.6081
6484.04682563368  114.1334
6484.28089968114  113.1161
6484.51497372861  155.1529
6484.74904777608  141.608
6484.98312182354  148.6155
6485.21719587101  151.2438
6485.45126991848  131.5827
6485.68534396595  181.3896
6485.91941801341  150.7249
6486.15349206088  100.8295
6486.38756610834  157.9913
6486.62164015581  185.168
6486.85571420328  195.5508
6487.08978825075  171.6136
6487.32386229821  149.1377
6487.55793634568  157.3238
6487.79201039315  188.3236
6488.02608444061  186.4753
6488.26015848808  131.7721
6488.49423253555  111.3504
6488.72830658301  140.909
6488.96238063048  179.0987
6489.19645467795  174.6276
6489.43052872541  181.3545
6489.66460277288  158.4308
6489.89867682035  151.2195
6490.13275086781  171.0323
6490.36682491528  154.0221
6490.60089896275  135.9576
6490.83497301021  126.163
6491.06904705768  145.3503
6491.30312110515  160.8415
6491.53719515262  179.1682
6491.77126920008  176.1642
6492.00534324755  135.1824
6492.23941729502  114.3671
6492.47349134248  160.9031
6492.70756538995  193.53
6492.94163943741  222.1939
6493.17571348488  162.2143
6493.40978753235  124.22
6493.64386157982  135.248
6493.87793562728  143.8073
6494.11200967475  125.317
6494.34608372222  153.9702
6494.58015776968  179.5654
6494.81423181715  150.073
6495.04830586462  180.3406
6495.28237991208  117.7105
6495.51645395955  123.6762
6495.75052800702  152.8037
6495.98460205448  172.9839
6496.21867610195  137.5916
6496.45275014942  137.7002
6496.68682419688  126.1636
6496.92089824435  150.6799
6497.15497229182  142.2476
6497.38904633928  146.5007
6497.62312038675  165.7904
6497.85719443422  217.207
6498.09126848168  189.8057
6498.32534252915  156.9636
6498.55941657662  209.0138
6498.79349062408  195.9029
6499.02756467155  154.4742
6499.26163871902  174.0233
6499.49571276648  172.8882
6499.72978681395  177.9498
6499.96386086142  214.4154
6500.19793490888  145.9846
6500.43200895635  164.9796
6500.66608300382  175.5758
6500.90015705128  136.5464
6501.13423109875  168.2049
6501.36830514622  187.2385
6501.60237919369  194.0132
6501.83645324115  206.8608
6502.07052728862  176.4917
6502.30460133608  182.7569
6502.53867538355  195.4444
6502.77274943102  173.5125
6503.00682347848  180.4491
6503.24089752595  194.1997
6503.47497157342  175.262
6503.70904562089  152.6559
6503.94311966835  156.9654
6504.17719371582  188.3334
6504.41126776329  214.9926
6504.64534181075  190.1713
6504.87941585822  172.0229
6505.11348990569  190.0454
6505.34756395315  188.3902
6505.58163800062  190.1836
6505.81571204809  200.485
6506.04978609555  164.6873
6506.28386014302  160.6634
6506.51793419049  188.0911
6506.75200823795  173.232
6506.98608228542  153.9709
6507.22015633289  164.1005
6507.45423038035  167.8415
6507.68830442782  157.1386
6507.92237847529  170.7564
6508.15645252275  195.6111
6508.39052657022  167.4196
6508.62460061769  146.2159
6508.85867466515  198.7528
6509.09274871262  214.9988
6509.32682276009  198.3713
6509.56089680755  195.7095
6509.79497085502  193.845
6510.02904490249  174.8078
6510.26311894995  186.0954
6510.49719299742  154.0197
6510.73126704489  197.1888
6510.96534109235  173.9699
6511.19941513982  151.0537
6511.43348918729  177.5935
6511.66756323475  184.9982
6511.90163728222  186.6507
6512.13571132969  204.9416
6512.36978537716  211.2521
6512.60385942462  188.7862
6512.83793347209  170.6061
6513.07200751956  183.4757
6513.30608156702  209.6708
6513.54015561449  234.9664
6513.77422966196  224.8712
6514.00830370942  170.2498
6514.24237775689  162.6354
6514.47645180436  211.7317
6514.71052585182  197.4122
6514.94459989929  196.7378
6515.17867394676  147.374
6515.41274799422  181.994
6515.64682204169  168.9419
6515.88089608916  164.579
6516.11497013662  175.1522
6516.34904418409  151.3844
6516.58311823156  238.5264
6516.81719227902  216.4433
6517.05126632649  199.5267
6517.28534037396  220.2314
6517.51941442142  193.5265
6517.75348846889  179.8862
6517.98756251636  198.9876
6518.22163656383  193.2318
6518.45571061129  174.9774
6518.68978465876  223.7365
6518.92385870622  214.5464
6519.15793275369  176.0712
6519.39200680116  169.7985
6519.62608084862  188.0803
6519.86015489609  196.5376
6520.09422894356  192.8263
6520.32830299102  185.1809
6520.56237703849  192.4978
6520.79645108596  213.8465
6521.03052513342  209.3969
6521.26459918089  198.5133
6521.49867322836  206.5577
6521.73274727583  190.9884
6521.96682132329  208.5195
6522.20089537076  195.4604
6522.43496941823  209.5021
6522.66904346569  227.8217
6522.90311751316  193.6742
6523.13719156062  198.8844
6523.37126560809  235.6977
6523.60533965556  226.6981
6523.83941370303  224.9565
6524.07348775049  230.7895
6524.30756179796  191.317
6524.54163584543  197.3765
6524.77570989289  242.9447
6525.00978394036  231.7397
6525.24385798783  225.6305
6525.47793203529  205.6893
6525.71200608276  183.2186
6525.94608013023  222.5111
6526.18015417769  163.5296
6526.41422822516  209.653
6526.64830227263  207.9592
6526.88237632009  225.1772
6527.11645036756  237.437
6527.35052441503  201.8644
6527.58459846249  183.9908
6527.81867250996  216.5555
6528.05274655743  230.9964
6528.28682060489  224.4798
6528.52089465236  241.9434
6528.75496869983  209.5421
6528.98904274729  173.2647
6529.22311679476  223.6077
6529.45719084223  248.2251
6529.69126488969  224.1231
6529.92533893716  191.9553
6530.15941298463  190.3276
6530.3934870321  220.4057
6530.62756107956  199.4782
6530.86163512703  221.7211
6531.09570917449  238.3394
6531.32978322196  193.3412
6531.56385726943  213.1063
6531.79793131689  207.836
6532.03200536436  224.6225
6532.26607941183  235.4203
6532.50015345929  205.598
6532.73422750676  197.8419
6532.96830155423  243.6425
6533.20237560169  224.6183
6533.43644964916  196.1592
6533.67052369663  211.9444
6533.9045977441  256.0609
6534.13867179156  232.9564
6534.37274583903  214.4956
6534.6068198865  225.0324
6534.84089393396  219.8402
6535.07496798143  245.4866
6535.3090420289  239.0436
6535.54311607636  212.3393
6535.77719012383  196.1222
6536.0112641713  206.0265
6536.24533821876  208.6106
6536.47941226623  217.9309
6536.7134863137  255.5632
6536.94756036116  259.7467
6537.18163440863  230.3582
6537.4157084561  215.756
6537.64978250356  223.9746
6537.88385655103  228.4727
6538.1179305985  218.1163
6538.35200464596  226.3814
6538.58607869343  266.9289
6538.8201527409  283.5278
6539.05422678837  242.7208
6539.28830083583  220.8203
6539.5223748833  260.3794
6539.75644893077  240.9599
6539.99052297823  230.1476
6540.2245970257  272.8182
6540.45867107317  240.1256
6540.69274512063  229.3421
6540.9268191681  250.6232
6541.16089321556  203.4588
6541.39496726303  264.5599
6541.6290413105  252.8527
6541.86311535797  250.6866
6542.09718940543  257.2694
6542.3312634529  248.6213
6542.56533750037  266.2856
6542.79941154783  278.7444
6543.0334855953  313.2815
6543.26755964277  270.0309
6543.50163369023  250.1529
6543.7357077377  262.2166
6543.96978178517  300.1125
6544.20385583263  276.0591
6544.4379298801  244.2323
6544.67200392757  268.2172
6544.90607797503  285.8083
6545.1401520225  299.1293
6545.37422606997  279.0199
6545.60830011743  280.7609
6545.8423741649  314.2799
6546.07644821237  285.9473
6546.31052225983  278.7424
6546.5445963073  287.8741
6546.77867035477  257.5634
6547.01274440223  289.8092
6547.2468184497  308.2728
6547.48089249717  318.6193
6547.71496654463  327.3615
6547.9490405921  330.1539
6548.18311463957  321.485
6548.41718868703  294.6526
6548.6512627345  284.3894
6548.88533678197  335.2073
6549.11941082943  331.313
6549.3534848769  294.388
6549.58755892437  304.542
6549.82163297184  281.172
6550.0557070193  329.1819
6550.28978106677  321.1112
6550.52385511424  326.4308
6550.7579291617  318.7559
6550.99200320917  312.5943
6551.22607725663  318.4778
6551.4601513041  283.5255
6551.69422535157  309.9816
6551.92829939904  309.5086
6552.1623734465  327.4348
6552.39644749397  348.5547
6552.63052154144  303.4298
6552.8645955889  296.3201
6553.09866963637  313.098
6553.33274368384  359.5897
6553.5668177313  352.8374
6553.80089177877  321.7914
6554.03496582624  315.9142
6554.2690398737  325.8546
6554.50311392117  332.1561
6554.73718796864  341.9096
6554.9712620161  335.9262
6555.20533606357  323.2089
6555.43941011104  344.168
6555.6734841585  363.9314
6555.90755820597  340.6785
6556.14163225344  327.0051
6556.3757063009  321.5138
6556.60978034837  318.9586
6556.84385439584  320.1796
6557.0779284433  297.582
6557.31200249077  315.0191
6557.54607653824  304.7476
6557.7801505857  298.0799
6558.01422463317  308.2643
6558.24829868064  303.7649
6558.48237272811  300.9886
6558.71644677557  314.6288
6558.95052082304  362.1597
6559.1845948705  340.7867
6559.41866891797  326.6772
6559.65274296544  301.6057
6559.88681701291  321.4009
6560.12089106037  368.3302
6560.35496510784  317.1086
6560.58903915531  291.1543
6560.82311320277  307.0106
6561.05718725024  303.8004
6561.29126129771  346.421
6561.52533534517  338.7157
6561.75940939264  342.5759
6561.99348344011  369.9902
6562.22755748757  394.2086
6562.46163153504  352.2291
6562.69570558251  405.5558
6562.92977962997  385.4398
6563.16385367744  370.4729
6563.39792772491  381.7575
6563.63200177237  382.0552
6563.86607581984  380.9978
6564.10014986731  377.7774
6564.33422391477  381.9972
6564.56829796224  357.5679
6564.80237200971  397.3714
6565.03644605717  359.1661
6565.27052010464  348.0218
6565.50459415211  370.6588
6565.73866819957  379.007
6565.97274224704  377.5746
6566.20681629451  381.9609
6566.44089034198  383.1582
6566.67496438944  346.1038
6566.90903843691  319.3392
6567.14311248437  312.5069
6567.37718653184  300.4728
6567.61126057931  324.8633
6567.84533462677  323.0889
6568.07940867424  280.9287
6568.31348272171  324.3774
6568.54755676917  339.1499
6568.78163081664  349.2314
6569.01570486411  318.6518
6569.24977891158  293.0623
6569.48385295904  286.6985
6569.71792700651  330.3824
6569.95200105398  324.405
6570.18607510144  264.6122
6570.42014914891  288.8629
6570.65422319638  284.2409
6570.88829724384  274.9988
6571.12237129131  253.2557
6571.35644533878  291.8594
6571.59051938624  330.9886
6571.82459343371  330.7857
6572.05866748118  331.5373
6572.29274152864  289.9335
6572.52681557611  261.1178
6572.76088962358  245.9276
6572.99496367104  277.8575
6573.22903771851  280.6468
6573.46311176598  252.9214
6573.69718581344  282.1048
6573.93125986091  296.5659
6574.16533390838  275.0906
6574.39940795584  253.8727
6574.63348200331  235.2751
6574.86755605078  267.2835
6575.10163009824  271.9383
6575.33570414571  250.8662
6575.56977819318  243.032
6575.80385224065  222.0052
6576.03792628811  249.1476
6576.27200033558  266.6252
6576.50607438305  245.4279
6576.74014843051  280.1125
6576.97422247798  312.9679
6577.20829652544  267.0641
6577.44237057291  222.5317
6577.67644462038  228.2801
6577.91051866784  220.603
6578.14459271531  214.3932
6578.37866676278  224.4915
6578.61274081025  235.0508
6578.84681485771  236.7525
6579.08088890518  228.689
6579.31496295265  253.5431
6579.54903700011  240.4626
6579.78311104758  212.1544
6580.01718509505  233.3875
6580.25125914251  267.6319
6580.48533318998  270.6558
6580.71940723745  228.0682
6580.95348128491  180.7682
6581.18755533238  213.8819
6581.42162937984  244.8192
6581.65570342731  251.6538
6581.88977747478  230.3491
6582.12385152225  230.0124
6582.35792556971  262.9448
6582.59199961718  221.3676
6582.82607366465  225.0631
6583.06014771211  248.7772
6583.29422175958  219.1966
6583.52829580705  219.5504
6583.76236985451  252.1894
6583.99644390198  251.1913
6584.23051794945  222.576
6584.46459199692  198.1851
6584.69866604438  209.6957
6584.93274009185  221.675
6585.16681413931  205.6179
6585.40088818678  205.2597
6585.63496223425  220.2239
6585.86903628171  239.2779
6586.10311032918  262.5363
6586.33718437665  238.7178
6586.57125842412  219.2982
6586.80533247158  208.448
6587.03940651905  206.6909
6587.27348056652  234.9608
6587.50755461398  239.4674
6587.74162866145  252.015
6587.97570270892  250.3601
6588.20977675638  236.8986
6588.44385080385  199.7171
6588.67792485132  227.8465
6588.91199889878  259.7383
6589.14607294625  268.901
6589.38014699371  235.4928
6589.61422104118  206.2564
6589.84829508865  227.5523
6590.08236913612  222.1456
6590.31644318358  230.6353
6590.55051723105  220.6786
6590.78459127852  217.492
6591.01866532598  239.3195
6591.25273937345  272.4736
6591.48681342092  238.6641
6591.72088746838  201.3152
6591.95496151585  225.0874
6592.18903556332  271.7694
6592.42310961078  229.714
6592.65718365825  227.6393
6592.89125770572  237.0076
6593.12533175318  240.6106
6593.35940580065  239.2381
6593.59347984812  190.9266
6593.82755389558  177.4932
6594.06162794305  227.4543
6594.29570199052  243.2918
6594.52977603798  216.9009
6594.76385008545  186.2041
6594.99792413292  197.1521
6595.23199818038  248.2133
6595.46607222785  209.3269
6595.70014627532  181.643
6595.93422032278  218.2748
6596.16829437025  225.762
6596.40236841772  219.5524
6596.63644246519  208.7518
6596.87051651265  214.4524
6597.10459056012  202.6497
6597.33866460759  222.4286
6597.57273865505  243.1982
6597.80681270252  209.5296
6598.04088674999  227.0569
6598.27496079745  250.5609
6598.50903484492  235.4045
6598.74310889238  239.4022
6598.97718293985  235.9365
6599.21125698732  235.0339
6599.44533103479  269.6162
6599.67940508225  239.1675
6599.91347912972  210.0141
6600.14755317719  249.6384
6600.38162722465  232.9273
6600.61570127212  217.9098
6600.84977531959  199.1296
6601.08384936705  217.8211
6601.31792341452  178.8091
6601.55199746199  251.4759
6601.78607150945  230.3848
6602.02014555692  199.3226
6602.25421960439  231.1664
6602.48829365185  179.1169
6602.72236769932  199.0347
6602.95644174679  226.4612
6603.19051579425  208.368
6603.42458984172  180.9855
6603.65866388919  187.9715
6603.89273793665  175.0814
6604.12681198412  189.0464
6604.36088603159  230.9742
6604.59496007905  243.027
6604.82903412652  223.373
6605.06310817399  197.9263
6605.29718222146  181.7863
6605.53125626892  215.5322
6605.76533031639  253.6634
6605.99940436385  249.5325
6606.23347841132  235.4874
6606.46755245879  220.4228
6606.70162650626  211.9747
6606.93570055372  202.4291
6607.16977460119  172.9893
6607.40384864866  176.1429
6607.63792269612  213.9588
6607.87199674359  186.3179
6608.10607079106  198.1871
6608.34014483852  198.6687
6608.57421888599  184.4718
6608.80829293346  177.8314
6609.04236698092  239.628
6609.27644102839  218.2182
6609.51051507586  221.5069
6609.74458912332  197.7131
6609.97866317079  171.3443
6610.21273721826  183.5987
6610.44681126572  188.3778
6610.68088531319  191.7686
6610.91495936066  213.8731
6611.14903340812  224.0638
6611.38310745559  207.9122
6611.61718150306  225.5971
6611.85125555052  211.5389
6612.08532959799  201.5359
6612.31940364546  155.2151
6612.55347769292  198.9222
6612.78755174039  210.5754
6613.02162578786  179.1492
6613.25569983532  243.787
6613.48977388279  212.3547
6613.72384793026  184.989
6613.95792197772  236.8325
6614.19199602519  231.2835
6614.42607007266  198.3178
6614.66014412013  202.7187
6614.89421816759  220.7017
6615.12829221506  222.208
6615.36236626252  230.3767
6615.59644030999  207.0203
6615.83051435746  182.9205
6616.06458840492  192.1885
6616.29866245239  177.4941
6616.53273649986  195.8477
6616.76681054733  220.4038
6617.00088459479  200.0564
6617.23495864226  241.4193
6617.46903268973  206.2079
6617.70310673719  180.6173
6617.93718078466  172.3356
6618.17125483213  185.1014
6618.40532887959  191.0157
6618.63940292706  200.5119
6618.87347697453  194.3238
6619.10755102199  169.6197
6619.34162506946  207.5602
6619.57569911692  225.4086
6619.80977316439  185.9478
6620.04384721186  171.3491
6620.27792125933  215.4176
6620.51199530679  188.1674
6620.74606935426  172.0344
6620.98014340173  199.3944
6621.21421744919  188.9431
6621.44829149666  176.344
6621.68236554413  199.8609
6621.91643959159  183.6997
6622.15051363906  180.3642
6622.38458768653  184.2601
6622.61866173399  168.6096
6622.85273578146  180.3599
6623.08680982893  170.2418
6623.32088387639  169.9424
6623.55495792386  199.0613
6623.78903197133  197.3895
6624.02310601879  193.5125
6624.25718006626  183.8201
6624.49125411373  166.9133
6624.7253281612  142.6128
6624.95940220866  149.428
6625.19347625613  162.3186
6625.4275503036  192.529
6625.66162435106  214.915
6625.89569839853  197.436
6626.12977244599  193.4495
6626.36384649346  172.0155
6626.59792054093  139.5636
6626.8319945884  152.191
6627.06606863586  156.9646
6627.30014268333  188.0815
6627.5342167308  152.7219
6627.76829077826  156.0172
6628.00236482573  142.0056
6628.2364388732  157.0849
6628.47051292066  128.7364
6628.70458696813  153.6001
6628.9386610156  209.4712
6629.17273506306  183.7767
6629.40680911053  197.9336
6629.640883158  218.7469
6629.87495720546  177.2097
6630.10903125293  218.0273
6630.3431053004  174.0494
6630.57717934786  174.1891
6630.81125339533  175.0202
6631.0453274428  150.7979
6631.27940149026  149.8178
6631.51347553773  144.7878
6631.7475495852  161.4281
6631.98162363266  177.2408
6632.21569768013  142.5491
6632.4497717276  162.6969
6632.68384577507  154.3688
6632.91791982253  143.1458
6633.15199387  131.3767
6633.38606791747  166.026
6633.62014196493  144.8774
6633.8542160124  139.2117
6634.08829005986  172.4013
6634.32236410733  183.6161
6634.5564381548  171.6203
6634.79051220226  171.4773
6635.02458624973  160.964
6635.2586602972  187.4393
6635.49273434467  138.8517
6635.72680839213  156.9774
6635.9608824396  157.0669
6636.19495648707  145.8223
6636.42903053453  174.3772
6636.663104582  165.7419
6636.89717862947  117.531
6637.13125267693  139.3372
6637.3653267244  150.9467
6637.59940077187  134.0594
6637.83347481933  156.7517
6638.0675488668  149.0941
6638.30162291427  124.7325
6638.53569696173  143.6145
6638.7697710092  145.6873
6639.00384505667  158.6543
6639.23791910413  169.9105
6639.4719931516  143.8397
6639.70606719907  186.0916
6639.94014124653  161.3348
6640.174215294  145.6987
6640.40828934147  129.4536
6640.64236338893  168.3178
6640.8764374364  221.6311
6641.11051148387  176.0581
6641.34458553133  135.2579
6641.5786595788  121.9523
6641.81273362627  105.6738
6642.04680767374  129.8464
6642.2808817212  175.1035
6642.51495576867  152.0393
6642.74902981614  160.6667
6642.9831038636  195.3938
6643.21717791107  158.0037
6643.45125195853  125.8874
6643.685326006  138.0164
6643.91940005347  123.4412
6644.15347410094  135.8259
6644.3875481484  156.5519
6644.62162219587  139.2559
6644.85569624334  159.8205
6645.0897702908  167.7428
6645.32384433827  151.4613
6645.55791838574  177.0185
6645.7919924332  183.1294
6646.02606648067  159.6814
6646.26014052814  116.4946
6646.4942145756  138.4686
6646.72828862307  138.5307
6646.96236267054  165.0203
6647.196436718  134.6106
6647.43051076547  133.7194
6647.66458481294  91.23354
6647.8986588604  120.0489
6648.13273290787  127.7102
6648.36680695534  145.2541
6648.6008810028  146.9056
6648.83495505027  159.3046
6649.06902909774  111.7416
6649.3031031452  143.0224
6649.53717719267  144.4255
6649.77125124014  149.006
6650.0053252876  131.819
6650.23939933507  144.1502
6650.47347338254  148.8504
6650.70754743  142.1946
6650.94162147747  141.2831
6651.17569552494  151.1669
6651.4097695724  153.9331
6651.64384361987  166.2081
6651.87791766734  174.2999
6652.1119917148  125.9013
6652.34606576227  128.0245
6652.58013980974  121.7478
6652.81421385721  127.458
6653.04828790467  127.98
6653.28236195214  140.4664
6653.51643599961  123.4579
6653.75051004707  116.6436
6653.98458409454  147.1291
6654.21865814201  127.7809
6654.45273218947  133.7939
6654.68680623694  114.9684
6654.92088028441  101.4834
6655.15495433187  137.1485
6655.38902837934  155.074
6655.6231024268  163.1206
6655.85717647427  99.99008
6656.09125052174  103.7119
6656.32532456921  104.6352
6656.55939861667  115.8069
6656.79347266414  85.10599
6657.02754671161  96.2818
6657.26162075907  120.6079
6657.49569480654  146.1057
6657.72976885401  136.2508
6657.96384290147  107.2739
6658.19791694894  69.40397
6658.43199099641  84.86902
6658.66606504388  99.47512
6658.90013909134  130.5372
6659.13421313881  125.6615
6659.36828718627  88.48452
6659.60236123374  91.74731
6659.83643528121  106.6189
6660.07050932867  93.09863
6660.30458337614  77.68411
6660.53865742361  121.2852
6660.77273147107  139.0186
6661.00680551854  92.34
6661.24087956601  113.3256
6661.47495361347  123.8486
6661.70902766094  93.03561
6661.94310170841  92.21471
6662.17717575588  104.7265
6662.41124980334  101.3878
6662.64532385081  112.9957
6662.87939789828  134.2047
6663.11347194574  130.7853
6663.34754599321  94.52132
6663.58162004068  66.86272
6663.81569408814  88.89786
6664.04976813561  85.68173
6664.28384218308  119.6718
6664.51791623054  82.84595
6664.75199027801  85.236
6664.98606432548  92.68279
6665.22013837294  86.7638
6665.45421242041  77.41701
6665.68828646788  57.01997
6665.92236051534  57.19495
6666.15643456281  90.79435
6666.39050861028  114.5083
6666.62458265774  100.8645
6666.85865670521  93.00311
6667.09273075268  53.28799
6667.32680480014  92.41707
6667.56087884761  94.13767
6667.79495289508  55.07778
6668.02902694254  93.38068
6668.26310099001  100.1927
6668.49717503748  64.56209
6668.73124908494  102.7616
6668.96532313241  88.71198
6669.19939717988  76.25126
6669.43347122735  66.47382
6669.66754527481  59.02737
6669.90161932228  46.50063
6670.13569336974  85.03819
6670.36976741721  66.67513
6670.60384146468  50.30761
6670.83791551214  76.93103
6671.07198955961  58.4353
6671.30606360708  92.61133
6671.54013765454  39.20869
6671.77421170201  33.66633
6672.00828574948  66.44579
6672.24235979694  78.39084
6672.47643384441  69.36858
6672.71050789188  76.8494
6672.94458193935  74.49155
6673.17865598681  70.85012
6673.41273003428  83.25171
6673.64680408175  72.11841
6673.88087812921  75.05906
6674.11495217668  86.16641
6674.34902622415  64.46004
6674.58310027161  85.47121
6674.81717431908  86.93967
6675.05124836655  93.61708
6675.28532241401  53.71381
6675.51939646148  37.8787
6675.75347050895  39.71849
6675.98754455641  44.48679
6676.22161860388  34.36962
6676.45569265135  52.96495
6676.68976669881  58.16681
6676.92384074628  80.52976
6677.15791479375  55.32499
6677.39198884121  28.70416
6677.62606288868  32.17336
6677.86013693615  47.01778
6678.09421098361  29.88545
6678.32828503108  72.83682
6678.56235907855  53.11086
6678.79643312601  52.50749
6679.03050717348  39.14239
6679.26458122095  55.86259
6679.49865526842  51.09061
6679.73272931588  39.93112
6679.96680336335  46.22304
6680.20087741082  36.6281
6680.43495145828  11.03082
6680.66902550575  41.13501
6680.90309955322  77.56693
6681.13717360068  11.01081
6681.37124764815  -7.534843
6681.60532169561  16.66081
6681.83939574308  33.2683
6682.07346979055  47.61649
6682.30754383801  38.50215
6682.54161788548  53.95317
6682.77569193295  58.1246
6683.00976598042  12.71957
6683.24384002788  35.78375
6683.47791407535  34.99004
6683.71198812282  55.49492
6683.94606217028  48.77647
6684.18013621775  38.95497
6684.41421026522  23.2527
6684.64828431268  16.51113
6684.88235836015  34.921
6685.11643240762  30.18081
6685.35050645508  50.35963
6685.58458050255  51.29744
6685.81865455002  33.81102
6686.05272859748  58.22206
6686.28680264495  34.30886
6686.52087669242  61.31361
6686.75495073988  33.13838
6686.98902478735  6.580689
6687.22309883482  19.8318
6687.45717288229  23.88802
6687.69124692975  31.48224
6687.92532097722  35.42546
6688.15939502468  20.13038
6688.39346907215  15.3644
6688.62754311962  68.09039
6688.86161716708  0.1732834
6689.09569121455  -9.133216
6689.32976526202  47.713
6689.56383930948  57.8845
6689.79791335695  12.17844
6690.03198740442  26.78545
6690.26606145189  31.62909
6690.50013549935  20.16387
6690.73420954682  6.457131
6690.96828359429  -10.90384
6691.20235764175  26.03598
6691.43643168922  24.33637
6691.67050573669  20.72995
6691.90457978415  -2.988586
6692.13865383162  13.94525
6692.37272787909  -5.573975
