6452.758586645  23.78142
6452.99243017181  6.184451
6453.22627369861  22.97173
6453.46011722542  25.02864
6453.69396075222  14.62714
6453.92780427903  14.48223
6454.16164780583  22.0755
6454.39549133264  21.38793
6454.62933485945  -1.766494
6454.86317838625  18.75113
6455.09702191306  28.5955
6455.33086543986  16.74721
6455.56470896667  14.0347
6455.79855249348  32.73158
6456.03239602028  49.26105
6456.26623954709  35.98664
6456.50008307389  9.796962
6456.7339266007  13.01168
6456.9677701275  20.81886
6457.20161365431  30.69148
6457.43545718111  24.59561
6457.66930070792  12.55813
6457.90314423473  10.12836
6458.13698776153  19.54179
6458.37083128834  32.91896
6458.60467481514  25.64901
6458.83851834195  36.9898
6459.07236186875  27.36831
6459.30620539556  17.57572
6459.54004892237  9.028251
6459.77389244917  5.643455
6460.00773597598  4.617809
6460.24157950278  17.0514
6460.47542302959  36.92713
6460.7092665564  7.569541
6460.9431100832  23.40025
6461.17695361001  26.59043
6461.41079713681  23.68689
6461.64464066362  27.81565
6461.87848419042  45.0344
6462.11232771723  21.00222
6462.34617124403  -6.876791
6462.58001477084  20.52806
6462.81385829765  17.24188
6463.04770182445  11.2616
6463.28154535126  9.225815
6463.51538887807  46.29964
6463.74923240487  51.3059
6463.98307593168  34.69592
6464.21691945848  24.67163
6464.45076298529  18.54558
6464.68460651209  23.2433
6464.9184500389  30.33945
6465.1522935657  24.51811
6465.38613709251  28.48164
6465.61998061931  27.89504
6465.85382414612  39.68216
6466.08766767293  52.5459
6466.32151119973  38.41356
6466.55535472654  25.55584
6466.78919825334  16.96255
6467.02304178015  16.32279
6467.25688530696  29.2394
6467.49072883376  39.73581
6467.72457236057  33.90676
6467.95841588737  14.80637
6468.19225941418  39.05202
6468.42610294098  63.18045
6468.65994646779  29.8795
6468.8937899946  13.79165
6469.1276335214  35.06632
6469.36147704821  15.61692
6469.59532057501  24.57138
6469.82916410182  56.61668
6470.06300762863  46.98322
6470.29685115543  28.00609
6470.53069468224  9.488546
6470.76453820904  16.47136
6470.99838173585  9.449121
6471.23222526265  46.79293
6471.46606878946  38.49698
6471.69991231627  25.76491
6471.93375584307  38.74221
6472.16759936988  19.78818
6472.40144289668  21.09322
6472.63528642349  37.44151
6472.86912995029  40.14954
6473.1029734771  40.44302
6473.3368170039  28.8062
6473.57066053071  25.00379
6473.80450405752  18.36499
6474.03834758432  32.68982
6474.27219111113  46.25523
6474.50603463794  3.3652
6474.73987816474  8.004199
6474.97372169155  47.36586
6475.20756521835  54.64765
6475.44140874516  32.82657
6475.67525227196  38.67069
6475.90909579877  44.79259
6476.14293932557  30.13886
6476.37678285238  27.7126
6476.61062637919  30.91386
6476.84446990599  34.2314
6477.0783134328  35.67369
6477.3121569596  29.03766
6477.54600048641  22.64473
6477.77984401322  47.81015
6478.01368754002  53.13266
6478.24753106683  23.57342
6478.48137459363  8.587479
6478.71521812044  16.23316
6478.94906164724  19.24051
6479.18290517405  30.35853
6479.41674870085  25.51723
6479.65059222766  33.73946
6479.88443575447  71.85391
6480.11827928127  68.9369
6480.35212280808  42.54558
6480.58596633488  32.16052
6480.81980986169  30.65282
6481.05365338849  31.67248
6481.2874969153  45.10527
6481.52134044211  53.90507
6481.75518396891  30.53098
6481.98902749572  23.35534
6482.22287102252  11.24711
6482.45671454933  36.72287
6482.69055807613  64.4061
6482.92440160294  53.79158
6483.15824512975  42.46991
6483.39208865655  68.34023
6483.62593218336  67.04887
6483.85977571016  36.26975
6484.09361923697  46.9633
6484.32746276378  61.758
6484.56130629058  55.84473
6484.79514981739  26.53668
6485.02899334419  25.83252
6485.262836871  55.89499
6485.4966803978  51.50045
6485.73052392461  39.38404
6485.96436745142  27.12401
6486.19821097822  28.21809
6486.43205450503  56.64098
6486.66589803183  62.15461
6486.89974155864  61.78305
6487.13358508544  26.92709
6487.36742861225  16.8038
6487.60127213906  43.47888
6487.83511566586  55.59737
6488.06895919267  49.41207
6488.30280271947  42.06152
6488.53664624628  53.43922
6488.77048977308  56.53649
6489.00433329989  44.49806
6489.2381768267  48.84883
6489.4720203535  50.80082
6489.70586388031  47.11024
6489.93970740711  29.18129
6490.17355093392  43.67509
6490.40739446072  45.08393
6490.64123798753  48.22093
6490.87508151434  30.68217
6491.10892504114  48.67343
6491.34276856795  22.55263
6491.57661209475  10.85657
6491.81045562156  31.70603
6492.04429914836  31.17125
6492.27814267517  60.09081
6492.51198620198  68.69244
6492.74582972878  57.98926
6492.97967325559  44.51247
6493.21351678239  24.48981
6493.4473603092  53.63446
6493.68120383601  53.26393
6493.91504736281  22.17164
6494.14889088962  34.63104
6494.38273441642  59.98778
6494.61657794323  43.95189
6494.85042147003  20.71668
6495.08426499684  56.80714
6495.31810852365  40.94917
6495.55195205045  21.67879
6495.78579557726  27.87581
6496.01963910406  39.06325
6496.25348263087  42.92178
6496.48732615767  42.62437
6496.72116968448  73.15221
6496.95501321128  62.99263
6497.18885673809  36.66002
6497.4227002649  44.58825
6497.6565437917  39.05152
6497.89038731851  32.56139
6498.12423084531  64.51058
6498.35807437212  80.03696
6498.59191789893  53.31215
6498.82576142573  35.05724
6499.05960495254  35.37994
6499.29344847934  40.96899
6499.52729200615  51.37762
6499.76113553295  49.1719
6499.99497905976  52.63451
6500.22882258657  72.24773
6500.46266611337  52.16945
6500.69650964018  13.2826
6500.93035316698  20.28468
6501.16419669379  33.744
6501.39804022059  45.80235
6501.6318837474  42.382
6501.86572727421  36.25758
6502.09957080101  52.76809
6502.33341432782  39.83195
6502.56725785462  16.51874
6502.80110138143  59.16604
6503.03494490823  52.5207
6503.26878843504  45.07959
6503.50263196185  32.96707
6503.73647548865  52.86394
6503.97031901546  47.55529
6504.20416254226  25.17513
6504.43800606907  52.31556
6504.67184959587  73.78204
6504.90569312268  79.4585
6505.13953664949  66.46649
6505.37338017629  43.65964
6505.6072237031  40.77122
6505.8410672299  38.9569
6506.07491075671  40.03918
6506.30875428351  32.86537
6506.54259781032  54.03313
6506.77644133713  60.14509
6507.01028486393  62.95976
6507.24412839074  35.89695
6507.47797191754  28.96994
6507.71181544435  69.84304
6507.94565897116  66.33253
6508.17950249796  46.81981
6508.41334602477  54.37743
6508.64718955157  60.93895
6508.88103307838  53.95704
6509.11487660518  45.22036
6509.34872013199  15.94635
6509.5825636588  49.02644
6509.8164071856  43.30558
6510.05025071241  39.15394
6510.28409423921  53.88819
6510.51793776602  55.52677
6510.75178129282  50.09072
6510.98562481963  42.62643
6511.21946834644  41.8722
6511.45331187324  45.58547
6511.68715540005  39.90832
6511.92099892685  63.69179
6512.15484245366  68.83556
6512.38868598046  52.63386
6512.62252950727  64.50876
6512.85637303407  30.7175
6513.09021656088  43.97178
6513.32406008769  60.88606
6513.55790361449  61.57397
6513.7917471413  42.27274
6514.0255906681  71.47127
6514.25943419491  70.37685
6514.49327772172  46.23034
6514.72712124852  82.67767
6514.96096477533  49.67319
6515.19480830213  49.4557
6515.42865182894  45.33053
6515.66249535574  55.21651
6515.89633888255  28.51037
6516.13018240936  36.9983
6516.36402593616  70.38795
6516.59786946297  65.65261
6516.83171298977  38.53405
6517.06555651658  53.81419
6517.29940004339  48.39502
6517.53324357019  57.65858
6517.767087097  52.54877
6518.0009306238  57.4074
6518.23477415061  52.99698
6518.46861767741  61.14365
6518.70246120422  57.31741
6518.93630473103  65.44807
6519.17014825783  60.34996
6519.40399178464  41.64226
6519.63783531144  51.7714
6519.87167883825  82.51315
6520.10552236505  89.85958
6520.33936589186  44.38282
6520.57320941866  40.93541
6520.80705294547  52.81131
6521.04089647227  54.181
6521.27473999908  48.31102
6521.50858352589  62.84089
6521.74242705269  42.06174
6521.9762705795  82.47674
6522.21011410631  72.79874
6522.44395763311  41.29051
6522.67780115992  57.80959
6522.91164468672  35.15881
6523.14548821353  54.17641
6523.37933174033  38.8437
6523.61317526714  80.38666
6523.84701879395  65.98906
6524.08086232075  57.056
6524.31470584756  39.10044
6524.54854937436  7.212888
6524.78239290117  29.52265
6525.01623642798  53.44078
6525.25007995478  53.9454
6525.48392348159  52.61724
6525.71776700839  49.82085
6525.9516105352  64.71912
6526.185454062  83.78078
6526.41929758881  49.24043
6526.65314111561  51.57215
6526.88698464242  45.61627
6527.12082816923  40.41505
6527.35467169603  44.35001
6527.58851522284  28.96458
6527.82235874964  51.26288
6528.05620227645  75.81746
6528.29004580325  63.67521
6528.52388933006  66.51294
6528.75773285687  35.24728
6528.99157638367  25.71407
6529.22541991048  71.08577
6529.45926343728  47.20676
6529.69310696409  43.56127
6529.92695049089  44.81432
6530.1607940177  31.37594
6530.39463754451  44.005
6530.62848107131  83.17329
6530.86232459812  61.95441
6531.09616812492  50.43959
6531.33001165173  28.22269
6531.56385517854  19.05623
6531.79769870534  53.76048
6532.03154223215  26.98491
6532.26538575895  57.66812
6532.49922928576  54.97861
6532.73307281256  46.55039
6532.96691633937  48.20603
6533.20075986618  42.47376
6533.43460339298  60.15199
6533.66844691979  33.70697
6533.90229044659  31.9374
6534.1361339734  55.98098
6534.3699775002  47.33172
6534.60382102701  58.11345
6534.83766455381  38.11578
6535.07150808062  54.76972
6535.30535160743  74.0043
6535.53919513423  82.08212
6535.77303866104  77.95059
6536.00688218784  52.81297
6536.24072571465  68.65202
6536.47456924145  55.92845
6536.70841276826  63.26031
6536.94225629507  64.76723
6537.17609982187  23.20659
6537.40994334868  39.36695
6537.64378687548  68.32527
6537.87763040229  60.76336
6538.1114739291  55.04634
6538.3453174559  53.09816
6538.57916098271  58.19493
6538.81300450951  57.85812
6539.04684803632  49.95781
6539.28069156312  58.63618
6539.51453508993  82.06991
6539.74837861673  91.65263
6539.98222214354  79.36913
6540.21606567035  77.07225
6540.44990919715  71.09309
6540.68375272396  58.77355
6540.91759625077  46.59562
6541.15143977757  61.80236
6541.38528330438  62.73378
6541.61912683118  61.94873
6541.85297035799  66.93076
6542.08681388479  42.05375
6542.3206574116  74.48996
6542.5545009384  67.15968
6542.78834446521  50.46389
6543.02218799202  88.73772
6543.25603151882  52.66437
6543.48987504563  60.80901
6543.72371857243  61.02229
6543.95756209924  67.02369
6544.19140562604  79.91374
6544.42524915285  80.33727
6544.65909267966  78.7943
6544.89293620646  84.32106
6545.12677973327  57.90466
6545.36062326007  63.54642
6545.59446678688  57.78602
6545.82831031368  57.61911
6546.06215384049  88.53209
6546.2959973673  96.11198
6546.5298408941  97.23074
6546.76368442091  71.89164
6546.99752794771  73.13831
6547.23137147452  71.10694
6547.46521500133  53.95652
6547.69905852813  83.31754
6547.93290205494  74.47478
6548.16674558174  71.82726
6548.40058910855  65.22869
6548.63443263535  68.22016
6548.86827616216  72.3341
6549.10211968897  86.31744
6549.33596321577  99.38049
6549.56980674258  101.6852
6549.80365026938  101.2631
6550.03749379619  82.33434
6550.27133732299  86.34824
6550.5051808498  87.74429
6550.73902437661  80.08965
6550.97286790341  83.84254
6551.20671143022  94.30339
6551.44055495702  112.4148
6551.67439848383  115.2624
6551.90824201064  124.5047
6552.14208553744  123.9817
6552.37592906425  133.8165
6552.60977259105  129.9547
6552.84361611786  127.5637
6553.07745964466  161.6292
6553.31130317147  121.2986
6553.54514669827  129.5477
6553.77899022508  131.5493
6554.01283375189  133.528
6554.24667727869  109.5577
6554.4805208055  141.917
6554.7143643323  119.4888
6554.94820785911  112.6984
6555.18205138592  110.2671
6555.41589491272  133.5401
6555.64973843953  148.299
6555.88358196633  141.9546
6556.11742549314  133.0722
6556.35126901994  169.2202
6556.58511254675  156.1776
6556.81895607356  139.9275
6557.05279960036  133.3611
6557.28664312717  132.8114
6557.52048665397  142.582
6557.75433018078  182.2477
6557.98817370758  162.4759
6558.22201723439  139.0217
6558.45586076119  140.246
6558.689704288  130.2478
6558.92354781481  182.3266
6559.15739134161  151.9464
6559.39123486842  139.9655
6559.62507839522  138.8272
6559.85892192203  128.3218
6560.09276544883  128.8704
6560.32660897564  160.4414
6560.56045250245  167.4256
6560.79429602925  158.6242
6561.02813955606  153.7538
6561.26198308286  140.8622
6561.49582660967  137.0029
6561.72967013648  155.1196
6561.96351366328  142.8118
6562.19735719009  140.5223
6562.43120071689  168.2947
6562.6650442437  150.0177
6562.8988877705  129.8625
6563.13273129731  172.564
6563.36657482412  161.1824
6563.60041835092  144.3119
6563.83426187773  156.7962
6564.06810540453  170.1184
6564.30194893134  146.8961
6564.53579245814  129.4817
6564.76963598495  160.5929
6565.00347951176  154.9875
6565.23732303856  163.3175
6565.47116656537  172.8778
6565.70501009217  147.8627
6565.93885361898  133.5746
6566.17269714578  132.6682
6566.40654067259  173.617
6566.6403841994  157.9367
6566.8742277262  129.55
6567.10807125301  141.9494
6567.34191477981  122.0692
6567.57575830662  118.94
6567.80960183342  124.2043
6568.04344536023  142.2298
6568.27728888704  150.0621
6568.51113241384  144.3716
6568.74497594065  153.4088
6568.97881946745  155.0786
6569.21266299426  147.8956
6569.44650652107  107.9271
6569.68035004787  113.7889
6569.91419357468  145.1776
6570.14803710148  141.7764
6570.38188062829  148.3948
6570.61572415509  139.8413
6570.8495676819  139.1396
6571.08341120871  134.9574
6571.31725473551  121.9687
6571.55109826232  137.7575
6571.78494178912  108.5483
6572.01878531593  92.33241
6572.25262884273  103.4314
6572.48647236954  94.40301
6572.72031589635  101.3583
6572.95415942315  102.0649
6573.18800294996  103.1108
6573.42184647676  122.2093
6573.65569000357  127.8882
6573.88953353037  86.38639
6574.12337705718  107.2869
6574.35722058399  125.6981
6574.59106411079  108.5572
6574.8249076376  112.2545
6575.0587511644  78.41516
6575.29259469121  81.73628
6575.52643821801  113.8132
6575.76028174482  100.0107
6575.99412527163  84.15873
6576.22796879843  85.40456
6576.46181232524  107.8882
6576.69565585204  111.1346
6576.92949937885  80.29596
6577.16334290565  108.4278
6577.39718643246  76.06928
6577.63102995927  91.72186
6577.86487348607  111.6399
6578.09871701288  84.90545
6578.33256053968  64.00146
6578.56640406649  63.53073
6578.80024759329  69.36398
6579.0340911201  59.2666
6579.2679346469  66.91232
6579.50177817371  49.32477
6579.73562170052  71.08235
6579.96946522732  70.59698
6580.20330875413  71.97617
6580.43715228094  73.69344
6580.67099580774  65.28184
6580.90483933455  92.75666
6581.13868286135  65.5549
6581.37252638816  61.15311
6581.60636991496  65.80719
6581.84021344177  83.17302
6582.07405696857  96.3857
6582.30790049538  76.29688
6582.54174402219  72.51774
6582.77558754899  45.92241
6583.0094310758  64.61604
6583.2432746026  74.5593
6583.47711812941  75.60886
6583.71096165621  82.00435
6583.94480518302  101.0104
6584.17864870983  69.46804
6584.41249223663  87.32819
6584.64633576344  73.83727
6584.88017929024  90.52064
6585.11402281705  81.60357
6585.34786634386  72.53782
6585.58170987066  69.90195
6585.81555339747  74.06162
6586.04939692427  60.84818
6586.28324045108  75.01699
6586.51708397788  61.49189
6586.75092750469  96.38603
6586.98477103149  79.27303
6587.2186145583  69.01893
6587.45245808511  71.61716
6587.68630161191  70.87476
6587.92014513872  51.97174
6588.15398866553  60.79644
6588.38783219233  84.11436
6588.62167571914  79.48856
6588.85551924594  43.43863
6589.08936277275  51.14997
6589.32320629955  80.62867
6589.55704982636  77.47474
6589.79089335316  59.69151
6590.02473687997  51.42834
6590.25858040677  77.15248
6590.49242393358  85.07885
6590.72626746039  69.84454
6590.96011098719  67.00446
6591.193954514  52.82932
6591.4277980408  71.34991
6591.66164156761  84.01563
6591.89548509442  72.59457
6592.12932862122  58.49439
6592.36317214803  48.94292
6592.59701567483  44.849
6592.83085920164  52.78415
6593.06470272844  86.1326
6593.29854625525  95.75839
6593.53238978206  45.84108
6593.76623330886  55.23247
6594.00007683567  53.10968
6594.23392036247  64.70084
6594.46776388928  68.00134
6594.70160741609  50.07687
6594.93545094289  50.34538
6595.16929446969  34.81265
6595.4031379965  67.20219
6595.63698152331  74.68705
6595.87082505011  84.99324
6596.10466857692  79.67984
6596.33851210373  50.71101
6596.57235563053  57.11267
6596.80619915734  69.35246
6597.04004268414  54.24489
6597.27388621095  73.15915
6597.50772973775  49.80996
6597.74157326456  51.94846
6597.97541679136  41.56113
6598.20926031817  40.51373
6598.44310384498  37.54334
6598.67694737178  68.53487
6598.91079089859  60.6037
6599.14463442539  61.58693
6599.3784779522  44.9575
6599.61232147901  71.38802
6599.84616500581  76.56679
6600.08000853262  57.37631
6600.31385205942  59.44634
6600.54769558623  75.01512
6600.78153911303  48.65117
6601.01538263984  66.92786
6601.24922616664  87.33652
6601.48306969345  45.7097
6601.71691322026  67.90625
6601.95075674706  83.40892
6602.18460027387  51.49894
6602.41844380067  30.624
6602.65228732748  32.24863
6602.88613085428  48.99496
6603.11997438109  31.76052
6603.3538179079  31.57908
6603.5876614347  62.61659
6603.82150496151  32.22167
6604.05534848831  59.26678
6604.28919201512  71.12263
6604.52303554193  66.13702
6604.75687906873  67.99467
6604.99072259554  73.85028
6605.22456612234  59.02037
6605.45840964915  50.6385
6605.69225317595  38.65119
6605.92609670276  55.77285
6606.15994022957  71.36992
6606.39378375637  59.21466
6606.62762728318  60.29516
6606.86147080998  49.72867
6607.09531433679  41.49117
6607.32915786359  74.99236
6607.5630013904  70.00457
6607.79684491721  41.87064
6608.03068844401  46.95564
6608.26453197082  55.1545
6608.49837549762  67.04866
6608.73221902443  53.88148
6608.96606255123  45.92097
6609.19990607804  49.66019
6609.43374960485  54.99319
6609.66759313165  56.35336
6609.90143665846  56.00198
6610.13528018526  46.80562
6610.36912371207  55.80025
6610.60296723887  45.09367
6610.83681076568  30.25345
6611.07065429249  24.54746
6611.30449781929  40.92617
6611.5383413461  46.02784
6611.7721848729  54.34689
6612.00602839971  52.48253
6612.23987192652  31.13183
6612.47371545332  41.06784
6612.70755898012  64.72803
6612.94140250693  43.85929
6613.17524603374  42.22424
6613.40908956054  48.88279
6613.64293308735  38.64233
6613.87677661415  63.07903
6614.11062014096  55.91055
6614.34446366777  32.23715
6614.57830719457  47.48142
6614.81215072138  62.7225
6615.04599424818  52.18525
6615.27983777499  18.34107
6615.5136813018  45.86074
6615.7475248286  57.98629
6615.98136835541  73.76907
6616.21521188221  56.85216
6616.44905540902  47.90913
6616.68289893582  59.25789
6616.91674246263  54.32565
6617.15058598944  54.73516
6617.38442951624  42.1645
6617.61827304305  44.28978
6617.85211656985  38.02352
6618.08596009666  53.57487
6618.31980362347  53.42265
6618.55364715027  66.8434
6618.78749067708  44.59448
6619.02133420388  39.3304
6619.25517773069  43.21073
6619.48902125749  57.68299
6619.7228647843  39.66917
6619.9567083111  43.95705
6620.19055183791  33.77599
6620.42439536472  9.900222
6620.65823889152  38.12269
6620.89208241833  35.24621
6621.12592594513  43.15812
6621.35976947194  56.86979
6621.59361299874  37.41879
6621.82745652555  51.73624
6622.06130005236  37.73834
6622.29514357916  17.02863
6622.52898710597  28.51522
6622.76283063277  48.19756
6622.99667415958  38.08882
6623.23051768639  50.21733
6623.46436121319  40.87107
6623.69820474  45.31828
6623.9320482668  45.95546
6624.16589179361  33.11077
6624.39973532041  41.30234
6624.63357884722  48.09849
6624.86742237403  64.98125
6625.10126590083  54.63538
6625.33510942764  39.93586
6625.56895295444  44.31576
6625.80279648125  45.49714
6626.03664000805  40.2098
6626.27048353486  36.45192
6626.50432706166  68.66628
6626.73817058847  45.64931
6626.97201411528  50.86021
6627.20585764208  36.44255
6627.43970116889  49.32598
6627.67354469569  56.94933
6627.9073882225  34.34314
6628.14123174931  26.45638
6628.37507527611  51.39983
6628.60891880292  56.154
6628.84276232972  54.3125
6629.07660585653  43.6018
6629.31044938333  51.14209
6629.54429291014  55.07438
6629.77813643695  78.14858
6630.01197996375  54.57866
6630.24582349056  33.65231
6630.47966701736  64.91357
6630.71351054417  47.30251
6630.94735407097  22.31591
6631.18119759778  46.62322
6631.41504112459  45.20937
6631.64888465139  26.37395
6631.8827281782  32.01699
6632.116571705  42.24723
6632.35041523181  36.10776
6632.58425875861  30.89307
6632.81810228542  44.78865
6633.05194581223  42.40295
6633.28578933903  44.70136
6633.51963286584  40.0481
6633.75347639264  60.7451
6633.98731991945  65.03135
6634.22116344625  57.34502
6634.45500697306  59.11535
6634.68885049987  43.42034
6634.92269402667  59.88726
6635.15653755348  69.08448
6635.39038108028  63.31112
6635.62422460709  41.13906
6635.8580681339  29.4897
6636.0919116607  30.70731
6636.32575518751  53.23889
6636.55959871431  60.31318
6636.79344224112  39.78809
6637.02728576792  60.56641
6637.26112929473  55.08475
6637.49497282153  31.83538
6637.72881634834  53.29358
6637.96265987515  53.25353
6638.19650340195  68.34992
6638.43034692876  57.15912
6638.66419045556  34.27943
6638.89803398237  33.31841
6639.13187750918  43.78177
6639.36572103598  34.59745
6639.59956456279  3.898256
6639.83340808959  25.03927
6640.0672516164  32.67845
6640.3010951432  48.65696
6640.53493867001  48.64565
6640.76878219682  26.42082
6641.00262572362  21.92895
6641.23646925043  43.48083
6641.47031277723  44.79153
6641.70415630404  29.53603
6641.93799983084  26.38061
6642.17184335765  26.23308
6642.40568688446  23.86233
6642.63953041126  35.8496
6642.87337393807  48.28851
6643.10721746487  42.82835
6643.34106099168  46.72723
6643.57490451849  13.89093
6643.80874804529  41.98415
6644.0425915721  37.84479
6644.2764350989  34.94087
6644.51027862571  33.28275
6644.74412215251  49.43125
6644.97796567932  19.21742
6645.21180920612  24.75967
6645.44565273293  27.17384
6645.67949625973  20.11047
6645.91333978654  24.97418
6646.14718331335  34.49445
6646.38102684015  29.77902
6646.61487036696  24.00705
6646.84871389377  41.49375
6647.08255742057  29.03871
6647.31640094738  32.42922
6647.55024447418  44.79099
6647.78408800099  23.07016
6648.01793152779  36.12425
6648.2517750546  22.97204
6648.4856185814  38.73751
6648.71946210821  46.1375
6648.95330563502  22.40549
6649.18714916182  15.99474
6649.42099268863  48.78487
6649.65483621543  34.76381
6649.88867974224  30.05835
6650.12252326904  46.31244
6650.35636679585  29.62007
6650.59021032266  36.23846
6650.82405384946  35.90989
6651.05789737627  27.18199
6651.29174090307  20.40182
6651.52558442988  31.91414
6651.75942795669  61.48086
6651.99327148349  46.70549
6652.2271150103  57.43359
6652.4609585371  50.1449
6652.69480206391  46.52958
6652.92864559071  42.73249
6653.16248911752  36.663
6653.39633264433  46.01164
6653.63017617113  35.31516
6653.86401969794  10.42735
6654.09786322474  31.61911
6654.33170675155  37.33104
6654.56555027835  24.32506
6654.79939380516  36.98232
6655.03323733197  33.37606
6655.26708085877  15.55187
6655.50092438558  31.93232
6655.73476791238  25.98125
6655.96861143919  48.38894
6656.20245496599  38.65104
6656.4362984928  46.63034
6656.6701420196  60.32854
6656.90398554641  66.67661
6657.13782907322  28.53807
6657.37167260002  32.08104
6657.60551612683  42.31383
6657.83935965364  34.00184
6658.07320318044  41.83031
6658.30704670725  28.26085
6658.54089023405  -1.775639
6658.77473376086  28.68481
6659.00857728766  49.25166
6659.24242081447  8.155477
6659.47626434127  14.08098
6659.71010786808  24.9052
6659.94395139488  65.99242
6660.17779492169  51.70615
6660.4116384485  25.36386
6660.6454819753  14.14497
6660.87932550211  13.59109
6661.11316902891  35.3517
6661.34701255572  19.4695
6661.58085608253  32.86312
6661.81469960933  46.73545
6662.04854313614  45.24124
6662.28238666294  11.83564
6662.51623018975  18.07017
6662.75007371656  14.67165
6662.98391724336  2.90448
6663.21776077017  6.953645
6663.45160429697  26.811
6663.68544782378  38.40287
6663.91929135058  47.38868
6664.15313487739  16.97119
6664.38697840419  -2.536995
6664.620821931  24.875
6664.85466545781  35.56274
6665.08850898461  34.25137
6665.32235251142  17.3468
6665.55619603822  24.23865
6665.79003956503  21.76016
6666.02388309184  10.73502
6666.25772661864  15.82756
6666.49157014545  36.42281
6666.72541367225  22.85365
6666.95925719906  48.74668
6667.19310072586  20.21731
6667.42694425267  23.08931
6667.66078777948  40.99643
6667.89463130628  48.39046
6668.12847483309  20.75302
6668.36231835989  13.081
6668.5961618867  19.90622
6668.8300054135  15.18646
6669.06384894031  8.52671
6669.29769246711  8.317664
6669.53153599392  15.31097
6669.76537952073  32.04784
6669.99922304753  24.2179
6670.23306657434  18.42888
6670.46691010114  4.330017
6670.70075362795  8.959922
6670.93459715476  9.669671
6671.16844068156  3.087835
6671.40228420837  11.62924
6671.63612773517  23.34266
6671.86997126198  23.22424
6672.10381478878  33.35765
6672.33765831559  16.58186
6672.5715018424  37.65215
6672.8053453692  36.77896
6673.03918889601  31.17625
6673.27303242281  9.444206
6673.50687594962  14.71087
6673.74071947642  24.82101
6673.97456300323  12.66874
6674.20840653004  7.970696
6674.44225005684  9.806615
6674.67609358365  -0.5091268
6674.90993711045  24.04309
6675.14378063726  44.38379
6675.37762416406  3.324316
6675.61146769087  -5.264542
6675.84531121768  3.055691
6676.07915474448  25.90854
6676.31299827129  23.75873
6676.54684179809  21.02641
6676.7806853249  18.01812
6677.01452885171  -6.62155
6677.24837237851  -8.48385
6677.48221590532  25.13253
6677.71605943212  22.4211
6677.94990295893  6.308387
6678.18374648573  14.62395
6678.41759001254  -13.19504
6678.65143353935  -26.9819
6678.88527706615  17.80615
6679.11912059296  -9.962316
6679.35296411976  -14.37089
6679.58680764657  4.351078
6679.82065117337  46.08269
6680.05449470018  24.05478
6680.28833822699  33.86587
6680.52218175379  7.610769
6680.7560252806  8.363362
6680.9898688074  1.892687
6681.22371233421  -1.772816
6681.45755586101  19.63826
6681.69139938782  14.24552
6681.92524291463  22.69294
6682.15908644143  -18.60072
6682.39292996824  5.664846
6682.62677349504  19.30754
6682.86061702185  10.05978
6683.09446054865  9.843142
6683.32830407546  16.31312
6683.56214760226  27.43893
6683.79599112907  -6.495287
6684.02983465588  22.39943
6684.26367818268  16.6688
6684.49752170949  -4.834383
6684.73136523629  -2.481626
6684.9652087631  20.30784
6685.19905228991  11.1084
6685.43289581671  -11.4815
6685.66673934352  6.810681
6685.90058287032  13.73909
6686.13442639713  -9.068704
6686.36826992394  -0.7353253
6686.60211345074  9.353872
6686.83595697755  -5.235607
6687.06980050435  -8.464031
6687.30364403116  -0.8514563
6687.53748755796  1.887676
6687.77133108477  33.72844
6688.00517461157  1.262704
6688.23901813838  9.476595
6688.47286166519  43.08516
6688.70670519199  7.952798
6688.9405487188  -19.83042
6689.1743922456  -3.87013
6689.40823577241  26.27482
6689.64207929921  24.24701
6689.87592282602  5.514938
6690.10976635283  -1.344467
6690.34360987963  21.3682
6690.57745340644  9.429581
6690.81129693324  -4.954878
6691.04514046005  13.28002
6691.27898398686  5.790062
6691.51282751366  -12.96594
6691.74667104047  -18.17182
6691.98051456727  10.95344
