6452.7282957485  46.0151
6452.96243026884  73.96825
6453.19656478918  102.7811
6453.43069930952  82.60892
6453.66483382986  84.57579
6453.8989683502  52.61417
6454.13310287054  86.13419
6454.36723739088  119.2126
6454.60137191122  92.40523
6454.83550643156  98.11617
6455.0696409519  102.1049
6455.30377547224  85.83175
6455.53790999258  106.2941
6455.77204451292  116.7897
6456.00617903326  79.84676
6456.2403135536  94.17239
6456.47444807394  75.76438
6456.70858259428  117.2382
6456.94271711462  115.6127
6457.17685163496  84.28138
6457.4109861553  84.01003
6457.64512067564  120.5252
6457.87925519598  93.11763
6458.11338971633  87.73186
6458.34752423666  136.7254
6458.581658757  91.56692
6458.81579327734  103.8074
6459.04992779768  74.69954
6459.28406231802  72.81773
6459.51819683836  132.4498
6459.75233135871  119.8332
6459.98646587904  133.667
6460.22060039939  121.0144
6460.45473491973  94.41673
6460.68886944006  101.2007
6460.92300396041  96.62296
6461.15713848075  70.40995
6461.39127300109  100.9632
6461.62540752142  133.3571
6461.85954204177  91.96407
6462.09367656211  108.377
6462.32781108245  170.013
6462.56194560279  168.8556
6462.79608012313  90.93793
6463.03021464347  132.4503
6463.26434916381  125.0159
6463.49848368415  140.9495
6463.73261820449  155.3602
6463.96675272483  139.4488
6464.20088724517  162.4887
6464.43502176551  138.2688
6464.66915628585  71.154
6464.90329080619  91.5031
6465.13742532653  124.5404
6465.37155984687  111.7883
6465.60569436721  146.8405
6465.83982888755  145.4551
6466.07396340789  82.77421
6466.30809792823  160.7397
6466.54223244857  168.1079
6466.77636696891  113.333
6467.01050148925  114.3704
6467.24463600959  125.1262
6467.47877052993  136.037
6467.71290505027  140.27
6467.94703957061  106.9482
6468.18117409095  105.1417
6468.41530861129  167.2116
6468.64944313163  171.0256
6468.88357765197  136.673
6469.11771217231  171.2293
6469.35184669265  130.9551
6469.58598121299  141.8975
6469.82011573333  144.2901
6470.05425025367  108.2356
6470.28838477401  138.4999
6470.52251929435  163.1243
6470.75665381469  140.5802
6470.99078833503  134.6772
6471.22492285537  148.0701
6471.45905737571  173.768
6471.69319189605  175.9654
6471.92732641639  144.7463
6472.16146093673  131.3952
6472.39559545707  128.83
6472.62972997741  143.0401
6472.86386449775  131.6667
6473.09799901809  147.1263
6473.33213353843  167.9141
6473.56626805877  122.1819
6473.80040257911  171.2719
6474.03453709945  198.2421
6474.26867161979  141.4807
6474.50280614013  149.6026
6474.73694066047  200.3604
6474.97107518081  195.2422
6475.20520970115  166.5769
6475.43934422149  182.4355
6475.67347874183  178.0922
6475.90761326217  135.4779
6476.14174778251  157.5911
6476.37588230285  127.1656
6476.61001682319  143.4097
6476.84415134353  108.0745
6477.07828586387  144.8232
6477.31242038421  173.6092
6477.54655490455  176.8329
6477.78068942489  135.9778
6478.01482394524  154.244
6478.24895846557  158.1554
6478.48309298591  158.3066
6478.71722750625  146.8777
6478.95136202659  145.0639
6479.18549654693  190.0421
6479.41963106727  179.0905
6479.65376558762  162.2537
6479.88790010796  174.2104
6480.1220346283  170.4299
6480.35616914864  155.5128
6480.59030366897  184.8121
6480.82443818931  173.3896
6481.05857270966  149.7863
6481.29270723  146.0158
6481.52684175034  169.401
6481.76097627068  176.7295
6481.99511079102  166.1177
6482.22924531136  181.1206
6482.4633798317  182.7571
6482.69751435204  182.6908
6482.93164887238  165.4788
6483.16578339272  126.0355
6483.39991791306  168.2275
6483.6340524334  176.8635
6483.86818695374  150.1219
6484.10232147408  126.2054
6484.33645599442  127.851
6484.57059051476  145.4781
6484.8047250351  130.5483
6485.03885955544  174.4368
6485.27299407578  178.9098
6485.50712859612  164.2095
6485.74126311646  172.6815
6485.9753976368  176.0549
6486.20953215714  161.3
6486.44366667748  141.0855
6486.67780119782  141.4092
6486.91193571816  164.3755
6487.1460702385  198.3769
6487.38020475884  224.9129
6487.61433927918  187.0796
6487.84847379952  159.293
6488.08260831986  196.9581
6488.3167428402  185.9057
6488.55087736054  205.6806
6488.78501188088  230.6498
6489.01914640122  193.5932
6489.25328092156  163.6036
6489.4874154419  159.2365
6489.72154996224  163.7293
6489.95568448258  160.4384
6490.18981900292  202.7642
6490.42395352326  186.3795
6490.6580880436  151.7326
6490.89222256394  175.5248
6491.12635708428  163.5186
6491.36049160462  200.2469
6491.59462612496  186.3871
6491.8287606453  200.7145
6492.06289516564  203.4974
6492.29702968598  180.0959
6492.53116420632  171.5402
6492.76529872666  206.5348
6492.999433247  203.8874
6493.23356776734  171.4362
6493.46770228768  197.7266
6493.70183680802  197.4808
6493.93597132836  195.8042
6494.1701058487  170.1107
6494.40424036904  143.9203
6494.63837488938  183.1532
6494.87250940972  204.1172
6495.10664393006  202.5003
6495.3407784504  237.7716
6495.57491297074  213.1143
6495.80904749108  156.9709
6496.04318201142  188.5732
6496.27731653176  184.7038
6496.5114510521  208.3242
6496.74558557244  234.6921
6496.97972009278  217.1028
6497.21385461312  226.0803
6497.44798913347  201.2201
6497.6821236538  199.5951
6497.91625817414  175.3084
6498.15039269448  216.0234
6498.38452721482  220.4786
6498.61866173517  219.5349
6498.8527962555  255.5956
6499.08693077584  263.564
6499.32106529618  232.7628
6499.55519981653  190.9458
6499.78933433687  205.8689
6500.02346885721  178.0843
6500.25760337755  154.8471
6500.49173789788  172.8537
6500.72587241823  225.9713
6500.96000693856  189.4586
6501.19414145891  238.058
6501.42827597925  221.7511
6501.66241049959  239.8838
6501.89654501993  199.6839
6502.13067954027  228.626
6502.36481406061  220.4236
6502.59894858095  170.6859
6502.83308310129  164.9631
6503.06721762163  155.4047
6503.30135214197  215.6845
6503.53548666231  281.1518
6503.76962118265  229.2516
6504.00375570299  224.8607
6504.23789022333  241.4935
6504.47202474367  192.5794
6504.70615926401  221.7349
6504.94029378435  217.3732
6505.17442830469  239.6313
6505.40856282503  169.9021
6505.64269734537  129.963
6505.87683186571  180.743
6506.11096638605  226.5291
6506.34510090639  215.2188
6506.57923542673  217.5282
6506.81336994707  210.2709
6507.04750446741  191.0794
6507.28163898775  180.9398
6507.51577350809  230.8863
6507.74990802843  259.265
6507.98404254877  245.8093
6508.21817706911  226.9779
6508.45231158945  198.1379
6508.68644610979  203.071
6508.92058063013  230.2072
6509.15471515047  239.1294
6509.38884967081  228.9036
6509.62298419115  213.7734
6509.85711871149  231.3077
6510.09125323183  228.9987
6510.32538775217  205.8495
6510.55952227251  236.069
6510.79365679285  215.5837
6511.02779131319  244.0495
6511.26192583353  218.9111
6511.49606035387  224.8673
6511.73019487421  251.905
6511.96432939455  207.6663
6512.19846391489  198.5505
6512.43259843523  205.0335
6512.66673295557  245.1204
6512.90086747591  266.2095
6513.13500199625  204.718
6513.36913651659  210.6837
6513.60327103693  264.6222
6513.83740555727  264.0926
6514.07154007761  269.3798
6514.30567459795  236.3559
6514.53980911829  209.5561
6514.77394363863  241.8433
6515.00807815897  239.409
6515.24221267931  219.209
6515.47634719965  257.397
6515.71048171999  203.3524
6515.94461624033  199.8413
6516.17875076067  252.3676
6516.41288528101  194.4426
6516.64701980135  203.5919
6516.88115432169  200.2337
6517.11528884203  285.228
6517.34942336237  239.6441
6517.58355788271  198.7214
6517.81769240305  235.0764
6518.0518269234  220.1336
6518.28596144373  205.4857
6518.52009596408  211.3659
6518.75423048441  223.2294
6518.98836500475  257.2664
6519.2224995251  235.4152
6519.45663404544  191.0493
6519.69076856578  218.7702
6519.92490308611  207.3009
6520.15903760646  183.8682
6520.3931721268  211.2821
6520.62730664714  190.215
6520.86144116747  212.9334
6521.09557568782  249.9655
6521.32971020816  242.6816
6521.5638447285  234.5024
6521.79797924884  239.9967
6522.03211376918  237.6561
6522.26624828952  243.3935
6522.50038280986  279.5148
6522.7345173302  250.6869
6522.96865185054  237.5251
6523.20278637088  216.8205
6523.43692089122  209.5033
6523.67105541156  231.1481
6523.9051899319  260.8098
6524.13932445224  248.8598
6524.37345897258  243.2694
6524.60759349292  242.0562
6524.84172801326  207.3857
6525.0758625336  220.3777
6525.30999705394  236.2564
6525.54413157428  225.6357
6525.77826609462  218.3424
6526.01240061496  167.6223
6526.2465351353  162.3063
6526.48066965564  210.6898
6526.71480417598  235.0669
6526.94893869632  221.0294
6527.18307321666  228.2499
6527.417207737  269.8162
6527.65134225734  228.5008
6527.88547677768  218.3255
6528.11961129802  244.7
6528.35374581836  269.72
6528.5878803387  246.9743
6528.82201485904  219.5509
6529.05614937938  283.771
6529.29028389972  250.8482
6529.52441842006  243.442
6529.7585529404  223.9555
6529.99268746074  224.5347
6530.22682198108  258.2415
6530.46095650142  237.9932
6530.69509102176  240.69
6530.9292255421  247.8564
6531.16336006244  235.5623
6531.39749458278  227.8041
6531.63162910312  215.1593
6531.86576362346  228.2933
6532.0998981438  219.0488
6532.33403266414  228.2729
6532.56816718448  246.4347
6532.80230170482  234.3027
6533.03643622516  267.0443
6533.2705707455  290.6079
6533.50470526584  218.9148
6533.73883978618  193.0354
6533.97297430652  194.4052
6534.20710882686  226.9337
6534.4412433472  222.8579
6534.67537786754  268.4643
6534.90951238788  286.2784
6535.14364690822  275.025
6535.37778142856  267.3261
6535.6119159489  255.4483
6535.84605046924  243.5848
6536.08018498958  232.276
6536.31431950992  258.4644
6536.54845403026  258.8943
6536.7825885506  241.0989
6537.01672307094  233.9565
6537.25085759128  273.427
6537.48499211162  355.0454
6537.71912663197  301.8343
6537.95326115231  294.9765
6538.18739567264  286.9317
6538.42153019298  232.8713
6538.65566471332  278.14
6538.88979923366  259.5141
6539.123933754  251.9208
6539.35806827435  273.2894
6539.59220279469  248.3356
6539.82633731503  247.4395
6540.06047183537  262.2745
6540.29460635571  288.4922
6540.52874087605  254.179
6540.76287539638  248.0009
6540.99700991673  257.7296
6541.23114443707  268.5389
6541.46527895741  265.0616
6541.69941347775  229.5616
6541.93354799809  242.6364
6542.16768251843  285.6291
6542.40181703877  319.332
6542.63595155911  274.1294
6542.87008607945  270.6299
6543.10422059979  269.672
6543.33835512013  300.3241
6543.57248964047  261.8911
6543.80662416081  282.946
6544.04075868115  265.1611
6544.27489320149  236.8533
6544.50902772183  296.9471
6544.74316224217  314.6766
6544.97729676251  296.9484
6545.21143128285  273.3121
6545.44556580319  283.6705
6545.67970032353  292.0047
6545.91383484387  290.8146
6546.14796936421  246.339
6546.38210388455  277.2023
6546.61623840489  318.8874
6546.85037292523  252.9593
6547.08450744557  261.2094
6547.31864196591  332.6502
6547.55277648625  316.334
6547.78691100659  223.0247
6548.02104552693  236.0736
6548.25518004727  292.5958
6548.48931456761  244.7463
6548.72344908795  244.9788
6548.95758360829  234.0758
6549.19171812863  315.8325
6549.42585264897  331.2578
6549.65998716931  326.2567
6549.89412168965  342.5506
6550.12825620999  303.8864
6550.36239073033  284.4498
6550.59652525067  314.0034
6550.83065977101  290.455
6551.06479429135  315.3655
6551.29892881169  320.2236
6551.53306333203  346.4116
6551.76719785237  301.4134
6552.00133237271  317.9467
6552.23546689305  291.8621
6552.46960141339  331.8326
6552.70373593373  334.0793
6552.93787045407  318.6379
6553.17200497441  286.7586
6553.40613949475  388.4096
6553.64027401509  326.2305
6553.87440853543  364.0833
6554.10854305577  368.05
6554.34267757611  349.2631
6554.57681209645  371.0131
6554.81094661679  358.4224
6555.04508113713  367.2657
6555.27921565747  344.2518
6555.51335017781  373.4229
6555.74748469815  387.7806
6555.98161921849  347.1807
6556.21575373883  371.7552
6556.44988825917  421.9548
6556.68402277951  431.5297
6556.91815729985  423.5018
6557.15229182019  383.7374
6557.38642634053  401.3717
6557.62056086087  400.0117
6557.85469538122  360.9293
6558.08882990155  417.804
6558.32296442189  435.045
6558.55709894224  439.1301
6558.79123346257  448.8018
6559.02536798292  433.9485
6559.25950250326  483.8003
6559.4936370236  471.3257
6559.72777154394  406.0032
6559.96190606428  423.6507
6560.19604058462  460.1982
6560.43017510495  450.3572
6560.6643096253  422.8766
6560.89844414564  444.0715
6561.13257866598  494.5145
6561.36671318632  482.5975
6561.60084770666  468.2713
6561.834982227  443.9272
6562.06911674734  474.4296
6562.30325126768  483.5653
6562.53738578802  481.7446
6562.77152030836  476.4845
6563.0056548287  450.9964
6563.23978934904  455.6054
6563.47392386938  512.5072
6563.70805838972  483.2395
6563.94219291006  418.8924
6564.1763274304  449.2921
6564.41046195074  427.9836
6564.64459647108  409.8799
6564.87873099142  442.1591
6565.11286551176  468.895
6565.3470000321  467.9302
6565.58113455244  454.0086
6565.81526907278  444.2128
6566.04940359312  430.0463
6566.28353811346  449.7924
6566.5176726338  468.4672
6566.75180715414  504.0803
6566.98594167448  462.9639
6567.22007619482  428.2498
6567.45421071516  462.0526
6567.6883452355  421.8899
6567.92247975584  442.1013
6568.15661427618  411.1904
6568.39074879652  481.2477
6568.62488331686  445.6208
6568.8590178372  428.49
6569.09315235754  474.9802
6569.32728687788  507.5185
6569.56142139822  503.1518
6569.79555591856  440.707
6570.0296904389  457.269
6570.26382495924  431.154
6570.49795947958  479.0311
6570.73209399992  482.3421
6570.96622852026  425.052
6571.2003630406  458.4359
6571.43449756094  463.0746
6571.66863208128  448.5378
6571.90276660162  455.4746
6572.13690112196  428.698
6572.3710356423  476.6782
6572.60517016264  445.2551
6572.83930468298  430.2621
6573.07343920332  420.2751
6573.30757372366  440.1546
6573.541708244  430.3058
6573.77584276434  427.6917
6574.00997728468  418.4838
6574.24411180502  397.6234
6574.47824632537  433.8297
6574.7123808457  462.4809
6574.94651536604  408.8722
6575.18064988638  397.672
6575.41478440672  370.5942
6575.64891892706  377.012
6575.8830534474  375.8225
6576.11718796775  349.6243
6576.35132248808  376.354
6576.58545700843  364.1477
6576.81959152876  339.8529
6577.0537260491  379.5538
6577.28786056944  361.2771
6577.52199508979  401.817
6577.75612961013  378.6207
6577.99026413046  349.7866
6578.22439865081  330.1764
6578.45853317114  381.8646
6578.69266769149  361.8048
6578.92680221183  359.4431
6579.16093673217  387.8755
6579.39507125251  354.3794
6579.62920577285  331.6585
6579.86334029319  366.9151
6580.09747481353  357.6462
6580.33160933387  300.1128
6580.56574385421  327.1049
6580.79987837455  339.3381
6581.03401289489  316.8983
6581.26814741523  332.1405
6581.50228193557  357.2086
6581.73641645591  314.1075
6581.97055097625  267.3033
6582.20468549659  314.6854
6582.43882001693  292.3248
6582.67295453727  278.3883
6582.90708905761  312.4312
6583.14122357795  287.1006
6583.37535809829  308.8494
6583.60949261863  269.9268
6583.84362713897  310.9813
6584.07776165931  328.7078
6584.31189617965  280.694
6584.54603069999  306.1655
6584.78016522033  306.2021
6585.01429974067  314.8879
6585.24843426101  325.5631
6585.48256878135  289.6096
6585.71670330169  298.911
6585.95083782203  341.373
6586.18497234237  295.3461
6586.41910686271  302.9553
6586.65324138305  326.1238
6586.88737590339  298.3929
6587.12151042373  317.7655
6587.35564494407  289.474
6587.58977946441  312.1721
6587.82391398475  274.2984
6588.05804850509  260.9099
6588.29218302543  301.2708
6588.52631754577  246.1261
6588.76045206611  302.2016
6588.99458658645  290.398
6589.22872110679  264.4451
6589.46285562713  287.9478
6589.69699014747  290.7725
6589.93112466781  256.8175
6590.16525918815  266.2224
6590.39939370849  290.5249
6590.63352822883  244.2131
6590.86766274917  308.4506
6591.10179726951  355.6091
6591.33593178985  278.4027
6591.57006631019  259.8582
6591.80420083053  323.4758
6592.03833535087  269.812
6592.27246987121  267.0091
6592.50660439155  255.2915
6592.74073891189  289.983
6592.97487343223  342.2028
6593.20900795257  290.747
6593.44314247291  301.8073
6593.67727699325  273.8677
6593.91141151359  297.2678
6594.14554603393  255.3122
6594.37968055427  251.9912
6594.61381507461  273.455
6594.84794959495  300.9057
6595.08208411529  278.2399
6595.31621863563  297.265
6595.55035315598  301.6952
6595.78448767631  260.7245
6596.01862219666  259.9334
6596.25275671699  329.5383
6596.48689123734  243.4265
6596.72102575767  269.4836
6596.95516027801  270.7682
6597.18929479836  224.457
6597.42342931869  264.0614
6597.65756383904  257.8244
6597.89169835937  209.0621
6598.12583287972  251.1066
6598.35996740006  250.6154
6598.5941019204  241.4033
6598.82823644074  290.5255
6599.06237096108  262.416
6599.29650548142  267.8513
6599.53064000176  260.6751
6599.7647745221  239.4004
6599.99890904244  263.9404
6600.23304356278  249.8238
6600.46717808312  240.4694
6600.70131260346  241.8724
6600.9354471238  260.8882
6601.16958164414  258.488
6601.40371616448  279.3109
6601.63785068482  250.1114
6601.87198520516  248.1388
6602.1061197255  273.0195
6602.34025424584  257.3385
6602.57438876618  227.195
6602.80852328652  219.0053
6603.04265780686  278.3175
6603.2767923272  259.9727
6603.51092684754  244.4532
6603.74506136788  227.8011
6603.97919588822  232.0936
6604.21333040856  262.8821
6604.4474649289  272.9054
6604.68159944924  263.4914
6604.91573396958  234.4489
6605.14986848992  218.8694
6605.38400301026  242.7859
6605.6181375306  283.0853
6605.85227205094  223.9482
6606.08640657128  201.4589
6606.32054109162  221.0003
6606.55467561196  265.8585
6606.7888101323  264.7868
6607.02294465264  213.8865
6607.25707917298  249.9552
6607.49121369332  253.5226
6607.72534821366  277.8289
6607.959482734  263.737
6608.19361725434  256.7071
6608.42775177468  213.8496
6608.66188629502  234.4738
6608.89602081536  238.4155
6609.1301553357  243.0296
6609.36428985604  241.9922
6609.59842437638  278.0192
6609.83255889672  254.5067
6610.06669341706  226.5297
6610.3008279374  210.4402
6610.53496245774  240.6674
6610.76909697808  207.7397
6611.00323149842  270.7011
6611.23736601876  210.8764
6611.4715005391  233.2915
6611.70563505944  250.3529
6611.93976957978  229.4246
6612.17390410012  224.8883
6612.40803862046  240.1764
6612.6421731408  217.2869
6612.87630766114  225.3107
6613.11044218148  239.0565
6613.34457670182  192.214
6613.57871122216  259.2581
6613.8128457425  253.952
6614.04698026284  215.8331
6614.28111478318  250.0985
6614.51524930352  224.0522
6614.74938382386  230.2969
6614.9835183442  241.7705
6615.21765286455  279.693
6615.45178738489  247.245
6615.68592190522  208.2234
6615.92005642556  233.0455
6616.1541909459  256.598
6616.38832546624  256.8111
6616.62245998658  269.1166
6616.85659450693  244.1786
6617.09072902727  228.2292
6617.32486354761  171.6859
6617.55899806795  215.6884
6617.79313258828  231.7616
6618.02726710863  244.944
6618.26140162897  223.811
6618.49553614931  235.582
6618.72967066965  285.5511
6618.96380518999  260.4634
6619.19793971033  216.3622
6619.43207423067  192.9602
6619.66620875101  207.9839
6619.90034327135  203.7191
6620.13447779169  256.2843
6620.36861231203  254.7407
6620.60274683237  237.8507
6620.83688135271  218.4951
6621.07101587305  213.9857
6621.30515039339  224.3069
6621.53928491373  267.9071
6621.77341943407  241.7343
6622.00755395441  212.9997
6622.24168847475  248.1388
6622.47582299509  233.2
6622.70995751543  221.5809
6622.94409203577  235.6458
6623.17822655611  256.3341
6623.41236107645  207.3084
6623.64649559679  192.8227
6623.88063011713  227.5342
6624.11476463747  166.0065
6624.34889915781  212.7049
6624.58303367815  251.0499
6624.81716819849  251.428
6625.05130271883  270.3639
6625.28543723917  218.3007
6625.51957175951  222.025
6625.75370627985  195.3445
6625.98784080019  220.2754
6626.22197532053  176.6239
6626.45610984087  172.8992
6626.69024436121  220.8398
6626.92437888155  180.3295
6627.15851340189  198.2014
6627.39264792223  194.0614
6627.62678244257  166.6628
6627.86091696291  174.7048
6628.09505148325  238.2838
6628.32918600359  170.2737
6628.56332052393  189.884
6628.79745504427  181.1599
6629.03158956461  228.5342
6629.26572408495  233.2166
6629.49985860529  194.0325
6629.73399312563  212.8739
6629.96812764597  254.947
6630.20226216631  242.4309
6630.43639668665  211.7699
6630.67053120699  193.2417
6630.90466572733  241.8903
6631.13880024767  177.2652
6631.37293476801  205.6633
6631.60706928835  188.8401
6631.84120380869  212.6717
6632.07533832903  197.5422
6632.30947284937  208.4616
6632.54360736971  213.4405
6632.77774189005  204.3078
6633.01187641039  211.3209
6633.24601093073  178.1532
6633.48014545107  183.5242
6633.71427997141  198.9243
6633.94841449175  248.5089
6634.18254901209  199.8918
6634.41668353243  224.8761
6634.65081805277  238.875
6634.88495257312  230.4443
6635.11908709346  227.7055
6635.35322161379  218.7557
6635.58735613413  214.4108
6635.82149065447  199.1996
6636.05562517481  203.04
6636.28975969515  189.4986
6636.5238942155  184.4642
6636.75802873584  215.2279
6636.99216325618  209.4466
6637.22629777652  186.3111
6637.46043229686  203.1412
6637.69456681719  199.705
6637.92870133753  202.5023
6638.16283585788  160.5504
6638.39697037822  192.0478
6638.63110489856  188.592
6638.8652394189  204.5918
6639.09937393924  191.0759
6639.33350845958  172.2515
6639.56764297992  162.7714
6639.80177750026  148.0737
6640.0359120206  144.5894
6640.27004654094  178.8909
6640.50418106128  215.9378
6640.73831558162  213.4404
6640.97245010196  209.142
6641.2065846223  198.2994
6641.44071914264  169.0041
6641.67485366298  110.6433
6641.90898818332  124.7738
6642.14312270366  145.6657
6642.377257224  152.2918
6642.61139174434  145.4303
6642.84552626468  215.8966
6643.07966078502  193.4275
6643.31379530536  202.5159
6643.5479298257  194.1165
6643.78206434604  226.1321
6644.01619886638  206.0745
6644.25033338672  209.7693
6644.48446790706  148.5347
6644.7186024274  150.8485
6644.95273694774  175.5743
6645.18687146808  212.3789
6645.42100598842  219.0334
6645.65514050876  210.2204
6645.8892750291  223.0295
6646.12340954944  187.4101
6646.35754406978  193.0804
6646.59167859012  214.181
6646.82581311046  204.7025
6647.0599476308  166.3484
6647.29408215114  156.2512
6647.52821667148  160.7229
6647.76235119182  185.5462
6647.99648571216  158.22
6648.2306202325  156.6778
6648.46475475284  214.0117
6648.69888927318  180.7045
6648.93302379352  175.9967
6649.16715831386  179.3581
6649.4012928342  185.3037
6649.63542735454  158.9997
6649.86956187488  179.2652
6650.10369639522  174.7965
6650.33783091556  180.5503
6650.5719654359  187.3858
6650.80609995624  159.2332
6651.04023447658  137.8041
6651.27436899692  125.2996
6651.50850351726  107.2103
6651.7426380376  181.1888
6651.97677255794  152.3639
6652.21090707828  119.0579
6652.44504159862  163.459
6652.67917611896  166.8102
6652.9133106393  167.4406
6653.14744515964  204.0476
6653.38157967998  123.044
6653.61571420032  150.9461
6653.84984872066  169.8251
6654.083983241  150.818
6654.31811776134  120.0787
6654.55225228169  207.7498
6654.78638680203  172.098
6655.02052132237  133.3019
6655.2546558427  103.5549
6655.48879036304  155.7059
6655.72292488339  133.1735
6655.95705940372  146.4933
6656.19119392406  173.1268
6656.4253284444  141.6809
6656.65946296475  118.9931
6656.89359748509  130.7169
6657.12773200543  173.7817
6657.36186652577  171.307
6657.59600104611  133.6206
6657.83013556645  108.0703
6658.06427008679  149.2603
6658.29840460713  164.1798
6658.53253912747  99.21347
6658.76667364781  147.7749
6659.00080816815  126.0882
6659.23494268849  158.6821
6659.46907720883  154.0776
6659.70321172917  132.4286
6659.93734624951  138.3755
6660.17148076985  121.1837
6660.40561529019  143.962
6660.63974981053  189.851
6660.87388433087  149.264
6661.10801885121  129.0986
6661.34215337155  78.70258
6661.57628789189  130.2237
6661.81042241223  121.7249
6662.04455693257  129.0849
6662.27869145291  105.0737
6662.51282597325  129.2763
6662.74696049359  101.5443
6662.98109501393  100.102
6663.21522953427  96.19163
6663.44936405461  109.8865
6663.68349857495  98.85661
6663.91763309529  149.0411
6664.15176761563  130.0445
6664.38590213597  51.53265
6664.62003665631  93.53244
6664.85417117665  91.47892
6665.08830569699  36.56821
6665.32244021733  62.98947
6665.55657473767  91.2491
6665.79070925801  126.5504
6666.02484377835  76.59919
6666.25897829869  121.6046
6666.49311281903  86.88715
6666.72724733937  152.2232
6666.96138185971  124.2244
6667.19551638005  87.02092
6667.42965090039  111.7294
6667.66378542073  115.83
6667.89791994107  98.85784
6668.13205446141  170.8051
6668.36618898175  114.7592
6668.60032350209  125.7047
6668.83445802243  113.3456
6669.06859254277  144.5859
6669.30272706311  108.2347
6669.53686158345  100.7301
6669.77099610379  90.15721
6670.00513062413  106.9101
6670.23926514447  108.7802
6670.47339966481  98.87245
6670.70753418515  67.87254
6670.94166870549  49.83716
6671.17580322583  96.10827
6671.40993774617  90.56522
6671.64407226651  84.97501
6671.87820678685  95.08427
6672.11234130719  119.1991
6672.34647582753  120.8393
6672.58061034787  57.57771
6672.81474486821  87.56828
6673.04887938856  118.025
6673.28301390889  84.2664
6673.51714842923  55.75725
6673.75128294957  94.45716
6673.98541746991  124.2758
6674.21955199025  104.2546
6674.45368651059  45.25919
6674.68782103094  34.65038
6674.92195555127  77.11994
6675.15609007162  99.99403
6675.39022459195  75.37611
6675.6243591123  56.00394
6675.85849363263  46.20721
6676.09262815297  59.99124
6676.32676267332  77.14058
6676.56089719366  43.39803
6676.795031714  72.27717
6677.02916623434  53.3995
6677.26330075468  50.11989
6677.49743527502  80.01741
6677.73156979536  70.49687
6677.9657043157  77.35075
6678.19983883604  68.75748
6678.43397335638  17.28127
6678.66810787672  27.91296
6678.90224239706  49.36258
6679.1363769174  103.0519
6679.37051143774  32.8478
6679.60464595808  32.92776
6679.83878047842  31.83675
6680.07291499876  83.58857
6680.3070495191  57.46243
6680.54118403944  48.29621
6680.77531855978  38.78563
6681.00945308012  35.66921
6681.24358760046  110.2989
6681.4777221208  80.41179
6681.71185664114  41.72466
6681.94599116148  56.68768
6682.18012568182  52.53114
6682.41426020216  60.47126
6682.6483947225  7.622643
6682.88252924284  12.19438
6683.11666376318  30.64206
6683.35079828352  17.8827
6683.58493280386  24.05164
6683.8190673242  74.3292
6684.05320184454  26.81347
6684.28733636488  14.63796
6684.52147088522  19.44911
6684.75560540556  8.280354
6684.9897399259  64.39713
6685.22387444624  50.07277
6685.45800896658  38.00077
6685.69214348692  20.69007
6685.92627800726  60.3757
6686.1604125276  18.3997
6686.39454704794  28.42468
6686.62868156828  52.18599
6686.86281608862  13.21156
6687.09695060896  11.82834
6687.3310851293  2.06872
6687.56521964964  5.711718
6687.79935416998  21.59394
6688.03348869032  32.00227
6688.26762321066  11.39903
6688.501757731  19.54895
6688.73589225134  39.08223
6688.97002677168  58.60611
6689.20416129202  47.999
6689.43829581236  45.57365
6689.6724303327  57.19936
6689.90656485304  42.1741
6690.14069937338  55.86954
6690.37483389372  45.10743
6690.60896841406  18.49648
6690.8431029344  15.77862
6691.07723745474  20.27253
6691.31137197508  27.57509
6691.54550649542  28.13863
6691.77964101576  5.179471
6692.0137755361  2.130019
6692.24791005644  22.09175
