6452.8229379424  74.85217
6453.05690629133  74.07561
6453.29087464026  116.8983
6453.52484298919  86.6182
6453.75881133813  96.57221
6453.99277968706  103.2586
6454.22674803599  95.76853
6454.46071638492  120.875
6454.69468473385  123.8868
6454.92865308278  121.1588
6455.16262143172  141.7052
6455.39658978065  102.845
6455.63055812958  70.06748
6455.86452647851  53.24173
6456.09849482744  71.9929
6456.33246317637  118.1385
6456.56643152531  99.00434
6456.80039987424  91.15802
6457.03436822317  104.3003
6457.2683365721  94.50433
6457.50230492103  110.4748
6457.73627326996  97.97108
6457.97024161889  99.29063
6458.20420996783  170.0493
6458.43817831676  159.705
6458.67214666569  138.2891
6458.90611501462  141.5938
6459.14008336355  123.9724
6459.37405171248  88.77907
6459.60802006141  105.7823
6459.84198841034  135.9006
6460.07595675928  113.4013
6460.30992510821  103.2971
6460.54389345714  117.794
6460.77786180607  97.91711
6461.011830155  94.98279
6461.24579850394  113.5328
6461.47976685287  95.7767
6461.7137352018  111.4433
6461.94770355073  114.6986
6462.18167189966  140.3385
6462.41564024859  144.921
6462.64960859752  116.0268
6462.88357694645  122.5857
6463.11754529539  134.2396
6463.35151364432  128.524
6463.58548199325  132.7099
6463.81945034218  149.5914
6464.05341869111  125.7413
6464.28738704005  162.0959
6464.52135538898  182.7789
6464.75532373791  152.6835
6464.98929208684  123.7262
6465.22326043577  108.4627
6465.4572287847  104.3064
6465.69119713363  131.3189
6465.92516548257  163.9073
6466.1591338315  151.3694
6466.39310218043  110.9584
6466.62707052936  100.5778
6466.86103887829  140.1529
6467.09500722722  126.5536
6467.32897557615  119.891
6467.56294392509  141.3553
6467.79691227402  116.0663
6468.03088062295  98.33918
6468.26484897188  124.6414
6468.49881732081  139.4262
6468.73278566974  130.4491
6468.96675401868  113.3595
6469.20072236761  111.5437
6469.43469071654  131.6954
6469.66865906547  115.296
6469.9026274144  107.2433
6470.13659576333  117.6139
6470.37056411226  169.5499
6470.6045324612  188.7701
6470.83850081013  125.4591
6471.07246915906  108.9269
6471.30643750799  154.5828
6471.54040585692  178.6481
6471.77437420585  158.1781
6472.00834255479  144.3983
6472.24231090372  164.5507
6472.47627925265  165.1938
6472.71024760158  133.5481
6472.94421595051  140.9459
6473.17818429944  168.9126
6473.41215264837  169.7607
6473.6461209973  146.4324
6473.88008934624  149.7902
6474.11405769517  151.0245
6474.3480260441  153.5196
6474.58199439303  168.0653
6474.81596274196  175.775
6475.04993109089  208.8176
6475.28389943983  196.1021
6475.51786778876  166.6995
6475.75183613769  186.5638
6475.98580448662  207.1669
6476.21977283555  227.9345
6476.45374118448  179.9414
6476.68770953341  159.5257
6476.92167788235  183.9897
6477.15564623128  149.3452
6477.38961458021  152.124
6477.62358292914  174.1436
6477.85755127807  174.6139
6478.091519627  170.5171
6478.32548797594  167.7735
6478.55945632487  157.6186
6478.7934246738  171.7683
6479.02739302273  187.2066
6479.26136137166  181.623
6479.49532972059  195.234
6479.72929806952  207.9777
6479.96326641846  204.6796
6480.19723476739  223.2547
6480.43120311632  221.9974
6480.66517146525  176.3342
6480.89913981418  159.3491
6481.13310816311  191.3077
6481.36707651205  191.048
6481.60104486098  181.9098
6481.83501320991  175.5259
6482.06898155884  194.046
6482.30294990777  215.2708
6482.5369182567  212.9135
6482.77088660563  180.296
6483.00485495456  196.6976
6483.2388233035  214.0829
6483.47279165243  151.603
6483.70676000136  178.445
6483.94072835029  219.5506
6484.17469669922  184.2852
6484.40866504816  172.4172
6484.64263339709  214.7712
6484.87660174602  191.3498
6485.11057009495  189.1703
6485.34453844388  200.4231
6485.57850679281  154.366
6485.81247514174  174.7321
6486.04644349067  221.5837
6486.28041183961  185.4138
6486.51438018854  196.7357
6486.74834853747  214.3601
6486.9823168864  215.1492
6487.21628523533  227.8711
6487.45025358426  175.7767
6487.6842219332  152.5636
6487.91819028213  152.5052
6488.15215863106  212.8026
6488.38612697999  162.7626
6488.62009532892  180.2164
6488.85406367785  197.91
6489.08803202678  256.3729
6489.32200037572  210.0203
6489.55596872465  199.9677
6489.78993707358  213.7388
6490.02390542251  228.7375
6490.25787377144  204.9794
6490.49184212037  184.4842
6490.72581046931  209.6583
6490.95977881824  250.228
6491.19374716717  234.5014
6491.4277155161  199.768
6491.66168386503  188.412
6491.89565221396  189.9368
6492.12962056289  256.1643
6492.36358891183  212.0426
6492.59755726076  191.8361
6492.83152560969  167.5955
6493.06549395862  190.4253
6493.29946230755  209.7562
6493.53343065648  176.6613
6493.76739900542  159.7792
6494.00136735435  194.818
6494.23533570328  212.7748
6494.46930405221  237.1578
6494.70327240114  204.1176
6494.93724075007  197.6424
6495.171209099  194.6279
6495.40517744794  192.2682
6495.63914579687  193.1918
6495.8731141458  183.9698
6496.10708249473  197.3753
6496.34105084366  178.5537
6496.57501919259  189.9439
6496.80898754153  178.5647
6497.04295589046  226.5051
6497.27692423939  249.009
6497.51089258832  195.8449
6497.74486093725  185.2093
6497.97882928618  240.603
6498.21279763511  245.4999
6498.44676598405  237.3347
6498.68073433298  252.4854
6498.91470268191  221.3836
6499.14867103084  166.9668
6499.38263937977  165.3577
6499.6166077287  193.2518
6499.85057607763  254.4066
6500.08454442657  249.131
6500.3185127755  196.5906
6500.55248112443  193.4431
6500.78644947336  172.7977
6501.02041782229  179.3812
6501.25438617122  231.5095
6501.48835452015  236.6844
6501.72232286909  220.1175
6501.95629121802  237.6847
6502.19025956695  238.7553
6502.42422791588  206.3281
6502.65819626481  154.5229
6502.89216461374  232.413
6503.12613296267  227.2191
6503.36010131161  221.5821
6503.59406966054  261.859
6503.82803800947  206.9817
6504.0620063584  220.341
6504.29597470733  249.8566
6504.52994305626  254.4966
6504.7639114052  245.0499
6504.99787975413  228.1142
6505.23184810306  223.8584
6505.46581645199  203.0686
6505.69978480092  190.9501
6505.93375314985  202.5597
6506.16772149878  218.6015
6506.40168984772  239.5369
6506.63565819665  213.3457
6506.86962654558  209.3432
6507.10359489451  232.2285
6507.33756324344  254.9895
6507.57153159237  275.574
6507.80549994131  240.5674
6508.03946829024  263.0822
6508.27343663917  237.0929
6508.5074049881  194.2792
6508.74137333703  183.4998
6508.97534168596  208.8145
6509.20931003489  207.0225
6509.44327838383  227.0624
6509.67724673276  196.0889
6509.91121508169  247.6695
6510.14518343062  248.424
6510.37915177955  211.7973
6510.61312012849  227.9526
6510.84708847742  231.3948
6511.08105682635  245.8663
6511.31502517528  244.2094
6511.54899352421  248.6647
6511.78296187314  270.288
6512.01693022207  260.0591
6512.250898571  242.3447
6512.48486691994  250.4975
6512.71883526887  240.813
6512.9528036178  268.9099
6513.18677196673  280.4702
6513.42074031566  247.3981
6513.65470866459  214.7323
6513.88867701352  239.0609
6514.12264536246  258.4775
6514.35661371139  259.2709
6514.59058206032  269.2666
6514.82455040925  216.4776
6515.05851875818  244.9812
6515.29248710711  217.4918
6515.52645545604  205.5354
6515.76042380498  247.0567
6515.99439215391  228.053
6516.22836050284  253.4686
6516.46232885177  280.2384
6516.6962972007  245.3477
6516.93026554963  225.2195
6517.16423389857  221.8899
6517.3982022475  251.4264
6517.63217059643  271.5735
6517.86613894536  263.7836
6518.10010729429  240.7622
6518.33407564322  224.3032
6518.56804399216  220.2566
6518.80201234109  178.555
6519.03598069002  212.9853
6519.26994903895  286.7331
6519.50391738788  247.5962
6519.73788573681  267.1203
6519.97185408574  210.0237
6520.20582243468  260.818
6520.43979078361  253.8306
6520.67375913254  218.7763
6520.90772748147  213.5923
6521.1416958304  224.9641
6521.37566417933  242.9282
6521.60963252826  226.1255
6521.8436008772  254.2493
6522.07756922613  277.3556
6522.31153757506  274.1042
6522.54550592399  268.1755
6522.77947427292  230.3081
6523.01344262185  273.0864
6523.24741097079  308.5302
6523.48137931972  259.6592
6523.71534766865  277.7726
6523.94931601758  281.3398
6524.18328436651  257.8974
6524.41725271544  251.6326
6524.65122106438  238.7115
6524.88518941331  246.5582
6525.11915776224  281.837
6525.35312611117  271.5971
6525.5870944601  252.7538
6525.82106280903  223.1398
6526.05503115796  208.7607
6526.28899950689  305.127
6526.52296785583  300.2962
6526.75693620476  273.9372
6526.99090455369  229.9309
6527.22487290262  195.8197
6527.45884125155  264.7993
6527.69280960048  276.7296
6527.92677794942  279.2499
6528.16074629835  307.7924
6528.39471464728  291.3468
6528.62868299621  283.1736
6528.86265134514  271.8722
6529.09661969407  267.8065
6529.330588043  275.2373
6529.56455639194  221.9613
6529.79852474087  217.1333
6530.0324930898  289.2691
6530.26646143873  291.2788
6530.50042978766  274.3084
6530.73439813659  302.2184
6530.96836648553  270.028
6531.20233483446  254.1182
6531.43630318339  294.2802
6531.67027153232  217.8504
6531.90423988125  199.9212
6532.13820823018  256.7063
6532.37217657911  262.3529
6532.60614492804  287.1232
6532.84011327698  240.5754
6533.07408162591  256.4698
6533.30804997484  309.6901
6533.54201832377  313.2406
6533.7759866727  252.2781
6534.00995502163  282.8131
6534.24392337057  263.7458
6534.4778917195  242.2939
6534.71186006843  254.4139
6534.94582841736  264.2337
6535.17979676629  276.1711
6535.41376511522  307.3361
6535.64773346415  251.8901
6535.88170181308  267.6731
6536.11567016202  272.7924
6536.34963851095  301.7197
6536.58360685988  284.6123
6536.81757520881  290.7257
6537.05154355774  303.0511
6537.28551190668  279.0298
6537.51948025561  312.3144
6537.75344860454  318.1967
6537.98741695347  278.9977
6538.2213853024  260.494
6538.45535365133  273.2581
6538.68932200026  299.15
6538.9232903492  299.9138
6539.15725869813  291.2627
6539.39122704706  284.4776
6539.62519539599  289.6906
6539.85916374492  296.0427
6540.09313209385  291.9417
6540.32710044279  265.5302
6540.56106879172  290.8705
6540.79503714065  280.2365
6541.02900548958  287.9339
6541.26297383851  279.5539
6541.49694218744  328.1318
6541.73091053637  341.502
6541.96487888531  220.507
6542.19884723424  146.91
6542.43281558317  220.543
6542.6667839321  291.9822
6542.90075228103  293.6234
6543.13472062996  358.623
6543.3686889789  304.9542
6543.60265732783  286.0388
6543.83662567676  321.7566
6544.07059402569  334.2292
6544.30456237462  304.4686
6544.53853072355  297.9456
6544.77249907248  289.8531
6545.00646742142  307.0368
6545.24043577035  320.0187
6545.47440411928  293.4704
6545.70837246821  328.4064
6545.94234081714  329.4122
6546.17630916607  314.0869
6546.410277515  319.4192
6546.64424586394  311.9576
6546.87821421287  288.2649
6547.1121825618  351.8103
6547.34615091073  355.6528
6547.58011925966  306.5128
6547.81408760859  305.6628
6548.04805595753  312.5502
6548.28202430646  289.1221
6548.51599265539  302.9799
6548.74996100432  354.9546
6548.98392935325  356.4048
6549.21789770218  359.5289
6549.45186605112  329.2126
6549.68583440005  322.2837
6549.91980274898  361.4721
6550.15377109791  396.3402
6550.38773944684  352.7831
6550.62170779577  333.7307
6550.8556761447  360.9225
6551.08964449363  367.7947
6551.32361284257  330.3892
6551.5575811915  334.5205
6551.79154954043  367.8172
6552.02551788936  407.5237
6552.25948623829  371.7592
6552.49345458722  335.9882
6552.72742293616  386.0057
6552.96139128509  398.7742
6553.19535963402  400.2217
6553.42932798295  459.2715
6553.66329633188  392.6318
6553.89726468081  406.0831
6554.13123302975  376.0099
6554.36520137868  373.2853
6554.59916972761  431.3151
6554.83313807654  384.9019
6555.06710642547  386.9547
6555.3010747744  438.7156
6555.53504312333  467.7816
6555.76901147226  460.8229
6556.0029798212  434.2901
6556.23694817013  398.3095
6556.47091651906  423.6051
6556.70488486799  466.3185
6556.93885321692  474.7505
6557.17282156585  448.3096
6557.40678991479  419.738
6557.64075826372  416.4871
6557.87472661265  473.8303
6558.10869496158  519.736
6558.34266331051  516.1687
6558.57663165944  519.3795
6558.81060000837  505.0822
6559.04456835731  463.1814
6559.27853670624  535.2134
6559.51250505517  556.611
6559.7464734041  528.1499
6559.98044175303  543.1274
6560.21441010196  525.9466
6560.4483784509  490.7928
6560.68234679983  484.8542
6560.91631514876  493.0262
6561.15028349769  492.1192
6561.38425184662  496.4083
6561.61822019555  484.6939
6561.85218854448  528.633
6562.08615689341  550.9019
6562.32012524235  527.4275
6562.55409359128  563.013
6562.78806194021  592.6262
6563.02203028914  570.0847
6563.25599863807  509.3913
6563.48996698701  543.2374
6563.72393533594  604.8492
6563.95790368487  556.233
6564.1918720338  549.2293
6564.42584038273  568.6833
6564.65980873166  485.9012
6564.89377708059  541.3325
6565.12774542952  593.3442
6565.36171377846  582.5245
6565.59568212739  596.9789
6565.82965047632  579.9858
6566.06361882525  598.7866
6566.29758717418  629.6166
6566.53155552311  550.597
6566.76552387205  556.7182
6566.99949222098  620.8035
6567.23346056991  593.7707
6567.46742891884  554.2426
6567.70139726777  498.2307
6567.9353656167  518.7161
6568.16933396563  525.1849
6568.40330231457  528.0093
6568.6372706635  532.3167
6568.87123901243  570.7376
6569.10520736136  559.527
6569.33917571029  601.859
6569.57314405922  462.3837
6569.80711240816  497.2792
6570.04108075709  509.2654
6570.27504910602  528.2747
6570.50901745495  553.597
6570.74298580388  513.2878
6570.97695415281  444.2261
6571.21092250174  505.7406
6571.44489085068  514.497
6571.67885919961  496.351
6571.91282754854  449.6843
6572.14679589747  459.556
6572.3807642464  480.5634
6572.61473259533  437.4822
6572.84870094427  448.1721
6573.0826692932  411.1721
6573.31663764213  447.5919
6573.55060599106  444.9682
6573.78457433999  430.4521
6574.01854268892  473.7052
6574.25251103785  444.8945
6574.48647938679  407.2102
6574.72044773572  354.357
6574.95441608465  423.319
6575.18838443358  363.8041
6575.42235278251  391.5834
6575.65632113145  405.2706
6575.89028948037  370.8434
6576.12425782931  366.2149
6576.35822617824  386.5433
6576.59219452717  391.4705
6576.8261628761  387.39
6577.06013122503  340.8178
6577.29409957396  404.1957
6577.5280679229  384.0301
6577.76203627183  355.1394
6577.99600462076  381.1127
6578.22997296969  350.9441
6578.46394131862  328.607
6578.69790966755  319.0108
6578.93187801649  363.2425
6579.16584636542  377.7664
6579.39981471435  338.3424
6579.63378306328  377.5014
6579.86775141221  356.3237
6580.10171976114  339.2935
6580.33568811007  322.9179
6580.569656459  351.2808
6580.80362480794  324.1175
6581.03759315687  342.83
6581.2715615058  367.4297
6581.50552985473  313.0034
6581.73949820366  365.4941
6581.97346655259  312.6096
6582.20743490153  355.1079
6582.44140325046  288.3772
6582.67537159939  283.1947
6582.90933994832  337.3567
6583.14330829725  370.5628
6583.37727664618  360.4603
6583.61124499512  398.6774
6583.84521334405  340.1191
6584.07918169298  304.5127
6584.31315004191  330.8157
6584.54711839084  312.2908
6584.78108673977  257.4325
6585.0150550887  308.6845
6585.24902343764  304.2967
6585.48299178657  287.9267
6585.7169601355  286.9459
6585.95092848443  313.5351
6586.18489683336  304.9612
6586.41886518229  322.7694
6586.65283353122  323.0385
6586.88680188016  341.6188
6587.12077022909  310.653
6587.35473857802  304.6517
6587.58870692695  321.6358
6587.82267527588  308.8178
6588.05664362481  353.0274
6588.29061197374  346.7002
6588.52458032267  346.0704
6588.75854867161  350.8672
6588.99251702054  307.5111
6589.22648536947  274.1567
6589.4604537184  299.9955
6589.69442206733  332.2503
6589.92839041626  308.9762
6590.1623587652  256.5889
6590.39632711413  310.6361
6590.63029546306  300.7741
6590.86426381199  303.6876
6591.09823216092  332.9459
6591.33220050985  302.0942
6591.56616885879  305.003
6591.80013720772  299.8976
6592.03410555665  306.5898
6592.26807390558  264.5585
6592.50204225451  286.8245
6592.73601060344  290.5568
6592.96997895238  275.1999
6593.20394730131  274.0533
6593.43791565024  259.0774
6593.67188399917  302.9612
6593.9058523481  308.7551
6594.13982069703  287.0623
6594.37378904596  288.2266
6594.6077573949  325.7596
6594.84172574383  261.1524
6595.07569409276  278.5574
6595.30966244169  272.8056
6595.54363079062  296.5403
6595.77759913955  323.5291
6596.01156748849  314.9345
6596.24553583742  284.2104
6596.47950418635  251.5078
6596.71347253528  280.747
6596.94744088421  316.8698
6597.18140923314  290.7397
6597.41537758207  301.2429
6597.64934593101  286.735
6597.88331427994  240.3309
6598.11728262887  293.0688
6598.3512509778  285.1228
6598.58521932673  292.7414
6598.81918767566  297.5875
6599.05315602459  256.6164
6599.28712437353  270.1585
6599.52109272246  257.4418
6599.75506107139  262.8351
6599.98902942032  324.3549
6600.22299776925  305.1534
6600.45696611818  316.4047
6600.69093446712  317.118
6600.92490281605  273.9547
6601.15887116498  288.7031
6601.39283951391  296.5329
6601.62680786284  263.8874
6601.86077621177  290.3513
6602.0947445607  271.6718
6602.32871290964  324.3095
6602.56268125857  324.8019
6602.7966496075  248.762
6603.03061795643  254.2373
6603.26458630536  231.0889
6603.49855465429  218.1545
6603.73252300322  252.5339
6603.96649135216  259.5694
6604.20045970109  292.3092
6604.43442805002  308.6359
6604.66839639895  291.1004
6604.90236474788  304.1154
6605.13633309681  314.9099
6605.37030144575  246.6223
6605.60426979468  243.4832
6605.83823814361  326.4355
6606.07220649254  286.107
6606.30617484147  288.4609
6606.5401431904  249.3084
6606.77411153933  255.0163
6607.00807988827  269.521
6607.2420482372  203.7409
6607.47601658613  268.5569
6607.70998493506  317.9647
6607.94395328399  312.9548
6608.17792163292  265.0353
6608.41188998186  279.1919
6608.64585833079  289.7982
6608.87982667972  253.6688
6609.11379502865  238.2444
6609.34776337758  259.9609
6609.58173172651  289.8073
6609.81570007544  243.039
6610.04966842437  260.0025
6610.28363677331  239.7779
6610.51760512224  266.4252
6610.75157347117  240.0433
6610.9855418201  220.1459
6611.21951016903  236.0951
6611.45347851796  251.8764
6611.6874468669  212.6859
6611.92141521583  223.7627
6612.15538356476  272.9489
6612.38935191369  225.099
6612.62332026262  202.4906
6612.85728861155  218.3107
6613.09125696049  275.2708
6613.32522530942  261.9218
6613.55919365835  220.0509
6613.79316200728  204.7706
6614.02713035621  215.5057
6614.26109870514  280.3687
6614.49506705407  268.3042
6614.729035403  278.3081
6614.96300375194  218.5257
6615.19697210087  244.5293
6615.4309404498  254.03
6615.66490879873  271.4582
6615.89887714766  280.7685
6616.13284549659  256.354
6616.36681384553  222.767
6616.60078219446  264.955
6616.83475054339  259.0456
6617.06871889232  222.0078
6617.30268724125  188.4002
6617.53665559018  229.3229
6617.77062393911  242.253
6618.00459228805  234.6671
6618.23856063698  202.03
6618.47252898591  205.3414
6618.70649733484  250.1895
6618.94046568377  238.7825
6619.17443403271  252.5097
6619.40840238164  252.7925
6619.64237073057  264.8926
6619.8763390795  235.7543
6620.11030742843  217.0103
6620.34427577736  229.1357
6620.57824412629  238.6272
6620.81221247522  295.7515
6621.04618082416  274.3264
6621.28014917309  214.5378
6621.51411752202  237.2054
6621.74808587095  206.5647
6621.98205421988  207.638
6622.21602256881  286.2405
6622.44999091775  264.6627
6622.68395926668  253.4038
6622.91792761561  252.0017
6623.15189596454  276.4573
6623.38586431347  250.0776
6623.6198326624  237.6152
6623.85380101134  250.7231
6624.08776936026  230.9395
6624.3217377092  275.077
6624.55570605813  256.1944
6624.78967440706  266.0489
6625.02364275599  280.4505
6625.25761110492  267.3294
6625.49157945386  283.106
6625.72554780279  231.9654
6625.95951615172  214.3078
6626.19348450065  216.7317
6626.42745284958  241.2925
6626.66142119851  256.7689
6626.89538954744  229.3722
6627.12935789638  243.2867
6627.36332624531  246.7861
6627.59729459424  196.6904
6627.83126294317  246.9519
6628.0652312921  242.5397
6628.29919964103  224.0913
6628.53316798997  228.6741
6628.7671363389  241.5006
6629.00110468783  212.8716
6629.23507303676  184.5004
6629.46904138569  219.8597
6629.70300973462  213.2746
6629.93697808355  264.1328
6630.17094643248  231.5373
6630.40491478142  232.157
6630.63888313035  206.1091
6630.87285147928  224.4689
6631.10681982821  206.4046
6631.34078817714  241.
6631.57475652607  236.4551
6631.80872487501  242.9554
6632.04269322394  194.9241
6632.27666157287  193.3068
6632.5106299218  170.6853
6632.74459827073  165.0598
6632.97856661966  215.1605
6633.21253496859  264.7979
6633.44650331753  246.0196
6633.68047166646  190.9641
6633.91444001539  217.5226
6634.14840836432  204.8099
6634.38237671325  204.1784
6634.61634506218  227.752
6634.85031341112  213.9489
6635.08428176005  217.3752
6635.31825010898  230.5808
6635.55221845791  232.367
6635.78618680684  154.0902
6636.02015515577  197.3575
6636.2541235047  197.557
6636.48809185364  190.8655
6636.72206020257  197.0785
6636.9560285515  197.3282
6637.18999690043  227.291
6637.42396524936  238.3225
6637.65793359829  206.4093
6637.89190194723  179.5715
6638.12587029616  184.2944
6638.35983864509  214.8074
6638.59380699402  211.8878
6638.82777534295  183.8702
6639.06174369188  161.1877
6639.29571204082  138.4213
6639.52968038975  188.7876
6639.76364873868  216.3599
6639.99761708761  182.8499
6640.23158543654  193.8535
6640.46555378547  241.2847
6640.6995221344  234.782
6640.93349048333  224.2403
6641.16745883227  186.9735
6641.4014271812  175.0966
6641.63539553013  193.1569
6641.86936387906  227.2082
6642.10333222799  190.0544
6642.33730057692  161.4635
6642.57126892585  157.9026
6642.80523727479  213.2028
6643.03920562372  177.5286
6643.27317397265  198.5063
6643.50714232158  272.6087
6643.74111067051  234.828
6643.97507901944  211.064
6644.20904736838  186.1321
6644.44301571731  185.0948
6644.67698406624  218.4321
6644.91095241517  184.8137
6645.1449207641  177.3967
6645.37888911303  155.839
6645.61285746196  194.568
6645.8468258109  211.4754
6646.08079415983  231.4963
6646.31476250876  211.8943
6646.54873085769  149.1189
6646.78269920662  217.0596
6647.01666755555  208.8325
6647.25063590449  206.79
6647.48460425342  198.8953
6647.71857260235  187.202
6647.95254095128  230.955
6648.18650930021  190.6322
6648.42047764914  205.2127
6648.65444599808  245.598
6648.88841434701  200.1266
6649.12238269594  177.4766
6649.35635104487  168.4208
6649.5903193938  161.1482
6649.82428774273  176.5493
6650.05825609166  171.1009
6650.29222444059  191.8349
6650.52619278953  209.9667
6650.76016113846  231.0853
6650.99412948739  236.3749
6651.22809783632  146.932
6651.46206618525  146.7057
6651.69603453419  172.7092
6651.93000288312  159.0344
6652.16397123205  169.7295
6652.39793958098  210.7785
6652.63190792991  216.0094
6652.86587627884  174.6114
6653.09984462777  149.8318
6653.33381297671  180.7985
6653.56778132564  193.9551
6653.80174967457  166.851
6654.0357180235  204.8518
6654.26968637243  150.1699
6654.50365472136  175.5432
6654.73762307029  172.7599
6654.97159141922  160.2376
6655.20555976816  149.8962
6655.43952811709  183.0389
6655.67349646602  133.4463
6655.90746481495  145.75
6656.14143316388  174.3542
6656.37540151281  147.1245
6656.60936986175  152.8563
6656.84333821068  126.2776
6657.07730655961  185.5428
6657.31127490854  164.0255
6657.54524325747  141.9049
6657.7792116064  134.255
6658.01317995534  136.6719
6658.24714830427  154.5033
6658.4811166532  173.3913
6658.71508500213  158.7262
6658.94905335106  134.6239
6659.18302169999  152.0494
6659.41699004892  134.6805
6659.65095839786  123.2601
6659.88492674679  138.1708
6660.11889509572  127.5377
6660.35286344465  158.4262
6660.58683179358  145.8261
6660.82080014251  154.268
6661.05476849144  123.8273
6661.28873684038  148.1555
6661.52270518931  158.9337
6661.75667353824  160.3375
6661.99064188717  171.8376
6662.2246102361  162.7833
6662.45857858503  150.2035
6662.69254693397  143.0854
6662.9265152829  138.7642
6663.16048363183  95.33614
6663.39445198076  111.5691
6663.62842032969  166.7783
6663.86238867862  117.17
6664.09635702756  75.23553
6664.33032537649  133.8946
6664.56429372542  116.6848
6664.79826207435  112.5736
6665.03223042328  122.0562
6665.26619877221  81.41439
6665.50016712114  143.353
6665.73413547007  119.27
6665.96810381901  105.6056
6666.20207216794  104.4366
6666.43604051687  82.59193
6666.6700088658  151.8656
6666.90397721473  155.6698
6667.13794556366  142.1551
6667.37191391259  88.40708
6667.60588226153  116.5368
6667.83985061046  107.2426
6668.07381895939  76.84328
6668.30778730832  99.77921
6668.54175565725  116.1576
6668.77572400618  109.2159
6669.00969235512  92.70886
6669.24366070405  91.53352
6669.47762905298  97.64633
6669.71159740191  125.7509
6669.94556575084  161.2567
6670.17953409977  111.5774
6670.4135024487  99.8389
6670.64747079764  114.9919
6670.88143914657  97.38666
6671.1154074955  93.00858
6671.34937584443  100.4042
6671.58334419336  72.50158
6671.81731254229  61.8814
6672.05128089123  69.65783
6672.28524924016  46.1727
6672.51921758909  103.9008
6672.75318593802  100.3602
6672.98715428695  72.69102
6673.22112263588  50.60195
6673.45509098482  58.9922
6673.68905933375  52.11501
6673.92302768268  55.23684
6674.15699603161  112.5776
6674.39096438054  43.67138
6674.62493272947  82.84776
6674.8589010784  81.03553
6675.09286942733  69.3545
6675.32683777627  116.4994
6675.5608061252  49.50753
6675.79477447413  71.82214
6676.02874282306  55.8468
6676.26271117199  109.0316
6676.49667952092  102.7644
6676.73064786986  110.0316
6676.96461621879  82.92517
6677.19858456772  52.32175
6677.43255291665  14.81848
6677.66652126558  55.0062
6677.90048961451  98.00125
6678.13445796345  85.66422
6678.36842631238  87.29566
6678.60239466131  27.61981
6678.83636301024  66.96272
6679.07033135917  110.6494
6679.3042997081  60.76232
6679.53826805703  39.54762
6679.77223640596  25.94381
6680.0062047549  22.73496
6680.24017310383  99.70636
6680.47414145276  93.19071
6680.70810980169  48.68855
6680.94207815062  129.249
6681.17604649955  93.52197
6681.41001484849  46.14755
6681.64398319742  22.81188
6681.87795154635  23.39865
6682.11191989528  50.1079
6682.34588824421  61.32296
6682.57985659314  78.91798
6682.81382494208  74.54682
6683.04779329101  29.32954
6683.28176163994  53.27761
6683.51572998887  31.30879
6683.7496983378  37.73364
6683.98366668673  66.9976
6684.21763503566  57.6339
6684.4516033846  14.6498
6684.68557173353  29.25364
6684.91954008246  39.446
6685.15350843139  60.28739
6685.38747678032  69.25065
6685.62144512925  53.04193
6685.85541347819  40.75844
6686.08938182712  62.12553
6686.32335017605  55.5966
6686.55731852498  45.06135
6686.79128687391  45.57265
6687.02525522284  21.5282
6687.25922357177  34.32433
6687.49319192071  16.0948
6687.72716026964  -0.7441345
6687.96112861857  28.8317
6688.1950969675  -30.8817
6688.42906531643  31.99
6688.66303366536  53.74592
6688.89700201429  6.732432
6689.13097036323  30.63421
6689.36493871216  37.06344
6689.59890706109  25.49603
6689.83287541002  8.580812
6690.06684375895  22.7264
6690.30081210788  7.551281
6690.53478045682  27.1855
6690.76874880575  28.5711
6691.00271715468  28.82126
6691.23668550361  -1.95892
6691.47065385254  45.79005
6691.70462220147  59.47668
6691.9385905504  9.847595
6692.17255889934  27.56191
