6452.7469517181  72.02444
6452.98106965343  23.12468
6453.21518758877  107.9314
6453.4493055241  82.21727
6453.68342345943  69.28122
6453.91754139476  95.52917
6454.15165933009  93.60556
6454.38577726543  82.89658
6454.61989520076  90.94731
6454.85401313609  83.04126
6455.08813107143  62.32126
6455.32224900676  91.58518
6455.55636694209  120.1443
6455.79048487742  94.10682
6456.02460281276  82.3268
6456.25872074809  142.1198
6456.49283868342  102.9024
6456.72695661875  61.6779
6456.96107455409  74.20361
6457.19519248942  80.59148
6457.42931042475  111.7263
6457.66342836008  82.37729
6457.89754629542  75.84504
6458.13166423075  101.158
6458.36578216608  57.78807
6458.59990010141  93.13952
6458.83401803675  102.2761
6459.06813597208  56.56642
6459.30225390741  62.97414
6459.53637184274  81.69541
6459.77048977808  67.2706
6460.00460771341  114.6664
6460.23872564874  103.9997
6460.47284358407  102.8704
6460.7069615194  66.68805
6460.94107945474  76.81585
6461.17519739007  93.82641
6461.4093153254  92.37073
6461.64343326073  127.8627
6461.87755119607  103.9978
6462.1116691314  112.8141
6462.34578706673  91.0269
6462.57990500206  70.64715
6462.8140229374  89.93739
6463.04814087273  112.3037
6463.28225880806  91.55981
6463.5163767434  79.67726
6463.75049467873  71.70621
6463.98461261406  78.27871
6464.21873054939  110.7568
6464.45284848472  119.6605
6464.68696642006  86.74571
6464.92108435539  55.04745
6465.15520229072  66.63856
6465.38932022606  96.31408
6465.62343816139  97.52636
6465.85755609672  141.0149
6466.09167403205  136.8605
6466.32579196738  90.60532
6466.55990990272  82.98051
6466.79402783805  93.84998
6467.02814577338  86.01919
6467.26226370871  80.40639
6467.49638164405  67.40633
6467.73049957938  115.7229
6467.96461751471  149.6828
6468.19873545004  101.0559
6468.43285338538  77.14439
6468.66697132071  72.24733
6468.90108925604  80.44767
6469.13520719137  130.7336
6469.36932512671  108.2414
6469.60344306204  97.98927
6469.83756099737  95.70836
6470.07167893271  116.4857
6470.30579686804  143.164
6470.53991480337  111.5241
6470.7740327387  80.04462
6471.00815067404  57.14513
6471.24226860937  88.1459
6471.4763865447  123.5711
6471.71050448003  137.7484
6471.94462241536  148.2412
6472.1787403507  130.5291
6472.41285828603  148.4871
6472.64697622136  119.4452
6472.88109415669  143.2036
6473.11521209203  147.0835
6473.34933002736  123.2541
6473.58344796269  123.1806
6473.81756589802  88.93239
6474.05168383336  120.0208
6474.28580176869  115.8044
6474.51991970402  101.3728
6474.75403763935  131.2598
6474.98815557469  133.8331
6475.22227351002  135.6614
6475.45639144535  148.7194
6475.69050938068  154.9969
6475.92462731602  155.1594
6476.15874525135  86.57536
6476.39286318668  150.0084
6476.62698112202  140.2413
6476.86109905735  87.53562
6477.09521699268  126.7
6477.32933492801  142.4179
6477.56345286335  132.53
6477.79757079868  125.4359
6478.03168873401  154.7198
6478.26580666934  130.0524
6478.49992460467  116.4418
6478.73404254001  135.3506
6478.96816047534  113.7769
6479.20227841067  128.0055
6479.436396346  164.5206
6479.67051428134  140.3897
6479.90463221667  123.942
6480.138750152  111.6217
6480.37286808733  109.833
6480.60698602267  130.357
6480.841103958  136.0921
6481.07522189333  93.35728
6481.30933982867  116.0142
6481.543457764  148.9617
6481.77757569933  134.9069
6482.01169363466  132.9889
6482.24581156999  158.5794
6482.47992950533  143.4753
6482.71404744066  132.7856
6482.94816537599  178.9896
6483.18228331132  175.4465
6483.41640124666  124.7324
6483.65051918199  125.1804
6483.88463711732  141.6816
6484.11875505265  155.692
6484.35287298799  133.9605
6484.58699092332  127.7435
6484.82110885865  168.6139
6485.05522679398  146.9727
6485.28934472932  117.4198
6485.52346266465  136.7366
6485.75758059998  180.4543
6485.99169853531  168.677
6486.22581647065  138.1898
6486.45993440598  136.8735
6486.69405234131  140.8766
6486.92817027664  139.1956
6487.16228821198  136.0829
6487.39640614731  147.0802
6487.63052408264  120.4041
6487.86464201797  108.7661
6488.09875995331  140.6519
6488.33287788864  110.0808
6488.56699582397  172.9109
6488.8011137593  176.6582
6489.03523169464  136.2006
6489.26934962997  141.6267
6489.5034675653  173.2164
6489.73758550063  141.8855
6489.97170343597  149.7334
6490.2058213713  175.2937
6490.43993930663  117.7513
6490.67405724196  90.20457
6490.9081751773  137.1665
6491.14229311263  144.5303
6491.37641104796  142.9844
6491.61052898329  181.9255
6491.84464691863  167.2157
6492.07876485396  162.4556
6492.31288278929  124.8224
6492.54700072462  125.5062
6492.78111865996  155.9684
6493.01523659529  149.3419
6493.24935453062  172.5101
6493.48347246595  151.0285
6493.71759040129  156.1522
6493.95170833662  172.3648
6494.18582627195  173.1691
6494.41994420728  179.8024
6494.65406214262  165.5839
6494.88818007795  145.9848
6495.12229801328  146.224
6495.35641594861  115.5419
6495.59053388395  101.2441
6495.82465181928  178.2366
6496.05876975461  153.5498
6496.29288768994  132.5592
6496.52700562528  156.5945
6496.76112356061  175.6158
6496.99524149594  179.4945
6497.22935943127  145.564
6497.46347736661  151.7597
6497.69759530194  182.2098
6497.93171323727  161.5512
6498.1658311726  110.9302
6498.39994910794  144.6138
6498.63406704327  200.3316
6498.8681849786  190.9961
6499.10230291393  160.0522
6499.33642084927  158.9506
6499.5705387846  158.0651
6499.80465671993  150.3646
6500.03877465526  189.9065
6500.27289259059  155.3178
6500.50701052593  176.0764
6500.74112846126  181.5304
6500.97524639659  155.6805
6501.20936433193  186.7834
6501.44348226726  179.4029
6501.67760020259  142.251
6501.91171813792  123.7285
6502.14583607326  171.8206
6502.37995400859  137.7845
6502.61407194392  157.0688
6502.84818987925  187.3953
6503.08230781459  171.3994
6503.31642574992  176.07
6503.55054368525  174.2289
6503.78466162058  190.6735
6504.01877955592  218.9577
6504.25289749125  201.3725
6504.48701542658  197.5142
6504.72113336191  191.67
6504.95525129724  154.7483
6505.18936923258  162.9388
6505.42348716791  174.9603
6505.65760510324  170.6002
6505.89172303858  146.2435
6506.12584097391  156.229
6506.35995890924  172.999
6506.59407684457  182.6496
6506.82819477991  175.3549
6507.06231271524  198.2341
6507.29643065057  213.5259
6507.5305485859  185.4917
6507.76466652124  169.671
6507.99878445657  174.0685
6508.2329023919  189.1689
6508.46702032723  215.3208
6508.70113826257  196.0527
6508.9352561979  168.0252
6509.16937413323  176.2469
6509.40349206856  176.5664
6509.6376100039  222.0289
6509.87172793923  180.2525
6510.10584587456  184.793
6510.33996380989  198.6525
6510.57408174522  185.041
6510.80819968056  182.1633
6511.04231761589  207.9205
6511.27643555122  182.6986
6511.51055348656  171.4948
6511.74467142189  191.7896
6511.97878935722  162.038
6512.21290729255  156.9626
6512.44702522789  164.9188
6512.68114316322  154.1473
6512.91526109855  190.7079
6513.14937903388  197.3128
6513.38349696921  168.8964
6513.61761490455  184.8927
6513.85173283988  191.3778
6514.08585077521  188.9977
6514.31996871055  176.2851
6514.55408664588  157.2512
6514.78820458121  172.3774
6515.02232251654  191.0045
6515.25644045187  164.2211
6515.49055838721  182.6671
6515.72467632254  171.388
6515.95879425787  151.4097
6516.19291219321  167.4552
6516.42703012854  159.9652
6516.66114806387  175.015
6516.8952659992  180.9086
6517.12938393453  168.6852
6517.36350186987  167.6847
6517.5976198052  150.0287
6517.83173774053  160.3092
6518.06585567586  184.0855
6518.2999736112  170.4932
6518.53409154653  175.4155
6518.76820948186  192.3478
6519.0023274172  172.5554
6519.23644535253  146.8253
6519.47056328786  173.5861
6519.70468122319  238.6137
6519.93879915853  220.7664
6520.17291709386  185.8092
6520.40703502919  182.6088
6520.64115296452  171.6713
6520.87527089986  219.9899
6521.10938883519  185.9863
6521.34350677052  208.6303
6521.57762470585  193.5184
6521.81174264119  227.9025
6522.04586057652  199.0605
6522.27997851185  164.2971
6522.51409644718  183.9141
6522.74821438251  183.245
6522.98233231785  186.0544
6523.21645025318  218.9132
6523.45056818851  201.786
6523.68468612385  189.0302
6523.91880405918  208.9153
6524.15292199451  185.512
6524.38703992984  175.6875
6524.62115786517  212.648
6524.85527580051  193.3963
6525.08939373584  168.8155
6525.32351167117  205.9921
6525.5576296065  199.4654
6525.79174754184  179.8238
6526.02586547717  184.0437
6526.2599834125  174.6943
6526.49410134783  193.9425
6526.72821928317  194.7316
6526.9623372185  235.9808
6527.19645515383  179.3767
6527.43057308917  167.8092
6527.6646910245  182.6812
6527.89880895983  212.0341
6528.13292689516  207.7092
6528.36704483049  206.9638
6528.60116276583  183.9945
6528.83528070116  196.7941
6529.06939863649  205.768
6529.30351657182  206.899
6529.53763450716  207.5463
6529.77175244249  202.2779
6530.00587037782  212.6469
6530.23998831315  219.5969
6530.47410624849  220.0592
6530.70822418382  215.08
6530.94234211915  218.4664
6531.17646005448  228.2911
6531.41057798982  233.448
6531.64469592515  191.9877
6531.87881386048  158.9862
6532.11293179581  194.7605
6532.34704973115  157.2456
6532.58116766648  189.3153
6532.81528560181  241.7218
6533.04940353715  246.8448
6533.28352147248  256.6211
6533.51763940781  206.3491
6533.75175734314  224.7979
6533.98587527848  224.8739
6534.21999321381  203.8949
6534.45411114914  261.3346
6534.68822908447  254.8196
6534.9223470198  184.6781
6535.15646495514  199.9575
6535.39058289047  194.5426
6535.6247008258  215.5455
6535.85881876113  246.4176
6536.09293669647  223.2995
6536.3270546318  194.1297
6536.56117256713  227.9494
6536.79529050246  229.8273
6537.0294084378  232.6948
6537.26352637313  226.6518
6537.49764430846  207.6455
6537.7317622438  204.0272
6537.96588017913  210.3667
6538.19999811446  245.107
6538.43411604979  239.672
6538.66823398513  200.2129
6538.90235192046  212.5012
6539.13646985579  213.0471
6539.37058779112  207.8376
6539.60470572645  229.4986
6539.83882366179  223.9851
6540.07294159712  229.82
6540.30705953245  229.3599
6540.54117746778  233.3421
6540.77529540312  254.6637
6541.00941333845  223.4695
6541.24353127378  226.3957
6541.47764920911  247.9337
6541.71176714445  230.5512
6541.94588507978  202.3542
6542.18000301511  223.1917
6542.41412095044  201.8423
6542.64823888578  202.9984
6542.88235682111  207.1712
6543.11647475644  204.8558
6543.35059269177  246.7875
6543.58471062711  254.3335
6543.81882856244  230.5819
6544.05294649777  245.1489
6544.2870644331  208.8795
6544.52118236844  249.4235
6544.75530030377  250.8683
6544.9894182391  220.4861
6545.22353617443  173.0226
6545.45765410977  180.6706
6545.6917720451  217.2457
6545.92588998043  220.5654
6546.16000791576  226.2107
6546.3941258511  243.4329
6546.62824378643  207.9254
6546.86236172176  181.5962
6547.09647965709  208.2336
6547.33059759243  212.2895
6547.56471552776  235.9097
6547.79883346309  264.8556
6548.03295139842  249.8381
6548.26706933376  232.6927
6548.50118726909  229.7506
6548.73530520442  236.4493
6548.96942313975  230.6826
6549.20354107509  281.35
6549.43765901042  286.9133
6549.67177694575  267.3174
6549.90589488108  267.9305
6550.14001281642  253.1364
6550.37413075175  267.0891
6550.60824868708  252.8825
6550.84236662241  263.9535
6551.07648455775  266.6296
6551.31060249308  270.3256
6551.54472042841  287.9144
6551.77883836374  282.7769
6552.01295629908  268.06
6552.24707423441  278.2717
6552.48119216974  279.3981
6552.71531010507  294.8863
6552.9494280404  329.5461
6553.18354597574  281.4731
6553.41766391107  273.7169
6553.6517818464  289.4343
6553.88589978174  271.4044
6554.12001771707  263.9291
6554.3541356524  276.1917
6554.58825358773  295.485
6554.82237152307  283.2096
6555.0564894584  266.8779
6555.29060739373  315.8175
6555.52472532906  334.2248
6555.7588432644  337.7598
6555.99296119973  328.8267
6556.22707913506  317.6759
6556.46119707039  314.1337
6556.69531500572  300.4635
6556.92943294106  305.2379
6557.16355087639  320.9179
6557.39766881172  308.7853
6557.63178674706  282.7709
6557.86590468239  273.9041
6558.10002261772  324.9025
6558.33414055305  334.1634
6558.56825848839  329.7727
6558.80237642372  325.987
6559.03649435905  287.8148
6559.27061229438  288.2296
6559.50473022972  317.0193
6559.73884816505  363.6057
6559.97296610038  336.6683
6560.20708403571  290.8241
6560.44120197105  324.8431
6560.67531990638  360.0668
6560.90943784171  361.5409
6561.14355577704  316.6367
6561.37767371237  316.0003
6561.61179164771  344.6674
6561.84590958304  354.3022
6562.08002751837  344.202
6562.31414545371  347.0467
6562.54826338904  370.3707
6562.78238132437  360.1028
6563.0164992597  378.1887
6563.25061719504  389.6307
6563.48473513037  379.7751
6563.7188530657  323.2087
6563.95297100103  341.9712
6564.18708893637  321.9422
6564.4212068717  377.4494
6564.65532480703  375.5015
6564.88944274236  312.966
6565.1235606777  362.0528
6565.35767861303  307.8657
6565.59179654836  313.573
6565.82591448369  371.1922
6566.06003241903  373.2957
6566.29415035436  366.4791
6566.52826828969  322.1106
6566.76238622502  364.1277
6566.99650416036  346.6027
6567.23062209569  350.9429
6567.46474003102  358.8083
6567.69885796635  331.9776
6567.93297590168  363.106
6568.16709383702  356.6323
6568.40121177235  358.559
6568.63532970768  332.8525
6568.86944764301  370.4333
6569.10356557835  302.213
6569.33768351368  365.2585
6569.57180144901  364.3183
6569.80591938435  342.4167
6570.04003731968  358.6933
6570.27415525501  338.8094
6570.50827319034  351.4146
6570.74239112568  360.0631
6570.97650906101  341.6059
6571.21062699634  312.1904
6571.44474493167  325.7681
6571.67886286701  328.631
6571.91298080234  311.4524
6572.14709873767  295.9128
6572.381216673  326.7466
6572.61533460834  312.3669
6572.84945254367  356.523
6573.083570479  288.4547
6573.31768841433  313.4717
6573.55180634967  331.0679
6573.785924285  311.849
6574.02004222033  303.8007
6574.25416015566  332.7709
6574.48827809099  303.5106
6574.72239602633  300.4921
6574.95651396166  313.8328
6575.19063189699  290.4336
6575.42474983233  291.434
6575.65886776766  290.7573
6575.89298570299  319.9709
6576.12710363832  316.4881
6576.36122157365  275.8276
6576.59533950899  245.1974
6576.82945744432  270.5679
6577.06357537965  302.082
6577.29769331499  283.1278
6577.53181125032  309.1408
6577.76592918565  290.0893
6578.00004712098  283.7811
6578.23416505632  283.3586
6578.46828299165  298.2515
6578.70240092698  260.6428
6578.93651886231  224.3833
6579.17063679764  274.0991
6579.40475473298  291.5494
6579.63887266831  235.8889
6579.87299060364  251.7399
6580.10710853897  301.2365
6580.34122647431  266.5502
6580.57534440964  251.5614
6580.80946234497  294.0695
6581.0435802803  270.3215
6581.27769821564  278.1352
6581.51181615097  299.4779
6581.7459340863  287.8517
6581.98005202163  241.6877
6582.21416995697  272.9666
6582.4482878923  258.0866
6582.68240582763  248.1351
6582.91652376296  258.5921
6583.1506416983  230.2268
6583.38475963363  294.6808
6583.61887756896  268.7712
6583.8529955043  264.6988
6584.08711343963  292.7578
6584.32123137496  269.6861
6584.55534931029  245.6946
6584.78946724563  254.5921
6585.02358518096  245.9731
6585.25770311629  274.8363
6585.49182105162  289.188
6585.72593898695  222.8734
6585.96005692229  243.3272
6586.19417485762  249.6858
6586.42829279295  250.2383
6586.66241072828  223.4971
6586.89652866362  233.1733
6587.13064659895  285.2377
6587.36476453428  271.9073
6587.59888246961  244.163
6587.83300040495  221.3651
6588.06711834028  250.3985
6588.30123627561  270.2874
6588.53535421095  261.7896
6588.76947214628  248.9291
6589.00359008161  237.8324
6589.23770801694  215.202
6589.47182595228  247.6232
6589.70594388761  225.8709
6589.94006182294  206.1576
6590.17417975827  241.4629
6590.40829769361  251.2104
6590.64241562894  234.6481
6590.87653356427  227.3142
6591.1106514996  223.6735
6591.34476943494  218.3115
6591.57888737027  221.2802
6591.8130053056  243.949
6592.04712324093  262.4242
6592.28124117626  250.482
6592.5153591116  240.9986
6592.74947704693  234.0339
6592.98359498226  199.3764
6593.21771291759  225.6494
6593.45183085293  265.2706
6593.68594878826  284.3484
6593.92006672359  215.674
6594.15418465892  214.2432
6594.38830259426  249.9444
6594.62242052959  241.9499
6594.85653846492  225.3626
6595.09065640025  222.1016
6595.32477433559  228.2603
6595.55889227092  260.5743
6595.79301020625  248.4761
6596.02712814158  238.1794
6596.26124607692  252.5312
6596.49536401225  199.03
6596.72948194758  236.8038
6596.96359988291  216.8907
6597.19771781825  249.982
6597.43183575358  206.4484
6597.66595368891  210.0999
6597.90007162424  237.9671
6598.13418955958  219.7485
6598.36830749491  206.0384
6598.60242543024  229.4121
6598.83654336557  220.337
6599.07066130091  187.812
6599.30477923624  223.3646
6599.53889717157  214.9705
6599.7730151069  203.5407
6600.00713304224  220.2307
6600.24125097757  222.6359
6600.4753689129  210.1683
6600.70948684823  242.3669
6600.94360478357  255.9347
6601.1777227189  221.9101
6601.41184065423  202.4608
6601.64595858956  245.414
6601.8800765249  214.4574
6602.11419446023  221.9762
6602.34831239556  233.0134
6602.58243033089  199.1254
6602.81654826623  216.8512
6603.05066620156  229.4731
6603.28478413689  214.2152
6603.51890207222  200.2412
6603.75302000756  197.2225
6603.98713794289  226.4561
6604.22125587822  220.9579
6604.45537381355  190.2731
6604.68949174889  230.2536
6604.92360968422  240.7706
6605.15772761955  216.562
6605.39184555488  190.0592
6605.62596349022  193.6705
6605.86008142555  217.491
6606.09419936088  175.747
6606.32831729621  193.7249
6606.56243523155  208.9258
6606.79655316688  132.4475
6607.03067110221  170.7661
6607.26478903754  208.252
6607.49890697288  208.3697
6607.73302490821  174.6717
6607.96714284354  177.3607
6608.20126077887  215.3865
6608.43537871421  217.0522
6608.66949664954  166.033
6608.90361458487  248.4244
6609.1377325202  208.4577
6609.37185045554  200.125
6609.60596839087  245.895
6609.8400863262  201.6966
6610.07420426153  189.861
6610.30832219687  201.3978
6610.5424401322  162.5021
6610.77655806753  170.9202
6611.01067600286  203.8369
6611.2447939382  191.8857
6611.47891187353  181.8979
6611.71302980886  179.8757
6611.94714774419  204.8742
6612.18126567953  215.0795
6612.41538361486  218.5746
6612.64950155019  223.7661
6612.88361948552  178.4998
6613.11773742086  187.5825
6613.35185535619  190.0948
6613.58597329152  191.2595
6613.82009122685  194.8273
6614.05420916219  214.57
6614.28832709752  227.7922
6614.52244503285  217.5112
6614.75656296818  182.1804
6614.99068090352  168.8497
6615.22479883885  203.6226
6615.45891677418  215.4556
6615.69303470951  230.5609
6615.92715264485  183.5672
6616.16127058018  208.4711
6616.39538851551  176.5614
6616.62950645084  168.0277
6616.86362438618  189.796
6617.09774232151  156.1703
6617.33186025684  196.9068
6617.56597819217  227.7848
6617.80009612751  170.3429
6618.03421406284  150.6411
6618.26833199817  155.983
6618.5024499335  202.4989
6618.73656786884  212.8079
6618.97068580417  188.0478
6619.2048037395  218.2815
6619.43892167483  188.2423
6619.67303961016  211.5137
6619.9071575455  169.9014
6620.14127548083  187.9824
6620.37539341616  219.2817
6620.60951135149  168.2875
6620.84362928683  178.8334
6621.07774722216  222.3555
6621.31186515749  215.5635
6621.54598309283  170.3092
6621.78010102816  199.5914
6622.01421896349  185.4434
6622.24833689882  167.4604
6622.48245483416  160.1922
6622.71657276949  184.2014
6622.95069070482  177.2747
6623.18480864015  192.6722
6623.41892657549  199.8092
6623.65304451082  211.4524
6623.88716244615  182.7371
6624.12128038148  174.0419
6624.35539831681  194.0358
6624.58951625215  168.0433
6624.82363418748  181.0222
6625.05775212281  169.2289
6625.29187005814  184.2149
6625.52598799348  203.3629
6625.76010592881  201.4153
6625.99422386414  195.168
6626.22834179948  182.9343
6626.46245973481  169.9608
6626.69657767014  158.5412
6626.93069560547  206.7991
6627.16481354081  211.1022
6627.39893147614  187.2524
6627.63304941147  192.7496
6627.8671673468  156.2054
6628.10128528214  161.5134
6628.33540321747  157.896
6628.5695211528  186.692
6628.80363908813  176.3762
6629.03775702347  122.9792
6629.2718749588  168.2611
6629.50599289413  186.9992
6629.74011082946  156.3881
6629.9742287648  198.569
6630.20834670013  188.9036
6630.44246463546  176.4206
6630.67658257079  163.4459
6630.91070050613  168.1856
6631.14481844146  145.4057
6631.37893637679  209.1013
6631.61305431212  132.1575
6631.84717224746  153.8032
6632.08129018279  189.3715
6632.31540811812  173.7059
6632.54952605345  148.6825
6632.78364398878  160.2143
6633.01776192412  169.8281
6633.25187985945  161.301
6633.48599779478  131.8241
6633.72011573011  136.814
6633.95423366545  158.3329
6634.18835160078  163.4613
6634.42246953611  168.5648
6634.65658747145  138.9407
6634.89070540678  165.9133
6635.12482334211  200.7851
6635.35894127744  161.6871
6635.59305921278  134.0226
6635.82717714811  184.6704
6636.06129508344  165.1922
6636.29541301877  134.4109
6636.5295309541  193.0306
6636.76364888944  178.2904
6636.99776682477  183.3587
6637.2318847601  162.0176
6637.46600269544  169.3445
6637.70012063077  158.6682
6637.9342385661  124.2012
6638.16835650143  150.238
6638.40247443676  180.716
6638.6365923721  174.6592
6638.87071030743  189.6159
6639.10482824276  142.1593
6639.3389461781  122.186
6639.57306411343  170.9912
6639.80718204876  155.7519
6640.04129998409  113.0482
6640.27541791943  119.0571
6640.50953585476  153.3656
6640.74365379009  156.7262
6640.97777172542  138.4579
6641.21188966076  135.6903
6641.44600759609  150.235
6641.68012553142  123.3503
6641.91424346675  150.6738
6642.14836140208  132.6415
6642.38247933742  141.0994
6642.61659727275  158.6065
6642.85071520808  172.9145
6643.08483314341  158.4453
6643.31895107875  174.848
6643.55306901408  157.5722
6643.78718694941  132.1023
6644.02130488474  141.0399
6644.25542282008  145.2982
6644.48954075541  135.9082
6644.72365869074  123.5414
6644.95777662608  150.4317
6645.19189456141  162.7811
6645.42601249674  172.24
6645.66013043207  141.3089
6645.8942483674  135.6679
6646.12836630274  147.457
6646.36248423807  153.1084
6646.5966021734  165.9547
6646.83072010873  173.2601
6647.06483804407  147.5779
6647.2989559794  133.879
6647.53307391473  114.8102
6647.76719185007  153.2063
6648.0013097854  150.1576
6648.23542772073  141.026
6648.46954565606  145.1656
6648.70366359139  141.0366
6648.93778152673  169.5704
6649.17189946206  149.6584
6649.40601739739  143.2889
6649.64013533272  156.4334
6649.87425326806  155.3734
6650.10837120339  109.6636
6650.34248913872  133.9794
6650.57660707405  133.3953
6650.81072500939  151.9636
6651.04484294472  157.9753
6651.27896088005  134.951
6651.51307881538  91.02796
6651.74719675072  117.5823
6651.98131468605  146.3132
6652.21543262138  170.7377
6652.44955055672  156.7149
6652.68366849205  154.8129
6652.91778642738  137.2671
6653.15190436271  149.7092
6653.38602229804  120.8583
6653.62014023338  114.9592
6653.85425816871  116.7822
6654.08837610404  149.4086
6654.32249403937  103.3184
6654.55661197471  112.1772
6654.79072991004  111.5558
6655.02484784537  91.87049
6655.2589657807  116.9806
6655.49308371604  128.6363
6655.72720165137  118.8624
6655.9613195867  132.353
6656.19543752204  146.864
6656.42955545737  112.4706
6656.6636733927  102.3273
6656.89779132803  83.08067
6657.13190926337  117.2339
6657.3660271987  131.271
6657.60014513403  98.30578
6657.83426306936  118.1644
6658.06838100469  104.6833
6658.30249894003  127.5943
6658.53661687536  115.0033
6658.77073481069  111.7894
6659.00485274602  103.9183
6659.23897068136  119.4123
6659.47308861669  135.3269
6659.70720655202  95.35436
6659.94132448735  118.5455
6660.17544242269  155.0746
6660.40956035802  130.1198
6660.64367829335  97.38151
6660.87779622868  72.09982
6661.11191416402  76.37511
6661.34603209935  86.04596
6661.58015003468  98.08021
6661.81426797001  80.31362
6662.04838590535  72.53614
6662.28250384068  116.2736
6662.51662177601  118.2989
6662.75073971134  81.34754
6662.98485764668  56.42383
6663.21897558201  97.09769
6663.45309351734  104.1098
6663.68721145267  99.7167
6663.92132938801  72.07149
6664.15544732334  82.94558
6664.38956525867  73.77094
6664.623683194  87.26786
6664.85780112934  88.19128
6665.09191906467  77.1425
6665.326037  99.42267
6665.56015493533  105.8951
6665.79427287067  105.0036
6666.028390806  142.6404
6666.26250874133  68.99033
6666.49662667666  77.84374
6666.730744612  91.22002
6666.96486254733  108.6624
6667.19898048266  92.21153
6667.43309841799  91.60809
6667.66721635333  76.35866
6667.90133428866  92.80045
6668.13545222399  72.8763
6668.36957015932  73.15151
6668.60368809466  79.25745
6668.83780602999  91.91502
6669.07192396532  93.53159
6669.30604190065  44.04671
6669.54015983599  74.20598
6669.77427777132  91.076
6670.00839570665  50.00195
6670.24251364198  88.0666
6670.47663157732  77.61708
6670.71074951265  37.62232
6670.94486744798  49.90379
6671.17898538331  79.45396
6671.41310331865  86.10524
6671.64722125398  74.24284
6671.88133918931  41.08992
6672.11545712464  79.07408
6672.34957505998  93.28957
6672.58369299531  92.78337
6672.81781093064  82.36353
6673.05192886597  87.65987
6673.28604680131  109.1682
6673.52016473664  95.7012
6673.75428267197  62.73671
6673.9884006073  56.51719
6674.22251854264  41.26978
6674.45663647797  29.97784
6674.6907544133  58.69416
6674.92487234863  56.63943
6675.15899028396  80.77622
6675.3931082193  52.68942
6675.62722615463  38.95778
6675.86134408996  67.41069
6676.09546202529  50.97465
6676.32957996063  28.01944
6676.56369789596  56.75594
6676.79781583129  30.34879
6677.03193376663  79.48019
6677.26605170196  57.33713
6677.50016963729  34.58409
6677.73428757262  35.44734
6677.96840550796  35.73943
6678.20252344329  37.06732
6678.43664137862  57.17595
6678.67075931395  64.89269
6678.90487724929  25.95858
6679.13899518462  55.4598
6679.37311311995  39.72105
6679.60723105528  31.56848
6679.84134899062  26.6186
6680.07546692595  25.7828
6680.30958486128  35.3403
6680.54370279661  30.22386
6680.77782073195  44.98491
6681.01193866728  64.93453
6681.24605660261  69.5996
6681.48017453794  62.36928
6681.71429247328  43.15434
6681.94841040861  73.43157
6682.18252834394  54.57824
6682.41664627927  41.86581
6682.65076421461  29.58941
6682.88488214994  41.26726
6683.11900008527  17.29112
6683.3531180206  10.62638
6683.58723595594  19.48776
6683.82135389127  52.05154
6684.0554718266  25.61268
6684.28958976193  32.78954
6684.52370769727  53.05854
6684.7578256326  64.77776
6684.99194356793  76.96927
6685.22606150326  82.82765
6685.4601794386  66.24612
6685.69429737393  18.54358
6685.92841530926  27.35176
6686.16253324459  53.73131
6686.39665117992  33.57054
6686.63076911526  35.14769
6686.86488705059  16.96579
6687.09900498592  13.0932
6687.33312292125  9.008648
6687.56724085659  32.72167
6687.80135879192  51.24575
6688.03547672725  28.97738
6688.26959466258  9.217418
6688.50371259792  29.08349
6688.73783053325  13.57218
6688.97194846858  29.81896
6689.20606640391  21.7416
6689.44018433925  26.21833
6689.67430227458  2.103087
6689.90842020991  4.416075
6690.14253814524  9.630357
6690.37665608058  33.71873
6690.61077401591  29.57993
6690.84489195124  5.97851
6691.07900988658  44.45395
6691.31312782191  25.20745
6691.54724575724  -8.52
6691.78136369257  -3.134836
6692.01548162791  22.41502
6692.24959956324  -14.3136
