6452.6064658483  14.77225
6452.83999904447  67.86623
6453.07353224064  76.67781
6453.30706543681  53.8269
6453.54059863297  28.5197
6453.77413182914  30.15362
6454.00766502531  61.97709
6454.24119822148  57.91813
6454.47473141764  60.96491
6454.70826461381  79.7318
6454.94179780998  90.49858
6455.17533100615  64.54762
6455.40886420232  47.25042
6455.64239739848  75.22075
6455.87593059465  48.29908
6456.10946379082  39.97677
6456.34299698699  55.12516
6456.57653018316  63.79563
6456.81006337932  52.52125
6457.04359657549  49.32225
6457.27712977166  81.18842
6457.51066296783  96.90583
6457.744196164  52.3096
6457.97772936016  50.25418
6458.21126255633  86.03051
6458.4447957525  104.5057
6458.67832894867  102.0107
6458.91186214484  94.73896
6459.145395341  80.42593
6459.37892853717  64.94194
6459.61246173334  52.51914
6459.84599492951  86.29977
6460.07952812567  114.8098
6460.31306132184  73.34787
6460.54659451801  49.19578
6460.78012771418  82.87206
6461.01366091035  59.13132
6461.24719410651  77.72728
6461.48072730268  84.56933
6461.71426049885  100.1902
6461.94779369502  96.55116
6462.18132689119  54.0382
6462.41486008735  46.46516
6462.64839328352  81.21994
6462.88192647969  94.79167
6463.11545967586  125.3187
6463.34899287203  73.91587
6463.5825260682  51.70483
6463.81605926436  80.28567
6464.04959246053  69.71109
6464.2831256567  72.62135
6464.51665885287  73.52233
6464.75019204903  47.96329
6464.9837252452  89.08327
6465.21725844137  84.55148
6465.45079163754  63.23277
6465.68432483371  93.11753
6465.91785802987  101.8237
6466.15139122604  86.97851
6466.38492442221  73.63252
6466.61845761838  60.08708
6466.85199081455  64.13095
6467.08552401071  90.12675
6467.31905720688  94.65253
6467.55259040305  88.03349
6467.78612359922  116.6695
6468.01965679538  116.7843
6468.25318999155  102.5464
6468.48672318772  87.90704
6468.72025638389  91.42421
6468.95378958006  121.0391
6469.18732277622  116.7356
6469.42085597239  77.50559
6469.65438916856  82.52051
6469.88792236473  100.9476
6470.1214555609  82.86841
6470.35498875706  37.10097
6470.58852195323  92.40189
6470.8220551494  100.0862
6471.05558834557  93.03327
6471.28912154174  76.40503
6471.52265473791  68.17989
6471.75618793407  111.6891
6471.98972113024  143.2554
6472.22325432641  119.9323
6472.45678752258  107.5351
6472.69032071874  111.9537
6472.92385391491  102.1343
6473.15738711108  112.2393
6473.39092030725  111.7365
6473.62445350342  116.936
6473.85798669958  137.9003
6474.09151989575  132.955
6474.32505309192  118.878
6474.55858628809  108.6781
6474.79211948426  107.369
6475.02565268042  98.14893
6475.25918587659  81.39547
6475.49271907276  102.5593
6475.72625226893  88.51163
6475.9597854651  102.0786
6476.19331866126  143.8253
6476.42685185743  121.927
6476.6603850536  116.0027
6476.89391824977  118.2617
6477.12745144594  109.337
6477.3609846421  101.213
6477.59451783827  120.1662
6477.82805103444  98.70045
6478.06158423061  87.78632
6478.29511742678  142.8195
6478.52865062294  135.6432
6478.76218381911  95.78356
6478.99571701528  96.50337
6479.22925021145  101.8764
6479.46278340762  121.0439
6479.69631660378  72.56945
6479.92984979995  109.0959
6480.16338299612  105.502
6480.39691619229  108.3453
6480.63044938845  124.6992
6480.86398258462  148.6881
6481.09751578079  126.7538
6481.33104897696  144.5384
6481.56458217313  139.6923
6481.79811536929  92.7784
6482.03164856546  127.225
6482.26518176163  133.4801
6482.4987149578  107.3207
6482.73224815397  133.0289
6482.96578135013  104.3129
6483.1993145463  101.204
6483.43284774247  122.0865
6483.66638093864  142.1532
6483.89991413481  92.64156
6484.13344733097  102.3253
6484.36698052714  98.51591
6484.60051372331  133.8708
6484.83404691948  144.3016
6485.06758011564  138.7133
6485.30111331181  127.2851
6485.53464650798  122.9417
6485.76817970415  83.21898
6486.00171290032  65.05132
6486.23524609649  123.3108
6486.46877929265  142.3027
6486.70231248882  146.906
6486.93584568499  168.3179
6487.16937888116  131.0778
6487.40291207733  90.73994
6487.63644527349  95.09644
6487.86997846966  96.35416
6488.10351166583  136.6541
6488.337044862  133.8044
6488.57057805816  119.5983
6488.80411125433  108.0417
6489.0376444505  136.0733
6489.27117764667  143.4671
6489.50471084284  145.7525
6489.738244039  117.3657
6489.97177723517  92.87141
6490.20531043134  135.3659
6490.43884362751  181.302
6490.67237682368  152.9423
6490.90591001985  141.3377
6491.13944321601  162.6276
6491.37297641218  142.1261
6491.60650960835  115.415
6491.84004280452  108.262
6492.07357600068  108.094
6492.30710919685  101.9474
6492.54064239302  162.266
6492.77417558919  151.0217
6493.00770878536  152.8882
6493.24124198152  162.0006
6493.47477517769  137.0273
6493.70830837386  124.2629
6493.94184157003  126.4582
6494.1753747662  125.8065
6494.40890796236  148.9326
6494.64244115853  106.4698
6494.8759743547  114.3326
6495.10950755087  139.3654
6495.34304074704  137.017
6495.5765739432  145.7762
6495.81010713937  141.365
6496.04364033554  108.476
6496.27717353171  109.8559
6496.51070672788  117.0715
6496.74423992404  106.2824
6496.97777312021  117.5886
6497.21130631638  135.8259
6497.44483951255  130.9854
6497.67837270871  111.8413
6497.91190590488  131.2357
6498.14543910105  167.4458
6498.37897229722  165.4599
6498.61250549339  151.3442
6498.84603868955  152.6888
6499.07957188572  154.5692
6499.31310508189  141.5392
6499.54663827806  128.0892
6499.78017147423  137.2727
6500.01370467039  107.6789
6500.24723786656  109.7254
6500.48077106273  148.0712
6500.7143042589  139.9019
6500.94783745507  159.7183
6501.18137065124  160.4598
6501.4149038474  126.7626
6501.64843704357  150.5055
6501.88197023974  137.418
6502.11550343591  132.5207
6502.34903663207  134.6017
6502.58256982824  154.1945
6502.81610302441  141.5806
6503.04963622058  123.7561
6503.28316941675  125.5131
6503.51670261291  114.1249
6503.75023580908  119.5134
6503.98376900525  151.534
6504.21730220142  166.56
6504.45083539759  142.4399
6504.68436859375  144.0926
6504.91790178992  165.3515
6505.15143498609  152.1018
6505.38496818226  146.02
6505.61850137842  144.9377
6505.85203457459  97.77707
6506.08556777076  128.4767
6506.31910096693  139.
6506.5526341631  130.3359
6506.78616735926  174.0201
6507.01970055543  150.8399
6507.2532337516  164.1457
6507.48676694777  158.6863
6507.72030014394  138.9258
6507.95383334011  125.6027
6508.18736653627  146.3628
6508.42089973244  138.6498
6508.65443292861  131.4259
6508.88796612478  157.8267
6509.12149932094  170.1858
6509.35503251711  187.439
6509.58856571328  170.3999
6509.82209890945  161.1535
6510.05563210562  164.7116
6510.28916530179  132.7142
6510.52269849795  158.742
6510.75623169412  183.9007
6510.98976489029  143.9888
6511.22329808646  148.1234
6511.45683128262  146.5733
6511.69036447879  168.6423
6511.92389767496  173.6715
6512.15743087113  119.8692
6512.3909640673  170.6751
6512.62449726346  187.1467
6512.85803045963  158.044
6513.0915636558  158.0256
6513.32509685197  120.7093
6513.55863004814  148.3843
6513.7921632443  209.907
6514.02569644047  178.273
6514.25922963664  155.8874
6514.49276283281  145.1939
6514.72629602897  145.7914
6514.95982922514  167.9512
6515.19336242131  142.853
6515.42689561748  145.2202
6515.66042881365  172.569
6515.89396200982  152.1905
6516.12749520598  130.8475
6516.36102840215  142.3968
6516.59456159832  183.5594
6516.82809479449  143.8141
6517.06162799066  106.6789
6517.29516118682  148.0132
6517.52869438299  186.4315
6517.76222757916  168.4592
6517.99576077533  204.2628
6518.22929397149  197.8968
6518.46282716766  157.2074
6518.69636036383  165.4374
6518.92989356  182.7324
6519.16342675617  179.2337
6519.39695995233  135.7797
6519.6304931485  121.5544
6519.86402634467  141.3147
6520.09755954084  172.5213
6520.33109273701  199.4846
6520.56462593317  169.4829
6520.79815912934  137.84
6521.03169232551  153.6099
6521.26522552168  173.6443
6521.49875871785  165.6589
6521.73229191401  157.9779
6521.96582511018  160.5747
6522.19935830635  168.7991
6522.43289150252  197.312
6522.66642469868  171.8983
6522.89995789485  174.5155
6523.13349109102  192.9839
6523.36702428719  161.148
6523.60055748336  140.511
6523.83409067953  181.0431
6524.06762387569  156.7008
6524.30115707186  153.8047
6524.53469026803  182.2041
6524.7682234642  194.6812
6525.00175666037  150.6033
6525.23528985653  168.5638
6525.4688230527  147.5783
6525.70235624887  161.4666
6525.93588944504  200.0885
6526.16942264121  161.4682
6526.40295583737  209.9822
6526.63648903354  171.1518
6526.87002222971  151.4557
6527.10355542588  201.5458
6527.33708862204  199.789
6527.57062181821  165.7323
6527.80415501438  178.82
6528.03768821055  150.0522
6528.27122140672  166.5704
6528.50475460288  159.1729
6528.73828779905  150.1456
6528.97182099522  168.0078
6529.20535419139  156.8358
6529.43888738756  149.9777
6529.67242058372  153.2158
6529.90595377989  194.0997
6530.13948697606  206.5112
6530.37302017223  179.0204
6530.6065533684  176.4611
6530.84008656456  178.1856
6531.07361976073  210.0254
6531.3071529569  203.3443
6531.54068615307  162.5522
6531.77421934924  159.2521
6532.0077525454  182.1894
6532.24128574157  183.7956
6532.47481893774  174.1272
6532.70835213391  185.4037
6532.94188533008  179.066
6533.17541852624  198.0618
6533.40895172241  235.4007
6533.64248491858  186.6573
6533.87601811475  171.6783
6534.10955131091  186.9944
6534.34308450708  167.6747
6534.57661770325  173.5998
6534.81015089942  166.1327
6535.04368409559  175.7649
6535.27721729176  165.6509
6535.51075048792  186.6541
6535.74428368409  156.5534
6535.97781688026  174.9192
6536.21135007643  231.6307
6536.44488327259  205.8251
6536.67841646876  206.6981
6536.91194966493  230.261
6537.1454828611  200.8884
6537.37901605727  189.8716
6537.61254925343  214.7752
6537.8460824496  203.3406
6538.07961564577  203.8271
6538.31314884194  200.2926
6538.54668203811  190.0114
6538.78021523427  198.071
6539.01374843044  181.8787
6539.24728162661  165.3952
6539.48081482278  226.6024
6539.71434801895  232.8609
6539.94788121512  207.1384
6540.18141441128  222.9168
6540.41494760745  209.3139
6540.64848080362  165.1238
6540.88201399979  171.9713
6541.11554719595  209.3504
6541.34908039212  207.588
6541.58261358829  210.3309
6541.81614678446  197.0592
6542.04967998063  229.5619
6542.28321317679  215.565
6542.51674637296  197.8466
6542.75027956913  224.1083
6542.9838127653  211.6065
6543.21734596146  193.5202
6543.45087915763  204.6267
6543.6844123538  212.9199
6543.91794554997  181.8896
6544.15147874614  218.6294
6544.38501194231  176.0983
6544.61854513847  206.8718
6544.85207833464  215.2868
6545.08561153081  225.9701
6545.31914472698  209.0155
6545.55267792315  225.646
6545.78621111931  203.9382
6546.01974431548  193.364
6546.25327751165  244.0179
6546.48681070782  249.5207
6546.72034390398  219.5811
6546.95387710015  255.3379
6547.18741029632  265.8897
6547.42094349249  238.2457
6547.65447668866  232.2951
6547.88800988482  220.0381
6548.12154308099  245.8643
6548.35507627716  261.6216
6548.58860947333  223.4328
6548.8221426695  227.1918
6549.05567586566  265.4861
6549.28920906183  243.0991
6549.522742258  217.0103
6549.75627545417  271.8331
6549.98980865034  277.4696
6550.2233418465  265.6907
6550.45687504267  243.0735
6550.69040823884  258.7198
6550.92394143501  269.9607
6551.15747463118  287.2662
6551.39100782734  294.1142
6551.62454102351  310.0291
6551.85807421968  344.847
6552.09160741585  299.0537
6552.32514061201  321.7914
6552.55867380818  319.8528
6552.79220700435  280.1224
6553.02574020052  326.9635
6553.25927339669  313.5919
6553.49280659285  312.9327
6553.72633978902  283.3514
6553.95987298519  276.9273
6554.19340618136  316.112
6554.42693937753  328.3618
6554.6604725737  338.216
6554.89400576986  322.6261
6555.12753896603  307.695
6555.3610721622  320.0237
6555.59460535837  294.2137
6555.82813855453  344.8114
6556.0616717507  345.6715
6556.29520494687  308.642
6556.52873814304  289.7303
6556.76227133921  313.6429
6556.99580453537  315.2946
6557.22933773154  279.3865
6557.46287092771  293.5728
6557.69640412388  270.1683
6557.92993732005  248.2548
6558.16347051621  289.2797
6558.39700371238  278.416
6558.63053690855  229.4245
6558.86407010472  275.7221
6559.09760330089  265.9213
6559.33113649705  267.1172
6559.56466969322  274.0858
6559.79820288939  280.8509
6560.03173608556  301.5351
6560.26526928172  303.7941
6560.49880247789  312.7515
6560.73233567406  296.8258
6560.96586887023  291.2141
6561.1994020664  290.2841
6561.43293526256  312.7314
6561.66646845873  342.4501
6561.9000016549  297.615
6562.13353485107  332.1803
6562.36706804724  334.8067
6562.60060124341  267.0982
6562.83413443957  232.3865
6563.06766763574  271.1553
6563.30120083191  302.8202
6563.53473402808  308.1613
6563.76826722425  284.7359
6564.00180042041  309.9579
6564.23533361658  313.6928
6564.46886681275  278.6802
6564.70240000892  299.2084
6564.93593320509  319.8372
6565.16946640125  307.5946
6565.40299959742  287.3024
6565.63653279359  272.9031
6565.87006598976  271.8638
6566.10359918592  263.8692
6566.33713238209  241.6797
6566.57066557826  249.1355
6566.80419877443  247.5547
6567.0377319706  241.4617
6567.27126516676  279.39
6567.50479836293  281.2466
6567.7383315591  260.5617
6567.97186475527  257.5308
6568.20539795144  267.3326
6568.4389311476  268.1308
6568.67246434377  256.2893
6568.90599753994  263.2725
6569.13953073611  248.934
6569.37306393228  232.7689
6569.60659712844  242.8081
6569.84013032461  230.5066
6570.07366352078  231.9156
6570.30719671695  251.1105
6570.54072991312  250.9528
6570.77426310928  266.0259
6571.00779630545  258.7278
6571.24132950162  250.215
6571.47486269779  241.9908
6571.70839589395  216.6832
6571.94192909012  223.169
6572.17546228629  284.7228
6572.40899548246  273.0783
6572.64252867863  247.3257
6572.87606187479  255.8175
6573.10959507096  250.8394
6573.34312826713  211.0744
6573.5766614633  220.5582
6573.81019465947  229.3458
6574.04372785563  199.441
6574.2772610518  191.1058
6574.51079424797  223.55
6574.74432744414  226.2106
6574.97786064031  202.6172
6575.21139383647  207.9155
6575.44492703264  217.4767
6575.67846022881  224.4555
6575.91199342498  233.279
6576.14552662115  239.1745
6576.37905981731  236.5529
6576.61259301348  199.6382
6576.84612620965  202.1472
6577.07965940582  249.1534
6577.31319260199  272.5931
6577.54672579816  231.8248
6577.78025899432  218.7512
6578.01379219049  236.6799
6578.24732538666  254.4155
6578.48085858283  185.6735
6578.71439177899  186.7603
6578.94792497516  233.885
6579.18145817133  227.6946
6579.4149913675  199.9956
6579.64852456367  202.928
6579.88205775983  208.9764
6580.115590956  253.7308
6580.34912415217  253.207
6580.58265734834  213.032
6580.81619054451  217.2465
6581.04972374067  158.0739
6581.28325693684  182.9515
6581.51679013301  188.9425
6581.75032332918  188.2713
6581.98385652534  176.717
6582.21738972151  191.0156
6582.45092291768  190.8371
6582.68445611385  226.8143
6582.91798931002  189.1612
6583.15152250619  183.4375
6583.38505570235  162.8619
6583.61858889852  187.0782
6583.85212209469  217.0101
6584.08565529086  211.8849
6584.31918848703  202.7995
6584.55272168319  200.8847
6584.78625487936  196.4739
6585.01978807553  231.5882
6585.2533212717  218.1921
6585.48685446786  218.8505
6585.72038766403  176.0845
6585.9539208602  227.2159
6586.18745405637  195.9579
6586.42098725254  156.2533
6586.6545204487  186.6854
6586.88805364487  192.7973
6587.12158684104  168.2311
6587.35512003721  164.0309
6587.58865323338  197.5234
6587.82218642954  189.4031
6588.05571962571  189.868
6588.28925282188  202.5865
6588.52278601805  201.3328
6588.75631921422  167.7923
6588.98985241038  174.4665
6589.22338560655  201.0473
6589.45691880272  196.7131
6589.69045199889  179.8952
6589.92398519506  213.7933
6590.15751839122  240.0756
6590.39105158739  180.3238
6590.62458478356  166.2561
6590.85811797973  180.5515
6591.09165117589  197.4911
6591.32518437206  198.5316
6591.55871756823  174.2953
6591.7922507644  181.7842
6592.02578396057  198.937
6592.25931715674  194.9587
6592.4928503529  171.91
6592.72638354907  197.8197
6592.95991674524  206.5342
6593.19344994141  194.4247
6593.42698313757  175.7078
6593.66051633374  176.4251
6593.89404952991  176.6511
6594.12758272608  173.0779
6594.36111592225  187.5394
6594.59464911842  154.5425
6594.82818231458  203.8282
6595.06171551075  222.2555
6595.29524870692  183.3515
6595.52878190309  196.1311
6595.76231509925  187.3879
6595.99584829542  178.8306
6596.22938149159  210.2194
6596.46291468776  189.7364
6596.69644788393  189.4842
6596.92998108009  174.5264
6597.16351427626  177.2993
6597.39704747243  176.4516
6597.6305806686  165.1651
6597.86411386476  187.155
6598.09764706093  186.5726
6598.3311802571  171.7398
6598.56471345327  196.1722
6598.79824664944  193.7402
6599.03177984561  203.845
6599.26531304177  158.7403
6599.49884623794  155.4656
6599.73237943411  209.3914
6599.96591263028  185.9
6600.19944582645  175.3168
6600.43297902261  179.5015
6600.66651221878  188.8218
6600.90004541495  158.7383
6601.13357861112  171.3071
6601.36711180728  149.4024
6601.60064500345  148.0814
6601.83417819962  164.8425
6602.06771139579  186.0566
6602.30124459196  137.7448
6602.53477778813  147.3557
6602.76831098429  179.8829
6603.00184418046  153.6322
6603.23537737663  173.8459
6603.4689105728  201.6015
6603.70244376896  186.4212
6603.93597696513  194.8018
6604.1695101613  197.4402
6604.40304335747  198.8529
6604.63657655364  144.3758
6604.8701097498  128.8842
6605.10364294597  146.7025
6605.33717614214  156.0907
6605.57070933831  157.4835
6605.80424253448  160.9891
6606.03777573064  134.9698
6606.27130892681  141.9964
6606.50484212298  159.7106
6606.73837531915  168.0398
6606.97190851532  189.4941
6607.20544171148  173.8256
6607.43897490765  177.9407
6607.67250810382  190.5989
6607.90604129999  166.7744
6608.13957449616  158.0441
6608.37310769232  168.1129
6608.60664088849  175.5226
6608.84017408466  178.1456
6609.07370728083  189.7376
6609.30724047699  194.9112
6609.54077367316  154.8814
6609.77430686933  157.1785
6610.0078400655  172.4184
6610.24137326167  148.82
6610.47490645783  155.7451
6610.708439654  184.164
6610.94197285017  166.3098
6611.17550604634  131.3621
6611.40903924251  115.4733
6611.64257243867  145.9001
6611.87610563484  171.2672
6612.10963883101  169.408
6612.34317202718  164.5018
6612.57670522335  147.4553
6612.81023841951  163.8383
6613.04377161568  120.3862
6613.27730481185  153.2732
6613.51083800802  172.8092
6613.74437120419  170.0227
6613.97790440035  163.7482
6614.21143759652  180.364
6614.44497079269  173.4618
6614.67850398886  180.5392
6614.91203718503  188.7756
6615.14557038119  161.0604
6615.37910357736  146.4808
6615.61263677353  142.5986
6615.8461699697  177.7332
6616.07970316587  141.4104
6616.31323636203  141.793
6616.5467695582  152.067
6616.78030275437  165.1081
6617.01383595054  181.7853
6617.24736914671  180.2938
6617.48090234287  151.8465
6617.71443553904  205.5923
6617.94796873521  148.3929
6618.18150193138  129.5228
6618.41503512755  150.4095
6618.64856832371  145.5105
6618.88210151988  164.3076
6619.11563471605  149.6574
6619.34916791222  155.9851
6619.58270110839  165.4722
6619.81623430455  162.2507
6620.04976750072  179.996
6620.28330069689  173.6507
6620.51683389306  142.9316
6620.75036708922  145.0209
6620.98390028539  125.1749
6621.21743348156  102.4312
6621.45096667773  112.5363
6621.6844998739  113.5821
6621.91803307006  175.6765
6622.15156626623  151.8551
6622.3850994624  155.1079
6622.61863265857  124.6555
6622.85216585474  121.1743
6623.0856990509  113.3995
6623.31923224707  125.7271
6623.55276544324  142.134
6623.78629863941  113.2893
6624.01983183558  110.0361
6624.25336503174  161.5499
6624.48689822791  142.6622
6624.72043142408  118.3137
6624.95396462025  137.3377
6625.18749781642  155.761
6625.42103101258  135.9446
6625.65456420875  145.4606
6625.88809740492  121.7468
6626.12163060109  118.5796
6626.35516379725  131.0002
6626.58869699342  121.1198
6626.82223018959  135.7891
6627.05576338576  171.917
6627.28929658193  157.3673
6627.5228297781  162.2771
6627.75636297426  183.9259
6627.98989617043  123.719
6628.2234293666  172.2846
6628.45696256277  154.5984
6628.69049575893  110.2616
6628.9240289551  129.3026
6629.15756215127  147.8754
6629.39109534744  152.7769
6629.62462854361  169.6428
6629.85816173977  166.9439
6630.09169493594  120.0503
6630.32522813211  107.4486
6630.55876132828  127.5126
6630.79229452445  118.3224
6631.02582772062  129.8571
6631.25936091678  144.5126
6631.49289411295  138.7567
6631.72642730912  144.8438
6631.95996050529  131.3006
6632.19349370146  113.4348
6632.42702689762  114.3546
6632.66056009379  123.2352
6632.89409328996  147.1745
6633.12762648613  133.4472
6633.36115968229  140.6833
6633.59469287846  138.6059
6633.82822607463  136.7403
6634.0617592708  129.248
6634.29529246697  180.8835
6634.52882566313  153.4387
6634.7623588593  138.7718
6634.99589205547  151.0045
6635.22942525164  103.0835
6635.46295844781  135.631
6635.69649164397  128.0206
6635.93002484014  140.7505
6636.16355803631  149.4899
6636.39709123248  122.2953
6636.63062442865  130.855
6636.86415762481  172.7702
6637.09769082098  143.1326
6637.33122401715  114.9702
6637.56475721332  130.4282
6637.79829040949  122.1857
6638.03182360565  141.6805
6638.26535680182  141.9362
6638.49888999799  152.0431
6638.73242319416  144.0031
6638.96595639032  136.7735
6639.19948958649  88.65646
6639.43302278266  132.3777
6639.66655597883  133.8375
6639.900089175  104.1857
6640.13362237116  165.1702
6640.36715556733  143.0958
6640.6006887635  147.4742
6640.83422195967  89.50328
6641.06775515584  109.06
6641.301288352  122.6675
6641.53482154817  140.4623
6641.76835474434  123.0421
6642.00188794051  127.1616
6642.23542113668  102.2648
6642.46895433284  100.2047
6642.70248752901  128.4186
6642.93602072518  134.7817
6643.16955392135  127.6627
6643.40308711752  109.4431
6643.63662031368  104.0099
6643.87015350985  111.6845
6644.10368670602  78.66813
6644.33721990219  81.08736
6644.57075309836  120.7986
6644.80428629452  133.9276
6645.03781949069  123.5971
6645.27135268686  83.96838
6645.50488588303  127.4684
6645.7384190792  136.3768
6645.97195227536  115.2067
6646.20548547153  126.311
6646.4390186677  111.7092
6646.67255186387  101.9202
6646.90608506003  129.4407
6647.1396182562  114.4484
6647.37315145237  98.85088
6647.60668464854  104.671
6647.84021784471  97.30334
6648.07375104087  98.53854
6648.30728423704  106.6516
6648.54081743321  118.2189
6648.77435062938  132.5327
6649.00788382555  110.2468
6649.24141702172  124.4679
6649.47495021788  114.0737
6649.70848341405  138.69
6649.94201661022  134.7864
6650.17554980639  105.2064
6650.40908300255  116.5076
6650.64261619872  119.2267
6650.87614939489  108.7242
6651.10968259106  118.0506
6651.34321578723  110.055
6651.57674898339  130.6111
6651.81028217956  125.3972
6652.04381537573  112.5583
6652.2773485719  126.752
6652.51088176807  103.939
6652.74441496423  122.1634
6652.9779481604  131.7204
6653.21148135657  113.9627
6653.44501455274  97.05121
6653.67854774891  107.7377
6653.91208094507  89.31105
6654.14561414124  101.7442
6654.37914733741  90.91689
6654.61268053358  81.40553
6654.84621372975  117.0239
6655.07974692591  92.57023
6655.31328012208  110.4484
6655.54681331825  130.3874
6655.78034651442  116.3481
6656.01387971059  101.4707
6656.24741290675  86.17488
6656.48094610292  97.66685
6656.71447929909  90.81649
6656.94801249526  84.33668
6657.18154569143  74.84581
6657.41507888759  59.84097
6657.64861208376  53.44308
6657.88214527993  75.32132
6658.1156784761  92.37891
6658.34921167226  105.35
6658.58274486843  65.32893
6658.8162780646  82.10581
6659.04981126077  82.22546
6659.28334445694  90.37152
6659.5168776531  87.15554
6659.75041084927  94.57887
6659.98394404544  83.39286
6660.21747724161  77.38488
6660.45101043778  93.74864
6660.68454363394  107.985
6660.91807683011  83.52657
6661.15161002628  80.7578
6661.38514322245  109.582
6661.61867641862  62.28482
6661.85220961478  67.49226
6662.08574281095  76.24241
6662.31927600712  81.73006
6662.55280920329  56.83383
6662.78634239946  64.09388
6663.01987559562  74.33524
6663.25340879179  51.15958
6663.48694198796  61.832
6663.72047518413  40.91636
6663.95400838029  54.54838
6664.18754157646  47.59784
6664.42107477263  64.86454
6664.6546079688  95.81689
6664.88814116497  77.82698
6665.12167436113  63.52013
6665.3552075573  68.81573
6665.58874075347  81.02746
6665.82227394964  67.48521
6666.05580714581  33.77869
6666.28934034198  55.84025
6666.52287353814  66.89391
6666.75640673431  73.02482
6666.98993993048  68.1353
6667.22347312665  64.59224
6667.45700632281  78.09435
6667.69053951898  64.0174
6667.92407271515  50.69565
6668.15760591132  59.23965
6668.39113910749  45.07042
6668.62467230365  58.88271
6668.85820549982  44.54245
6669.09173869599  61.32718
6669.32527189216  50.68422
6669.55880508833  64.92016
6669.7923382845  45.59334
6670.02587148066  55.00059
6670.25940467683  50.71981
6670.492937873  34.17676
6670.72647106916  58.07768
6670.96000426533  47.29883
6671.1935374615  58.82101
6671.42707065767  72.26393
6671.66060385384  25.61415
6671.89413705001  31.98142
6672.12767024617  38.0433
6672.36120344234  57.93002
6672.59473663851  65.99398
6672.82826983468  53.55056
6673.06180303085  44.62684
6673.29533622701  64.73845
6673.52886942318  31.69311
6673.76240261935  32.30139
6673.99593581552  46.55651
6674.22946901169  26.95841
6674.46300220785  39.8442
6674.69653540402  14.72843
6674.93006860019  37.54623
6675.16360179636  55.36702
6675.39713499253  19.94522
6675.63066818869  9.840908
6675.86420138486  19.66659
6676.09773458103  43.1676
6676.3312677772  47.68846
6676.56480097336  34.3373
6676.79833416953  20.89036
6677.0318673657  53.76733
6677.26540056187  32.16855
6677.49893375804  38.23793
6677.7324669542  28.08225
6677.96600015037  12.21779
6678.19953334654  37.5941
6678.43306654271  31.52328
6678.66659973888  30.28155
6678.90013293504  61.55072
6679.13366613121  32.68305
6679.36719932738  2.647481
6679.60073252355  56.52496
6679.83426571972  63.94008
6680.06779891588  40.11144
6680.30133211205  8.23613
6680.53486530822  19.13249
6680.76839850439  33.46175
6681.00193170056  27.19078
6681.23546489672  10.70736
6681.46899809289  -4.427708
6681.70253128906  15.60938
6681.93606448523  37.83818
6682.1695976814  -3.853039
6682.40313087756  67.38211
6682.63666407373  28.18169
6682.8701972699  6.395839
6683.10373046607  38.17136
6683.33726366224  21.12392
6683.5707968584  4.858585
6683.80433005457  24.78755
6684.03786325074  16.40143
6684.27139644691  -0.530154
6684.50492964307  26.59761
6684.73846283924  33.25962
6684.97199603541  16.75733
6685.20552923158  17.99904
6685.43906242775  2.873863
6685.67259562392  44.77648
6685.90612882008  25.29945
6686.13966201625  8.061279
6686.37319521242  23.03668
6686.60672840859  -3.391887
6686.84026160476  -6.979638
6687.07379480092  29.42253
6687.30732799709  38.87085
6687.54086119326  11.17598
6687.77439438943  4.262988
6688.00792758559  -8.734305
6688.24146078176  -1.112548
6688.47499397793  20.54946
6688.7085271741  46.58175
6688.94206037027  20.91376
6689.17559356643  21.87334
6689.4091267626  28.6159
6689.64265995877  23.55844
6689.87619315494  36.5499
6690.10972635111  13.48563
6690.34325954727  2.575545
6690.57679274344  14.34628
6690.81032593961  -4.476382
6691.04385913578  -29.99675
6691.27739233195  -23.11386
6691.51092552811  21.67759
