6452.8346184616  70.6108
6453.06861709542  62.98219
6453.30261572923  59.62674
6453.53661436305  68.12773
6453.77061299687  52.88723
6454.00461163069  45.89773
6454.2386102645  56.80263
6454.47260889832  64.07814
6454.70660753214  90.41473
6454.94060616595  87.93362
6455.17460479977  65.88982
6455.40860343359  59.23082
6455.64260206741  72.94184
6455.87660070122  98.56962
6456.11059933504  66.35336
6456.34459796886  52.33251
6456.57859660267  94.53603
6456.81259523649  69.74505
6457.04659387031  74.26418
6457.28059250412  52.33986
6457.51459113794  40.62729
6457.74858977176  65.74537
6457.98258840558  85.82687
6458.21658703939  99.04809
6458.45058567321  105.7228
6458.68458430703  81.53104
6458.91858294085  58.78199
6459.15258157466  81.81439
6459.38658020848  95.33939
6459.6205788423  81.93163
6459.85457747611  73.29082
6460.08857610993  93.6953
6460.32257474375  99.83665
6460.55657337757  101.8301
6460.79057201138  108.5828
6461.0245706452  107.9479
6461.25856927902  107.8866
6461.49256791283  96.63934
6461.72656654665  82.60705
6461.96056518047  92.14885
6462.19456381428  41.43106
6462.4285624481  46.50961
6462.66256108192  74.15433
6462.89655971574  94.85577
6463.13055834955  89.02217
6463.36455698337  63.41107
6463.59855561719  67.22201
6463.832554251  110.7722
6464.06655288482  122.526
6464.30055151864  66.08208
6464.53455015246  122.0406
6464.76854878627  56.12671
6465.00254742009  61.71049
6465.23654605391  86.68696
6465.47054468772  94.1137
6465.70454332154  121.6685
6465.93854195536  97.98756
6466.17254058918  67.01344
6466.40653922299  92.68098
6466.64053785681  89.46693
6466.87453649063  99.6832
6467.10853512444  62.85096
6467.34253375826  80.88015
6467.57653239208  114.1133
6467.8105310259  109.0958
6468.04452965971  61.95039
6468.27852829353  93.45043
6468.51252692735  103.0301
6468.74652556116  83.02348
6468.98052419498  99.85599
6469.2145228288  110.557
6469.44852146262  114.7489
6469.68252009643  86.08282
6469.91651873025  108.8564
6470.15051736407  81.35019
6470.38451599788  90.89248
6470.6185146317  94.3528
6470.85251326552  118.3514
6471.08651189934  145.7126
6471.32051053315  107.1331
6471.55450916697  76.62043
6471.78850780079  101.079
6472.0225064346  99.90082
6472.25650506842  101.7108
6472.49050370224  132.0803
6472.72450233606  97.92454
6472.95850096987  113.7898
6473.19249960369  131.143
6473.42649823751  101.5549
6473.66049687132  79.20145
6473.89449550514  123.0041
6474.12849413896  157.6901
6474.36249277277  104.6664
6474.59649140659  100.3819
6474.83049004041  131.0596
6475.06448867423  126.8626
6475.29848730804  126.4065
6475.53248594186  117.7766
6475.76648457568  110.8439
6476.00048320949  128.2817
6476.23448184331  118.6565
6476.46848047713  122.9935
6476.70247911095  150.795
6476.93647774476  145.0639
6477.17047637858  129.8871
6477.4044750124  101.8555
6477.63847364621  98.49179
6477.87247228003  120.6738
6478.10647091385  131.1197
6478.34046954767  132.9578
6478.57446818148  107.6472
6478.8084668153  103.0544
6479.04246544912  126.1958
6479.27646408294  109.742
6479.51046271675  123.8916
6479.74446135057  128.432
6479.97845998439  123.7915
6480.2124586182  127.1047
6480.44645725202  130.4478
6480.68045588584  123.2011
6480.91445451965  121.7323
6481.14845315347  145.4263
6481.38245178729  128.2242
6481.61645042111  105.2006
6481.85044905492  129.8724
6482.08444768874  127.3784
6482.31844632256  141.3286
6482.55244495637  150.648
6482.78644359019  132.6385
6483.02044222401  140.1418
6483.25444085782  118.5534
6483.48843949164  134.6029
6483.72243812546  104.895
6483.95643675928  110.4735
6484.19043539309  123.2124
6484.42443402691  132.5284
6484.65843266073  91.36824
6484.89243129455  112.2493
6485.12642992836  109.3095
6485.36042856218  147.6653
6485.594427196  123.2303
6485.82842582981  107.0907
6486.06242446363  129.0775
6486.29642309745  147.9847
6486.53042173127  135.5839
6486.76442036508  138.8022
6486.9984189989  159.1719
6487.23241763272  127.0747
6487.46641626653  147.0437
6487.70041490035  175.3656
6487.93441353417  109.2979
6488.16841216798  114.0697
6488.4024108018  125.1923
6488.63640943562  145.7773
6488.87040806944  123.2229
6489.10440670325  166.8581
6489.33840533707  171.1787
6489.57240397089  158.5642
6489.8064026047  131.1537
6490.04040123852  155.17
6490.27439987234  143.7964
6490.50839850616  141.0867
6490.74239713997  150.2036
6490.97639577379  153.6324
6491.21039440761  131.7046
6491.44439304142  113.3191
6491.67839167524  144.075
6491.91239030906  149.4172
6492.14638894288  141.0988
6492.38038757669  138.8308
6492.61438621051  137.0649
6492.84838484433  142.8048
6493.08238347814  191.6928
6493.31638211196  180.0904
6493.55038074578  150.7117
6493.7843793796  127.6733
6494.01837801341  152.0584
6494.25237664723  144.8401
6494.48637528105  116.819
6494.72037391486  176.1189
6494.95437254868  183.6257
6495.1883711825  153.0643
6495.42236981631  134.0091
6495.65636845013  116.9124
6495.89036708395  141.5266
6496.12436571777  165.4643
6496.35836435158  134.2127
6496.5923629854  97.28773
6496.82636161922  113.3572
6497.06036025303  152.7864
6497.29435888685  159.7749
6497.52835752067  155.8341
6497.76235615448  147.8452
6497.9963547883  158.7522
6498.23035342212  130.3501
6498.46435205594  107.3907
6498.69835068975  127.2696
6498.93234932357  164.8125
6499.16634795739  146.2484
6499.40034659121  159.8881
6499.63434522502  181.0254
6499.86834385884  138.6393
6500.10234249266  130.464
6500.33634112648  148.4394
6500.57033976029  135.1916
6500.80433839411  117.4195
6501.03833702793  157.1247
6501.27233566174  200.1109
6501.50633429556  190.2646
6501.74033292938  166.7652
6501.97433156319  141.8215
6502.20833019701  129.608
6502.44232883083  145.3141
6502.67632746464  150.1882
6502.91032609846  145.7306
6503.14432473228  152.3716
6503.3783233661  162.7974
6503.61232199991  170.1317
6503.84632063373  154.6251
6504.08031926755  109.389
6504.31431790136  193.2473
6504.54831653518  173.4441
6504.782315169  129.2248
6505.01631380282  134.8137
6505.25031243663  94.41962
6505.48431107045  137.4715
6505.71830970427  113.0121
6505.95230833809  141.102
6506.1863069719  177.6351
6506.42030560572  166.4248
6506.65430423954  138.9953
6506.88830287335  170.032
6507.12230150717  145.9842
6507.35630014099  107.8797
6507.5902987748  142.6265
6507.82429740862  180.649
6508.05829604244  164.3444
6508.29229467626  172.217
6508.52629331007  188.809
6508.76029194389  166.3396
6508.99429057771  185.2928
6509.22828921152  187.956
6509.46228784534  152.8225
6509.69628647916  154.9619
6509.93028511298  157.2493
6510.16428374679  121.9464
6510.39828238061  139.4145
6510.63228101443  132.6535
6510.86627964824  134.828
6511.10027828206  134.7236
6511.33427691588  197.1242
6511.5682755497  189.1295
6511.80227418351  186.4135
6512.03627281733  166.9288
6512.27027145115  148.5904
6512.50427008496  179.6335
6512.73826871878  148.9575
6512.9722673526  159.6692
6513.20626598641  168.4096
6513.44026462023  147.6936
6513.67426325405  157.1984
6513.90826188787  169.9367
6514.14226052168  212.654
6514.3762591555  198.1129
6514.61025778932  172.5855
6514.84425642314  154.4594
6515.07825505695  157.9613
6515.31225369077  192.4485
6515.54625232459  190.7033
6515.7802509584  158.2121
6516.01424959222  119.1743
6516.24824822604  148.7995
6516.48224685985  167.078
6516.71624549367  150.319
6516.95024412749  181.1757
6517.18424276131  175.6603
6517.41824139512  187.4103
6517.65224002894  162.6176
6517.88623866276  164.8348
6518.12023729657  144.6052
6518.35423593039  159.6284
6518.58823456421  208.8105
6518.82223319803  176.5933
6519.05623183184  165.2326
6519.29023046566  138.1829
6519.52422909948  171.0838
6519.75822773329  193.5531
6519.99222636711  196.9473
6520.22622500093  177.8132
6520.46022363475  197.3707
6520.69422226856  164.0596
6520.92822090238  136.0776
6521.1622195362  182.0857
6521.39621817001  171.6303
6521.63021680383  167.0518
6521.86421543765  168.6003
6522.09821407147  144.0191
6522.33221270528  152.8836
6522.5662113391  176.107
6522.80020997292  194.0894
6523.03420860673  231.4151
6523.26820724055  211.5645
6523.50220587437  160.1015
6523.73620450818  157.4838
6523.970203142  170.6019
6524.20420177582  191.4505
6524.43820040964  168.1382
6524.67219904345  169.7207
6524.90619767727  213.6257
6525.14019631109  194.881
6525.37419494491  162.0664
6525.60819357872  148.1947
6525.84219221254  164.9295
6526.07619084636  197.5179
6526.31018948017  180.707
6526.54418811399  192.7808
6526.77818674781  212.4411
6527.01218538162  176.076
6527.24618401544  183.1639
6527.48018264926  193.2027
6527.71418128308  198.5534
6527.94817991689  216.3452
6528.18217855071  176.6498
6528.41617718453  174.6764
6528.65017581835  165.0782
6528.88417445216  185.0139
6529.11817308598  182.1571
6529.3521717198  180.3389
6529.58617035361  141.1506
6529.82016898743  174.8442
6530.05416762125  181.4937
6530.28816625506  206.4906
6530.52216488888  174.6728
6530.7561635227  159.4629
6530.99016215652  177.8202
6531.22416079033  194.4606
6531.45815942415  160.1156
6531.69215805797  140.7425
6531.92615669178  168.7974
6532.1601553256  165.4091
6532.39415395942  176.2559
6532.62815259324  184.8954
6532.86215122705  163.1593
6533.09614986087  161.2864
6533.33014849469  197.7245
6533.5641471285  217.2825
6533.79814576232  225.5142
6534.03214439614  239.3878
6534.26614302996  189.1861
6534.50014166377  161.4353
6534.73414029759  174.1898
6534.96813893141  207.6548
6535.20213756522  209.2719
6535.43613619904  193.5812
6535.67013483286  161.4905
6535.90413346668  207.1515
6536.13813210049  176.2594
6536.37213073431  203.9614
6536.60612936813  210.9084
6536.84012800194  209.3587
6537.07412663576  194.1439
6537.30812526958  169.8539
6537.5421239034  216.4429
6537.77612253721  249.724
6538.01012117103  220.7537
6538.24411980485  165.2985
6538.47811843866  199.6305
6538.71211707248  170.9681
6538.9461157063  193.6959
6539.18011434011  199.0239
6539.41411297393  189.6865
6539.64811160775  204.9064
6539.88211024157  219.4062
6540.11610887538  211.378
6540.3501075092  233.3087
6540.58410614302  229.7401
6540.81810477683  204.5781
6541.05210341065  194.8903
6541.28610204447  230.9188
6541.52010067828  198.7061
6541.7540993121  191.7553
6541.98809794592  198.9745
6542.22209657974  183.9743
6542.45609521355  193.981
6542.69009384737  200.0291
6542.92409248119  211.8591
6543.15809111501  213.5247
6543.39208974882  224.0166
6543.62608838264  230.4376
6543.86008701646  218.0529
6544.09408565027  209.5899
6544.32808428409  194.846
6544.56208291791  183.1069
6544.79608155172  214.0545
6545.03008018554  237.0719
6545.26407881936  209.0381
6545.49807745318  183.1726
6545.73207608699  192.4706
6545.96607472081  217.1233
6546.20007335463  236.2678
6546.43407198845  197.9846
6546.66807062226  202.1891
6546.90206925608  208.4401
6547.1360678899  218.9636
6547.37006652371  218.8345
6547.60406515753  225.7296
6547.83806379135  237.0222
6548.07206242517  239.1935
6548.30606105898  193.8427
6548.5400596928  234.1616
6548.77405832661  259.3015
6549.00805696043  273.86
6549.24205559425  214.3549
6549.47605422807  204.8539
6549.71005286189  265.3193
6549.9440514957  284.337
6550.17805012952  270.7819
6550.41204876333  222.6407
6550.64604739715  251.1432
6550.88004603097  259.9518
6551.11404466479  243.6673
6551.3480432986  261.0817
6551.58204193242  223.7334
6551.81604056624  249.9035
6552.05003920006  261.5522
6552.28403783387  259.2584
6552.51803646769  264.0698
6552.75203510151  253.7031
6552.98603373532  259.2308
6553.22003236914  288.9606
6553.45403100296  287.3293
6553.68802963677  280.4023
6553.92202827059  292.0873
6554.15602690441  289.2323
6554.39002553823  308.0911
6554.62402417204  271.7811
6554.85802280586  246.7651
6555.09202143968  260.9905
6555.3260200735  293.7848
6555.56001870731  274.5059
6555.79401734113  260.8238
6556.02801597495  277.9272
6556.26201460876  266.8232
6556.49601324258  310.5386
6556.7300118764  300.2723
6556.96401051021  272.249
6557.19800914403  316.6523
6557.43200777785  301.2318
6557.66600641167  303.9986
6557.90000504548  335.3266
6558.1340036793  305.9209
6558.36800231312  323.5485
6558.60200094693  333.9236
6558.83599958075  292.7315
6559.06999821457  330.7655
6559.30399684839  345.3013
6559.5379954822  300.1753
6559.77199411602  289.3362
6560.00599274984  358.0757
6560.23999138365  354.9114
6560.47399001747  330.7502
6560.70798865129  306.4594
6560.94198728511  340.7293
6561.17598591892  380.3762
6561.40998455274  352.4233
6561.64398318656  348.2481
6561.87798182037  376.1289
6562.11198045419  324.2153
6562.34597908801  352.032
6562.57997772183  357.4568
6562.81397635564  332.4003
6563.04797498946  334.0681
6563.28197362328  376.3296
6563.51597225709  377.3616
6563.74997089091  351.4472
6563.98396952473  366.7772
6564.21796815854  363.271
6564.45196679236  404.2846
6564.68596542618  373.3963
6564.91996406  402.427
6565.15396269381  342.0266
6565.38796132763  300.8487
6565.62195996145  281.3745
6565.85595859527  315.4206
6566.08995722908  333.5852
6566.3239558629  316.4464
6566.55795449672  321.322
6566.79195313053  333.0806
6567.02595176435  305.355
6567.25995039817  288.3545
6567.49394903198  309.8654
6567.7279476658  291.3821
6567.96194629962  338.4248
6568.19594493344  354.171
6568.42994356725  342.4512
6568.66394220107  361.0812
6568.89794083489  354.007
6569.1319394687  357.3257
6569.36593810252  338.1701
6569.59993673634  307.2397
6569.83393537015  329.0734
6570.06793400397  351.9386
6570.30193263779  346.771
6570.53593127161  377.7939
6570.76992990543  336.5674
6571.00392853924  327.0046
6571.23792717306  356.7348
6571.47192580688  355.5537
6571.70592444069  325.7021
6571.93992307451  316.1757
6572.17392170833  349.3432
6572.40792034214  300.954
6572.64191897596  317.1325
6572.87591760978  313.0441
6573.1099162436  307.5833
6573.34391487741  297.1731
6573.57791351123  331.0181
6573.81191214505  348.3764
6574.04591077886  282.4156
6574.27990941268  316.4896
6574.5139080465  314.3108
6574.74790668032  319.386
6574.98190531413  291.9012
6575.21590394795  276.7821
6575.44990258177  314.9026
6575.68390121558  293.2968
6575.9178998494  243.2084
6576.15189848322  299.6897
6576.38589711703  289.6417
6576.61989575085  266.6461
6576.85389438467  299.8918
6577.08789301849  321.3755
6577.3218916523  320.8065
6577.55589028612  301.8229
6577.78988891994  288.7955
6578.02388755375  282.9794
6578.25788618757  257.5827
6578.49188482139  251.6497
6578.72588345521  262.9442
6578.95988208902  267.6228
6579.19388072284  266.7053
6579.42787935666  275.5637
6579.66187799047  272.8332
6579.89587662429  283.5497
6580.12987525811  219.1992
6580.36387389193  278.4731
6580.59787252574  281.6009
6580.83187115956  249.2598
6581.06586979338  277.0699
6581.29986842719  255.0242
6581.53386706101  242.861
6581.76786569483  231.5077
6582.00186432864  239.202
6582.23586296246  195.1498
6582.46986159628  223.6579
6582.7038602301  241.8857
6582.93785886391  228.2119
6583.17185749773  250.221
6583.40585613155  208.4837
6583.63985476536  217.6055
6583.87385339918  247.5493
6584.107852033  206.5886
6584.34185066682  257.2173
6584.57584930064  245.7317
6584.80984793445  174.6268
6585.04384656827  212.8173
6585.27784520208  229.3353
6585.5118438359  218.8189
6585.74584246972  228.1693
6585.97984110354  212.4606
6586.21383973735  284.5777
6586.44783837117  232.6977
6586.68183700499  228.1393
6586.9158356388  205.9854
6587.14983427262  217.656
6587.38383290644  177.4952
6587.61783154026  216.5236
6587.85183017407  197.8732
6588.08582880789  224.1501
6588.31982744171  234.1635
6588.55382607552  224.9398
6588.78782470934  276.5371
6589.02182334316  247.1813
6589.25582197698  206.9233
6589.48982061079  201.1441
6589.72381924461  238.7541
6589.95781787843  223.9323
6590.19181651225  244.3407
6590.42581514606  242.4624
6590.65981377988  247.4393
6590.89381241369  216.9526
6591.12781104751  170.9829
6591.36180968133  172.2502
6591.59580831515  199.5041
6591.82980694896  221.1224
6592.06380558278  205.1949
6592.2978042166  164.3033
6592.53180285041  207.9125
6592.76580148423  223.4591
6592.99980011805  224.7938
6593.23379875187  203.6209
6593.46779738568  213.2767
6593.7017960195  223.6495
6593.93579465332  215.3372
6594.16979328714  185.7836
6594.40379192095  193.0201
6594.63779055477  210.5177
6594.87178918859  225.441
6595.1057878224  187.0849
6595.33978645622  225.594
6595.57378509004  245.3667
6595.80778372386  215.3682
6596.04178235767  180.1741
6596.27578099149  212.9414
6596.50977962531  200.7766
6596.74377825912  190.2148
6596.97777689294  218.2779
6597.21177552676  171.2392
6597.44577416057  205.9984
6597.67977279439  198.7499
6597.91377142821  189.8434
6598.14777006203  209.2066
6598.38176869584  151.9988
6598.61576732966  188.3432
6598.84976596348  194.8801
6599.08376459729  189.1806
6599.31776323111  194.4208
6599.55176186493  199.1291
6599.78576049875  202.2024
6600.01975913256  199.506
6600.25375776638  208.7947
6600.4877564002  204.611
6600.72175503401  192.7958
6600.95575366783  232.6151
6601.18975230165  232.1693
6601.42375093547  175.9342
6601.65774956928  168.8256
6601.8917482031  178.0573
6602.12574683692  182.3808
6602.35974547073  175.6864
6602.59374410455  161.5314
6602.82774273837  193.8597
6603.06174137219  194.3208
6603.295740006  162.5123
6603.52973863982  181.1013
6603.76373727364  210.251
6603.99773590745  174.583
6604.23173454127  206.9082
6604.46573317509  203.3589
6604.6997318089  202.8851
6604.93373044272  230.8957
6605.16772907654  180.4233
6605.40172771036  155.5383
6605.63572634417  204.6617
6605.86972497799  183.8624
6606.10372361181  192.4874
6606.33772224562  220.6139
6606.57172087944  191.0999
6606.80571951326  160.8406
6607.03971814708  185.6864
6607.27371678089  210.7032
6607.50771541471  189.6324
6607.74171404853  195.953
6607.97571268234  172.5048
6608.20971131616  127.7212
6608.44370994998  190.4892
6608.6777085838  150.8608
6608.91170721761  126.2292
6609.14570585143  191.5726
6609.37970448525  233.6795
6609.61370311906  176.9159
6609.84770175288  139.3854
6610.0817003867  169.7178
6610.31569902052  200.0245
6610.54969765433  199.9086
6610.78369628815  155.6787
6611.01769492197  143.4978
6611.25169355578  123.1573
6611.4856921896  161.6224
6611.71969082342  172.272
6611.95368945724  176.8953
6612.18768809105  180.1273
6612.42168672487  178.6139
6612.65568535869  177.997
6612.8896839925  170.0826
6613.12368262632  188.316
6613.35768126014  192.3074
6613.59167989396  190.9034
6613.82567852777  200.7985
6614.05967716159  183.8431
6614.29367579541  173.496
6614.52767442922  178.315
6614.76167306304  192.6397
6614.99567169686  195.2437
6615.22967033068  187.1149
6615.46366896449  161.4719
6615.69766759831  182.4407
6615.93166623213  191.7195
6616.16566486594  145.7445
6616.39966349976  141.9088
6616.63366213358  134.0336
6616.8676607674  154.0779
6617.10165940121  168.6887
6617.33565803503  189.2012
6617.56965666885  207.4983
6617.80365530266  184.7088
6618.03765393648  142.5736
6618.2716525703  128.6787
6618.50565120411  158.344
6618.73964983793  148.1576
6618.97364847175  169.0402
6619.20764710557  153.7727
6619.44164573938  141.3775
6619.6756443732  191.1108
6619.90964300702  200.3347
6620.14364164083  169.3107
6620.37764027465  172.5058
6620.61163890847  193.7374
6620.84563754229  192.9385
6621.0796361761  172.0391
6621.31363480992  192.7004
6621.54763344374  189.3488
6621.78163207756  172.7668
6622.01563071137  192.6517
6622.24962934519  155.7403
6622.48362797901  164.8835
6622.71762661282  162.8426
6622.95162524664  147.9298
6623.18562388046  141.2191
6623.41962251427  145.5863
6623.65362114809  154.3681
6623.88761978191  151.7394
6624.12161841573  172.8124
6624.35561704954  181.9431
6624.58961568336  183.2285
6624.82361431718  145.1577
6625.05761295099  141.4944
6625.29161158481  138.4554
6625.52561021863  140.4553
6625.75960885244  144.2464
6625.99360748626  140.7309
6626.22760612008  135.3078
6626.4616047539  131.5685
6626.69560338771  130.1111
6626.92960202153  145.9674
6627.16360065535  190.6995
6627.39759928917  145.7778
6627.63159792298  171.8044
6627.8655965568  189.1831
6628.09959519062  132.3945
6628.33359382443  149.2767
6628.56759245825  162.3888
6628.80159109207  162.0533
6629.03558972588  168.0095
6629.2695883597  158.96
6629.50358699352  132.769
6629.73758562734  122.2276
6629.97158426115  141.2994
6630.20558289497  115.4063
6630.43958152879  143.7883
6630.67358016261  149.1401
6630.90757879642  155.8947
6631.14157743024  165.5003
6631.37557606406  146.0618
6631.60957469787  162.9223
6631.84357333169  179.3198
6632.07757196551  147.2246
6632.31157059932  142.1341
6632.54556923314  162.9911
6632.77956786696  155.8413
6633.01356650077  134.4654
6633.24756513459  128.9522
6633.48156376841  130.607
6633.71556240223  153.9515
6633.94956103604  164.8857
6634.18355966986  150.6151
6634.41755830368  145.1096
6634.65155693749  138.9453
6634.88555557131  124.5541
6635.11955420513  152.3064
6635.35355283895  160.1421
6635.58755147276  118.8163
6635.82155010658  135.4275
6636.0555487404  131.536
6636.28954737422  158.6167
6636.52354600803  152.7389
6636.75754464185  148.1933
6636.99154327567  170.5661
6637.22554190948  156.305
6637.4595405433  156.98
6637.69353917712  153.6126
6637.92753781093  136.2556
6638.16153644475  162.8991
6638.39553507857  155.9506
6638.62953371239  153.8752
6638.8635323462  187.8914
6639.09753098002  138.3494
6639.33152961384  129.9227
6639.56552824765  140.33
6639.79952688147  160.9103
6640.03352551529  105.8683
6640.26752414911  155.4666
6640.50152278292  122.571
6640.73552141674  111.9127
6640.96952005056  107.8429
6641.20351868437  104.2392
6641.43751731819  152.7775
6641.67151595201  140.566
6641.90551458583  123.8728
6642.13951321964  149.6454
6642.37351185346  145.9471
6642.60751048728  159.2955
6642.84150912109  100.6878
6643.07550775491  162.5703
6643.30950638873  147.3962
6643.54350502254  134.8285
6643.77750365636  147.9077
6644.01150229018  140.9844
6644.245500924  115.1493
6644.47949955781  129.5208
6644.71349819163  147.9439
6644.94749682545  121.7166
6645.18149545927  113.5643
6645.41549409308  137.4072
6645.6494927269  131.6852
6645.88349136072  124.9774
6646.11748999453  122.9912
6646.35148862835  104.3658
6646.58548726217  138.9668
6646.81948589598  115.9545
6647.0534845298  119.2675
6647.28748316362  119.6569
6647.52148179744  120.8169
6647.75548043125  99.01784
6647.98947906507  104.5374
6648.22347769889  144.1858
6648.4574763327  127.8092
6648.69147496652  123.5467
6648.92547360034  99.81189
6649.15947223416  131.4688
6649.39347086797  130.6376
6649.62746950179  95.9117
6649.86146813561  120.5775
6650.09546676942  130.8714
6650.32946540324  91.80569
6650.56346403706  134.1256
6650.79746267088  101.9188
6651.03146130469  70.40721
6651.26545993851  119.605
6651.49945857233  114.1934
6651.73345720614  116.0866
6651.96745583996  130.5297
6652.20145447378  126.183
6652.4354531076  112.06
6652.66945174141  143.3521
6652.90345037523  118.9794
6653.13744900905  107.1355
6653.37144764286  132.2664
6653.60544627668  92.83108
6653.8394449105  111.6875
6654.07344354432  118.7612
6654.30744217813  100.2995
6654.54144081195  90.02054
6654.77543944577  83.25018
6655.00943807958  132.6144
6655.2434367134  112.0049
6655.47743534722  114.6827
6655.71143398103  130.4177
6655.94543261485  93.69611
6656.17943124867  89.16136
6656.41342988249  88.07635
6656.6474285163  76.94031
6656.88142715012  116.6518
6657.11542578394  128.2108
6657.34942441776  58.87352
6657.58342305157  78.82825
6657.81742168539  89.77032
6658.05142031921  105.1395
6658.28541895302  94.20007
6658.51941758684  132.5505
6658.75341622066  109.4336
6658.98741485447  62.52942
6659.22141348829  72.16086
6659.45541212211  66.1222
6659.68941075593  101.5851
6659.92340938974  109.4115
6660.15740802356  64.15968
6660.39140665738  104.3879
6660.62540529119  98.31654
6660.85940392501  76.51656
6661.09340255883  89.83698
6661.32740119265  78.10022
6661.56139982646  98.72442
6661.79539846028  108.0211
6662.0293970941  125.1498
6662.26339572791  106.11
6662.49739436173  102.3744
6662.73139299555  108.0506
6662.96539162937  73.89893
6663.19939026318  62.37719
6663.433388897  102.1691
6663.66738753082  141.5861
6663.90138616463  100.9642
6664.13538479845  66.62511
6664.36938343227  29.23799
6664.60338206609  55.65148
6664.8373806999  45.55859
6665.07137933372  48.31372
6665.30537796754  57.63023
6665.53937660135  129.1239
6665.77337523517  63.92134
6666.00737386899  81.9593
6666.24137250281  77.67717
6666.47537113662  131.3391
6666.70936977044  142.31
6666.94336840426  70.97195
6667.17736703807  55.23732
6667.41136567189  59.32419
6667.64536430571  60.20432
6667.87936293953  67.95594
6668.11336157334  49.36412
6668.34736020716  81.84154
6668.58135884098  57.10596
6668.81535747479  83.20288
6669.04935610861  64.15984
6669.28335474243  61.98124
6669.51735337624  66.20135
6669.75135201006  68.81235
6669.98535064388  79.98391
6670.2193492777  93.28655
6670.45334791151  65.43875
6670.68734654533  30.63792
6670.92134517915  59.97874
6671.15534381297  97.01791
6671.38934244678  96.08563
6671.6233410806  75.53001
6671.85733971442  58.88171
6672.09133834823  76.17727
6672.32533698205  83.84914
6672.55933561587  84.43822
6672.79333424969  64.99271
6673.0273328835  45.97275
6673.26133151732  39.791
6673.49533015114  18.19939
6673.72932878495  52.80639
6673.96332741877  54.93136
6674.19732605259  32.92547
6674.4313246864  41.74926
6674.66532332022  21.79271
6674.89932195404  34.75989
6675.13332058785  64.37283
6675.36731922167  74.01613
6675.60131785549  31.40986
6675.83531648931  43.93514
6676.06931512312  27.40271
6676.30331375694  27.6118
6676.53731239076  54.58628
6676.77131102458  69.2673
6677.00530965839  28.51318
6677.23930829221  28.35385
6677.47330692603  51.12479
6677.70730555984  39.84697
6677.94130419366  44.31005
6678.17530282748  27.36114
6678.4093014613  36.04229
6678.64330009511  44.86982
6678.87729872893  63.10521
6679.11129736275  61.87593
6679.34529599656  32.65092
6679.57929463038  25.90787
6679.8132932642  13.25879
6680.04729189802  51.5814
6680.28129053183  30.39771
6680.51528916565  21.23907
6680.74928779947  34.70856
6680.98328643328  56.73483
6681.2172850671  23.06975
6681.45128370092  47.38403
6681.68528233473  15.33189
6681.91928096855  42.30739
6682.15327960237  48.1492
6682.38727823619  29.7317
6682.62127687  13.38927
6682.85527550382  17.57954
6683.08927413764  27.31749
6683.32327277146  8.35065
6683.55727140527  -3.953316
6683.79127003909  54.13541
6684.0252686729  17.68018
6684.25926730672  48.22334
6684.49326594054  32.43944
6684.72726457436  5.929662
6684.96126320817  24.72622
6685.19526184199  26.21832
6685.42926047581  20.69697
6685.66325910963  10.10957
6685.89725774344  31.90133
6686.13125637726  29.44702
6686.36525501108  55.72528
6686.59925364489  52.51844
6686.83325227871  6.800963
6687.06725091253  -5.19651
6687.30124954635  6.75398
6687.53524818016  -14.93252
6687.76924681398  5.904772
6688.0032454478  -4.544549
6688.23724408161  21.43332
6688.47124271543  8.506509
6688.70524134925  34.59481
6688.93923998306  30.10596
6689.17323861688  5.992047
6689.4072372507  25.82085
6689.64123588452  21.00412
6689.87523451833  15.42839
6690.10923315215  16.3127
6690.34323178597  -25.08044
6690.57723041978  -4.078935
6690.8112290536  1.935563
6691.04522768742  33.76295
6691.27922632124  35.95188
6691.51322495505  7.332051
6691.74722358887  6.437221
6691.98122222269  58.14833
6692.2152208565  34.99232
