6452.8451404484  72.563
6453.07915796073  74.5592
6453.31317547307  84.14063
6453.5471929854  101.8562
6453.78121049774  94.91454
6454.01522801007  83.8109
6454.2492455224  72.25117
6454.48326303474  58.97576
6454.71728054707  78.13875
6454.9512980594  113.0439
6455.18531557174  126.3302
6455.41933308407  98.70338
6455.65335059641  87.27768
6455.88736810874  95.74464
6456.12138562107  90.13833
6456.35540313341  85.44446
6456.58942064574  100.288
6456.82343815807  106.7738
6457.05745567041  121.4422
6457.29147318274  139.3931
6457.52549069507  74.02917
6457.75950820741  106.7322
6457.99352571974  109.7679
6458.22754323208  126.7558
6458.46156074441  132.2361
6458.69557825675  103.9769
6458.92959576908  107.1414
6459.16361328141  98.74235
6459.39763079374  83.67532
6459.63164830608  131.2236
6459.86566581841  124.3591
6460.09968333075  114.885
6460.33370084308  134.7056
6460.56771835541  145.6234
6460.80173586775  119.2033
6461.03575338008  113.5127
6461.26977089242  101.4314
6461.50378840475  111.7655
6461.73780591708  126.962
6461.97182342942  117.4165
6462.20584094175  127.5992
6462.43985845408  120.4837
6462.67387596642  108.0877
6462.90789347875  92.56738
6463.14191099109  69.87049
6463.37592850342  94.81474
6463.60994601575  104.2555
6463.84396352809  113.7804
6464.07798104042  130.0508
6464.31199855275  140.4175
6464.54601606509  136.3514
6464.78003357742  126.0257
6465.01405108976  122.3134
6465.24806860209  118.2757
6465.48208611442  124.7199
6465.71610362676  60.25178
6465.95012113909  74.51223
6466.18413865142  97.70947
6466.41815616376  155.0863
6466.65217367609  139.0228
6466.88619118843  126.7433
6467.12020870076  118.0838
6467.35422621309  125.6617
6467.58824372543  146.2624
6467.82226123776  124.485
6468.05627875009  149.3109
6468.29029626243  147.5617
6468.52431377476  125.8379
6468.75833128709  117.9019
6468.99234879943  165.8069
6469.22636631176  157.0945
6469.4603838241  170.627
6469.69440133643  109.4753
6469.92841884876  121.7445
6470.1624363611  178.8981
6470.39645387343  126.499
6470.63047138576  111.8254
6470.8644888981  178.1156
6471.09850641043  176.4272
6471.33252392277  154.8994
6471.5665414351  111.1446
6471.80055894743  123.465
6472.03457645977  137.8369
6472.2685939721  145.7407
6472.50261148443  105.4131
6472.73662899677  155.3928
6472.9706465091  170.5026
6473.20466402144  146.8936
6473.43868153377  110.9771
6473.6726990461  117.9962
6473.90671655844  129.3203
6474.14073407077  100.603
6474.3747515831  156.4113
6474.60876909544  174.9005
6474.84278660777  158.855
6475.07680412011  120.2729
6475.31082163244  152.7841
6475.54483914478  181.9613
6475.77885665711  170.1564
6476.01287416944  144.5796
6476.24689168177  155.304
6476.48090919411  170.4847
6476.71492670644  152.9341
6476.94894421878  166.8847
6477.18296173111  196.4393
6477.41697924344  185.4635
6477.65099675578  189.6208
6477.88501426811  200.7153
6478.11903178045  181.5198
6478.35304929278  175.9611
6478.58706680511  127.7164
6478.82108431745  135.8831
6479.05510182978  162.4585
6479.28911934211  169.0168
6479.52313685445  194.0945
6479.75715436678  179.2944
6479.99117187912  189.8391
6480.22518939145  194.7344
6480.45920690378  199.8352
6480.69322441612  209.283
6480.92724192845  226.6299
6481.16125944078  252.2207
6481.39527695312  197.3183
6481.62929446545  157.222
6481.86331197779  213.5929
6482.09732949012  161.6673
6482.33134700245  136.6141
6482.56536451479  143.2271
6482.79938202712  170.3486
6483.03339953945  180.0607
6483.26741705179  198.4977
6483.50143456412  166.9736
6483.73545207645  171.7884
6483.96946958879  192.3392
6484.20348710112  199.5199
6484.43750461346  153.9276
6484.67152212579  143.961
6484.90553963812  184.0552
6485.13955715046  167.214
6485.37357466279  150.8499
6485.60759217512  177.2125
6485.84160968746  181.61
6486.07562719979  151.0776
6486.30964471213  174.6491
6486.54366222446  190.8639
6486.77767973679  204.8512
6487.01169724913  148.7123
6487.24571476146  138.4092
6487.47973227379  170.3258
6487.71374978613  203.6215
6487.94776729846  200.8018
6488.18178481079  187.0721
6488.41580232313  198.1638
6488.64981983546  180.4514
6488.8838373478  171.4636
6489.11785486013  181.1213
6489.35187237246  183.8822
6489.5858898848  190.3179
6489.81990739713  193.6103
6490.05392490947  225.9857
6490.2879424218  206.6263
6490.52195993413  185.3835
6490.75597744647  207.8026
6490.9899949588  210.748
6491.22401247113  180.2009
6491.45802998347  209.0185
6491.6920474958  216.6733
6491.92606500814  194.4191
6492.16008252047  140.5852
6492.3941000328  179.6423
6492.62811754514  198.7785
6492.86213505747  207.8283
6493.0961525698  202.2925
6493.33017008214  188.2663
6493.56418759447  170.1764
6493.7982051068  191.8089
6494.03222261914  224.6165
6494.26624013147  198.3833
6494.50025764381  186.5696
6494.73427515614  188.0723
6494.96829266848  221.1856
6495.20231018081  155.8907
6495.43632769314  181.3735
6495.67034520547  166.9399
6495.90436271781  198.7832
6496.13838023014  216.7233
6496.37239774248  176.2909
6496.60641525481  206.6732
6496.84043276714  205.0367
6497.07445027948  218.9315
6497.30846779181  191.6037
6497.54248530415  191.3252
6497.77650281648  250.6522
6498.01052032881  245.0125
6498.24453784115  182.0047
6498.47855535348  190.2685
6498.71257286581  213.7764
6498.94659037815  214.7058
6499.18060789048  227.1181
6499.41462540282  210.7488
6499.64864291515  200.1955
6499.88266042748  202.511
6500.11667793982  243.4327
6500.35069545215  203.0151
6500.58471296448  150.929
6500.81873047682  182.485
6501.05274798915  197.2715
6501.28676550149  274.0617
6501.52078301382  225.0759
6501.75480052615  173.9387
6501.98881803849  199.209
6502.22283555082  265.8024
6502.45685306315  211.5815
6502.69087057549  187.6283
6502.92488808782  222.3351
6503.15890560016  222.3043
6503.39292311249  238.0297
6503.62694062482  253.8545
6503.86095813716  207.7368
6504.09497564949  214.6991
6504.32899316182  240.0721
6504.56301067416  201.1832
6504.79702818649  184.2066
6505.03104569882  206.4847
6505.26506321116  255.5791
6505.49908072349  215.2465
6505.73309823583  202.0706
6505.96711574816  212.3656
6506.20113326049  257.3809
6506.43515077283  197.2689
6506.66916828516  187.9634
6506.90318579749  235.0845
6507.13720330983  214.8509
6507.37122082216  246.3688
6507.6052383345  203.3636
6507.83925584683  207.7177
6508.07327335916  196.9646
6508.3072908715  184.4945
6508.54130838383  255.7809
6508.77532589617  255.8209
6509.0093434085  207.1182
6509.24336092083  177.6414
6509.47737843317  223.4897
6509.7113959455  253.4914
6509.94541345783  226.6646
6510.17943097017  197.2924
6510.4134484825  184.0135
6510.64746599483  231.2705
6510.88148350717  226.8684
6511.1155010195  208.0529
6511.34951853184  260.8491
6511.58353604417  241.7321
6511.8175535565  227.0474
6512.05157106884  183.007
6512.28558858117  228.3892
6512.5196060935  250.6087
6512.75362360584  204.6788
6512.98764111817  254.0096
6513.22165863051  242.6452
6513.45567614284  235.0344
6513.68969365517  226.8344
6513.92371116751  291.5805
6514.15772867984  301.7356
6514.39174619217  274.7961
6514.62576370451  232.184
6514.85978121684  208.9088
6515.09379872918  258.275
6515.32781624151  228.28
6515.56183375384  250.5863
6515.79585126618  276.6418
6516.02986877851  224.1415
6516.26388629084  208.6627
6516.49790380318  203.1044
6516.73192131551  189.1058
6516.96593882785  162.4615
6517.19995634018  173.3232
6517.43397385251  237.6522
6517.66799136485  225.2791
6517.90200887718  220.0579
6518.13602638951  203.9642
6518.37004390185  200.1832
6518.60406141418  241.3201
6518.83807892652  233.0148
6519.07209643885  254.7568
6519.30611395118  222.332
6519.54013146352  256.426
6519.77414897585  214.2103
6520.00816648818  164.3962
6520.24218400052  228.9603
6520.47620151285  254.4477
6520.71021902519  182.73
6520.94423653752  233.6445
6521.17825404985  275.8802
6521.41227156219  273.4686
6521.64628907452  233.1068
6521.88030658685  273.2274
6522.11432409919  240.0728
6522.34834161152  220.4454
6522.58235912386  235.517
6522.81637663619  221.0309
6523.05039414852  238.2614
6523.28441166086  247.0649
6523.51842917319  236.0389
6523.75244668552  265.8881
6523.98646419786  263.6331
6524.22048171019  235.9428
6524.45449922252  229.6407
6524.68851673486  258.4553
6524.92253424719  291.5131
6525.15655175953  241.2749
6525.39056927186  254.1975
6525.62458678419  222.5025
6525.85860429653  259.6644
6526.09262180886  250.278
6526.32663932119  243.8924
6526.56065683353  222.0624
6526.79467434586  269.9559
6527.0286918582  183.6141
6527.26270937053  170.7034
6527.49672688286  277.6429
6527.7307443952  221.9499
6527.96476190753  226.965
6528.19877941987  219.7091
6528.4327969322  218.9902
6528.66681444453  253.0994
6528.90083195687  236.8036
6529.1348494692  264.3727
6529.36886698153  271.319
6529.60288449387  273.4838
6529.8369020062  294.1771
6530.07091951854  254.1528
6530.30493703087  310.0481
6530.5389545432  290.8517
6530.77297205554  233.0459
6531.00698956787  252.8536
6531.2410070802  240.6477
6531.47502459254  235.2161
6531.70904210487  234.0486
6531.9430596172  231.8183
6532.17707712954  238.5096
6532.41109464187  240.6385
6532.64511215421  274.2699
6532.87912966654  257.3891
6533.11314717887  229.731
6533.34716469121  270.4043
6533.58118220354  273.3087
6533.81519971587  292.9273
6534.04921722821  330.0635
6534.28323474054  243.5288
6534.51725225288  259.2014
6534.75126976521  246.4946
6534.98528727754  225.034
6535.21930478988  265.121
6535.45332230221  293.1754
6535.68733981454  301.1894
6535.92135732688  281.5016
6536.15537483921  245.0244
6536.38939235155  240.1722
6536.62340986388  288.1787
6536.85742737621  263.4771
6537.09144488855  265.0573
6537.32546240088  263.7435
6537.55947991321  287.4242
6537.79349742555  314.3092
6538.02751493788  265.4899
6538.26153245022  240.8369
6538.49554996255  253.3088
6538.72956747488  249.6534
6538.96358498722  252.2725
6539.19760249955  260.1664
6539.43162001188  270.4058
6539.66563752422  264.4451
6539.89965503655  267.0638
6540.13367254889  264.8015
6540.36769006122  261.8346
6540.60170757355  259.7507
6540.83572508589  237.1725
6541.06974259822  287.7544
6541.30376011055  296.5082
6541.53777762289  245.2568
6541.77179513522  287.6474
6542.00581264756  287.5592
6542.23983015989  240.6803
6542.47384767222  248.3177
6542.70786518456  277.4167
6542.94188269689  280.761
6543.17590020922  223.4402
6543.40991772156  242.9317
6543.64393523389  306.2583
6543.87795274622  288.3128
6544.11197025856  269.1593
6544.34598777089  297.7755
6544.58000528323  300.7208
6544.81402279556  288.7084
6545.0480403079  299.9985
6545.28205782023  305.6755
6545.51607533256  311.2494
6545.7500928449  318.8493
6545.98411035723  326.8939
6546.21812786956  294.4031
6546.4521453819  288.0881
6546.68616289423  261.1774
6546.92018040657  305.0274
6547.1541979189  311.7011
6547.38821543123  300.9188
6547.62223294357  260.5441
6547.8562504559  323.5016
6548.09026796823  347.938
6548.32428548057  273.5567
6548.5583029929  284.2648
6548.79232050523  347.7819
6549.02633801757  329.3593
6549.2603555299  380.0106
6549.49437304224  341.1539
6549.72839055457  323.3528
6549.9624080669  331.5795
6550.19642557924  339.1273
6550.43044309157  308.6943
6550.6644606039  291.0804
6550.89847811624  320.266
6551.13249562857  322.2585
6551.36651314091  327.1833
6551.60053065324  373.7173
6551.83454816557  356.197
6552.06856567791  328.0922
6552.30258319024  356.9296
6552.53660070257  364.5464
6552.77061821491  354.6379
6553.00463572724  327.8203
6553.23865323958  346.8639
6553.47267075191  354.5959
6553.70668826424  363.2462
6553.94070577658  363.4821
6554.17472328891  342.5237
6554.40874080124  354.8015
6554.64275831358  343.0895
6554.87677582591  353.3135
6555.11079333824  368.7843
6555.34481085058  401.2465
6555.57882836291  420.0578
6555.81284587525  417.1632
6556.04686338758  383.0413
6556.28088089991  359.7888
6556.51489841225  398.478
6556.74891592458  420.132
6556.98293343691  365.2766
6557.21695094925  347.9897
6557.45096846158  395.3889
6557.68498597392  426.1898
6557.91900348625  430.4632
6558.15302099858  397.7256
6558.38703851092  430.4683
6558.62105602325  457.9448
6558.85507353559  471.3611
6559.08909104792  392.1421
6559.32310856025  417.7034
6559.55712607259  462.7788
6559.79114358492  492.1238
6560.02516109725  524.7924
6560.25917860959  454.0185
6560.49319612192  529.0594
6560.72721363425  470.2326
6560.96123114659  417.8979
6561.19524865892  435.3883
6561.42926617126  470.4929
6561.66328368359  443.6035
6561.89730119593  458.7674
6562.13131870826  485.0965
6562.36533622059  474.6354
6562.59935373292  481.3871
6562.83337124526  447.7961
6563.06738875759  449.3323
6563.30140626993  530.2473
6563.53542378226  528.5359
6563.76944129459  517.6679
6564.00345880693  513.1663
6564.23747631926  482.3968
6564.4714938316  453.809
6564.70551134393  503.246
6564.93952885626  511.4771
6565.1735463686  521.7875
6565.40756388093  434.2678
6565.64158139326  453.0465
6565.8755989056  451.6867
6566.10961641793  432.7899
6566.34363393027  467.2178
6566.5776514426  474.0611
6566.81166895493  477.6531
6567.04568646727  454.7428
6567.2797039796  429.7801
6567.51372149193  441.3794
6567.74773900427  465.7708
6567.9817565166  480.1547
6568.21577402893  472.3029
6568.44979154127  451.1267
6568.6838090536  465.6071
6568.91782656594  433.6553
6569.15184407827  445.4498
6569.3858615906  461.3092
6569.61987910294  409.3599
6569.85389661527  439.219
6570.0879141276  463.485
6570.32193163994  481.9979
6570.55594915227  449.7563
6570.78996666461  427.394
6571.02398417694  453.1245
6571.25800168927  486.6827
6571.49201920161  428.7369
6571.72603671394  398.3851
6571.96005422627  397.985
6572.19407173861  421.2572
6572.42808925094  414.7888
6572.66210676328  390.4222
6572.89612427561  448.5923
6573.13014178794  393.8356
6573.36415930028  409.3918
6573.59817681261  456.7082
6573.83219432494  388.269
6574.06621183728  354.3315
6574.30022934961  380.5797
6574.53424686195  353.578
6574.76826437428  405.3059
6575.00228188661  382.0327
6575.23629939895  342.2294
6575.47031691128  408.0478
6575.70433442361  366.4858
6575.93835193595  348.31
6576.17236944828  355.4591
6576.40638696062  344.614
6576.64040447295  367.5621
6576.87442198528  361.589
6577.10843949762  359.098
6577.34245700995  368.5959
6577.57647452228  384.2601
6577.81049203462  382.7646
6578.04450954695  337.0003
6578.27852705929  364.121
6578.51254457162  334.9844
6578.74656208395  327.8941
6578.98057959629  364.7641
6579.21459710862  337.9291
6579.44861462095  326.9202
6579.68263213329  319.2903
6579.91664964562  338.7336
6580.15066715796  325.4339
6580.38468467029  322.4024
6580.61870218262  344.8719
6580.85271969496  293.9377
6581.08673720729  318.1952
6581.32075471962  358.9078
6581.55477223196  311.3992
6581.78878974429  278.0966
6582.02280725663  277.0222
6582.25682476896  327.778
6582.49084228129  363.0063
6582.72485979363  302.7743
6582.95887730596  309.4272
6583.19289481829  329.1041
6583.42691233063  280.2698
6583.66092984296  307.9106
6583.8949473553  336.8996
6584.12896486763  310.0203
6584.36298237996  337.6605
6584.5969998923  337.8008
6584.83101740463  304.1401
6585.06503491696  322.3337
6585.2990524293  280.1706
6585.53306994163  298.2516
6585.76708745396  290.4479
6586.0011049663  259.9107
6586.23512247863  289.3801
6586.46913999097  297.7083
6586.7031575033  317.6656
6586.93717501563  333.3277
6587.17119252797  326.3166
6587.4052100403  276.9934
6587.63922755263  288.2798
6587.87324506497  326.5542
6588.1072625773  304.7057
6588.34128008964  300.8977
6588.57529760197  278.4442
6588.8093151143  279.462
6589.04333262664  265.9949
6589.27735013897  258.937
6589.51136765131  302.8263
6589.74538516364  296.438
6589.97940267597  317.567
6590.21342018831  353.6915
6590.44743770064  326.9709
6590.68145521297  289.619
6590.91547272531  294.6819
6591.14949023764  264.5877
6591.38350774997  311.5543
6591.61752526231  311.7422
6591.85154277464  313.7598
6592.08556028698  281.225
6592.31957779931  256.8983
6592.55359531164  280.5968
6592.78761282398  265.9796
6593.02163033631  298.1174
6593.25564784864  307.2664
6593.48966536098  284.3682
6593.72368287331  281.7683
6593.95770038565  307.6837
6594.19171789798  265.3638
6594.42573541031  319.7987
6594.65975292265  239.8724
6594.89377043498  238.7119
6595.12778794732  253.0071
6595.36180545965  306.8314
6595.59582297198  277.615
6595.82984048432  276.2917
6596.06385799665  300.253
6596.29787550898  270.764
6596.53189302132  289.3762
6596.76591053365  317.6241
6596.99992804599  275.929
6597.23394555832  266.8102
6597.46796307065  261.0689
6597.70198058299  243.7713
6597.93599809532  263.0165
6598.17001560765  262.9532
6598.40403311999  303.1342
6598.63805063232  281.683
6598.87206814465  273.7255
6599.10608565699  290.2906
6599.34010316932  278.9001
6599.57412068166  264.0388
6599.80813819399  261.8427
6600.04215570632  280.3433
6600.27617321866  240.8576
6600.51019073099  298.168
6600.74420824332  325.1296
6600.97822575566  268.6135
6601.21224326799  283.0342
6601.44626078033  268.7123
6601.68027829266  246.7796
6601.91429580499  258.9901
6602.14831331733  275.5602
6602.38233082966  292.1913
6602.61634834199  295.9628
6602.85036585433  280.08
6603.08438336666  228.7991
6603.318400879  244.9919
6603.55241839133  271.0136
6603.78643590366  269.2808
6604.020453416  234.3627
6604.25447092833  256.0648
6604.48848844066  273.5568
6604.722505953  244.5478
6604.95652346533  249.5672
6605.19054097767  247.7803
6605.42455849  236.4362
6605.65857600233  239.7183
6605.89259351467  265.1421
6606.126611027  254.9199
6606.36062853933  251.1828
6606.59464605167  317.9672
6606.828663564  241.789
6607.06268107633  231.6527
6607.29669858867  311.2328
6607.530716101  276.7541
6607.76473361334  262.4743
6607.99875112567  243.3333
6608.232768638  259.0302
6608.46678615034  274.9226
6608.70080366267  273.1947
6608.93482117501  248.8559
6609.16883868734  241.0103
6609.40285619967  257.8289
6609.63687371201  285.621
6609.87089122434  279.1866
6610.10490873667  264.0315
6610.33892624901  239.3709
6610.57294376134  215.1218
6610.80696127367  226.1044
6611.04097878601  222.3327
6611.27499629834  234.6889
6611.50901381068  219.6525
6611.74303132301  217.4285
6611.97704883535  251.7964
6612.21106634768  228.3165
6612.44508386001  258.9673
6612.67910137235  266.8163
6612.91311888468  248.1157
6613.14713639701  236.4509
6613.38115390935  242.0837
6613.61517142168  256.5996
6613.84918893402  245.8401
6614.08320644635  221.6033
6614.31722395868  252.7234
6614.55124147102  245.6716
6614.78525898335  213.7104
6615.01927649568  255.6064
6615.25329400802  252.1185
6615.48731152035  209.5121
6615.72132903268  204.1321
6615.95534654502  225.2553
6616.18936405735  249.139
6616.42338156969  233.7841
6616.65739908202  267.8369
6616.89141659435  251.2603
6617.12543410669  252.4648
6617.35945161902  213.2165
6617.59346913135  218.29
6617.82748664369  218.1052
6618.06150415602  220.0398
6618.29552166836  257.6346
6618.52953918069  239.5077
6618.76355669302  278.1157
6618.99757420536  248.3706
6619.23159171769  223.74
6619.46560923002  178.2738
6619.69962674236  233.2913
6619.93364425469  223.7051
6620.16766176703  242.6793
6620.40167927936  221.0957
6620.63569679169  228.5194
6620.86971430403  255.7105
6621.10373181636  230.5346
6621.33774932869  239.6406
6621.57176684103  213.1593
6621.80578435336  220.8437
6622.03980186569  219.6078
6622.27381937803  231.6544
6622.50783689036  229.8486
6622.7418544027  207.6398
6622.97587191503  204.049
6623.20988942736  202.6282
6623.4439069397  210.5294
6623.67792445203  223.2634
6623.91194196436  255.7944
6624.1459594767  237.5749
6624.37997698903  167.0118
6624.61399450137  186.1629
6624.8480120137  209.1565
6625.08202952603  224.178
6625.31604703837  210.7382
6625.5500645507  232.9541
6625.78408206304  243.3062
6626.01809957537  199.9583
6626.2521170877  202.0925
6626.48613460003  215.6646
6626.72015211237  204.6743
6626.9541696247  243.5187
6627.18818713704  204.7177
6627.42220464937  195.4843
6627.6562221617  204.7058
6627.89023967404  200.6811
6628.12425718637  219.3558
6628.35827469871  209.2356
6628.59229221104  188.0618
6628.82630972338  206.6778
6629.06032723571  215.3952
6629.29434474804  214.5199
6629.52836226037  237.8118
6629.76237977271  236.3701
6629.99639728504  253.0092
6630.23041479738  216.7847
6630.46443230971  164.7748
6630.69844982204  180.3525
6630.93246733438  223.5409
6631.16648484671  217.2056
6631.40050235905  253.5637
6631.63451987138  269.3066
6631.86853738371  183.6733
6632.10255489605  199.9277
6632.33657240838  201.3017
6632.57058992071  232.1384
6632.80460743305  238.618
6633.03862494538  188.7421
6633.27264245772  224.549
6633.50665997005  209.0713
6633.74067748238  206.7511
6633.97469499472  181.8652
6634.20871250705  183.781
6634.44273001938  222.9571
6634.67674753172  220.0766
6634.91076504405  207.7739
6635.14478255638  223.1823
6635.37880006872  240.4689
6635.61281758105  209.2071
6635.84683509339  224.7822
6636.08085260572  229.2551
6636.31487011805  233.4352
6636.54888763039  213.6695
6636.78290514272  173.2948
6637.01692265505  183.6506
6637.25094016739  236.4225
6637.48495767972  215.631
6637.71897519206  181.4947
6637.95299270439  167.9781
6638.18701021672  184.0865
6638.42102772906  155.6
6638.65504524139  220.9786
6638.88906275372  221.4712
6639.12308026606  186.9597
6639.35709777839  186.5714
6639.59111529073  186.8032
6639.82513280306  198.553
6640.05915031539  162.2962
6640.29316782773  214.1844
6640.52718534006  230.2415
6640.76120285239  179.468
6640.99522036473  138.0048
6641.22923787706  176.4589
6641.46325538939  160.6578
6641.69727290173  189.8164
6641.93129041406  196.6858
6642.1653079264  187.0213
6642.39932543873  200.323
6642.63334295106  149.1885
6642.8673604634  167.3051
6643.10137797573  143.356
6643.33539548806  158.3518
6643.5694130004  160.1933
6643.80343051273  206.3804
6644.03744802507  210.589
6644.2714655374  189.7732
6644.50548304973  177.6017
6644.73950056207  215.1191
6644.9735180744  219.5092
6645.20753558674  190.3042
6645.44155309907  181.6549
6645.6755706114  170.5272
6645.90958812374  187.1669
6646.14360563607  213.6214
6646.3776231484  194.6796
6646.61164066074  174.5939
6646.84565817307  189.9362
6647.07967568541  170.5924
6647.31369319774  167.687
6647.54771071007  212.1421
6647.78172822241  180.4964
6648.01574573474  178.2082
6648.24976324707  179.8731
6648.48378075941  167.1653
6648.71779827174  179.9794
6648.95181578408  182.286
6649.18583329641  153.7933
6649.41985080874  214.4205
6649.65386832108  230.1471
6649.88788583341  144.7827
6650.12190334574  155.4838
6650.35592085808  106.9558
6650.58993837041  118.3257
6650.82395588275  204.8129
6651.05797339508  207.8237
6651.29199090741  155.7936
6651.52600841975  152.067
6651.76002593208  147.9097
6651.99404344441  149.2191
6652.22806095675  185.2407
6652.46207846908  201.4778
6652.69609598141  195.1361
6652.93011349375  165.4804
6653.16413100608  141.2911
6653.39814851842  166.8167
6653.63216603075  153.716
6653.86618354308  158.0034
6654.10020105542  167.1797
6654.33421856775  150.5445
6654.56823608008  192.8182
6654.80225359242  158.7171
6655.03627110475  132.8657
6655.27028861709  159.5058
6655.50430612942  133.8569
6655.73832364175  130.6533
6655.97234115409  156.8599
6656.20635866642  195.554
6656.44037617876  152.6056
6656.67439369109  109.5023
6656.90841120342  166.1358
6657.14242871576  183.1153
6657.37644622809  118.7202
6657.61046374042  117.755
6657.84448125276  117.6322
6658.07849876509  130.5746
6658.31251627742  157.9097
6658.54653378976  122.1477
6658.78055130209  120.0339
6659.01456881443  128.5892
6659.24858632676  152.0838
6659.48260383909  128.646
6659.71662135143  137.7344
6659.95063886376  157.7006
6660.18465637609  119.0504
6660.41867388843  116.8786
6660.65269140076  133.44
6660.8867089131  133.7367
6661.12072642543  130.171
6661.35474393776  108.2493
6661.5887614501  131.3384
6661.82277896243  139.3236
6662.05679647477  134.5991
6662.2908139871  148.201
6662.52483149943  109.0716
6662.75884901176  126.765
6662.9928665241  128.4946
6663.22688403643  108.2268
6663.46090154877  93.15146
6663.6949190611  118.7423
6663.92893657343  124.4451
6664.16295408577  109.3864
6664.3969715981  109.3869
6664.63098911044  116.2629
6664.86500662277  127.74
6665.0990241351  100.7723
6665.33304164744  87.77702
6665.56705915977  94.76447
6665.8010766721  96.03682
6666.03509418444  106.9343
6666.26911169677  78.06186
6666.50312920911  53.84358
6666.73714672144  80.9015
6666.97116423377  149.8203
6667.20518174611  120.5575
6667.43919925844  90.02303
6667.67321677077  101.598
6667.90723428311  82.65649
6668.14125179544  93.00394
6668.37526930778  96.71964
6668.60928682011  80.09502
6668.84330433244  104.9542
6669.07732184478  116.1298
6669.31133935711  77.71617
6669.54535686944  103.882
6669.77937438178  87.16966
6670.01339189411  70.77623
6670.24740940645  121.5254
6670.48142691878  79.89671
6670.71544443111  43.53924
6670.94946194345  73.80886
6671.18347945578  120.4994
6671.41749696811  112.6839
6671.65151448045  120.5649
6671.88553199278  129.7626
6672.11954950511  105.9645
6672.35356701745  84.46593
6672.58758452978  83.5769
6672.82160204212  75.66838
6673.05561955445  72.93133
6673.28963706678  109.522
6673.52365457912  73.07233
6673.75767209145  90.89423
6673.99168960378  132.0783
6674.22570711612  89.0851
6674.45972462845  65.27779
6674.69374214079  46.19596
6674.92775965312  63.46222
6675.16177716545  63.66298
6675.39579467779  39.79359
6675.62981219012  48.82708
6675.86382970246  70.29624
6676.09784721479  53.7716
6676.33186472712  56.4338
6676.56588223946  50.84114
6676.79989975179  62.73344
6677.03391726412  42.85202
6677.26793477646  52.37233
6677.50195228879  87.12401
6677.73596980112  81.03388
6677.96998731346  90.1719
6678.20400482579  51.81284
6678.43802233813  49.43705
6678.67203985046  14.62529
6678.90605736279  50.67369
6679.14007487513  67.25221
6679.37409238746  64.91985
6679.60810989979  68.90593
6679.84212741213  45.00283
6680.07614492446  45.21031
6680.3101624368  56.00319
6680.54417994913  39.85685
6680.77819746146  79.51752
6681.0122149738  97.72874
6681.24623248613  49.54744
6681.48024999847  90.39128
6681.7142675108  55.75016
6681.94828502313  62.45241
6682.18230253546  100.0619
6682.4163200478  34.65495
6682.65033756013  59.73279
6682.88435507247  20.01607
6683.1183725848  73.5321
6683.35239009714  37.22705
6683.58640760947  -5.529422
6683.8204251218  53.91455
6684.05444263414  52.70293
6684.28846014647  33.91078
6684.5224776588  26.2035
6684.75649517114  57.85432
6684.99051268347  48.97807
6685.2245301958  41.42833
6685.45854770814  40.27432
6685.69256522047  55.79605
6685.92658273281  25.2396
6686.16060024514  47.8784
6686.39461775747  33.24573
6686.62863526981  -6.172199
6686.86265278214  -0.3867952
6687.09667029448  3.071083
6687.33068780681  -4.242698
6687.56470531914  -6.996766
6687.79872283148  54.56221
6688.03274034381  69.3389
6688.26675785614  -13.52394
6688.50077536848  24.05687
6688.73479288081  50.89902
6688.96881039314  56.8683
6689.20282790548  31.46066
6689.43684541781  25.22935
6689.67086293015  35.62222
6689.90488044248  57.21685
6690.13889795481  34.84394
6690.37291546715  40.22803
6690.60693297948  35.65158
6690.84095049181  23.91181
6691.07496800415  39.76962
6691.30898551648  6.105011
6691.54300302882  29.87612
6691.77702054115  -6.407416
6692.01103805348  -16.91168
6692.24505556582  -5.776911
