6452.9493188177  99.5387
6453.18316425913  117.0558
6453.41700970056  83.02239
6453.650855142  95.52065
6453.88470058343  106.219
6454.11854602486  82.76025
6454.35239146629  63.19609
6454.58623690772  112.2898
6454.82008234915  127.9359
6455.05392779059  119.3585
6455.28777323202  168.4418
6455.52161867345  143.0229
6455.75546411488  100.1033
6455.98930955631  97.36474
6456.22315499775  176.2142
6456.45700043918  74.85614
6456.69084588061  90.6207
6456.92469132204  103.3293
6457.15853676347  101.2794
6457.3923822049  123.0699
6457.62622764634  148.1277
6457.86007308777  150.7025
6458.0939185292  128.7785
6458.32776397063  116.6267
6458.56160941206  150.2277
6458.7954548535  167.7619
6459.02930029493  108.995
6459.26314573636  110.366
6459.49699117779  99.50019
6459.73083661922  134.2416
6459.96468206065  132.6206
6460.19852750208  125.5729
6460.43237294352  121.2049
6460.66621838495  163.8803
6460.90006382638  167.4968
6461.13390926781  99.11931
6461.36775470924  105.1972
6461.60160015068  152.0045
6461.83544559211  116.5269
6462.06929103354  126.9779
6462.30313647497  160.3708
6462.5369819164  74.43657
6462.77082735783  124.551
6463.00467279927  175.8297
6463.2385182407  133.1089
6463.47236368213  115.9468
6463.70620912356  145.966
6463.94005456499  146.186
6464.17390000642  138.6713
6464.40774544786  141.9218
6464.64159088929  141.4317
6464.87543633072  122.4507
6465.10928177215  110.743
6465.34312721358  153.87
6465.57697265502  174.3831
6465.81081809645  151.086
6466.04466353788  156.2155
6466.27850897931  136.4943
6466.51235442074  145.6464
6466.74619986218  149.0303
6466.98004530361  157.0074
6467.21389074504  193.3317
6467.44773618647  185.8173
6467.6815816279  145.8623
6467.91542706933  182.3231
6468.14927251076  191.3934
6468.3831179522  137.5855
6468.61696339363  151.6532
6468.85080883506  149.1336
6469.08465427649  154.6228
6469.31849971792  157.3767
6469.55234515936  168.9167
6469.78619060079  110.9977
6470.02003604222  177.6534
6470.25388148365  176.5075
6470.48772692508  151.7429
6470.72157236651  154.0969
6470.95541780795  185.6028
6471.18926324938  191.3038
6471.42310869081  179.0011
6471.65695413224  191.9234
6471.89079957367  180.6611
6472.1246450151  159.64
6472.35849045654  181.9644
6472.59233589797  198.4585
6472.8261813394  193.6038
6473.06002678083  172.0923
6473.29387222226  210.7945
6473.52771766369  243.3113
6473.76156310513  242.303
6473.99540854656  208.8288
6474.22925398799  195.0679
6474.46309942942  200.3094
6474.69694487086  182.8596
6474.93079031229  186.5074
6475.16463575372  185.2171
6475.39848119515  211.1541
6475.63232663658  273.8362
6475.86617207801  234.4409
6476.10001751944  253.0564
6476.33386296088  184.8257
6476.56770840231  223.1013
6476.80155384374  201.9777
6477.03539928517  183.0713
6477.2692447266  202.6162
6477.50309016803  254.2226
6477.73693560947  251.283
6477.9707810509  245.7313
6478.20462649233  187.3135
6478.43847193376  172.877
6478.67231737519  198.773
6478.90616281663  207.093
6479.14000825806  246.5494
6479.37385369949  236.7648
6479.60769914092  296.8806
6479.84154458235  277.2177
6480.07539002378  237.8957
6480.30923546522  243.3623
6480.54308090665  214.9446
6480.77692634808  219.9591
6481.01077178951  225.7952
6481.24461723094  246.4071
6481.47846267237  193.2271
6481.71230811381  210.568
6481.94615355524  225.9363
6482.17999899667  155.7605
6482.4138444381  144.5648
6482.64768987953  203.0258
6482.88153532097  240.2732
6483.1153807624  215.8099
6483.34922620383  203.9755
6483.58307164526  261.8195
6483.81691708669  224.1435
6484.05076252812  234.4916
6484.28460796956  260.562
6484.51845341099  222.1418
6484.75229885242  215.4583
6484.98614429385  208.7007
6485.21998973528  253.7818
6485.45383517671  282.015
6485.68768061815  228.8819
6485.92152605958  216.4123
6486.15537150101  249.8567
6486.38921694244  239.4824
6486.62306238387  214.534
6486.85690782531  220.8217
6487.09075326674  254.2101
6487.32459870817  258.9488
6487.5584441496  260.4777
6487.79228959103  202.7289
6488.02613503246  243.4925
6488.25998047389  219.1514
6488.49382591533  223.8931
6488.72767135676  245.8595
6488.96151679819  179.5137
6489.19536223962  189.2273
6489.42920768105  237.958
6489.66305312248  213.9
6489.89689856392  215.5931
6490.13074400535  226.3001
6490.36458944678  198.5937
6490.59843488821  226.0492
6490.83228032964  253.7261
6491.06612577108  208.4928
6491.29997121251  185.3907
6491.53381665394  260.4451
6491.76766209537  247.941
6492.0015075368  179.6003
6492.23535297823  230.9916
6492.46919841967  282.179
6492.7030438611  252.7764
6492.93688930253  272.3569
6493.17073474396  244.7834
6493.40458018539  244.0797
6493.63842562683  250.0785
6493.87227106826  223.6999
6494.10611650969  236.0349
6494.33996195112  278.6545
6494.57380739255  272.5176
6494.80765283398  230.7854
6495.04149827542  243.6687
6495.27534371685  216.3979
6495.50918915828  247.7287
6495.74303459971  271.3817
6495.97688004114  271.9622
6496.21072548257  254.2578
6496.44457092401  277.5197
6496.67841636544  289.4434
6496.91226180687  273.3376
6497.1461072483  278.8808
6497.37995268973  317.8504
6497.61379813117  334.2335
6497.8476435726  294.9153
6498.08148901403  208.2826
6498.31533445546  189.6909
6498.54917989689  248.237
6498.78302533832  280.1543
6499.01687077976  282.255
6499.25071622119  249.1646
6499.48456166262  240.7594
6499.71840710405  201.9738
6499.95225254548  227.3374
6500.18609798691  264.4019
6500.41994342835  273.9987
6500.65378886978  228.8203
6500.88763431121  288.5361
6501.12147975264  285.8288
6501.35532519407  254.8171
6501.58917063551  254.9618
6501.82301607694  254.8639
6502.05686151837  263.3478
6502.2907069598  241.9457
6502.52455240123  266.1003
6502.75839784266  290.4113
6502.9922432841  261.0421
6503.22608872553  280.2625
6503.45993416696  279.8447
6503.69377960839  260.7538
6503.92762504982  211.515
6504.16147049125  198.8746
6504.39531593269  263.2422
6504.62916137412  335.4705
6504.86300681555  257.4825
6505.09685225698  251.1358
6505.33069769841  244.5024
6505.56454313985  260.0234
6505.79838858128  322.7488
6506.03223402271  270.9473
6506.26607946414  230.2598
6506.49992490557  249.8696
6506.733770347  233.4984
6506.96761578844  268.3321
6507.20146122987  258.6306
6507.4353066713  206.6554
6507.66915211273  262.4866
6507.90299755416  288.2935
6508.13684299559  294.3981
6508.37068843702  301.7441
6508.60453387846  256.9649
6508.83837931989  266.6241
6509.07222476132  255.159
6509.30607020275  307.6936
6509.53991564419  295.0679
6509.77376108562  279.3007
6510.00760652705  260.0593
6510.24145196848  265.9692
6510.47529740991  310.8787
6510.70914285134  282.0872
6510.94298829277  253.185
6511.17683373421  306.5493
6511.41067917564  296.9435
6511.64452461707  249.459
6511.8783700585  301.596
6512.11221549993  310.12
6512.34606094137  263.2382
6512.5799063828  311.2361
6512.81375182423  334.2953
6513.04759726566  282.5515
6513.28144270709  260.3518
6513.51528814852  259.8655
6513.74913358996  226.3721
6513.98297903139  248.492
6514.21682447282  291.4211
6514.45066991425  292.0483
6514.68451535568  237.3753
6514.91836079711  297.8687
6515.15220623855  249.4329
6515.38605167998  254.1349
6515.61989712141  322.7451
6515.85374256284  329.6942
6516.08758800427  267.0371
6516.3214334457  304.1918
6516.55527888714  271.1434
6516.78912432857  223.5487
6517.02296977  285.2844
6517.25681521143  280.4069
6517.49066065286  272.742
6517.7245060943  315.9479
6517.95835153573  289.5948
6518.19219697716  290.7326
6518.42604241859  327.1422
6518.65988786002  302.7739
6518.89373330145  234.0182
6519.12757874289  272.5006
6519.36142418432  285.7696
6519.59526962575  291.8629
6519.82911506718  281.474
6520.06296050861  251.3946
6520.29680595004  269.2066
6520.53065139148  301.6435
6520.76449683291  347.6128
6520.99834227434  284.5945
6521.23218771577  274.8677
6521.4660331572  304.0879
6521.69987859864  318.3471
6521.93372404007  243.1308
6522.1675694815  219.2761
6522.40141492293  297.7488
6522.63526036436  324.6849
6522.86910580579  295.9174
6523.10295124723  300.9411
6523.33679668866  335.8955
6523.57064213009  343.2225
6523.80448757152  321.2921
6524.03833301295  317.2477
6524.27217845438  299.944
6524.50602389582  258.4315
6524.73986933725  330.6432
6524.97371477868  289.8202
6525.20756022011  263.2608
6525.44140566154  267.0656
6525.67525110298  285.5211
6525.90909654441  337.2904
6526.14294198584  369.911
6526.37678742727  370.1458
6526.6106328687  327.089
6526.84447831013  269.8414
6527.07832375157  283.2456
6527.312169193  305.8898
6527.54601463443  303.3525
6527.77986007586  271.5774
6528.01370551729  274.9511
6528.24755095873  298.2821
6528.48139640015  263.167
6528.71524184159  252.5313
6528.94908728302  300.9721
6529.18293272445  296.9072
6529.41677816588  291.7293
6529.65062360732  306.5575
6529.88446904875  291.1732
6530.11831449018  321.0287
6530.35215993161  344.1315
6530.58600537304  335.7776
6530.81985081447  274.9381
6531.0536962559  358.7497
6531.28754169734  286.1141
6531.52138713877  285.544
6531.7552325802  332.1536
6531.98907802163  268.9125
6532.22292346306  299.9567
6532.4567689045  329.7483
6532.69061434593  284.0865
6532.92445978736  342.769
6533.15830522879  351.0812
6533.39215067022  314.1427
6533.62599611165  280.854
6533.85984155309  281.8528
6534.09368699452  278.4751
6534.32753243595  311.968
6534.56137787738  353.6433
6534.79522331881  324.0569
6535.02906876024  325.0551
6535.26291420168  342.5893
6535.49675964311  339.2926
6535.73060508454  333.078
6535.96445052597  332.6393
6536.1982959674  342.8641
6536.43214140884  318.4023
6536.66598685027  308.0863
6536.8998322917  303.7631
6537.13367773313  323.493
6537.36752317456  412.0975
6537.601368616  359.6495
6537.83521405743  289.9106
6538.06905949886  318.6122
6538.30290494029  303.427
6538.53675038172  310.4015
6538.77059582315  272.5965
6539.00444126458  331.6084
6539.23828670602  328.3191
6539.47213214745  322.9611
6539.70597758888  419.2584
6539.93982303031  335.8823
6540.17366847174  302.175
6540.40751391318  299.1776
6540.64135935461  332.8907
6540.87520479604  335.0768
6541.10905023747  302.289
6541.3428956789  289.7244
6541.57674112033  348.3758
6541.81058656177  333.7209
6542.0444320032  344.2683
6542.27827744463  337.2214
6542.51212288606  306.488
6542.74596832749  365.2834
6542.97981376892  427.1362
6543.21365921036  393.3695
6543.44750465179  401.8788
6543.68135009322  395.6446
6543.91519553465  345.4984
6544.14904097608  349.6409
6544.38288641752  356.4019
6544.61673185895  391.2728
6544.85057730038  403.1019
6545.08442274181  393.0685
6545.31826818324  379.6478
6545.55211362468  349.5652
6545.7859590661  352.0139
6546.01980450754  409.578
6546.25364994897  411.2535
6546.4874953904  384.4428
6546.72134083183  306.4861
6546.95518627326  389.2945
6547.18903171469  390.5766
6547.42287715613  369.7269
6547.65672259756  421.3627
6547.89056803899  429.8058
6548.12441348042  405.4528
6548.35825892185  381.1324
6548.59210436329  427.1368
6548.82594980472  419.4311
6549.05979524615  434.1298
6549.29364068758  388.2522
6549.52748612901  434.8429
6549.76133157045  404.3014
6549.99517701188  448.2166
6550.22902245331  473.7325
6550.46286789474  486.3344
6550.69671333617  467.3195
6550.9305587776  467.687
6551.16440421904  442.3408
6551.39824966047  401.3935
6551.6320951019  434.4725
6551.86594054333  486.7067
6552.09978598476  494.1823
6552.33363142619  459.1052
6552.56747686763  448.3658
6552.80132230906  428.5722
6553.03516775049  440.4139
6553.26901319192  476.5076
6553.50285863335  481.8403
6553.73670407479  492.1176
6553.97054951622  489.0734
6554.20439495765  459.7623
6554.43824039908  444.8975
6554.67208584051  433.8105
6554.90593128194  417.8094
6555.13977672337  488.8343
6555.37362216481  500.1474
6555.60746760624  454.8352
6555.84131304767  511.3407
6556.0751584891  503.5414
6556.30900393053  497.5235
6556.54284937197  507.1649
6556.7766948134  518.3254
6557.01054025483  510.78
6557.24438569626  570.4116
6557.47823113769  558.4955
6557.71207657913  532.1605
6557.94592202056  562.4337
6558.17976746199  578.9414
6558.41361290342  618.2448
6558.64745834485  613.0746
6558.88130378628  645.8347
6559.11514922771  635.7471
6559.34899466915  652.7481
6559.58284011058  616.2496
6559.81668555201  628.2237
6560.05053099344  649.9918
6560.28437643487  679.2577
6560.51822187631  661.2756
6560.75206731774  663.4891
6560.98591275917  700.3743
6561.2197582006  609.8906
6561.45360364203  591.3932
6561.68744908346  611.2863
6561.9212945249  635.2403
6562.15513996633  672.4632
6562.38898540776  642.4749
6562.62283084919  680.1934
6562.85667629062  674.3668
6563.09052173205  608.0583
6563.32436717349  639.1122
6563.55821261492  590.1954
6563.79205805635  651.0865
6564.02590349778  632.3746
6564.25974893921  666.54
6564.49359438065  615.2724
6564.72743982208  557.375
6564.96128526351  643.8017
6565.19513070494  663.1821
6565.42897614637  613.5689
6565.6628215878  587.1166
6565.89666702924  633.7905
6566.13051247067  595.3441
6566.3643579121  611.0909
6566.59820335353  650.7626
6566.83204879496  586.0894
6567.0658942364  588.0394
6567.29973967783  541.8094
6567.53358511926  579.1252
6567.76743056069  639.2084
6568.00127600212  579.2018
6568.23512144355  620.9661
6568.46896688499  583.2266
6568.70281232642  524.5152
6568.93665776785  582.3507
6569.17050320928  631.027
6569.40434865071  597.7666
6569.63819409214  540.0267
6569.87203953358  541.9323
6570.10588497501  537.978
6570.33973041644  531.9265
6570.57357585787  532.7093
6570.8074212993  533.8615
6571.04126674073  516.0676
6571.27511218217  499.6903
6571.5089576236  468.7214
6571.74280306503  488.5698
6571.97664850646  518.025
6572.21049394789  486.3611
6572.44433938932  532.6689
6572.67818483076  559.6491
6572.91203027219  491.6991
6573.14587571362  445.3187
6573.37972115505  441.9154
6573.61356659648  401.1287
6573.84741203792  410.7869
6574.08125747935  471.8379
6574.31510292078  471.446
6574.54894836221  486.3953
6574.78279380364  447.0523
6575.01663924507  453.67
6575.25048468651  454.705
6575.48433012794  396.1894
6575.71817556937  434.8149
6575.9520210108  433.225
6576.18586645223  401.7369
6576.41971189367  415.558
6576.6535573351  404.1828
6576.88740277653  404.2672
6577.12124821796  405.5862
6577.35509365939  423.934
6577.58893910082  368.8902
6577.82278454225  392.8111
6578.05662998369  422.3041
6578.29047542512  421.71
6578.52432086655  400.0213
6578.75816630798  338.9067
6578.99201174941  342.4682
6579.22585719085  352.5671
6579.45970263228  308.9323
6579.69354807371  312.3748
6579.92739351514  371.448
6580.16123895657  348.293
6580.395084398  356.9574
6580.62892983944  403.1855
6580.86277528087  408.3699
6581.0966207223  338.3567
6581.33046616373  361.3591
6581.56431160516  357.541
6581.79815704659  393.2092
6582.03200248803  407.6262
6582.26584792946  396.7048
6582.49969337089  342.2927
6582.73353881232  353.8462
6582.96738425375  408.5624
6583.20122969519  366.7185
6583.43507513662  322.8603
6583.66892057805  344.145
6583.90276601948  371.9651
6584.13661146091  376.4812
6584.37045690234  377.9041
6584.60430234378  357.1824
6584.83814778521  372.7026
6585.07199322664  382.1922
6585.30583866807  333.4031
6585.5396841095  369.2972
6585.77352955094  427.0835
6586.00737499237  336.8598
6586.2412204338  296.2327
6586.47506587523  337.3596
6586.70891131666  323.909
6586.94275675809  308.4563
6587.17660219953  376.6857
6587.41044764096  380.4216
6587.64429308239  348.8989
6587.87813852382  333.9099
6588.11198396525  338.2002
6588.34582940668  328.3725
6588.57967484812  292.3188
6588.81352028955  353.0125
6589.04736573098  294.559
6589.28121117241  305.7025
6589.51505661384  296.8504
6589.74890205528  296.7726
6589.98274749671  306.9774
6590.21659293814  300.9471
6590.45043837957  315.3508
6590.684283821  309.5801
6590.91812926243  334.4816
6591.15197470386  326.6291
6591.3858201453  325.6013
6591.61966558673  312.987
6591.85351102816  345.8336
6592.08735646959  342.6078
6592.32120191102  319.123
6592.55504735246  316.6164
6592.78889279389  294.3747
6593.02273823532  321.99
6593.25658367675  286.025
6593.49042911818  318.4893
6593.72427455961  363.916
6593.95812000105  313.8942
6594.19196544248  308.7246
6594.42581088391  306.2939
6594.65965632534  309.0795
6594.89350176677  322.1815
6595.1273472082  284.1247
6595.36119264964  250.8452
6595.59503809107  274.491
6595.8288835325  323.6171
6596.06272897393  303.767
6596.29657441536  296.8137
6596.5304198568  342.0772
6596.76426529823  350.5464
6596.99811073966  338.456
6597.23195618109  353.1744
6597.46580162252  318.2291
6597.69964706395  319.8215
6597.93349250539  281.5522
6598.16733794682  298.6706
6598.40118338825  325.8959
6598.63502882968  321.9471
6598.86887427111  337.6562
6599.10271971254  300.9928
6599.33656515398  331.691
6599.57041059541  249.4004
6599.80425603684  245.3095
6600.03810147827  320.0522
6600.2719469197  335.3477
6600.50579236114  292.7979
6600.73963780257  289.0905
6600.973483244  340.808
6601.20732868543  291.1196
6601.44117412686  302.5799
6601.67501956829  325.7712
6601.90886500973  381.6508
6602.14271045116  317.3959
6602.37655589259  301.7528
6602.61040133402  311.3476
6602.84424677545  291.8668
6603.07809221689  306.1547
6603.31193765832  340.2442
6603.54578309975  290.6089
6603.77962854118  285.1804
6604.01347398261  324.7724
6604.24731942404  316.6125
6604.48116486547  287.5854
6604.71501030691  323.6754
6604.94885574834  336.9277
6605.18270118977  283.0631
6605.4165466312  339.7006
6605.65039207263  374.7353
6605.88423751406  306.0693
6606.1180829555  310.9099
6606.35192839693  279.0677
6606.58577383836  337.4293
6606.81961927979  274.2599
6607.05346472122  292.179
6607.28731016266  299.9074
6607.52115560409  316.6401
6607.75500104552  320.7154
6607.98884648695  271.9591
6608.22269192838  283.238
6608.45653736981  295.8309
6608.69038281125  234.7531
6608.92422825268  271.2389
6609.15807369411  333.9527
6609.39191913554  292.0316
6609.62576457697  288.547
6609.8596100184  303.6674
6610.09345545984  295.3613
6610.32730090127  273.2729
6610.5611463427  305.0839
6610.79499178413  316.5449
6611.02883722556  291.244
6611.262682667  288.1604
6611.49652810843  280.3733
6611.73037354986  281.3123
6611.96421899129  342.2037
6612.19806443272  331.433
6612.43190987415  240.0388
6612.66575531559  268.212
6612.89960075702  296.5124
6613.13344619845  250.0939
6613.36729163988  218.1178
6613.60113708131  298.6553
6613.83498252274  304.6839
6614.06882796418  263.7767
6614.30267340561  278.8039
6614.53651884704  323.8656
6614.77036428847  307.5527
6615.0042097299  287.2776
6615.23805517134  265.2244
6615.47190061277  310.6213
6615.7057460542  280.0432
6615.93959149563  264.8056
6616.17343693706  245.0801
6616.40728237849  252.1202
6616.64112781993  282.1483
6616.87497326136  272.1514
6617.10881870279  315.628
6617.34266414422  293.9893
6617.57650958565  289.1325
6617.81035502708  280.3346
6618.04420046852  313.3071
6618.27804590995  258.4807
6618.51189135138  253.0511
6618.74573679281  234.3015
6618.97958223424  293.446
6619.21342767567  280.6197
6619.44727311711  292.2666
6619.68111855854  314.9254
6619.91496399997  242.3813
6620.1488094414  219.2945
6620.38265488283  280.7567
6620.61650032427  334.8497
6620.8503457657  235.7184
6621.08419120713  250.8821
6621.31803664856  271.2607
6621.55188208999  239.7103
6621.78572753142  268.4701
6622.01957297286  279.1791
6622.25341841429  269.3376
6622.48726385572  254.4826
6622.72110929715  287.2543
6622.95495473858  259.9891
6623.18880018001  274.8137
6623.42264562145  297.0896
6623.65649106288  223.4223
6623.89033650431  297.6128
6624.12418194574  304.3451
6624.35802738717  260.4216
6624.59187282861  306.35
6624.82571827004  250.5601
6625.05956371147  245.2169
6625.2934091529  268.7616
6625.52725459433  268.6104
6625.76110003576  222.9964
6625.99494547719  276.0663
6626.22879091863  285.7572
6626.46263636006  268.9886
6626.69648180149  273.7478
6626.93032724292  239.838
6627.16417268435  224.8078
6627.39801812579  292.9234
6627.63186356722  270.8904
6627.86570900865  254.3506
6628.09955445008  279.2232
6628.33339989151  292.0835
6628.56724533295  251.6621
6628.80109077438  273.0092
6629.03493621581  281.1116
6629.26878165724  314.9609
6629.50262709867  299.7535
6629.7364725401  258.0303
6629.97031798154  288.9339
6630.20416342297  256.5832
6630.4380088644  239.802
6630.67185430583  261.2456
6630.90569974726  289.5115
6631.13954518869  235.4641
6631.37339063013  234.5741
6631.60723607156  266.0249
6631.84108151299  223.7809
6632.07492695442  191.4216
6632.30877239585  209.5571
6632.54261783729  237.17
6632.77646327872  234.5251
6633.01030872015  265.6757
6633.24415416158  261.7175
6633.47799960301  249.6964
6633.71184504444  295.0593
6633.94569048587  294.7141
6634.17953592731  263.5617
6634.41338136874  263.5234
6634.64722681017  242.6166
6634.8810722516  259.9263
6635.11491769303  236.9029
6635.34876313446  278.7469
6635.5826085759  289.9065
6635.81645401733  252.6075
6636.05029945876  233.0075
6636.28414490019  247.3302
6636.51799034163  228.528
6636.75183578306  189.4708
6636.98568122449  225.5524
6637.21952666592  233.7202
6637.45337210735  216.7714
6637.68721754878  223.3612
6637.92106299021  224.9381
6638.15490843165  226.7969
6638.38875387308  229.7648
6638.62259931451  236.8592
6638.85644475594  242.9065
6639.09029019737  197.6822
6639.32413563881  234.1617
6639.55798108024  218.8192
6639.79182652167  254.6074
6640.0256719631  295.8255
6640.25951740453  236.5422
6640.49336284596  272.5769
6640.7272082874  237.3344
6640.96105372883  188.2691
6641.19489917026  218.8774
6641.42874461169  228.8829
6641.66259005312  229.9447
6641.89643549455  209.404
6642.13028093599  258.4832
6642.36412637742  178.21
6642.59797181885  167.9946
6642.83181726028  223.1668
6643.06566270171  267.0418
6643.29950814315  239.8502
6643.53335358458  194.4319
6643.76719902601  195.4113
6644.00104446744  247.5668
6644.23488990887  253.0483
6644.4687353503  211.6921
6644.70258079174  216.6068
6644.93642623317  225.9421
6645.1702716746  235.2486
6645.40411711603  232.7272
6645.63796255746  195.5526
6645.87180799889  207.9305
6646.10565344033  218.1773
6646.33949888176  196.4724
6646.57334432319  203.8945
6646.80718976462  158.6166
6647.04103520605  161.2334
6647.27488064749  203.0347
6647.50872608892  206.8422
6647.74257153035  225.2127
6647.97641697178  222.1234
6648.21026241321  218.4639
6648.44410785464  244.026
6648.67795329608  251.5978
6648.91179873751  164.566
6649.14564417894  199.0449
6649.37948962037  192.3828
6649.6133350618  239.6364
6649.84718050323  223.296
6650.08102594467  229.6941
6650.3148713861  243.0997
6650.54871682753  221.2924
6650.78256226896  205.4325
6651.01640771039  154.513
6651.25025315182  163.0758
6651.48409859326  206.7159
6651.71794403469  176.2003
6651.95178947612  223.4554
6652.18563491755  203.5511
6652.41948035898  164.7972
6652.65332580042  177.6763
6652.88717124185  226.4222
6653.12101668328  220.7026
6653.35486212471  163.091
6653.58870756614  180.1001
6653.82255300757  234.7183
6654.05639844901  217.1725
6654.29024389044  194.4098
6654.52408933187  219.3501
6654.7579347733  177.6338
6654.99178021473  149.221
6655.22562565617  207.6824
6655.4594710976  195.6128
6655.69331653903  173.2165
6655.92716198046  223.3822
6656.16100742189  212.262
6656.39485286332  183.2846
6656.62869830476  159.8406
6656.86254374619  152.6787
6657.09638918762  184.7944
6657.33023462905  151.3987
6657.56408007048  166.8112
6657.79792551191  214.4584
6658.03177095335  175.2292
6658.26561639478  145.9028
6658.49946183621  190.0731
6658.73330727764  138.3308
6658.96715271907  141.6281
6659.2009981605  183.9406
6659.43484360194  216.129
6659.66868904337  208.0575
6659.9025344848  131.3374
6660.13637992623  143.581
6660.37022536766  162.5544
6660.6040708091  189.1504
6660.83791625053  191.37
6661.07176169196  186.0251
6661.30560713339  208.2276
6661.53945257482  185.4207
6661.77329801625  176.8082
6662.00714345768  179.9433
6662.24098889912  148.0876
6662.47483434055  135.021
6662.70867978198  143.318
6662.94252522341  119.3544
6663.17637066485  119.6964
6663.41021610628  110.8895
6663.64406154771  130.3978
6663.87790698914  150.9814
6664.11175243057  132.9013
6664.345597872  134.0584
6664.57944331343  101.3853
6664.81328875487  129.8263
6665.0471341963  161.3392
6665.28097963773  165.5341
6665.51482507916  141.4454
6665.74867052059  146.4002
6665.98251596202  131.2879
6666.21636140346  137.1537
6666.45020684489  126.5089
6666.68405228632  151.8818
6666.91789772775  135.4337
6667.15174316918  167.9447
6667.38558861062  124.565
6667.61943405205  142.644
6667.85327949348  124.2949
6668.08712493491  105.6724
6668.32097037634  112.1455
6668.55481581777  136.52
6668.78866125921  108.7614
6669.02250670064  105.1139
6669.25635214207  71.3731
6669.4901975835  89.57639
6669.72404302493  144.6152
6669.95788846636  106.3547
6670.1917339078  94.13704
6670.42557934923  128.6766
6670.65942479066  100.9916
6670.89327023209  123.9726
6671.12711567352  131.0217
6671.36096111496  101.3359
6671.59480655639  127.1727
6671.82865199782  71.75378
6672.06249743925  38.73409
6672.29634288068  94.02448
6672.53018832211  89.07447
6672.76403376355  116.4325
6672.99787920498  125.7171
6673.23172464641  117.8011
6673.46557008784  94.6831
6673.69941552927  59.89293
6673.93326097071  88.11156
6674.16710641213  81.30686
6674.40095185357  128.7679
6674.634797295  81.0232
6674.86864273643  84.78808
6675.10248817786  113.6956
6675.3363336193  119.1806
6675.57017906073  63.69575
6675.80402450216  102.8046
6676.03786994359  83.15757
6676.27171538502  110.1143
6676.50556082645  81.30228
6676.73940626788  80.74059
6676.97325170932  86.31863
6677.20709715075  74.50342
6677.44094259218  70.51427
6677.67478803361  81.42651
6677.90863347504  83.63274
6678.14247891648  134.8126
6678.37632435791  107.462
6678.61016979934  90.31088
6678.84401524077  17.38649
6679.0778606822  11.50993
6679.31170612363  47.28952
6679.54555156507  38.9959
6679.7793970065  64.95666
6680.01324244793  43.70317
6680.24708788936  38.27728
6680.48093333079  49.49091
6680.71477877222  87.5722
6680.94862421366  90.17812
6681.18246965509  90.74812
6681.41631509652  47.0689
6681.65016053795  72.42868
6681.88400597938  67.79649
6682.11785142082  46.91916
6682.35169686225  27.1758
6682.58554230368  59.19419
6682.81938774511  46.20976
6683.05323318654  0.9938819
6683.28707862797  8.383865
6683.52092406941  35.54541
6683.75476951084  53.79666
6683.98861495227  90.63351
6684.2224603937  52.30101
6684.45630583513  51.88922
6684.69015127656  42.56854
6684.923996718  7.402377
6685.15784215943  24.03352
6685.39168760086  47.15663
6685.62553304229  26.53163
6685.85937848372  37.81049
6686.09322392516  63.16667
6686.32706936659  -9.076878
6686.56091480802  58.52808
6686.79476024945  65.58688
6687.02860569088  25.16069
6687.26245113231  25.3458
6687.49629657375  51.35295
6687.73014201518  18.56571
6687.96398745661  49.66056
6688.19783289804  41.99468
6688.43167833947  31.06942
6688.6655237809  -0.6845444
6688.89936922234  -6.212022
6689.13321466377  17.16948
6689.3670601052  56.6003
6689.60090554663  46.43955
6689.83475098806  77.37585
6690.06859642949  39.6058
6690.30244187093  -16.31379
6690.53628731236  7.215949
6690.77013275379  -20.68722
6691.00397819522  31.16592
6691.23782363666  45.67516
6691.47166907809  7.416614
6691.70551451952  -4.541101
6691.93935996095  20.95971
6692.17320540238  -9.414629
