6452.981264695  18.67935
6453.21511458101  51.90052
6453.44896446701  2.560569
6453.68281435302  15.28998
6453.91666423902  24.33647
6454.15051412502  28.71969
6454.38436401103  26.19921
6454.61821389704  48.57401
6454.85206378304  73.6657
6455.08591366904  43.10802
6455.31976355505  20.5809
6455.55361344105  25.44362
6455.78746332706  27.89071
6456.02131321306  50.45545
6456.25516309907  49.83683
6456.48901298507  15.96503
6456.72286287108  51.60035
6456.95671275708  44.85368
6457.19056264309  39.96263
6457.42441252909  60.67297
6457.6582624151  46.73506
6457.8921123011  31.38234
6458.12596218711  36.03241
6458.35981207311  13.53252
6458.59366195912  3.742867
6458.82751184512  46.44894
6459.06136173113  63.93453
6459.29521161713  47.43327
6459.52906150314  17.56813
6459.76291138914  -3.804134
6459.99676127514  46.01319
6460.23061116115  82.00914
6460.46446104715  59.68748
6460.69831093316  55.89217
6460.93216081916  54.59648
6461.16601070517  57.45488
6461.39986059118  85.43155
6461.63371047718  77.24487
6461.86756036318  69.50337
6462.10141024919  78.23575
6462.33526013519  25.18627
6462.5691100212  38.41965
6462.8029599072  57.2757
6463.03680979321  70.58244
6463.27065967921  47.14121
6463.50450956522  70.07419
6463.73835945122  64.59235
6463.97220933723  35.95844
6464.20605922323  45.05354
6464.43990910924  47.64841
6464.67375899524  59.53809
6464.90760888125  88.44901
6465.14145876725  46.91481
6465.37530865326  31.02679
6465.60915853926  89.56579
6465.84300842527  54.71833
6466.07685831127  60.4985
6466.31070819728  57.40609
6466.54455808328  49.1668
6466.77840796928  100.9125
6467.01225785529  84.65952
6467.24610774129  74.60769
6467.4799576273  49.31825
6467.7138075133  27.11843
6467.94765739931  59.43532
6468.18150728531  60.83308
6468.41535717132  57.3875
6468.64920705732  35.74773
6468.88305694333  48.38677
6469.11690682933  68.85519
6469.35075671534  81.37949
6469.58460660134  78.47103
6469.81845648735  61.05489
6470.05230637335  70.96989
6470.28615625936  35.44738
6470.52000614536  12.67604
6470.75385603137  24.26226
6470.98770591737  71.79022
6471.22155580338  74.07875
6471.45540568938  45.45283
6471.68925557539  94.05105
6471.92310546139  81.42601
6472.1569553474  44.43851
6472.3908052334  55.23897
6472.62465511941  73.57206
6472.85850500541  57.43947
6473.09235489142  78.7632
6473.32620477742  83.43369
6473.56005466342  82.32921
6473.79390454943  73.65485
6474.02775443543  70.53453
6474.26160432144  61.82513
6474.49545420744  61.68269
6474.72930409345  96.42801
6474.96315397945  94.26823
6475.19700386546  79.35206
6475.43085375146  131.1389
6475.66470363747  104.2072
6475.89855352347  70.09058
6476.13240340948  111.0807
6476.36625329548  95.63234
6476.60010318149  43.95624
6476.83395306749  62.63937
6477.0678029535  110.6776
6477.3016528395  100.0076
6477.53550272551  60.68923
6477.76935261151  95.44718
6478.00320249752  96.48446
6478.23705238352  67.22318
6478.47090226952  64.90598
6478.70475215553  76.79164
6478.93860204153  145.6775
6479.17245192754  101.0211
6479.40630181355  56.07814
6479.64015169955  111.3853
6479.87400158556  111.6486
6480.10785147156  93.01343
6480.34170135756  65.46336
6480.57555124357  61.91221
6480.80940112957  68.8139
6481.04325101558  113.1569
6481.27710090158  87.65443
6481.51095078759  63.53393
6481.74480067359  88.13564
6481.9786505596  105.8644
6482.2125004456  112.1941
6482.44635033161  96.73521
6482.68020021761  92.14117
6482.91405010362  87.55659
6483.14789998962  72.84402
6483.38174987562  67.25115
6483.61559976163  96.51224
6483.84944964763  50.92929
6484.08329953364  65.51225
6484.31714941965  84.01251
6484.55099930565  75.71049
6484.78484919166  106.9268
6485.01869907766  131.8778
6485.25254896367  103.9839
6485.48639884967  71.5254
6485.72024873567  89.19684
6485.95409862168  87.46003
6486.18794850769  70.83862
6486.42179839369  113.8582
6486.65564827969  91.73517
6486.8894981657  87.2667
6487.1233480517  156.3635
6487.35719793771  118.8402
6487.59104782371  112.2544
6487.82489770972  90.60169
6488.05874759572  84.96885
6488.29259748173  150.8162
6488.52644736773  115.4859
6488.76029725374  117.0301
6488.99414713974  120.9858
6489.22799702575  81.54984
6489.46184691175  97.99839
6489.69569679776  111.8876
6489.92954668376  112.1666
6490.16339656977  116.0372
6490.39724645577  78.50468
6490.63109634178  101.8366
6490.86494622778  94.32243
6491.09879611379  102.8154
6491.33264599979  122.0867
6491.56649588579  80.78387
6491.8003457718  85.39018
6492.0341956578  105.6511
6492.26804554381  123.3478
6492.50189542981  65.81149
6492.73574531582  84.44315
6492.96959520182  89.62315
6493.20344508783  77.80756
6493.43729497383  91.22742
6493.67114485984  96.40202
6493.90499474584  96.52614
6494.13884463185  102.5585
6494.37269451785  102.9799
6494.60654440386  72.63459
6494.84039428986  98.67154
6495.07424417587  144.7666
6495.30809406187  127.9822
6495.54194394788  49.64921
6495.77579383388  97.10902
6496.00964371989  98.62914
6496.24349360589  87.77849
6496.4773434919  118.7849
6496.7111933779  121.682
6496.9450432639  93.09153
6497.17889314991  82.85384
6497.41274303591  69.48982
6497.64659292192  69.43091
6497.88044280792  94.69875
6498.11429269393  124.2548
6498.34814257993  116.1276
6498.58199246594  80.82654
6498.81584235194  102.3194
6499.04969223795  108.064
6499.28354212395  89.24468
6499.51739200996  63.16293
6499.75124189596  46.45412
6499.98509178197  75.86189
6500.21894166797  99.43829
6500.45279155398  85.63384
6500.68664143998  91.2465
6500.92049132599  78.63695
6501.15434121199  82.27964
6501.388191098  74.55939
6501.622040984  90.99009
6501.85589087001  119.8016
6502.08974075601  103.7308
6502.32359064202  100.8144
6502.55744052802  118.8784
6502.79129041403  117.5087
6503.02514030003  112.2354
6503.25899018604  97.35428
6503.49284007204  123.9756
6503.72668995805  150.7054
6503.96053984405  117.7282
6504.19438973005  120.6762
6504.42823961606  108.1028
6504.66208950207  157.5425
6504.89593938807  125.557
6505.12978927407  133.7385
6505.36363916008  92.56592
6505.59748904608  126.7944
6505.83133893209  121.42
6506.06518881809  108.0048
6506.2990387041  113.9606
6506.5328885901  123.3555
6506.76673847611  104.0506
6507.00058836211  87.30025
6507.23443824812  95.27826
6507.46828813412  68.75323
6507.70213802013  94.64388
6507.93598790613  142.6782
6508.16983779214  94.43958
6508.40368767814  85.60836
6508.63753756415  95.79581
6508.87138745015  127.7022
6509.10523733616  148.7568
6509.33908722216  149.1987
6509.57293710817  140.4518
6509.80678699417  89.46233
6510.04063688017  75.64845
6510.27448676618  93.5134
6510.50833665218  108.2309
6510.74218653819  123.1177
6510.97603642419  132.8164
6511.2098863102  116.8368
6511.4437361962  96.82055
6511.67758608221  126.7619
6511.91143596821  135.9318
6512.14528585422  112.9429
6512.37913574022  110.1594
6512.61298562623  110.3148
6512.84683551223  144.8915
6513.08068539824  132.6686
6513.31453528424  105.481
6513.54838517025  91.3636
6513.78223505625  89.44604
6514.01608494226  139.7206
6514.24993482826  115.1344
6514.48378471427  96.81316
6514.71763460027  114.8806
6514.95148448628  116.7432
6515.18533437228  105.607
6515.41918425828  144.1491
6515.65303414429  107.2978
6515.88688403029  67.88298
6516.1207339163  113.5547
6516.3545838023  109.6142
6516.58843368831  100.0111
6516.82228357431  108.5805
6517.05613346032  85.05791
6517.28998334632  83.57633
6517.52383323233  141.5715
6517.75768311833  161.5482
6517.99153300434  82.6846
6518.22538289034  64.2759
6518.45923277635  85.98023
6518.69308266235  113.9624
6518.92693254836  129.6574
6519.16078243436  114.958
6519.39463232037  116.0701
6519.62848220637  135.8883
6519.86233209238  107.5619
6520.09618197838  112.7144
6520.33003186439  103.7402
6520.56388175039  118.8939
6520.7977316364  139.8906
6521.0315815224  140.361
6521.26543140841  110.096
6521.49928129441  119.8127
6521.73313118041  105.7498
6521.96698106642  56.85259
6522.20083095242  113.6407
6522.43468083843  189.1457
6522.66853072443  142.532
6522.90238061044  81.10724
6523.13623049644  110.4264
6523.37008038245  138.1675
6523.60393026845  113.8152
6523.83778015446  110.4605
6524.07163004046  82.51168
6524.30547992647  80.3266
6524.53932981247  130.9548
6524.77317969848  131.1285
6525.00702958448  117.4482
6525.24087947049  148.4231
6525.47472935649  155.7176
6525.7085792425  142.0249
6525.9424291285  111.395
6526.17627901451  136.5574
6526.41012890051  117.4431
6526.64397878652  119.4879
6526.87782867252  141.2772
6527.11167855853  120.5416
6527.34552844453  113.9478
6527.57937833054  143.6783
6527.81322821654  137.8353
6528.04707810254  93.28598
6528.28092798855  85.91742
6528.51477787455  106.26
6528.74862776056  91.37759
6528.98247764656  89.14429
6529.21632753257  84.04071
6529.45017741857  90.06905
6529.68402730458  118.985
6529.91787719058  84.71709
6530.15172707659  133.9249
6530.38557696259  142.4574
6530.6194268486  101.2189
6530.8532767346  150.3066
6531.08712662061  186.6028
6531.32097650661  147.177
6531.55482639262  136.8295
6531.78867627862  163.6249
6532.02252616463  142.8452
6532.25637605063  169.6927
6532.49022593664  126.9837
6532.72407582264  118.546
6532.95792570865  143.2467
6533.19177559465  128.9904
6533.42562548066  118.019
6533.65947536666  114.0511
6533.89332525266  108.3074
6534.12717513867  103.5086
6534.36102502467  102.7736
6534.59487491068  111.4312
6534.82872479668  105.4282
6535.06257468269  141.3147
6535.29642456869  160.5815
6535.5302744547  114.4518
6535.7641243407  129.1965
6535.99797422671  164.9296
6536.23182411271  132.8952
6536.46567399872  109.1556
6536.69952388472  150.3862
6536.93337377073  167.991
6537.16722365673  120.6144
6537.40107354274  147.5142
6537.63492342874  142.0469
6537.86877331475  159.4691
6538.10262320075  138.7819
6538.33647308676  144.8366
6538.57032297276  140.5295
6538.80417285877  163.1261
6539.03802274477  137.5395
6539.27187263078  135.3306
6539.50572251678  186.8315
6539.73957240279  168.5329
6539.97342228879  152.4374
6540.20727217479  115.7198
6540.4411220608  117.665
6540.6749719468  140.4376
6540.90882183281  155.9487
6541.14267171882  119.9616
6541.37652160482  110.1063
6541.61037149082  124.5428
6541.84422137683  100.143
6542.07807126283  129.7874
6542.31192114884  156.5699
6542.54577103484  167.0615
6542.77962092085  176.7853
6543.01347080685  180.1841
6543.24732069286  157.8915
6543.48117057886  143.3266
6543.71502046487  195.3824
6543.94887035087  221.9915
6544.18272023688  198.6725
6544.41657012288  173.1692
6544.65042000889  136.2512
6544.88426989489  161.2767
6545.1181197809  195.8535
6545.3519696669  136.1396
6545.58581955291  125.4342
6545.81966943891  174.1865
6546.05351932492  188.1712
6546.28736921092  156.0592
6546.52121909692  146.7194
6546.75506898293  144.9455
6546.98891886893  144.7169
6547.22276875494  186.613
6547.45661864094  140.4565
6547.69046852695  196.5416
6547.92431841295  121.795
6548.15816829896  144.7521
6548.39201818496  155.9515
6548.62586807097  183.0956
6548.85971795697  183.6308
6549.09356784298  242.2457
6549.32741772898  288.9748
6549.56126761499  231.3575
6549.79511750099  169.4807
6550.028967387  168.065
6550.262817273  178.3624
6550.49666715901  170.7588
6550.73051704501  212.7064
6550.96436693102  213.5465
6551.19821681702  213.3243
6551.43206670303  198.6745
6551.66591658903  192.7257
6551.89976647504  197.3705
6552.13361636104  244.7219
6552.36746624704  280.446
6552.60131613305  213.0506
6552.83516601906  213.3823
6553.06901590506  256.1596
6553.30286579106  227.0053
6553.53671567707  263.223
6553.77056556307  289.3131
6554.00441544908  236.7332
6554.23826533508  198.4013
6554.47211522109  188.5886
6554.70596510709  197.3363
6554.9398149931  216.2542
6555.1736648791  223.6442
6555.40751476511  183.6026
6555.64136465111  246.2589
6555.87521453712  248.7633
6556.10906442312  215.0663
6556.34291430913  208.7555
6556.57676419513  217.3899
6556.81061408113  191.4811
6557.04446396714  197.2877
6557.27831385315  263.3531
6557.51216373915  244.7084
6557.74601362516  233.0058
6557.97986351116  259.7051
6558.21371339717  263.5621
6558.44756328317  245.3431
6558.68141316917  274.7433
6558.91526305518  292.264
6559.14911294118  257.5298
6559.38296282719  218.8483
6559.6168127132  256.4219
6559.8506625992  200.8434
6560.0845124852  239.666
6560.31836237121  246.8333
6560.55221225721  252.7907
6560.78606214322  295.0773
6561.01991202922  294.774
6561.25376191523  274.9677
6561.48761180123  262.372
6561.72146168724  290.5571
6561.95531157324  291.8372
6562.18916145925  249.2703
6562.42301134525  318.0447
6562.65686123126  270.0497
6562.89071111726  267.9942
6563.12456100327  308.3943
6563.35841088927  255.7266
6563.59226077528  306.6899
6563.82611066128  342.9782
6564.05996054729  286.9198
6564.29381043329  296.8337
6564.5276603193  287.3926
6564.7615102053  252.0796
6564.99536009131  244.3031
6565.22920997731  251.8471
6565.46305986331  240.0163
6565.69690974932  259.975
6565.93075963532  247.008
6566.16460952133  226.9423
6566.39845940733  238.728
6566.63230929334  238.2475
6566.86615917934  280.5842
6567.10000906535  278.1766
6567.33385895135  242.5594
6567.56770883736  202.9212
6567.80155872336  201.1535
6568.03540860937  223.9746
6568.26925849537  242.4736
6568.50310838138  239.6649
6568.73695826738  248.553
6568.97080815339  243.7693
6569.20465803939  243.8547
6569.4385079254  240.1586
6569.6723578114  238.3558
6569.90620769741  243.4809
6570.14005758341  213.6957
6570.37390746942  246.6873
6570.60775735542  210.0844
6570.84160724142  216.3905
6571.07545712743  225.4541
6571.30930701343  172.2077
6571.54315689944  240.3456
6571.77700678544  239.1158
6572.01085667145  206.5008
6572.24470655745  205.4789
6572.47855644346  172.0009
6572.71240632946  185.8413
6572.94625621547  166.8624
6573.18010610147  151.8519
6573.41395598748  197.5438
6573.64780587348  177.8861
6573.88165575949  165.0582
6574.11550564549  151.5528
6574.3493555315  200.8118
6574.5832054175  222.2526
6574.81705530351  166.9422
6575.05090518951  150.9958
6575.28475507552  166.9048
6575.51860496152  231.5648
6575.75245484753  170.4739
6575.98630473353  136.0064
6576.22015461954  161.2227
6576.45400450554  131.3261
6576.68785439155  139.6992
6576.92170427755  158.4902
6577.15555416355  174.182
6577.38940404956  175.1587
6577.62325393557  151.2855
6577.85710382157  129.2516
6578.09095370758  154.8046
6578.32480359358  146.9098
6578.55865347959  160.2242
6578.79250336559  133.2913
6579.02635325159  107.7643
6579.2602031376  105.4144
6579.4940530236  157.39
6579.72790290961  126.9247
6579.96175279561  158.7855
6580.19560268162  146.2696
6580.42945256762  100.3367
6580.66330245363  144.3827
6580.89715233963  91.75297
6581.13100222564  91.53311
6581.36485211164  132.597
6581.59870199765  196.2454
6581.83255188365  190.674
6582.06640176965  131.4566
6582.30025165566  154.8201
6582.53410154167  169.3901
6582.76795142767  144.7738
6583.00180131368  175.1822
6583.23565119968  122.7652
6583.46950108569  153.6331
6583.70335097169  174.6879
6583.93720085769  178.9241
6584.1710507437  150.7712
6584.40490062971  109.9355
6584.63875051571  132.1827
6584.87260040171  140.9422
6585.10645028772  152.8596
6585.34030017372  115.274
6585.57415005973  104.1463
6585.80799994573  147.0931
6586.04184983174  124.1085
6586.27569971774  163.3381
6586.50954960375  143.4625
6586.74339948975  94.96442
6586.97724937576  142.0079
6587.21109926176  136.5944
6587.44494914777  91.23588
6587.67879903377  105.4992
6587.91264891978  158.6114
6588.14649880578  118.8764
6588.38034869179  99.54392
6588.61419857779  119.6341
6588.84804846379  124.8349
6589.0818983498  112.7398
6589.31574823581  131.7007
6589.54959812181  136.6024
6589.78344800781  74.56363
6590.01729789382  117.7771
6590.25114777982  118.8051
6590.48499766583  140.452
6590.71884755183  101.7163
6590.95269743784  101.4981
6591.18654732384  158.3023
6591.42039720985  116.137
6591.65424709585  131.8762
6591.88809698186  149.7738
6592.12194686786  119.4049
6592.35579675387  153.8391
6592.58964663987  126.9353
6592.82349652588  111.3562
6593.05734641188  100.9762
6593.29119629789  107.7225
6593.52504618389  138.0778
6593.7588960699  124.3793
6593.9927459559  63.48154
6594.22659584191  82.54549
6594.46044572791  153.8268
6594.69429561392  128.6096
6594.92814549992  120.1489
6595.16199538593  118.976
6595.39584527193  82.57137
6595.62969515793  107.9711
6595.86354504394  117.3379
6596.09739492994  100.6229
6596.33124481595  122.9856
6596.56509470195  114.0555
6596.79894458796  123.0876
6597.03279447396  139.1949
6597.26664435997  139.4027
6597.50049424597  135.5369
6597.73434413198  110.9866
6597.96819401798  90.76028
6598.20204390399  152.8167
6598.43589378999  159.0936
6598.669743676  169.4231
6598.903593562  130.009
6599.13744344801  113.0358
6599.37129333401  105.909
6599.60514322002  122.809
6599.83899310602  89.80636
6600.07284299203  125.8611
6600.30669287803  156.0017
6600.54054276404  123.7986
6600.77439265004  82.15169
6601.00824253605  106.7326
6601.24209242205  75.1925
6601.47594230806  123.0691
6601.70979219406  117.5906
6601.94364208006  126.0802
6602.17749196607  118.1669
6602.41134185207  120.7322
6602.64519173808  149.6624
6602.87904162408  160.3022
6603.11289151009  127.5901
6603.34674139609  137.5367
6603.5805912821  118.7537
6603.8144411681  105.0805
6604.04829105411  74.45155
6604.28214094011  100.0981
6604.51599082612  112.7769
6604.74984071212  142.9917
6604.98369059813  108.7538
6605.21754048413  94.82748
6605.45139037014  103.0303
6605.68524025614  108.2468
6605.91909014215  135.418
6606.15294002815  85.99197
6606.38678991416  109.1516
6606.62063980016  135.6772
6606.85448968617  126.5118
6607.08833957217  105.2497
6607.32218945818  81.75899
6607.55603934418  87.63843
6607.78988923019  77.59349
6608.02373911619  103.2245
6608.25758900219  148.0708
6608.4914388882  120.2587
6608.7252887742  100.8535
6608.95913866021  103.4321
6609.19298854621  98.12001
6609.42683843222  129.1601
6609.66068831822  155.5012
6609.89453820423  132.6974
6610.12838809023  124.5374
6610.36223797624  106.9509
6610.59608786224  72.09932
6610.82993774825  123.9382
6611.06378763425  110.6656
6611.29763752026  70.77333
6611.53148740626  129.7449
6611.76533729227  123.9226
6611.99918717827  98.36381
6612.23303706428  154.8678
6612.46688695028  151.0963
6612.70073683629  72.20517
6612.93458672229  88.80958
6613.1684366083  75.17696
6613.4022864943  74.05635
6613.63613638031  85.25529
6613.86998626631  129.1533
6614.10383615231  143.6884
6614.33768603832  93.81442
6614.57153592432  109.9074
6614.80538581033  99.63589
6615.03923569633  114.4405
6615.27308558234  132.7357
6615.50693546834  105.891
6615.74078535435  87.70599
6615.97463524035  91.50143
6616.20848512636  88.73636
6616.44233501236  90.32283
6616.67618489837  82.36769
6616.91003478437  102.0063
6617.14388467038  150.2722
6617.37773455638  119.75
6617.61158444239  75.98853
6617.84543432839  77.98901
6618.0792842144  67.0489
6618.3131341004  117.8711
6618.54698398641  115.5621
6618.78083387241  127.9454
6619.01468375842  109.9127
6619.24853364442  93.30881
6619.48238353043  77.54888
6619.71623341643  91.78732
6619.95008330244  118.4378
6620.18393318844  54.86999
6620.41778307444  83.82586
6620.65163296045  136.8611
6620.88548284645  108.2876
6621.11933273246  87.01582
6621.35318261846  85.10459
6621.58703250447  124.0147
6621.82088239047  126.493
6622.05473227648  62.96675
6622.28858216248  80.15112
6622.52243204849  79.02852
6622.75628193449  104.6649
6622.9901318205  80.90723
6623.2239817065  121.9733
6623.45783159251  108.2004
6623.69168147851  88.40788
6623.92553136452  110.4102
6624.15938125052  93.58555
6624.39323113653  115.0547
6624.62708102253  129.349
6624.86093090854  116.0756
6625.09478079454  129.3738
6625.32863068055  92.86338
6625.56248056655  80.33836
6625.79633045256  123.4228
6626.03018033856  100.3125
6626.26403022457  94.97055
6626.49788011057  70.84287
6626.73172999658  61.99075
6626.96557988258  76.56066
6627.19942976858  108.2888
6627.43327965459  126.7508
6627.66712954059  52.89161
6627.9009794266  99.95391
6628.1348293126  117.0172
6628.36867919861  80.50743
6628.60252908461  138.6711
6628.83637897062  93.74009
6629.07022885662  104.5269
6629.30407874263  139.3772
6629.53792862863  117.7662
6629.77177851464  112.4974
6630.00562840064  132.0766
6630.23947828665  120.025
6630.47332817265  115.2234
6630.70717805866  97.12709
6630.94102794466  118.4826
6631.17487783067  103.9637
6631.40872771667  142.7866
6631.64257760268  106.5655
6631.87642748868  97.30136
6632.11027737468  74.18871
6632.34412726069  92.22824
6632.57797714669  110.6053
6632.8118270327  111.5757
6633.0456769187  119.6763
6633.27952680471  133.1492
6633.51337669072  117.9602
6633.74722657672  105.5176
6633.98107646272  105.5468
6634.21492634873  132.6705
6634.44877623473  122.1454
6634.68262612074  113.1225
6634.91647600674  98.97573
6635.15032589275  69.16335
6635.38417577875  87.182
6635.61802566476  85.75243
6635.85187555076  71.58692
6636.08572543677  78.47471
6636.31957532277  105.9753
6636.55342520878  76.29662
6636.78727509478  105.3098
6637.02112498079  92.95609
6637.25497486679  110.0043
6637.4888247528  84.3428
6637.7226746388  84.44418
6637.95652452481  111.6256
6638.19037441081  94.70275
6638.42422429682  76.66888
6638.65807418282  101.7559
6638.89192406882  83.28823
6639.12577395483  53.97342
6639.35962384083  47.64107
6639.59347372684  67.21542
6639.82732361284  63.20037
6640.06117349885  79.57976
6640.29502338486  79.76551
6640.52887327086  105.3101
6640.76272315686  110.5072
6640.99657304287  72.64523
6641.23042292887  81.52487
6641.46427281488  87.52647
6641.69812270088  76.53284
6641.93197258689  70.63187
6642.16582247289  81.98064
6642.3996723589  63.18618
6642.6335222449  55.60429
6642.86737213091  26.89749
6643.10122201691  77.89165
6643.33507190292  67.10488
6643.56892178892  84.10968
6643.80277167493  94.72919
6644.03662156093  56.44535
6644.27047144694  78.96371
6644.50432133294  51.81659
6644.73817121895  74.32923
6644.97202110495  83.28238
6645.20587099096  93.9754
6645.43972087696  121.348
6645.67357076296  116.998
6645.90742064897  63.74937
6646.14127053497  73.53787
6646.37512042098  87.2475
6646.60897030698  81.14898
6646.84282019299  41.93536
6647.07667007899  41.81551
6647.310519965  91.78545
6647.544369851  92.20094
6647.77821973701  39.14108
6648.01206962301  80.52219
6648.24591950902  104.078
6648.47976939502  113.1629
6648.71361928103  105.5053
6648.94746916703  71.44209
6649.18131905304  74.73917
6649.41516893904  53.72564
6649.64901882505  78.22725
6649.88286871105  60.15262
6650.11671859706  72.58057
6650.35056848306  107.9802
6650.58441836906  73.06553
6650.81826825507  83.96248
6651.05211814107  93.30652
6651.28596802708  79.51606
6651.51981791308  47.39624
6651.75366779909  64.516
6651.9875176851  96.29913
6652.2213675711  53.08815
6652.4552174571  65.38923
6652.68906734311  109.6666
6652.92291722911  71.40289
6653.15676711512  80.41836
6653.39061700112  75.2043
6653.62446688713  61.58812
6653.85831677313  60.64207
6654.09216665914  146.3077
6654.32601654514  110.7017
6654.55986643115  85.81129
6654.79371631715  30.74461
6655.02756620316  79.48125
6655.26141608916  79.22032
6655.49526597517  58.21217
6655.72911586117  74.66318
6655.96296574717  58.83447
6656.19681563318  77.9233
6656.43066551919  88.27825
6656.66451540519  57.13454
6656.8983652912  89.28583
6657.1322151772  77.74873
6657.3660650632  84.4373
6657.59991494921  55.77988
6657.83376483521  87.26191
6658.06761472122  76.44644
6658.30146460722  42.27741
6658.53531449323  79.50002
6658.76916437924  73.66984
6659.00301426524  48.45134
6659.23686415124  53.69878
6659.47071403725  54.90651
6659.70456392325  73.07008
6659.93841380926  52.58887
6660.17226369526  52.38498
6660.40611358127  102.1274
6660.63996346727  69.78298
6660.87381335328  14.41088
6661.10766323928  87.80359
6661.34151312529  47.46193
6661.57536301129  77.19174
6661.8092128973  57.73261
6662.0430627833  59.32075
6662.27691266931  82.70399
6662.51076255531  63.58171
6662.74461244131  21.86009
6662.97846232732  0.4319627
6663.21231221333  53.10466
6663.44616209933  48.9247
6663.68001198534  72.31013
6663.91386187134  88.99714
6664.14771175734  17.11353
6664.38156164335  76.85822
6664.61541152935  42.15597
6664.84926141536  47.6583
6665.08311130136  91.17342
6665.31696118737  70.03661
6665.55081107337  50.80704
6665.78466095938  38.45416
6666.01851084538  53.00071
6666.25236073139  28.675
6666.48621061739  31.71645
6666.7200605034  39.02632
6666.9539103894  66.88529
6667.18776027541  61.21713
6667.42161016141  77.85712
6667.65546004742  53.25831
6667.88930993342  31.50684
6668.12315981943  5.85145
6668.35700970543  50.5885
6668.59085959144  58.20512
6668.82470947744  43.82937
6669.05855936345  58.0229
6669.29240924945  45.0554
6669.52625913545  37.01358
6669.76010902146  59.45385
6669.99395890746  6.713053
6670.22780879347  13.05723
6670.46165867947  59.10271
6670.69550856548  58.18902
6670.92935845148  76.85305
6671.16320833749  18.25913
6671.39705822349  21.62976
6671.6309081095  52.50971
6671.8647579955  48.06355
6672.09860788151  41.96543
6672.33245776751  40.48616
6672.56630765352  30.04974
6672.80015753952  29.94212
6673.03400742553  63.95022
6673.26785731153  71.21243
6673.50170719754  45.84095
6673.73555708354  80.63235
6673.96940696955  43.63887
6674.20325685555  61.68236
6674.43710674156  51.59118
6674.67095662756  39.10133
6674.90480651357  96.85569
6675.13865639957  95.71196
6675.37250628558  21.43096
6675.60635617158  -6.790676
6675.84020605758  51.91426
6676.07405594359  46.43859
6676.30790582959  73.87135
6676.5417557156  8.564901
6676.7756056016  9.925932
6677.00945548761  9.370659
6677.24330537361  50.21813
6677.47715525962  68.14547
6677.71100514562  48.21844
6677.94485503163  39.59263
6678.17870491763  68.47186
6678.41255480364  36.12609
6678.64640468964  2.492728
6678.88025457565  26.6433
6679.11410446165  -21.68032
6679.34795434766  31.56341
6679.58180423366  44.43238
6679.81565411967  26.212
6680.04950400567  -10.54447
6680.28335389168  16.40948
6680.51720377768  39.59486
6680.75105366369  28.22942
6680.98490354969  55.92454
6681.2187534357  29.96807
6681.4526033217  46.91045
6681.68645320771  20.33837
6681.92030309371  -12.08456
6682.15415297972  14.72888
6682.38800286572  51.47764
6682.62185275173  83.35379
6682.85570263773  43.7867
6683.08955252373  16.31513
6683.32340240974  -17.54273
6683.55725229574  63.84388
6683.79110218175  36.85947
6684.02495206775  34.62657
6684.25880195376  -3.758752
6684.49265183976  25.39169
6684.72650172577  45.08456
6684.96035161177  17.13929
6685.19420149778  12.16745
6685.42805138378  39.07143
6685.66190126979  40.87468
6685.89575115579  64.25742
6686.1296010418  49.68389
6686.3634509278  13.51405
6686.59730081381  1.40386
6686.83115069981  -3.425025
6687.06500058582  4.512225
6687.29885047182  22.1972
6687.53270035783  6.824786
6687.76655024383  9.170587
6688.00040012983  -14.28736
6688.23425001584  -7.812815
6688.46809990184  40.55612
6688.70194978785  47.01821
6688.93579967385  14.93865
6689.16964955986  10.8517
6689.40349944586  5.155735
6689.63734933187  -3.122882
6689.87119921787  -18.38278
6690.10504910388  -15.55686
6690.33889898988  19.33062
6690.57274887589  -10.25612
6690.80659876189  3.387637
6691.0404486479  11.17284
6691.2742985339  -4.533187
6691.50814841991  16.86244
6691.74199830591  -12.1106
6691.97584819192  42.34626
6692.20969807792  32.85875
