6453.0102641205  76.85632
6453.2441174934  82.98087
6453.47797086629  59.23689
6453.71182423918  76.66079
6453.94567761208  81.09238
6454.17953098497  83.25478
6454.41338435787  71.48574
6454.64723773076  104.0919
6454.88109110366  157.8544
6455.11494447655  144.823
6455.34879784945  129.5674
6455.58265122234  128.9697
6455.81650459524  118.458
6456.05035796813  109.7201
6456.28421134103  83.69176
6456.51806471392  102.7058
6456.75191808682  136.3056
6456.98577145971  126.4337
6457.21962483261  123.5893
6457.4534782055  144.9559
6457.6873315784  134.951
6457.92118495129  110.2734
6458.15503832419  93.91773
6458.38889169708  101.0439
6458.62274506997  165.4362
6458.85659844287  164.218
6459.09045181576  113.209
6459.32430518866  135.4521
6459.55815856155  118.7846
6459.79201193445  123.4269
6460.02586530734  109.4564
6460.25971868024  117.641
6460.49357205313  116.0924
6460.72742542603  87.57786
6460.96127879892  116.006
6461.19513217182  159.1335
6461.42898554471  144.324
6461.66283891761  147.1304
6461.8966922905  154.5039
6462.1305456634  118.0815
6462.36439903629  101.3228
6462.59825240919  121.2823
6462.83210578208  119.896
6463.06595915497  150.4304
6463.29981252787  169.2874
6463.53366590077  171.1528
6463.76751927366  140.3016
6464.00137264655  121.3725
6464.23522601945  130.9075
6464.46907939234  157.6342
6464.70293276524  173.0719
6464.93678613813  118.7006
6465.17063951103  117.1531
6465.40449288392  170.4255
6465.63834625682  184.0768
6465.87219962971  163.0932
6466.10605300261  145.2738
6466.3399063755  128.4708
6466.5737597484  143.3722
6466.80761312129  157.4899
6467.04146649419  175.7716
6467.27531986708  148.1976
6467.50917323998  145.1663
6467.74302661287  195.048
6467.97687998577  178.3323
6468.21073335866  153.5155
6468.44458673155  153.1316
6468.67844010445  153.0042
6468.91229347734  121.0818
6469.14614685024  185.7901
6469.38000022313  173.8987
6469.61385359603  160.0715
6469.84770696892  152.6807
6470.08156034182  135.1287
6470.31541371471  125.703
6470.54926708761  170.1635
6470.7831204605  165.6664
6471.0169738334  162.607
6471.25082720629  198.5801
6471.48468057919  148.114
6471.71853395208  161.8662
6471.95238732498  161.359
6472.18624069787  178.0389
6472.42009407077  201.9669
6472.65394744366  223.8978
6472.88780081655  150.0965
6473.12165418945  171.1702
6473.35550756234  187.058
6473.58936093524  197.8526
6473.82321430813  247.3986
6474.05706768103  203.4102
6474.29092105392  139.9239
6474.52477442682  163.6
6474.75862779971  169.7328
6474.99248117261  169.7415
6475.2263345455  191.5236
6475.4601879184  182.2897
6475.69404129129  154.1507
6475.92789466419  156.7718
6476.16174803708  224.5321
6476.39560140997  229.7186
6476.62945478287  236.9753
6476.86330815576  209.0671
6477.09716152866  207.367
6477.33101490155  204.0031
6477.56486827445  209.3552
6477.79872164734  213.5574
6478.03257502024  202.4999
6478.26642839313  231.7547
6478.50028176603  238.5267
6478.73413513892  238.9788
6478.96798851182  295.5415
6479.20184188471  239.4458
6479.43569525761  188.4704
6479.6695486305  228.2557
6479.9034020034  230.6827
6480.13725537629  195.8286
6480.37110874918  208.1914
6480.60496212208  205.0425
6480.83881549498  218.6788
6481.07266886787  225.5485
6481.30652224076  220.9604
6481.54037561366  201.4901
6481.77422898655  160.6449
6482.00808235945  185.0693
6482.24193573235  254.5062
6482.47578910524  263.7295
6482.70964247813  218.0927
6482.94349585103  216.1265
6483.17734922392  219.5808
6483.41120259682  169.4236
6483.64505596971  173.547
6483.87890934261  200.0417
6484.1127627155  206.3317
6484.3466160884  268.5464
6484.58046946129  240.2509
6484.81432283419  225.7752
6485.04817620708  234.3542
6485.28202957998  176.445
6485.51588295287  165.5479
6485.74973632577  186.4183
6485.98358969866  193.3389
6486.21744307156  228.8887
6486.45129644445  203.7323
6486.68514981735  200.7869
6486.91900319024  251.9145
6487.15285656313  205.0992
6487.38670993603  225.7909
6487.62056330892  230.7847
6487.85441668182  234.6871
6488.08827005471  226.1042
6488.32212342761  220.532
6488.5559768005  210.633
6488.7898301734  226.6826
6489.02368354629  249.3351
6489.25753691919  215.307
6489.49139029208  222.0451
6489.72524366498  262.3196
6489.95909703787  237.9056
6490.19295041077  265.1244
6490.42680378366  259.6609
6490.66065715656  270.1669
6490.89451052945  200.4638
6491.12836390235  180.5533
6491.36221727524  235.7442
6491.59607064813  256.2589
6491.82992402103  271.0981
6492.06377739392  210.2968
6492.29763076682  240.918
6492.53148413971  261.4496
6492.76533751261  246.8127
6492.9991908855  250.7607
6493.2330442584  240.1889
6493.46689763129  259.1013
6493.70075100419  284.7036
6493.93460437708  244.7092
6494.16845774998  223.3132
6494.40231112287  263.5433
6494.63616449577  232.4263
6494.87001786866  253.541
6495.10387124156  271.0116
6495.33772461445  276.3764
6495.57157798735  209.6952
6495.80543136024  258.2532
6496.03928473314  240.6051
6496.27313810603  178.1018
6496.50699147892  210.6606
6496.74084485182  278.8237
6496.97469822471  269.5438
6497.20855159761  248.5917
6497.4424049705  258.8965
6497.6762583434  267.8892
6497.91011171629  239.6702
6498.14396508919  210.6929
6498.37781846208  242.3811
6498.61167183498  198.0715
6498.84552520787  229.7503
6499.07937858077  231.1141
6499.31323195366  239.5754
6499.54708532656  273.2754
6499.78093869945  278.2723
6500.01479207235  277.5749
6500.24864544524  225.4578
6500.48249881814  203.6797
6500.71635219103  250.6181
6500.95020556393  233.8192
6501.18405893682  207.1185
6501.41791230971  244.42
6501.65176568261  262.8673
6501.8856190555  287.0281
6502.1194724284  292.7745
6502.35332580129  251.0119
6502.58717917419  255.5292
6502.82103254708  251.0233
6503.05488591998  287.3641
6503.28873929287  287.6131
6503.52259266577  239.9646
6503.75644603866  162.7404
6503.99029941156  218.4325
6504.22415278445  242.5411
6504.45800615734  259.6783
6504.69185953024  290.8637
6504.92571290314  272.3261
6505.15956627603  305.0472
6505.39341964892  268.6287
6505.62727302182  269.8509
6505.86112639471  288.8129
6506.09497976761  231.6541
6506.3288331405  226.6515
6506.5626865134  250.6266
6506.79653988629  256.516
6507.03039325919  250.6203
6507.26424663208  210.7815
6507.49810000498  246.7285
6507.73195337787  278.7169
6507.96580675077  352.3607
6508.19966012366  261.5431
6508.43351349656  181.2348
6508.66736686945  252.5725
6508.90122024235  196.5161
6509.13507361524  235.4918
6509.36892698814  249.3846
6509.60278036103  240.9376
6509.83663373392  222.0225
6510.07048710682  216.0533
6510.30434047972  214.4959
6510.53819385261  255.9818
6510.7720472255  251.8666
6511.0059005984  238.1986
6511.23975397129  273.1693
6511.47360734419  247.9927
6511.70746071708  225.5108
6511.94131408998  242.4632
6512.17516746287  215.0625
6512.40902083577  216.8757
6512.64287420866  247.958
6512.87672758156  313.3861
6513.11058095445  262.7743
6513.34443432735  270.037
6513.57828770024  319.4789
6513.81214107314  290.7799
6514.04599444603  247.1913
6514.27984781893  264.1564
6514.51370119182  278.2478
6514.74755456471  221.6806
6514.98140793761  263.0273
6515.2152613105  230.1449
6515.4491146834  257.8029
6515.68296805629  260.5598
6515.91682142919  211.5572
6516.15067480208  222.2054
6516.38452817498  264.6321
6516.61838154787  241.5982
6516.85223492077  228.6055
6517.08608829366  281.4285
6517.31994166656  295.2303
6517.55379503945  331.7097
6517.78764841235  276.0511
6518.02150178524  241.1451
6518.25535515814  278.8425
6518.48920853103  274.646
6518.72306190392  280.761
6518.95691527682  267.9719
6519.19076864971  235.3935
6519.42462202261  247.1391
6519.65847539551  279.2469
6519.8923287684  226.2392
6520.1261821413  272.4141
6520.36003551419  290.0607
6520.59388888708  228.5371
6520.82774225998  240.353
6521.06159563287  266.8304
6521.29544900577  279.5811
6521.52930237866  274.3982
6521.76315575156  242.1747
6521.99700912445  274.9316
6522.23086249735  276.624
6522.46471587024  262.589
6522.69856924314  298.9532
6522.93242261603  259.5411
6523.16627598893  251.3015
6523.40012936182  258.6718
6523.63398273472  291.5777
6523.86783610761  270.127
6524.10168948051  287.0859
6524.3355428534  278.8294
6524.5693962263  314.7641
6524.80324959919  329.3592
6525.03710297208  299.2348
6525.27095634498  293.6083
6525.50480971787  253.6733
6525.73866309077  262.5863
6525.97251646366  267.8494
6526.20636983656  292.7931
6526.44022320945  258.6652
6526.67407658235  248.6488
6526.90792995524  252.153
6527.14178332814  251.5852
6527.37563670103  294.4713
6527.60949007393  282.7142
6527.84334344682  247.2242
6528.07719681972  299.0256
6528.31105019261  302.1274
6528.54490356551  269.3105
6528.7787569384  279.4536
6529.0126103113  276.3574
6529.24646368419  299.216
6529.48031705708  274.1924
6529.71417042998  261.9909
6529.94802380287  276.6419
6530.18187717577  333.1019
6530.41573054866  306.5021
6530.64958392156  301.2148
6530.88343729445  254.2594
6531.11729066735  238.7696
6531.35114404024  271.9146
6531.58499741314  302.6884
6531.81885078603  339.1869
6532.05270415893  300.6884
6532.28655753182  277.9215
6532.52041090471  316.9417
6532.75426427761  295.1527
6532.98811765051  257.8748
6533.2219710234  299.7082
6533.4558243963  303.6876
6533.68967776919  286.1319
6533.92353114208  335.9322
6534.15738451498  308.5471
6534.39123788787  291.9614
6534.62509126077  317.7808
6534.85894463366  315.9159
6535.09279800656  299.9121
6535.32665137945  253.562
6535.56050475235  267.893
6535.79435812524  314.1371
6536.02821149814  287.2029
6536.26206487103  277.8383
6536.49591824393  308.1558
6536.72977161682  327.994
6536.96362498972  347.9757
6537.19747836261  304.2086
6537.43133173551  302.7324
6537.6651851084  316.1977
6537.89903848129  277.2151
6538.13289185419  319.481
6538.36674522708  310.2107
6538.60059859998  296.9187
6538.83445197287  358.019
6539.06830534577  331.0908
6539.30215871866  269.9938
6539.53601209156  313.0023
6539.76986546445  358.9484
6540.00371883735  367.3646
6540.23757221024  284.2119
6540.47142558314  318.4236
6540.70527895603  343.5828
6540.93913232893  271.1806
6541.17298570182  266.1795
6541.40683907472  300.5162
6541.64069244761  301.4891
6541.87454582051  328.1388
6542.1083991934  318.9789
6542.34225256629  335.5662
6542.57610593919  350.9597
6542.80995931208  336.9432
6543.04381268498  353.7891
6543.27766605787  362.4487
6543.51151943077  381.193
6543.74537280366  381.3722
6543.97922617656  365.7541
6544.21307954945  369.4825
6544.44693292235  362.9157
6544.68078629524  356.689
6544.91463966814  380.0819
6545.14849304103  418.7471
6545.38234641393  416.1695
6545.61619978682  378.3813
6545.85005315972  363.9862
6546.08390653261  371.7222
6546.31775990551  423.1617
6546.5516132784  415.0621
6546.7854666513  349.1037
6547.01932002419  437.2642
6547.25317339708  414.8867
6547.48702676998  406.9484
6547.72088014287  390.0968
6547.95473351577  428.2085
6548.18858688866  464.3674
6548.42244026156  455.8637
6548.65629363445  481.0552
6548.89014700735  426.4444
6549.12400038024  473.1349
6549.35785375314  425.4493
6549.59170712603  401.5296
6549.82556049893  445.0734
6550.05941387182  491.3573
6550.29326724472  457.2404
6550.52712061761  479.8303
6550.76097399051  515.2646
6550.9948273634  499.6357
6551.2286807363  509.3619
6551.46253410919  459.9885
6551.69638748208  483.8143
6551.93024085498  551.4957
6552.16409422788  600.0886
6552.39794760077  580.2713
6552.63180097366  514.7057
6552.86565434656  570.6588
6553.09950771945  608.3672
6553.33336109235  584.3613
6553.56721446524  601.7468
6553.80106783814  582.6589
6554.03492121103  556.2942
6554.26877458393  558.9392
6554.50262795682  548.9949
6554.73648132972  580.2949
6554.97033470261  596.9179
6555.20418807551  593.3181
6555.4380414484  546.0102
6555.6718948213  579.6538
6555.90574819419  595.7579
6556.13960156709  583.5774
6556.37345493998  552.4656
6556.60730831288  517.7666
6556.84116168577  468.3486
6557.07501505866  458.0086
6557.30886843156  494.472
6557.54272180446  451.5594
6557.77657517735  521.9486
6558.01042855024  429.219
6558.24428192314  443.7096
6558.47813529603  434.1414
6558.71198866893  456.0707
6558.94584204182  478.0694
6559.17969541472  532.6854
6559.41354878761  471.8281
6559.64740216051  434.1378
6559.8812555334  414.6974
6560.1151089063  436.7733
6560.34896227919  426.5057
6560.58281565209  407.4207
6560.81666902498  371.2804
6561.05052239788  378.2067
6561.28437577077  405.3694
6561.51822914366  458.5064
6561.75208251656  457.4239
6561.98593588946  414.8583
6562.21978926235  421.8892
6562.45364263524  402.4124
6562.68749600814  402.6874
6562.92134938103  426.4958
6563.15520275393  377.1739
6563.38905612682  380.1341
6563.62290949972  430.7267
6563.85676287261  463.9619
6564.09061624551  444.0081
6564.3244696184  390.8592
6564.5583229913  394.5401
6564.79217636419  411.9647
6565.02602973709  393.569
6565.25988310998  422.3587
6565.49373648287  446.9366
6565.72758985577  433.1965
6565.96144322866  403.162
6566.19529660156  417.0688
6566.42914997445  418.7281
6566.66300334735  394.4503
6566.89685672024  402.1932
6567.13071009314  390.9603
6567.36456346603  335.253
6567.59841683893  374.2738
6567.83227021182  419.7561
6568.06612358472  403.3163
6568.29997695761  436.1379
6568.53383033051  404.8663
6568.7676837034  375.6905
6569.0015370763  410.8985
6569.23539044919  401.6151
6569.46924382209  379.2895
6569.70309719498  362.0096
6569.93695056787  395.3766
6570.17080394077  430.8269
6570.40465731366  419.0458
6570.63851068656  398.2262
6570.87236405946  365.0536
6571.10621743235  397.8947
6571.34007080524  368.2546
6571.57392417814  411.4468
6571.80777755103  417.472
6572.04163092393  390.8088
6572.27548429682  446.4213
6572.50933766972  377.7365
6572.74319104261  326.5407
6572.97704441551  366.1865
6573.2108977884  365.1036
6573.4447511613  359.0634
6573.67860453419  320.987
6573.91245790709  345.4004
6574.14631127998  395.6557
6574.38016465288  343.0223
6574.61401802577  319.4115
6574.84787139867  366.791
6575.08172477156  346.082
6575.31557814446  355.0093
6575.54943151735  403.1286
6575.78328489024  384.6952
6576.01713826314  342.5671
6576.25099163603  341.0788
6576.48484500893  345.4828
6576.71869838182  353.7693
6576.95255175472  382.5875
6577.18640512761  333.0406
6577.42025850051  311.0258
6577.6541118734  285.8014
6577.8879652463  282.6981
6578.12181861919  320.3665
6578.35567199209  349.09
6578.58952536498  298.6341
6578.82337873788  272.2719
6579.05723211077  324.1331
6579.29108548367  321.4872
6579.52493885656  335.6178
6579.75879222946  297.2511
6579.99264560235  275.1272
6580.22649897525  321.5431
6580.46035234814  313.6772
6580.69420572103  287.0299
6580.92805909393  292.0899
6581.16191246682  334.2573
6581.39576583972  316.2287
6581.62961921261  308.0391
6581.86347258551  258.9163
6582.0973259584  235.305
6582.3311793313  304.4821
6582.56503270419  294.839
6582.79888607709  316.7357
6583.03273944998  301.1419
6583.26659282288  312.7017
6583.50044619577  282.9658
6583.73429956867  284.5897
6583.96815294156  262.9171
6584.20200631446  284.5779
6584.43585968735  263.8968
6584.66971306025  292.1268
6584.90356643314  292.8628
6585.13741980603  264.0845
6585.37127317893  259.2316
6585.60512655182  263.8624
6585.83897992472  335.2965
6586.07283329761  334.4042
6586.30668667051  263.0394
6586.5405400434  290.1848
6586.7743934163  343.5132
6587.00824678919  280.5899
6587.24210016209  274.9021
6587.47595353498  307.1799
6587.70980690788  286.7799
6587.94366028077  313.2911
6588.17751365367  301.8096
6588.41136702656  291.2445
6588.64522039946  252.0015
6588.87907377235  264.6129
6589.11292714525  304.3992
6589.34678051814  294.6132
6589.58063389104  274.4888
6589.81448726393  240.2631
6590.04834063682  269.9334
6590.28219400972  284.4407
6590.51604738261  316.0958
6590.74990075551  307.7144
6590.9837541284  284.8622
6591.2176075013  296.0634
6591.45146087419  265.4099
6591.68531424709  227.8238
6591.91916761998  306.9909
6592.15302099288  272.8711
6592.38687436577  270.7265
6592.62072773867  269.6442
6592.85458111156  268.3885
6593.08843448445  299.4104
6593.32228785735  251.682
6593.55614123025  250.2558
6593.78999460314  287.9856
6594.02384797603  297.5951
6594.25770134893  278.8425
6594.49155472182  278.7386
6594.72540809472  274.6096
6594.95926146761  296.2205
6595.19311484051  272.1284
6595.4269682134  295.1845
6595.6608215863  357.2532
6595.89467495919  291.1959
6596.12852833209  240.2009
6596.36238170498  281.264
6596.59623507788  303.1887
6596.83008845077  265.5887
6597.06394182367  230.4673
6597.29779519656  268.489
6597.53164856946  334.6189
6597.76550194235  279.4253
6597.99935531525  248.74
6598.23320868814  278.1258
6598.46706206104  259.5712
6598.70091543393  267.6345
6598.93476880683  244.3811
6599.16862217972  257.0119
6599.40247555261  280.2938
6599.63632892551  260.2245
6599.8701822984  214.1939
6600.1040356713  264.4488
6600.33788904419  306.3892
6600.57174241709  260.3406
6600.80559578998  296.9388
6601.03944916288  305.391
6601.27330253577  261.981
6601.50715590867  254.2054
6601.74100928156  265.3889
6601.97486265446  228.3649
6602.20871602735  261.5553
6602.44256940025  245.0067
6602.67642277314  260.0185
6602.91027614604  267.6205
6603.14412951893  266.6465
6603.37798289183  285.8896
6603.61183626472  293.4632
6603.84568963761  313.7749
6604.07954301051  282.9243
6604.3133963834  270.9561
6604.5472497563  228.1194
6604.78110312919  261.0479
6605.01495650209  253.4312
6605.24880987498  253.3093
6605.48266324788  267.7773
6605.71651662077  291.4547
6605.95036999367  269.4111
6606.18422336656  238.0348
6606.41807673946  233.7521
6606.65193011235  249.814
6606.88578348525  257.674
6607.11963685814  287.9233
6607.35349023104  209.2199
6607.58734360393  223.3529
6607.82119697682  273.1807
6608.05505034972  264.5129
6608.28890372262  240.1438
6608.52275709551  289.348
6608.75661046841  243.6848
6608.9904638413  247.1902
6609.22431721419  276.8282
6609.45817058709  256.3034
6609.69202395998  259.8899
6609.92587733288  238.203
6610.15973070577  239.1671
6610.39358407867  266.6282
6610.62743745156  254.7008
6610.86129082446  268.7994
6611.09514419735  239.2605
6611.32899757025  254.0796
6611.56285094314  298.5135
6611.79670431604  266.5102
6612.03055768893  295.6718
6612.26441106183  244.5936
6612.49826443472  239.4166
6612.73211780762  242.8843
6612.96597118051  294.8347
6613.19982455341  271.1829
6613.4336779263  233.3904
6613.66753129919  217.7935
6613.90138467209  239.5427
6614.13523804498  244.0238
6614.36909141788  278.1439
6614.60294479077  244.1335
6614.83679816367  208.9385
6615.07065153656  235.51
6615.30450490946  273.5874
6615.53835828235  254.0603
6615.77221165525  255.3748
6616.00606502814  294.6886
6616.23991840104  225.4366
6616.47377177393  229.6973
6616.70762514683  249.6635
6616.94147851972  219.6232
6617.17533189262  275.6395
6617.40918526551  298.5572
6617.64303863841  249.3276
6617.8768920113  228.5619
6618.1107453842  199.1264
6618.34459875709  202.3375
6618.57845212998  238.239
6618.81230550288  229.6688
6619.04615887577  233.8039
6619.28001224867  217.4834
6619.51386562156  268.7215
6619.74771899446  243.7193
6619.98157236735  209.3682
6620.21542574025  211.552
6620.44927911314  208.9315
6620.68313248604  247.095
6620.91698585893  211.4766
6621.15083923183  285.503
6621.38469260472  265.892
6621.61854597762  230.0921
6621.85239935051  256.0302
6622.08625272341  224.8053
6622.3201060963  209.3461
6622.55395946919  233.9884
6622.78781284209  270.0855
6623.02166621498  245.6587
6623.25551958788  241.5692
6623.48937296077  243.6328
6623.72322633367  230.1691
6623.95707970656  213.2263
6624.19093307946  252.8635
6624.42478645235  253.3052
6624.65863982525  303.7226
6624.89249319814  251.2002
6625.12634657104  300.6952
6625.36019994393  249.4837
6625.59405331683  200.6568
6625.82790668972  218.9607
6626.06176006262  205.1937
6626.29561343551  230.3996
6626.52946680841  178.9849
6626.7633201813  171.8738
6626.99717355419  208.8211
6627.23102692709  219.7961
6627.46488029998  222.7623
6627.69873367288  241.466
6627.93258704577  297.6595
6628.16644041867  209.3778
6628.40029379156  160.5927
6628.63414716446  214.9619
6628.86800053735  215.5276
6629.10185391025  243.4233
6629.33570728314  226.9428
6629.56956065604  228.3423
6629.80341402893  252.9656
6630.03726740183  230.2921
6630.27112077472  161.9524
6630.50497414762  264.1794
6630.73882752051  298.1556
6630.9726808934  300.9424
6631.2065342663  246.5306
6631.44038763919  229.4901
6631.67424101209  234.245
6631.90809438498  231.9098
6632.14194775788  216.7395
6632.37580113077  186.4141
6632.60965450367  232.3814
6632.84350787656  270.737
6633.07736124946  242.871
6633.31121462235  223.9846
6633.54506799525  265.2315
6633.77892136814  239.1732
6634.01277474104  208.517
6634.24662811393  238.1498
6634.48048148683  225.9435
6634.71433485972  230.0377
6634.94818823262  228.6728
6635.18204160551  239.7283
6635.41589497841  265.2228
6635.6497483513  295.259
6635.88360172419  240.1262
6636.11745509709  236.0028
6636.35130846999  220.8563
6636.58516184288  218.3443
6636.81901521577  227.5658
6637.05286858867  240.6814
6637.28672196156  228.9175
6637.52057533446  198.1263
6637.75442870735  231.6565
6637.98828208025  200.352
6638.22213545314  224.78
6638.45598882604  253.661
6638.68984219893  225.4123
6638.92369557183  186.712
6639.15754894472  267.0029
6639.39140231762  249.1009
6639.62525569051  231.5189
6639.85910906341  268.7723
6640.0929624363  223.4315
6640.32681580919  174.1617
6640.56066918209  206.6177
6640.79452255499  216.0096
6641.02837592788  175.2071
6641.26222930077  214.0275
6641.49608267367  242.2372
6641.72993604656  212.2346
6641.96378941946  185.1921
6642.19764279235  183.26
6642.43149616525  205.6384
6642.66534953814  210.3106
6642.89920291104  204.9296
6643.13305628393  179.5723
6643.36690965683  250.1777
6643.60076302972  256.0808
6643.83461640262  204.3365
6644.06846977551  195.4762
6644.30232314841  219.7574
6644.5361765213  213.9356
6644.7700298942  188.1736
6645.00388326709  207.5424
6645.23773663999  175.1567
6645.47159001288  193.6179
6645.70544338577  256.5378
6645.93929675867  179.4471
6646.17315013157  182.9761
6646.40700350446  202.3349
6646.64085687735  199.9181
6646.87471025025  147.3551
6647.10856362314  140.2656
6647.34241699604  196.1494
6647.57627036893  185.9702
6647.81012374183  164.106
6648.04397711472  203.5744
6648.27783048762  178.8573
6648.51168386051  150.0932
6648.74553723341  204.5419
6648.9793906063  179.7525
6649.2132439792  174.7439
6649.44709735209  218.241
6649.68095072499  188.2434
6649.91480409788  204.2666
6650.14865747078  194.4721
6650.38251084367  217.5592
6650.61636421657  178.6525
6650.85021758946  169.8292
6651.08407096235  135.5247
6651.31792433525  238.9466
6651.55177770815  183.3877
6651.78563108104  184.8584
6652.01948445393  162.776
6652.25333782683  146.4809
6652.48719119972  206.2608
6652.72104457262  240.5722
6652.95489794551  211.8637
6653.18875131841  167.9949
6653.4226046913  186.3258
6653.6564580642  174.776
6653.89031143709  214.3672
6654.12416480998  221.9635
6654.35801818288  174.477
6654.59187155578  138.25
6654.82572492867  156.2028
6655.05957830156  196.9961
6655.29343167446  194.6848
6655.52728504735  194.6099
6655.76113842025  187.5656
6655.99499179314  157.6674
6656.22884516604  187.0379
6656.46269853893  141.8161
6656.69655191183  130.3833
6656.93040528472  177.8546
6657.16425865762  182.9624
6657.39811203051  186.3427
6657.63196540341  212.6888
6657.8658187763  165.2732
6658.0996721492  165.1371
6658.33352552209  153.0676
6658.56737889498  139.4837
6658.80123226788  151.0459
6659.03508564078  157.6725
6659.26893901367  143.2515
6659.50279238657  224.6363
6659.73664575946  160.5086
6659.97049913235  144.5837
6660.20435250525  124.1494
6660.43820587814  108.181
6660.67205925104  119.8259
6660.90591262393  136.5355
6661.13976599683  131.5644
6661.37361936972  123.6815
6661.60747274262  162.0488
6661.84132611551  119.3271
6662.07517948841  141.4788
6662.3090328613  137.765
6662.5428862342  97.48712
6662.77673960709  111.0573
6663.01059297999  125.5285
6663.24444635288  122.3248
6663.47829972578  100.4286
6663.71215309867  112.738
6663.94600647157  91.58002
6664.17985984446  106.2441
6664.41371321735  157.0181
6664.64756659025  136.0591
6664.88141996315  155.3239
6665.11527333604  152.1912
6665.34912670893  125.4593
6665.58298008183  133.7873
6665.81683345472  113.026
6666.05068682762  67.10505
6666.28454020051  127.9437
6666.51839357341  151.458
6666.7522469463  115.8125
6666.9861003192  117.8705
6667.21995369209  156.3861
6667.45380706499  133.8375
6667.68766043788  108.216
6667.92151381078  80.23068
6668.15536718367  88.37126
6668.38922055657  129.4319
6668.62307392946  114.7331
6668.85692730236  92.30307
6669.09078067525  101.8008
6669.32463404814  80.4929
6669.55848742104  109.2379
6669.79234079393  91.84007
6670.02619416683  64.85428
6670.26004753972  70.018
6670.49390091262  131.9141
6670.72775428551  114.2355
6670.96160765841  87.55505
6671.1954610313  79.57597
6671.4293144042  116.0272
6671.66316777709  122.7884
6671.89702114999  88.1479
6672.13087452288  99.60213
6672.36472789578  84.64435
6672.59858126867  100.7039
6672.83243464157  97.22985
6673.06628801446  95.23473
6673.30014138736  85.07016
6673.53399476025  50.59586
6673.76784813314  71.49337
6674.00170150604  119.7019
6674.23555487893  86.86858
6674.46940825183  68.11647
6674.70326162472  58.77622
6674.93711499762  53.10282
6675.17096837051  119.9058
6675.40482174341  119.2641
6675.6386751163  82.14069
6675.8725284892  79.88127
6676.10638186209  57.31762
6676.34023523499  71.35293
6676.57408860788  36.16734
6676.80794198078  39.29368
6677.04179535367  43.52591
6677.27564872657  0.6655167
6677.50950209946  68.63668
6677.74335547236  79.42313
6677.97720884525  52.47918
6678.21106221815  42.10423
6678.44491559104  32.28596
6678.67876896393  50.51097
6678.91262233683  52.04521
6679.14647570972  79.06131
6679.38032908262  59.41369
6679.61418245551  36.32802
6679.84803582841  36.96177
6680.0818892013  50.69379
6680.3157425742  74.08014
6680.54959594709  76.41183
6680.78344931999  46.81971
6681.01730269288  80.4942
6681.25115606578  62.2945
6681.48500943867  60.72851
6681.71886281156  17.9987
6681.95271618446  31.85349
6682.18656955736  69.23456
6682.42042293025  60.34789
6682.65427630314  23.14354
6682.88812967604  0.8357863
6683.12198304893  37.94592
6683.35583642183  31.37348
6683.58968979473  23.16198
6683.82354316762  46.75536
6684.05739654051  14.38535
6684.29124991341  31.85562
6684.5251032863  56.32309
6684.7589566592  65.44275
6684.99281003209  15.52601
6685.22666340499  1.330521
6685.46051677788  7.391932
6685.69437015078  48.84804
6685.92822352367  -11.34481
6686.16207689657  15.75823
6686.39593026946  35.68053
6686.62978364236  37.31708
6686.86363701525  24.53035
6687.09749038815  29.22958
6687.33134376104  29.01735
6687.56519713394  6.252562
6687.79905050683  7.964153
6688.03290387973  23.7791
6688.26675725262  51.51014
6688.50061062551  19.46566
6688.73446399841  12.88651
6688.9683173713  23.17512
6689.2021707442  48.40155
6689.43602411709  8.676184
6689.66987748999  16.4157
6689.90373086288  14.71947
6690.13758423578  36.98013
6690.37143760867  -55.01699
6690.60529098157  25.28128
6690.83914435446  18.89605
6691.07299772736  -24.29164
6691.30685110025  -34.88959
6691.54070447315  1.355068
6691.77455784604  42.00749
6692.00841121894  20.21488
6692.24226459183  -23.13075
