6452.9623767808  106.6043
6453.1962240866  102.3936
6453.4300713924  76.52547
6453.6639186982  54.77995
6453.897766004  79.54474
6454.13161330979  79.08942
6454.36546061559  93.73929
6454.59930792139  119.7101
6454.83315522719  141.0293
6455.06700253299  138.1874
6455.30084983879  85.06718
6455.53469714459  99.26138
6455.76854445039  145.9612
6456.00239175619  92.28487
6456.23623906198  75.882
6456.47008636778  82.14576
6456.70393367358  109.2127
6456.93778097938  84.33049
6457.17162828518  126.874
6457.40547559098  135.9147
6457.63932289678  90.1553
6457.87317020258  113.3301
6458.10701750838  131.95
6458.34086481418  114.1481
6458.57471211997  139.1635
6458.80855942577  135.9919
6459.04240673157  126.1583
6459.27625403737  83.90287
6459.51010134317  100.5134
6459.74394864897  139.5672
6459.97779595477  139.4374
6460.21164326057  100.292
6460.44549056637  105.5312
6460.67933787217  98.97984
6460.91318517796  99.98353
6461.14703248376  100.7179
6461.38087978956  80.92986
6461.61472709536  114.4904
6461.84857440116  138.0561
6462.08242170696  100.2475
6462.31626901276  111.1143
6462.55011631856  95.76855
6462.78396362436  119.9157
6463.01781093015  76.32693
6463.25165823595  97.59082
6463.48550554175  137.7999
6463.71935284755  98.41277
6463.95320015335  75.48273
6464.18704745915  98.42152
6464.42089476495  114.3743
6464.65474207075  167.0079
6464.88858937655  174.574
6465.12243668235  103.9654
6465.35628398814  133.0914
6465.59013129394  115.9256
6465.82397859974  102.5187
6466.05782590554  97.11414
6466.29167321134  70.40041
6466.52552051714  129.5595
6466.75936782294  185.4414
6466.99321512874  164.6591
6467.22706243453  117.9678
6467.46090974034  121.7129
6467.69475704613  145.5845
6467.92860435193  141.8776
6468.16245165773  127.4479
6468.39629896353  131.6082
6468.63014626933  150.1274
6468.86399357513  144.6778
6469.09784088093  152.0987
6469.33168818673  172.5393
6469.56553549253  127.2887
6469.79938279832  126.4043
6470.03323010412  127.3545
6470.26707740992  133.3778
6470.50092471572  144.3091
6470.73477202152  158.5773
6470.96861932732  171.3679
6471.20246663312  164.2812
6471.43631393892  156.9128
6471.67016124472  145.5363
6471.90400855051  149.0988
6472.13785585631  178.
6472.37170316211  140.1813
6472.60555046791  155.6126
6472.83939777371  109.1278
6473.07324507951  156.4595
6473.30709238531  172.8684
6473.54093969111  206.6619
6473.77478699691  164.5594
6474.0086343027  184.3371
6474.2424816085  217.2497
6474.4763289143  216.5401
6474.7101762201  171.4993
6474.9440235259  145.6776
6475.1778708317  192.9208
6475.4117181375  184.1535
6475.6455654433  158.9124
6475.8794127491  188.9794
6476.11326005489  196.4194
6476.34710736069  230.7023
6476.58095466649  197.4208
6476.81480197229  169.5376
6477.04864927809  148.084
6477.28249658389  169.3084
6477.51634388969  142.0143
6477.75019119549  187.4182
6477.98403850129  169.2589
6478.21788580709  185.0265
6478.45173311289  250.1364
6478.68558041868  200.7593
6478.91942772448  159.4255
6479.15327503028  141.5398
6479.38712233608  161.2742
6479.62096964188  200.0081
6479.85481694768  157.6989
6480.08866425348  144.5184
6480.32251155928  187.6203
6480.55635886508  183.5634
6480.79020617087  174.0416
6481.02405347667  238.0712
6481.25790078247  220.4806
6481.49174808827  175.7557
6481.72559539407  194.3209
6481.95944269987  197.0452
6482.19329000567  200.4655
6482.42713731147  206.4953
6482.66098461727  199.3448
6482.89483192307  214.8223
6483.12867922887  175.8452
6483.36252653466  197.8935
6483.59637384046  169.068
6483.83022114626  160.4403
6484.06406845206  205.9475
6484.29791575786  221.1492
6484.53176306366  181.5787
6484.76561036946  195.6434
6484.99945767526  155.6148
6485.23330498105  167.5993
6485.46715228685  156.3985
6485.70099959265  199.5016
6485.93484689845  236.8141
6486.16869420425  177.6977
6486.40254151005  205.1548
6486.63638881585  197.7468
6486.87023612165  152.651
6487.10408342745  190.5641
6487.33793073325  176.564
6487.57177803904  182.8896
6487.80562534484  193.6101
6488.03947265064  235.9635
6488.27331995644  211.3728
6488.50716726224  193.755
6488.74101456804  191.2668
6488.97486187384  175.1544
6489.20870917964  196.7551
6489.44255648543  212.9765
6489.67640379123  201.6107
6489.91025109703  221.8152
6490.14409840283  228.0159
6490.37794570863  208.4655
6490.61179301443  231.4219
6490.84564032023  224.2706
6491.07948762603  192.2038
6491.31333493183  197.8155
6491.54718223763  206.8004
6491.78102954342  225.1873
6492.01487684922  201.6398
6492.24872415502  210.2152
6492.48257146082  184.2437
6492.71641876662  184.1916
6492.95026607242  212.5506
6493.18411337822  196.2594
6493.41796068402  198.4806
6493.65180798982  243.7546
6493.88565529561  204.9789
6494.11950260141  177.8861
6494.35334990721  223.3089
6494.58719721301  218.1377
6494.82104451881  235.6543
6495.05489182461  214.3395
6495.28873913041  219.5161
6495.52258643621  222.4857
6495.75643374201  202.7813
6495.9902810478  204.0388
6496.2241283536  191.1237
6496.4579756594  200.4535
6496.6918229652  191.1426
6496.925670271  194.1132
6497.1595175768  211.6417
6497.3933648826  232.5522
6497.6272121884  199.9062
6497.8610594942  174.4284
6498.09490679999  213.5868
6498.32875410579  221.8319
6498.56260141159  209.1248
6498.79644871739  217.1463
6499.03029602319  215.3884
6499.26414332899  237.7281
6499.49799063479  206.6518
6499.73183794059  232.2479
6499.96568524639  221.5244
6500.19953255218  228.5486
6500.43337985798  209.1939
6500.66722716378  216.3365
6500.90107446958  244.7161
6501.13492177538  220.841
6501.36876908118  238.5308
6501.60261638698  206.164
6501.83646369278  211.2625
6502.07031099858  287.645
6502.30415830438  256.8358
6502.53800561018  220.747
6502.77185291597  236.7337
6503.00570022177  222.4603
6503.23954752757  248.1174
6503.47339483337  230.2771
6503.70724213917  204.1037
6503.94108944497  218.9122
6504.17493675077  193.2394
6504.40878405657  246.2372
6504.64263136236  197.3202
6504.87647866816  156.8812
6505.11032597396  175.5036
6505.34417327976  175.1241
6505.57802058556  252.3371
6505.81186789136  256.2811
6506.04571519716  249.3243
6506.27956250296  235.509
6506.51340980876  231.5025
6506.74725711456  249.7506
6506.98110442036  221.2993
6507.21495172615  203.9942
6507.44879903195  200.2205
6507.68264633775  194.157
6507.91649364355  219.3023
6508.15034094935  190.314
6508.38418825515  191.3901
6508.61803556095  196.5502
6508.85188286675  213.8418
6509.08573017255  217.5968
6509.31957747834  215.6285
6509.55342478414  232.7329
6509.78727208994  248.601
6510.02111939574  210.2144
6510.25496670154  214.2494
6510.48881400734  235.5904
6510.72266131314  210.7114
6510.95650861894  194.7218
6511.19035592474  199.3107
6511.42420323054  226.9595
6511.65805053633  231.2728
6511.89189784213  210.9628
6512.12574514793  234.3316
6512.35959245373  249.8826
6512.59343975953  237.2908
6512.82728706533  237.6272
6513.06113437113  220.5856
6513.29498167693  249.5246
6513.52882898272  274.8691
6513.76267628852  247.4889
6513.99652359432  231.2618
6514.23037090012  196.4623
6514.46421820592  222.1329
6514.69806551172  263.7343
6514.93191281752  192.7165
6515.16576012332  221.2324
6515.39960742912  242.8225
6515.63345473492  231.7227
6515.86730204072  243.2463
6516.10114934651  212.2677
6516.33499665231  196.3398
6516.56884395811  227.8069
6516.80269126391  214.2835
6517.03653856971  183.6907
6517.27038587551  213.5058
6517.50423318131  232.6994
6517.73808048711  203.8884
6517.97192779291  208.145
6518.2057750987  244.2265
6518.4396224045  231.8454
6518.6734697103  210.7385
6518.9073170161  270.2755
6519.1411643219  210.0023
6519.3750116277  171.6651
6519.6088589335  236.0229
6519.8427062393  274.4983
6520.0765535451  206.4885
6520.31040085089  265.7872
6520.54424815669  264.794
6520.77809546249  186.3349
6521.01194276829  211.5213
6521.24579007409  234.2717
6521.47963737989  236.8369
6521.71348468569  273.6122
6521.94733199149  206.1523
6522.18117929729  178.1235
6522.41502660309  261.6968
6522.64887390888  267.5675
6522.88272121468  242.6827
6523.11656852048  249.9184
6523.35041582628  244.8901
6523.58426313208  256.8001
6523.81811043788  253.4406
6524.05195774368  250.3152
6524.28580504948  230.1298
6524.51965235528  210.6672
6524.75349966108  275.4232
6524.98734696687  234.9398
6525.22119427267  244.1818
6525.45504157847  236.8047
6525.68888888427  260.9245
6525.92273619007  245.5397
6526.15658349587  299.2357
6526.39043080167  237.1283
6526.62427810747  215.5668
6526.85812541327  235.3813
6527.09197271907  220.1793
6527.32582002486  235.9366
6527.55966733066  231.0424
6527.79351463646  211.4556
6528.02736194226  223.9683
6528.26120924806  261.9601
6528.49505655386  279.4
6528.72890385966  266.0921
6528.96275116546  250.3972
6529.19659847125  239.7955
6529.43044577705  235.2845
6529.66429308285  259.5837
6529.89814038865  279.8502
6530.13198769445  271.4661
6530.36583500025  269.6043
6530.59968230605  233.5455
6530.83352961185  262.6703
6531.06737691765  253.4244
6531.30122422345  256.0366
6531.53507152924  188.8766
6531.76891883504  251.4339
6532.00276614084  204.922
6532.23661344664  241.9754
6532.47046075244  225.7907
6532.70430805824  282.1112
6532.93815536404  336.1405
6533.17200266984  324.2939
6533.40584997564  257.1978
6533.63969728144  206.0443
6533.87354458723  217.6888
6534.10739189303  224.1749
6534.34123919883  193.9456
6534.57508650463  226.3055
6534.80893381043  250.428
6535.04278111623  249.4716
6535.27662842203  248.055
6535.51047572783  229.0675
6535.74432303363  216.8259
6535.97817033943  222.0934
6536.21201764522  229.5586
6536.44586495102  248.6128
6536.67971225682  282.6523
6536.91355956262  260.9505
6537.14740686842  252.7378
6537.38125417422  280.0142
6537.61510148002  222.5654
6537.84894878582  223.7939
6538.08279609162  186.0108
6538.31664339741  209.3401
6538.55049070321  240.0399
6538.78433800901  242.4175
6539.01818531481  232.2841
6539.25203262061  223.7034
6539.48587992641  205.2865
6539.71972723221  304.5053
6539.95357453801  272.9507
6540.18742184381  278.8035
6540.4212691496  281.0083
6540.6551164554  287.1466
6540.8889637612  249.487
6541.122811067  222.1205
6541.3566583728  247.368
6541.5905056786  322.5389
6541.8243529844  318.3036
6542.0582002902  234.9772
6542.292047596  244.4442
6542.5258949018  242.915
6542.75974220759  269.1414
6542.99358951339  278.553
6543.22743681919  260.4474
6543.46128412499  300.231
6543.69513143079  292.847
6543.92897873659  252.5811
6544.16282604239  253.071
6544.39667334819  248.55
6544.63052065399  245.1582
6544.86436795978  259.5132
6545.09821526558  295.7624
6545.33206257138  314.3331
6545.56590987718  250.3276
6545.79975718298  268.4742
6546.03360448878  269.3379
6546.26745179458  264.2686
6546.50129910038  291.0171
6546.73514640618  272.5915
6546.96899371197  294.1835
6547.20284101777  266.1184
6547.43668832357  257.2519
6547.67053562937  295.7256
6547.90438293517  309.5548
6548.13823024097  286.631
6548.37207754677  306.6045
6548.60592485257  285.5477
6548.83977215837  276.7168
6549.07361946416  308.6559
6549.30746676996  246.3322
6549.54131407576  276.8552
6549.77516138156  306.8595
6550.00900868736  346.8237
6550.24285599316  351.833
6550.47670329896  298.8169
6550.71055060476  318.6781
6550.94439791056  297.1114
6551.17824521635  257.4965
6551.41209252215  248.5934
6551.64593982795  269.3591
6551.87978713375  288.6447
6552.11363443955  279.0712
6552.34748174535  361.7568
6552.58132905115  376.0683
6552.81517635695  303.985
6553.04902366275  322.293
6553.28287096854  372.9209
6553.51671827434  375.1267
6553.75056558014  354.0957
6553.98441288594  350.4427
6554.21826019174  331.5018
6554.45210749754  317.5134
6554.68595480334  336.6678
6554.91980210914  350.5175
6555.15364941494  392.245
6555.38749672074  409.2481
6555.62134402653  391.3971
6555.85519133233  402.0595
6556.08903863813  373.0948
6556.32288594393  361.7013
6556.55673324973  352.263
6556.79058055553  335.698
6557.02442786133  372.7654
6557.25827516713  411.431
6557.49212247293  394.3827
6557.72596977873  370.1731
6557.95981708452  386.4954
6558.19366439032  378.6417
6558.42751169612  440.4253
6558.66135900192  388.3348
6558.89520630772  427.8933
6559.12905361352  405.1882
6559.36290091932  404.1912
6559.59674822512  393.5424
6559.83059553091  380.0163
6560.06444283671  445.6001
6560.29829014251  430.8888
6560.53213744831  412.4629
6560.76598475411  424.8959
6560.99983205991  401.166
6561.23367936571  448.7193
6561.46752667151  442.5496
6561.70137397731  440.3021
6561.93522128311  419.6465
6562.1690685889  505.7173
6562.4029158947  498.9273
6562.6367632005  524.5129
6562.8706105063  475.2329
6563.1044578121  492.2796
6563.3383051179  528.5322
6563.5721524237  494.9257
6563.8059997295  507.7508
6564.0398470353  480.9555
6564.2736943411  498.2918
6564.5075416469  513.4081
6564.74138895269  529.3387
6564.97523625849  502.5917
6565.20908356429  461.7327
6565.44293087009  473.5952
6565.67677817589  503.0926
6565.91062548169  472.1303
6566.14447278749  463.9412
6566.37832009329  484.708
6566.61216739908  514.1533
6566.84601470488  477.0645
6567.07986201068  454.9354
6567.31370931648  462.1387
6567.54755662228  464.325
6567.78140392808  525.6386
6568.01525123388  568.4454
6568.24909853968  584.4099
6568.48294584548  556.7968
6568.71679315128  485.2193
6568.95064045707  517.0747
6569.18448776287  538.3877
6569.41833506867  499.1641
6569.65218237447  529.6757
6569.88602968027  539.149
6570.11987698607  477.6233
6570.35372429187  474.9694
6570.58757159767  517.688
6570.82141890347  499.6588
6571.05526620926  500.2597
6571.28911351506  480.7432
6571.52296082086  453.1748
6571.75680812666  461.6544
6571.99065543246  447.0281
6572.22450273826  442.9221
6572.45835004406  432.3473
6572.69219734986  459.1844
6572.92604465566  426.3564
6573.15989196146  376.843
6573.39373926726  342.958
6573.62758657305  386.006
6573.86143387885  431.9385
6574.09528118465  379.3549
6574.32912849045  385.7725
6574.56297579625  382.0503
6574.79682310205  377.2887
6575.03067040785  353.6661
6575.26451771365  377.7135
6575.49836501944  394.0003
6575.73221232524  352.7429
6575.96605963104  365.2343
6576.19990693684  380.1161
6576.43375424264  374.9198
6576.66760154844  398.7081
6576.90144885424  353.1119
6577.13529616004  343.3348
6577.36914346584  326.867
6577.60299077164  369.4327
6577.83683807743  360.9286
6578.07068538323  325.5838
6578.30453268903  335.2755
6578.53837999483  344.0262
6578.77222730063  344.0107
6579.00607460643  327.698
6579.23992191223  290.9106
6579.47376921803  315.9689
6579.70761652382  275.7847
6579.94146382962  323.3746
6580.17531113542  328.5196
6580.40915844122  286.4666
6580.64300574702  311.5136
6580.87685305282  308.1422
6581.11070035862  289.2793
6581.34454766442  288.235
6581.57839497022  256.4232
6581.81224227602  254.7946
6582.04608958182  296.4903
6582.27993688761  306.5373
6582.51378419341  301.3235
6582.74763149921  297.3161
6582.98147880501  296.2533
6583.21532611081  285.7296
6583.44917341661  254.4371
6583.68302072241  215.6259
6583.91686802821  284.2007
6584.15071533401  285.0401
6584.38456263981  310.8178
6584.6184099456  319.0438
6584.8522572514  291.1167
6585.0861045572  262.1303
6585.319951863  240.6589
6585.5537991688  264.2676
6585.7876464746  315.8235
6586.0214937804  287.7083
6586.2553410862  280.1511
6586.489188392  268.0269
6586.7230356978  286.1806
6586.95688300359  298.5755
6587.19073030939  272.1276
6587.42457761519  285.8637
6587.65842492099  265.1196
6587.89227222679  270.0994
6588.12611953259  295.3847
6588.35996683839  307.22
6588.59381414419  293.499
6588.82766144999  325.1831
6589.06150875578  337.2204
6589.29535606158  298.21
6589.52920336738  214.3902
6589.76305067318  241.9444
6589.99689797898  248.3785
6590.23074528478  278.2849
6590.46459259058  290.6323
6590.69843989638  249.2617
6590.93228720218  275.6272
6591.16613450797  252.8526
6591.39998181377  260.2285
6591.63382911957  271.8942
6591.86767642537  266.8307
6592.10152373117  246.916
6592.33537103697  242.0609
6592.56921834277  256.6785
6592.80306564857  255.6504
6593.03691295437  278.279
6593.27076026016  277.3089
6593.50460756596  262.075
6593.73845487176  267.313
6593.97230217756  267.8579
6594.20614948336  231.9654
6594.43999678916  236.5597
6594.67384409496  245.1446
6594.90769140076  215.518
6595.14153870656  234.3948
6595.37538601235  256.7896
6595.60923331815  238.86
6595.84308062395  263.9517
6596.07692792975  259.3324
6596.31077523555  232.0602
6596.54462254135  239.5962
6596.77846984715  233.9366
6597.01231715295  235.8735
6597.24616445875  255.4243
6597.48001176454  261.3396
6597.71385907034  267.9322
6597.94770637614  241.016
6598.18155368194  245.3726
6598.41540098774  277.484
6598.64924829354  329.3989
6598.88309559934  268.4145
6599.11694290514  207.106
6599.35079021094  239.5948
6599.58463751673  230.0464
6599.81848482253  215.222
6600.05233212833  248.0463
6600.28617943413  250.2617
6600.52002673993  271.8729
6600.75387404573  255.8468
6600.98772135153  234.9877
6601.22156865733  243.9464
6601.45541596313  270.69
6601.68926326893  241.0341
6601.92311057473  216.6197
6602.15695788052  229.2572
6602.39080518632  227.4118
6602.62465249212  229.8265
6602.85849979792  230.333
6603.09234710372  197.7491
6603.32619440952  222.8417
6603.56004171532  237.0086
6603.79388902112  197.5934
6604.02773632692  256.0568
6604.26158363272  253.348
6604.49543093851  262.8165
6604.72927824431  265.3666
6604.96312555011  201.1427
6605.19697285591  222.1064
6605.43082016171  247.7432
6605.66466746751  245.8552
6605.89851477331  219.6253
6606.13236207911  185.3519
6606.3662093849  227.6157
6606.6000566907  246.2946
6606.8339039965  232.2639
6607.0677513023  211.1895
6607.3015986081  248.2483
6607.5354459139  238.6577
6607.7692932197  213.5657
6608.0031405255  266.842
6608.2369878313  215.9524
6608.4708351371  227.9357
6608.70468244289  250.5504
6608.93852974869  280.4418
6609.17237705449  270.1935
6609.40622436029  211.6034
6609.64007166609  223.3718
6609.87391897189  253.4963
6610.10776627769  279.4794
6610.34161358349  258.2057
6610.57546088929  251.1507
6610.80930819509  225.4687
6611.04315550088  222.1131
6611.27700280668  204.2274
6611.51085011248  194.3018
6611.74469741828  265.4525
6611.97854472408  253.3012
6612.21239202988  190.6813
6612.44623933568  206.448
6612.68008664148  213.5874
6612.91393394727  223.0916
6613.14778125307  236.9402
6613.38162855887  220.0859
6613.61547586467  225.298
6613.84932317047  190.62
6614.08317047627  167.4294
6614.31701778207  204.0606
6614.55086508787  247.7926
6614.78471239367  221.2165
6615.01855969947  157.2873
6615.25240700526  222.9459
6615.48625431106  273.1344
6615.72010161686  237.6814
6615.95394892266  244.8184
6616.18779622846  205.1674
6616.42164353426  262.3864
6616.65549084006  262.1587
6616.88933814586  195.1588
6617.12318545166  231.1955
6617.35703275745  243.3589
6617.59088006325  258.1122
6617.82472736905  216.6598
6618.05857467485  223.0947
6618.29242198065  250.4583
6618.52626928645  249.9072
6618.76011659225  190.1961
6618.99396389805  174.6899
6619.22781120385  222.2975
6619.46165850964  207.9164
6619.69550581545  249.0299
6619.92935312124  219.3868
6620.16320042704  193.1469
6620.39704773284  216.1748
6620.63089503864  224.3607
6620.86474234444  230.1707
6621.09858965024  220.4219
6621.33243695604  222.9463
6621.56628426184  283.895
6621.80013156764  237.2697
6622.03397887343  228.9352
6622.26782617923  178.8975
6622.50167348503  173.18
6622.73552079083  219.9279
6622.96936809663  195.5561
6623.20321540243  180.6718
6623.43706270823  234.5779
6623.67091001403  204.7237
6623.90475731983  194.7006
6624.13860462562  200.656
6624.37245193142  234.3315
6624.60629923722  257.2675
6624.84014654302  185.092
6625.07399384882  206.6648
6625.30784115462  184.9468
6625.54168846042  213.0887
6625.77553576622  238.6372
6626.00938307202  229.3891
6626.24323037781  212.8736
6626.47707768361  202.7532
6626.71092498941  180.4491
6626.94477229521  197.1043
6627.17861960101  147.7678
6627.41246690681  163.4958
6627.64631421261  202.8683
6627.88016151841  177.9527
6628.11400882421  172.5428
6628.34785613  167.9747
6628.5817034358  205.5571
6628.8155507416  231.1512
6629.0493980474  229.6575
6629.2832453532  219.0204
6629.517092659  237.3326
6629.7509399648  161.2641
6629.9847872706  165.8988
6630.2186345764  153.6413
6630.4524818822  206.2825
6630.686329188  226.3117
6630.92017649379  236.0171
6631.15402379959  212.0461
6631.38787110539  204.1423
6631.62171841119  205.593
6631.85556571699  205.6777
6632.08941302279  159.3164
6632.32326032859  181.0281
6632.55710763439  185.2944
6632.79095494019  172.0652
6633.02480224598  203.6838
6633.25864955178  185.4794
6633.49249685758  204.6616
6633.72634416338  215.3168
6633.96019146918  200.7266
6634.19403877498  220.1565
6634.42788608078  186.0495
6634.66173338658  205.3975
6634.89558069238  169.357
6635.12942799817  217.5186
6635.36327530397  183.8728
6635.59712260977  191.4575
6635.83096991557  178.9106
6636.06481722137  197.192
6636.29866452717  199.7172
6636.53251183297  223.9009
6636.76635913877  193.1666
6637.00020644457  215.0089
6637.23405375037  166.2677
6637.46790105616  159.1535
6637.70174836196  241.3114
6637.93559566776  214.0827
6638.16944297356  182.6251
6638.40329027936  199.0154
6638.63713758516  196.839
6638.87098489096  215.84
6639.10483219676  223.8204
6639.33867950256  179.6661
6639.57252680835  150.9728
6639.80637411415  185.0626
6640.04022141995  177.7015
6640.27406872575  193.3975
6640.50791603155  195.4249
6640.74176333735  176.9205
6640.97561064315  163.5322
6641.20945794895  199.1196
6641.44330525475  176.8839
6641.67715256055  217.0293
6641.91099986634  193.5164
6642.14484717214  196.6306
6642.37869447794  200.9071
6642.61254178374  206.1998
6642.84638908954  181.3288
6643.08023639534  172.2834
6643.31408370114  237.4529
6643.54793100694  169.3719
6643.78177831273  131.1127
6644.01562561853  186.7546
6644.24947292433  200.3725
6644.48332023013  144.3035
6644.71716753593  136.0965
6644.95101484173  206.7013
6645.18486214753  217.7512
6645.41870945333  208.0046
6645.65255675913  226.5901
6645.88640406493  229.458
6646.12025137072  178.9118
6646.35409867652  149.0261
6646.58794598232  171.8976
6646.82179328812  146.8889
6647.05564059392  153.0425
6647.28948789972  166.9625
6647.52333520552  163.5191
6647.75718251132  180.826
6647.99102981712  175.7185
6648.22487712292  150.9991
6648.45872442871  149.0032
6648.69257173451  190.6294
6648.92641904031  168.8163
6649.16026634611  136.4616
6649.39411365191  168.355
6649.62796095771  194.2312
6649.86180826351  179.0132
6650.09565556931  156.0059
6650.32950287511  166.1425
6650.56335018091  196.6884
6650.7971974867  204.0558
6651.0310447925  184.353
6651.2648920983  186.269
6651.4987394041  171.5242
6651.7325867099  153.4983
6651.9664340157  177.1658
6652.2002813215  176.9585
6652.4341286273  128.5198
6652.66797593309  189.0956
6652.90182323889  165.4364
6653.13567054469  162.1994
6653.36951785049  154.4252
6653.60336515629  122.2493
6653.83721246209  194.2277
6654.07105976789  156.9567
6654.30490707369  160.4348
6654.53875437949  169.0756
6654.77260168529  151.848
6655.00644899108  172.6145
6655.24029629688  129.2904
6655.47414360268  161.6438
6655.70799090848  148.1849
6655.94183821428  122.4864
6656.17568552008  128.6059
6656.40953282588  135.5729
6656.64338013168  146.2838
6656.87722743747  134.0751
6657.11107474327  145.7016
6657.34492204907  130.1645
6657.57876935487  114.6487
6657.81261666067  145.9091
6658.04646396647  134.1217
6658.28031127227  145.4734
6658.51415857807  126.5928
6658.74800588387  111.4917
6658.98185318967  135.7385
6659.21570049547  153.3945
6659.44954780126  150.4389
6659.68339510706  130.119
6659.91724241286  109.3073
6660.15108971866  100.9832
6660.38493702446  136.3821
6660.61878433026  127.7683
6660.85263163606  102.4669
6661.08647894186  102.3424
6661.32032624766  103.7744
6661.55417355346  133.1528
6661.78802085925  146.1519
6662.02186816505  147.1217
6662.25571547085  92.91179
6662.48956277665  92.57675
6662.72341008245  121.2481
6662.95725738825  105.2245
6663.19110469405  142.2872
6663.42495199985  115.4331
6663.65879930565  130.8353
6663.89264661145  76.19637
6664.12649391724  84.68518
6664.36034122304  118.7805
6664.59418852884  71.04861
6664.82803583464  117.8841
6665.06188314044  81.6499
6665.29573044624  109.5412
6665.52957775204  116.787
6665.76342505784  103.3975
6665.99727236364  69.7767
6666.23111966943  81.59414
6666.46496697523  95.37164
6666.69881428103  92.99309
6666.93266158683  83.15721
6667.16650889263  94.43006
6667.40035619843  108.2802
6667.63420350423  100.0483
6667.86805081003  103.068
6668.10189811583  79.02463
6668.33574542162  96.68568
6668.56959272742  107.1841
6668.80344003322  122.657
6669.03728733902  105.7065
6669.27113464482  63.93401
6669.50498195062  59.40289
6669.73882925642  83.96719
6669.97267656222  76.57712
6670.20652386802  86.18657
6670.44037117381  84.17504
6670.67421847961  74.41862
6670.90806578541  96.62364
6671.14191309121  93.73476
6671.37576039701  76.81219
6671.60960770281  109.4236
6671.84345500861  86.88746
6672.07730231441  111.1563
6672.31114962021  126.417
6672.544996926  110.7978
6672.7788442318  84.94357
6673.0126915376  75.40143
6673.2465388434  69.36044
6673.4803861492  70.23196
6673.714233455  37.43788
6673.9480807608  32.58389
6674.1819280666  52.82454
6674.4157753724  72.74326
6674.64962267819  97.41772
6674.88346998399  71.94318
6675.11731728979  84.95358
6675.35116459559  126.9447
6675.58501190139  77.94865
6675.81885920719  59.75416
6676.05270651299  43.26121
6676.28655381879  76.39906
6676.52040112459  33.75201
6676.75424843039  47.49044
6676.98809573619  18.27963
6677.22194304198  23.23569
6677.45579034778  24.30371
6677.68963765358  33.3778
6677.92348495938  -2.159472
6678.15733226518  74.94356
6678.39117957098  88.63787
6678.62502687678  43.94094
6678.85887418258  70.89137
6679.09272148838  28.17546
6679.32656879417  32.67179
6679.56041609997  22.23718
6679.79426340577  -2.06434
6680.02811071157  15.46199
6680.26195801737  51.32471
6680.49580532317  80.61216
6680.72965262897  61.58086
6680.96349993477  78.80984
6681.19734724057  -0.1384607
6681.43119454637  -19.9416
6681.66504185216  19.26439
6681.89888915796  37.7812
6682.13273646376  50.97366
6682.36658376956  50.68412
6682.60043107536  38.64556
6682.83427838116  25.69815
6683.06812568696  5.413239
6683.30197299276  32.75888
6683.53582029855  19.05789
6683.76966760435  16.28852
6684.00351491015  43.55835
6684.23736221595  47.3129
6684.47120952175  44.61103
6684.70505682755  42.17929
6684.93890413335  14.00018
6685.17275143915  45.49852
6685.40659874495  20.24525
6685.64044605075  31.06281
6685.87429335654  13.26314
6686.10814066234  38.19741
6686.34198796814  49.83327
6686.57583527394  80.96218
6686.80968257974  58.03079
6687.04352988554  47.70517
6687.27737719134  39.91468
6687.51122449714  -8.670186
6687.74507180294  32.21561
6687.97891910874  70.41
6688.21276641453  32.20053
6688.44661372033  48.62344
6688.68046102613  -12.96303
6688.91430833193  0.6501191
6689.14815563773  12.03649
6689.38200294353  25.64576
6689.61585024933  49.63087
6689.84969755513  67.42815
6690.08354486092  47.20212
6690.31739216672  14.71576
6690.55123947252  27.20761
6690.78508677832  11.91543
6691.01893408412  9.57962
6691.25278138992  12.83107
6691.48662869572  3.743383
6691.72047600152  15.02717
6691.95432330732  42.21173
6692.18817061312  -1.622341
