6452.9737635635  -0.3380208
6453.20761249506  46.85311
6453.44146142662  66.83374
6453.67531035819  37.62775
6453.90915928975  76.54672
6454.14300822131  84.47145
6454.37685715287  47.61137
6454.61070608443  30.5656
6454.84455501599  52.47293
6455.07840394755  80.41571
6455.31225287911  81.95175
6455.54610181067  85.75071
6455.77995074224  69.97729
6456.0137996738  70.4233
6456.24764860536  77.2605
6456.48149753692  57.42122
6456.71534646848  70.63024
6456.94919540004  56.70104
6457.1830443316  36.18504
6457.41689326316  89.7386
6457.65074219473  126.1977
6457.88459112629  102.0276
6458.11844005785  89.46516
6458.35228898941  105.3362
6458.58613792097  103.9608
6458.81998685253  59.5863
6459.05383578409  60.958
6459.28768471565  78.41427
6459.52153364722  68.20559
6459.75538257878  93.35663
6459.98923151034  75.36761
6460.2230804419  94.94457
6460.45692937346  130.1844
6460.69077830502  111.3002
6460.92462723658  38.78633
6461.15847616814  17.5544
6461.3923250997  52.65726
6461.62617403127  78.97728
6461.86002296283  120.1637
6462.09387189439  112.6318
6462.32772082595  105.6569
6462.56156975751  97.24807
6462.79541868907  55.56735
6463.02926762063  85.6657
6463.26311655219  92.94072
6463.49696548376  90.82063
6463.73081441532  105.3953
6463.96466334688  113.3779
6464.19851227844  89.79208
6464.43236121  105.2214
6464.66621014156  131.703
6464.90005907312  119.3714
6465.13390800468  138.3053
6465.36775693624  105.7676
6465.60160586781  77.28773
6465.83545479937  67.83961
6466.06930373093  89.78324
6466.30315266249  111.4148
6466.53700159405  113.5853
6466.77085052561  98.4103
6467.00469945717  142.549
6467.23854838873  128.6625
6467.4723973203  122.8891
6467.70624625186  117.071
6467.94009518342  80.82184
6468.17394411498  94.58447
6468.40779304654  86.14339
6468.6416419781  99.0714
6468.87549090966  141.8981
6469.10933984122  126.8154
6469.34318877279  71.3175
6469.57703770435  61.17859
6469.81088663591  124.3673
6470.04473556747  135.734
6470.27858449903  131.0208
6470.51243343059  114.1758
6470.74628236215  112.9128
6470.98013129371  153.4924
6471.21398022527  141.5875
6471.44782915684  95.47053
6471.6816780884  106.4786
6471.91552701996  113.8876
6472.14937595152  102.7348
6472.38322488308  95.12624
6472.61707381464  133.9257
6472.8509227462  141.9999
6473.08477167777  129.2105
6473.31862060933  111.5435
6473.55246954089  131.4515
6473.78631847245  151.3237
6474.02016740401  101.7152
6474.25401633557  126.0515
6474.48786526713  149.111
6474.72171419869  99.43515
6474.95556313025  101.1206
6475.18941206182  141.97
6475.42326099338  154.4352
6475.65710992494  138.6644
6475.8909588565  159.6575
6476.12480778806  145.0226
6476.35865671962  152.1726
6476.59250565118  171.4612
6476.82635458275  124.4724
6477.06020351431  110.4506
6477.29405244587  167.3949
6477.52790137743  173.6602
6477.76175030899  132.596
6477.99559924055  117.1866
6478.22944817211  149.2561
6478.46329710368  162.8931
6478.69714603524  165.3737
6478.9309949668  175.2595
6479.16484389836  126.0288
6479.39869282992  160.1125
6479.63254176148  169.7037
6479.86639069304  132.1527
6480.1002396246  152.1485
6480.33408855616  120.5354
6480.56793748773  76.17662
6480.80178641929  104.8906
6481.03563535085  137.0487
6481.26948428241  142.5389
6481.50333321397  116.7298
6481.73718214553  85.38045
6481.97103107709  148.2788
6482.20488000865  181.6797
6482.43872894021  128.7072
6482.67257787178  138.6868
6482.90642680334  129.1657
6483.1402757349  180.939
6483.37412466646  191.6391
6483.60797359802  143.5201
6483.84182252958  122.0303
6484.07567146114  92.18311
6484.3095203927  164.0255
6484.54336932427  133.6769
6484.77721825583  73.61423
6485.01106718739  109.293
6485.24491611895  169.046
6485.47876505051  177.084
6485.71261398207  175.2168
6485.94646291363  152.4378
6486.18031184519  144.9027
6486.41416077676  190.9656
6486.64800970832  166.3513
6486.88185863988  161.0548
6487.11570757144  178.1575
6487.349556503  116.2596
6487.58340543456  81.05265
6487.81725436612  137.7008
6488.05110329768  129.0452
6488.28495222925  125.5313
6488.51880116081  162.2695
6488.75265009237  172.3951
6488.98649902393  149.0878
6489.22034795549  136.0551
6489.45419688705  166.6322
6489.68804581861  179.2785
6489.92189475017  167.9258
6490.15574368174  182.9709
6490.3895926133  171.5803
6490.62344154486  152.2971
6490.85729047642  163.225
6491.09113940798  157.8998
6491.32498833954  177.9014
6491.5588372711  162.7413
6491.79268620266  181.6225
6492.02653513422  141.2365
6492.26038406578  142.3424
6492.49423299735  175.3766
6492.72808192891  148.4509
6492.96193086047  145.7738
6493.19577979203  126.3769
6493.42962872359  100.4118
6493.66347765515  130.5315
6493.89732658671  140.5792
6494.13117551828  140.1766
6494.36502444984  167.5944
6494.5988733814  172.5042
6494.83272231296  176.4148
6495.06657124452  144.2119
6495.30042017608  172.9413
6495.53426910764  189.5063
6495.7681180392  146.3923
6496.00196697076  161.5173
6496.23581590233  143.1723
6496.46966483389  190.3708
6496.70351376545  196.4489
6496.93736269701  187.1811
6497.17121162857  175.4398
6497.40506056013  168.7874
6497.63890949169  161.3971
6497.87275842325  174.2998
6498.10660735482  177.182
6498.34045628638  149.9037
6498.57430521794  170.5708
6498.8081541495  196.9691
6499.04200308106  179.0748
6499.27585201262  160.6985
6499.50970094418  148.5443
6499.74354987574  168.3297
6499.97739880731  163.6832
6500.21124773887  180.0106
6500.44509667043  176.3425
6500.67894560199  141.3285
6500.91279453355  154.4969
6501.14664346511  197.6996
6501.38049239667  176.6285
6501.61434132823  181.8704
6501.8481902598  183.5106
6502.08203919136  197.4469
6502.31588812292  209.0984
6502.54973705448  180.2533
6502.78358598604  164.47
6503.0174349176  186.2136
6503.25128384916  207.0799
6503.48513278072  183.8905
6503.71898171229  208.4949
6503.95283064385  157.8841
6504.18667957541  135.8313
6504.42052850697  160.4626
6504.65437743853  177.755
6504.88822637009  164.2513
6505.12207530165  138.8907
6505.35592423321  177.9557
6505.58977316478  197.4539
6505.82362209634  174.8149
6506.0574710279  171.2279
6506.29131995946  156.6657
6506.52516889102  149.6539
6506.75901782258  158.0153
6506.99286675414  195.4375
6507.2267156857  184.4473
6507.46056461727  135.8766
6507.69441354883  188.2518
6507.92826248039  206.0073
6508.16211141195  158.0909
6508.39596034351  151.8161
6508.62980927507  154.7707
6508.86365820663  198.3483
6509.09750713819  135.5065
6509.33135606975  183.468
6509.56520500132  140.651
6509.79905393288  146.4865
6510.03290286444  181.2619
6510.266751796  204.9582
6510.50060072756  188.4493
6510.73444965912  185.7336
6510.96829859068  171.1978
6511.20214752224  178.0563
6511.43599645381  166.0583
6511.66984538537  136.1243
6511.90369431693  179.691
6512.13754324849  188.7166
6512.37139218005  163.2619
6512.60524111161  214.8279
6512.83909004317  216.8209
6513.07293897473  182.4812
6513.3067879063  177.4945
6513.54063683786  203.6498
6513.77448576942  238.8783
6514.00833470098  184.966
6514.24218363254  154.1741
6514.4760325641  180.8303
6514.70988149566  155.9447
6514.94373042722  154.2753
6515.17757935879  157.3523
6515.41142829035  182.6673
6515.64527722191  204.0511
6515.87912615347  173.7347
6516.11297508503  158.1147
6516.34682401659  172.8821
6516.58067294815  156.8
6516.81452187971  155.4406
6517.04837081127  165.1227
6517.28221974284  178.5715
6517.5160686744  195.5551
6517.74991760596  183.6563
6517.98376653752  191.2308
6518.21761546908  198.3027
6518.45146440064  184.5761
6518.6853133322  165.2902
6518.91916226377  183.6762
6519.15301119533  190.113
6519.38686012689  185.7446
6519.62070905845  200.6223
6519.85455799001  163.5149
6520.08840692157  159.5393
6520.32225585313  140.7251
6520.55610478469  191.2184
6520.78995371626  200.0895
6521.02380264782  217.1029
6521.25765157938  216.4843
6521.49150051094  178.2206
6521.7253494425  189.341
6521.95919837406  223.1041
6522.19304730562  196.676
6522.42689623718  201.7375
6522.66074516875  234.6329
6522.89459410031  220.9498
6523.12844303187  222.9889
6523.36229196343  209.6205
6523.59614089499  179.5359
6523.82998982655  213.8149
6524.06383875811  196.9077
6524.29768768967  159.0019
6524.53153662123  211.7382
6524.76538555279  217.1043
6524.99923448435  209.5949
6525.23308341592  238.157
6525.46693234748  208.9439
6525.70078127904  171.6448
6525.9346302106  215.173
6526.16847914216  188.4231
6526.40232807372  171.3384
6526.63617700528  199.4068
6526.87002593685  184.1089
6527.10387486841  174.0157
6527.33772379997  195.171
6527.57157273153  170.2157
6527.80542166309  203.7323
6528.03927059465  230.4284
6528.27311952621  196.9768
6528.50696845777  175.9651
6528.74081738934  180.1555
6528.9746663209  181.0526
6529.20851525246  169.3669
6529.44236418402  181.7395
6529.67621311558  213.3106
6529.91006204714  207.428
6530.1439109787  183.2392
6530.37775991026  192.5964
6530.61160884183  190.9823
6530.84545777339  178.7348
6531.07930670495  193.0597
6531.31315563651  212.7363
6531.54700456807  194.4211
6531.78085349963  213.7494
6532.01470243119  214.6371
6532.24855136275  235.7948
6532.48240029432  203.1281
6532.71624922588  197.0683
6532.95009815744  139.6407
6533.183947089  122.0255
6533.41779602056  211.2656
6533.65164495212  205.3928
6533.88549388368  173.5449
6534.11934281524  176.193
6534.35319174681  165.7731
6534.58704067837  159.9792
6534.82088960993  208.9488
6535.05473854149  219.9952
6535.28858747305  189.5134
6535.52243640461  200.0566
6535.75628533617  217.1343
6535.99013426773  211.8968
6536.2239831993  175.7204
6536.45783213086  172.8916
6536.69168106242  249.7283
6536.92552999398  221.354
6537.15937892554  157.5568
6537.3932278571  236.2505
6537.62707678866  230.9981
6537.86092572022  199.2114
6538.09477465178  195.5503
6538.32862358335  165.6559
6538.56247251491  203.2254
6538.79632144647  282.1433
6539.03017037803  232.0089
6539.26401930959  220.4112
6539.49786824115  217.5954
6539.73171717271  242.6175
6539.96556610427  221.6782
6540.19941503584  208.4605
6540.4332639674  206.0295
6540.66711289896  243.8346
6540.90096183052  188.6917
6541.13481076208  223.0223
6541.36865969364  184.1551
6541.6025086252  213.6542
6541.83635755676  224.9606
6542.07020648833  204.8876
6542.30405541989  208.7753
6542.53790435145  196.8309
6542.77175328301  217.6581
6543.00560221457  245.7059
6543.23945114613  255.5671
6543.47330007769  235.4253
6543.70714900925  215.0008
6543.94099794082  197.5752
6544.17484687238  180.7813
6544.40869580394  218.7481
6544.6425447355  223.1221
6544.87639366706  211.8585
6545.11024259862  231.4314
6545.34409153018  221.5018
6545.57794046174  222.8847
6545.81178939331  228.3303
6546.04563832487  261.3612
6546.27948725643  248.7357
6546.51333618799  231.3301
6546.74718511955  209.0296
6546.98103405111  223.3872
6547.21488298267  254.1463
6547.44873191423  234.1014
6547.6825808458  211.9559
6547.91642977736  228.3177
6548.15027870892  245.174
6548.38412764048  222.9427
6548.61797657204  307.3322
6548.8518255036  249.4803
6549.08567443516  213.1681
6549.31952336672  267.0573
6549.55337229829  274.1687
6549.78722122985  270.9934
6550.02107016141  277.4911
6550.25491909297  290.8564
6550.48876802453  274.5082
6550.72261695609  261.4864
6550.95646588765  299.8303
6551.19031481921  263.6674
6551.42416375077  241.6378
6551.65801268234  252.8376
6551.8918616139  238.8297
6552.12571054546  230.5845
6552.35955947702  215.5587
6552.59340840858  242.4692
6552.82725734014  242.1369
6553.0611062717  262.8007
6553.29495520326  314.0401
6553.52880413483  301.6549
6553.76265306639  298.8784
6553.99650199795  289.3258
6554.23035092951  285.8058
6554.46419986107  310.5529
6554.69804879263  274.9273
6554.93189772419  282.2396
6555.16574665576  342.8567
6555.39959558732  304.2578
6555.63344451888  284.4288
6555.86729345044  311.9331
6556.101142382  313.3198
6556.33499131356  310.433
6556.56884024512  301.0148
6556.80268917668  302.3499
6557.03653810824  282.3629
6557.2703870398  284.9932
6557.50423597137  279.827
6557.73808490293  288.7345
6557.97193383449  266.3232
6558.20578276605  286.3835
6558.43963169761  338.14
6558.67348062917  325.5508
6558.90732956073  275.7147
6559.14117849229  310.5006
6559.37502742386  327.9109
6559.60887635542  326.9051
6559.84272528698  307.8946
6560.07657421854  283.4321
6560.3104231501  326.6169
6560.54427208166  335.2582
6560.77812101322  316.9863
6561.01196994478  324.0068
6561.24581887635  335.2482
6561.47966780791  326.1608
6561.71351673947  335.2892
6561.94736567103  333.2908
6562.18121460259  353.7447
6562.41506353415  321.9337
6562.64891246571  305.5529
6562.88276139727  357.1527
6563.11661032884  349.9582
6563.3504592604  340.0766
6563.58430819196  334.1364
6563.81815712352  394.6009
6564.05200605508  409.6864
6564.28585498664  340.4381
6564.5197039182  358.3506
6564.75355284976  351.7155
6564.98740178133  333.3426
6565.22125071289  338.6858
6565.45509964445  331.4109
6565.68894857601  342.7598
6565.92279750757  335.6353
6566.15664643913  342.2706
6566.39049537069  346.6011
6566.62434430225  338.7109
6566.85819323381  318.6663
6567.09204216538  298.9128
6567.32589109694  319.2102
6567.5597400285  294.9713
6567.79358896006  325.5667
6568.02743789162  323.5987
6568.26128682318  285.0545
6568.49513575474  318.3563
6568.7289846863  316.4693
6568.96283361786  297.2126
6569.19668254943  298.9427
6569.43053148099  336.343
6569.66438041255  340.8279
6569.89822934411  279.7981
6570.13207827567  256.9552
6570.36592720723  294.3176
6570.59977613879  289.5195
6570.83362507036  271.837
6571.06747400192  306.2178
6571.30132293348  278.9427
6571.53517186504  272.5252
6571.7690207966  305.6071
6572.00286972816  281.4052
6572.23671865972  276.8212
6572.47056759128  315.781
6572.70441652284  331.7046
6572.93826545441  292.3542
6573.17211438597  302.764
6573.40596331753  292.7016
6573.63981224909  265.5086
6573.87366118065  329.9648
6574.10751011221  280.0571
6574.34135904377  287.0479
6574.57520797533  328.9375
6574.8090569069  367.6447
6575.04290583846  324.1789
6575.27675477002  282.939
6575.51060370158  297.1891
6575.74445263314  292.6138
6575.9783015647  299.0281
6576.21215049626  281.3769
6576.44599942782  281.532
6576.67984835939  271.8405
6576.91369729095  287.9771
6577.14754622251  332.1476
6577.38139515407  335.6023
6577.61524408563  280.2935
6577.84909301719  277.7555
6578.08294194875  257.9085
6578.31679088032  275.8911
6578.55063981188  273.2801
6578.78448874344  208.2835
6579.018337675  232.1589
6579.25218660656  241.5757
6579.48603553812  230.5863
6579.71988446968  269.9095
6579.95373340124  288.1016
6580.1875823328  297.8178
6580.42143126437  286.1936
6580.65528019593  261.5617
6580.88912912749  272.8117
6581.12297805905  205.1568
6581.35682699061  245.2114
6581.59067592217  264.401
6581.82452485373  261.1544
6582.0583737853  215.6359
6582.29222271686  269.4003
6582.52607164842  280.5822
6582.75992057998  280.1561
6582.99376951154  219.6794
6583.2276184431  236.3425
6583.46146737466  234.8378
6583.69531630622  282.25
6583.92916523778  237.804
6584.16301416935  247.599
6584.39686310091  230.9102
6584.63071203247  260.6964
6584.86456096403  275.5191
6585.09840989559  298.7879
6585.33225882715  236.6233
6585.56610775871  210.2505
6585.79995669027  237.0588
6586.03380562184  275.2328
6586.2676545534  234.6361
6586.50150348496  231.9856
6586.73535241652  246.2776
6586.96920134808  237.5627
6587.20305027964  263.7256
6587.4368992112  234.6777
6587.67074814276  230.5483
6587.90459707432  220.9146
6588.13844600589  218.2101
6588.37229493745  214.6051
6588.60614386901  239.6308
6588.83999280057  225.2017
6589.07384173213  186.3633
6589.30769066369  178.346
6589.54153959525  185.349
6589.77538852682  214.3605
6590.00923745838  213.2253
6590.24308638994  209.2451
6590.4769353215  211.8496
6590.71078425306  245.4103
6590.94463318462  221.5549
6591.17848211618  175.6646
6591.41233104774  203.5379
6591.64617997931  219.1733
6591.88002891087  231.9523
6592.11387784243  201.6526
6592.34772677399  167.4821
6592.58157570555  194.2191
6592.81542463711  210.7139
6593.04927356867  195.4886
6593.28312250023  209.9139
6593.51697143179  211.3372
6593.75082036335  225.9891
6593.98466929492  201.5579
6594.21851822648  225.3195
6594.45236715804  230.115
6594.6862160896  179.0436
6594.92006502116  189.469
6595.15391395272  206.7833
6595.38776288428  197.0631
6595.62161181584  173.4841
6595.8554607474  194.2261
6596.08930967897  178.1754
6596.32315861053  172.4522
6596.55700754209  175.4182
6596.79085647365  180.1836
6597.02470540521  189.1167
6597.25855433677  180.9885
6597.49240326833  208.9081
6597.7262521999  250.8381
6597.96010113146  212.6034
6598.19395006302  214.6399
6598.42779899458  233.3878
6598.66164792614  201.0626
6598.8954968577  167.5041
6599.12934578926  178.4938
6599.36319472082  186.3355
6599.59704365239  162.665
6599.83089258395  176.1433
6600.06474151551  199.5713
6600.29859044707  233.1215
6600.53243937863  210.6452
6600.76628831019  178.0904
6601.00013724175  225.889
6601.23398617331  217.4999
6601.46783510488  195.0435
6601.70168403644  173.3449
6601.935532968  153.9039
6602.16938189956  145.1346
6602.40323083112  170.9094
6602.63707976268  180.1179
6602.87092869424  187.2586
6603.1047776258  199.8867
6603.33862655737  220.6726
6603.57247548893  203.5797
6603.80632442049  131.8069
6604.04017335205  149.7881
6604.27402228361  135.8766
6604.50787121517  137.8567
6604.74172014673  168.7116
6604.97556907829  168.1505
6605.20941800985  184.1306
6605.44326694142  181.6557
6605.67711587298  192.5602
6605.91096480454  184.7088
6606.1448137361  174.151
6606.37866266766  172.461
6606.61251159922  158.1908
6606.84636053078  166.7118
6607.08020946234  159.568
6607.31405839391  186.6334
6607.54790732547  220.9447
6607.78175625703  182.0882
6608.01560518859  180.0263
6608.24945412015  172.2909
6608.48330305171  193.2762
6608.71715198327  194.0401
6608.95100091483  173.9525
6609.1848498464  133.0014
6609.41869877796  158.5866
6609.65254770952  181.0285
6609.88639664108  213.1562
6610.12024557264  186.6281
6610.3540945042  153.026
6610.58794343576  161.999
6610.82179236732  155.9977
6611.05564129888  161.3514
6611.28949023045  185.1937
6611.52333916201  189.8102
6611.75718809357  159.4923
6611.99103702513  176.5924
6612.22488595669  192.8265
6612.45873488825  178.2507
6612.69258381981  180.4629
6612.92643275138  185.2021
6613.16028168294  175.1916
6613.3941306145  184.1248
6613.62797954606  151.3663
6613.86182847762  153.6686
6614.09567740918  159.883
6614.32952634074  188.4819
6614.5633752723  136.5515
6614.79722420386  138.276
6615.03107313543  192.5507
6615.26492206699  174.2094
6615.49877099855  187.0864
6615.73261993011  216.4003
6615.96646886167  171.5366
6616.20031779323  170.4518
6616.43416672479  160.4315
6616.66801565635  174.6794
6616.90186458791  141.4967
6617.13571351948  161.0493
6617.36956245104  165.9091
6617.6034113826  162.0079
6617.83726031416  148.0784
6618.07110924572  171.0401
6618.30495817728  173.497
6618.53880710884  134.4295
6618.77265604041  129.2262
6619.00650497197  169.4852
6619.24035390353  175.3311
6619.47420283509  175.1742
6619.70805176665  218.6653
6619.94190069821  169.1273
6620.17574962977  139.5578
6620.40959856134  130.5846
6620.6434474929  146.4753
6620.87729642446  170.3112
6621.11114535602  165.2211
6621.34499428758  197.1293
6621.57884321914  240.5545
6621.8126921507  212.285
6622.04654108226  144.4188
6622.28039001382  126.6598
6622.51423894539  179.0348
6622.74808787695  157.8716
6622.98193680851  191.0421
6623.21578574007  186.6645
6623.44963467163  129.1474
6623.68348360319  149.814
6623.91733253475  221.6465
6624.15118146632  197.2192
6624.38503039788  145.9522
6624.61887932944  143.7429
6624.852728261  130.632
6625.08657719256  153.3906
6625.32042612412  186.9786
6625.55427505568  207.3097
6625.78812398724  161.5703
6626.0219729188  131.792
6626.25582185036  118.5102
6626.48967078192  169.0221
6626.72351971349  175.6928
6626.95736864505  185.147
6627.19121757661  141.2037
6627.42506650817  155.4798
6627.65891543973  189.103
6627.89276437129  168.1584
6628.12661330285  144.6117
6628.36046223442  136.496
6628.59431116598  197.4043
6628.82816009754  196.002
6629.0620090291  184.1437
6629.29585796066  184.3281
6629.52970689222  158.2526
6629.76355582378  190.6247
6629.99740475534  163.2106
6630.2312536869  118.9241
6630.46510261847  157.3801
6630.69895155003  157.1807
6630.93280048159  157.4652
6631.16664941315  163.4103
6631.40049834471  131.4342
6631.63434727627  149.9444
6631.86819620783  152.8076
6632.10204513939  148.9948
6632.33589407096  164.2298
6632.56974300252  185.9181
6632.80359193408  183.701
6633.03744086564  131.8953
6633.2712897972  170.0469
6633.50513872876  179.9058
6633.73898766032  149.8916
6633.97283659189  174.222
6634.20668552345  202.6306
6634.44053445501  177.8485
6634.67438338657  156.0801
6634.90823231813  177.9699
6635.14208124969  159.3958
6635.37593018125  140.4569
6635.60977911281  160.7511
6635.84362804437  189.9738
6636.07747697594  179.6098
6636.3113259075  157.8975
6636.54517483906  179.7397
6636.77902377062  139.9165
6637.01287270218  162.8485
6637.24672163374  150.571
6637.4805705653  144.86
6637.71441949686  152.5259
6637.94826842842  154.3923
6638.18211735999  158.1266
6638.41596629155  192.2377
6638.64981522311  152.4014
6638.88366415467  139.0783
6639.11751308623  140.3748
6639.35136201779  111.2393
6639.58521094935  75.26972
6639.81905988092  104.5074
6640.05290881248  171.1278
6640.28675774404  151.4753
6640.5206066756  86.16499
6640.75445560716  150.3042
6640.98830453872  169.9068
6641.22215347028  160.0845
6641.45600240184  163.3476
6641.68985133341  153.9999
6641.92370026497  113.3961
6642.15754919653  133.5989
6642.39139812809  154.2302
6642.62524705965  171.713
6642.85909599121  130.9981
6643.09294492277  142.0591
6643.32679385433  148.646
6643.5606427859  125.3862
6643.79449171746  140.1272
6644.02834064902  146.0639
6644.26218958058  153.8138
6644.49603851214  133.5508
6644.7298874437  171.6445
6644.96373637526  129.8085
6645.19758530682  111.9556
6645.43143423839  93.79355
6645.66528316995  164.4403
6645.89913210151  137.9488
6646.13298103307  133.7272
6646.36682996463  135.1294
6646.60067889619  154.6757
6646.83452782775  143.1736
6647.06837675931  126.9042
6647.30222569087  123.5613
6647.53607462244  127.016
6647.769923554  107.1282
6648.00377248556  114.3775
6648.23762141712  99.53271
6648.47147034868  179.1087
6648.70531928024  107.8072
6648.9391682118  105.6064
6649.17301714336  147.7132
6649.40686607493  144.7573
6649.64071500649  134.5625
6649.87456393805  112.6824
6650.10841286961  125.9857
6650.34226180117  135.5119
6650.57611073273  122.1096
6650.80995966429  124.7636
6651.04380859585  144.7118
6651.27765752742  138.1898
6651.51150645898  152.1627
6651.74535539054  145.6429
6651.9792043221  132.0712
6652.21305325366  136.119
6652.44690218522  102.9441
6652.68075111678  101.3547
6652.91460004834  117.115
6653.1484489799  135.7326
6653.38229791147  91.74148
6653.61614684303  117.4637
6653.84999577459  135.3735
6654.08384470615  133.1416
6654.31769363771  130.495
6654.55154256927  100.4498
6654.78539150083  108.3869
6655.0192404324  160.496
6655.25308936396  144.9922
6655.48693829552  116.7898
6655.72078722708  109.4631
6655.95463615864  120.9546
6656.1884850902  108.9535
6656.42233402176  95.15578
6656.65618295332  74.29541
6656.89003188489  94.53461
6657.12388081645  118.7185
6657.35772974801  96.89108
6657.59157867957  143.9956
6657.82542761113  144.7856
6658.05927654269  124.29
6658.29312547425  100.9906
6658.52697440581  100.1669
6658.76082333737  113.1348
6658.99467226893  92.55168
6659.2285212005  108.5728
6659.46237013206  127.8621
6659.69621906362  86.57313
6659.93006799518  74.41125
6660.16391692674  57.25315
6660.3977658583  102.628
6660.63161478986  99.17481
6660.86546372142  74.70058
6661.09931265299  83.3156
6661.33316158455  83.79996
6661.56701051611  110.9634
6661.80085944767  113.8029
6662.03470837923  65.28004
6662.26855731079  69.94963
6662.50240624235  83.27158
6662.73625517391  74.30851
6662.97010410548  78.86303
6663.20395303704  61.32302
6663.4378019686  88.15199
6663.67165090016  123.5796
6663.90549983172  75.7578
6664.13934876328  52.7317
6664.37319769484  41.26489
6664.6070466264  99.772
6664.84089555797  60.46537
6665.07474448953  57.88815
6665.30859342109  67.45853
6665.54244235265  91.34018
6665.77629128421  92.99393
6666.01014021577  90.78426
6666.24398914733  49.04083
6666.47783807889  46.35921
6666.71168701046  107.6943
6666.94553594202  36.14223
6667.17938487358  142.2188
6667.41323380514  89.52673
6667.6470827367  100.5865
6667.88093166826  51.86306
6668.11478059982  87.95181
6668.34862953138  40.6919
6668.58247846294  80.9097
6668.81632739451  70.04613
6669.05017632607  31.36359
6669.28402525763  91.56578
6669.51787418919  62.34666
6669.75172312075  43.22216
6669.98557205231  44.03449
6670.21942098387  40.96354
6670.45326991544  47.05308
6670.687118847  52.78412
6670.92096777856  88.99911
6671.15481671012  87.7185
6671.38866564168  77.26045
6671.62251457324  72.79853
6671.8563635048  33.85447
6672.09021243636  59.57584
6672.32406136792  71.66561
6672.55791029949  51.50954
6672.79175923105  63.2114
6673.02560816261  42.16042
6673.25945709417  35.76633
6673.49330602573  85.73431
6673.72715495729  69.71556
6673.96100388885  36.5809
6674.19485282041  74.3824
6674.42870175198  86.96809
6674.66255068354  69.0277
6674.8963996151  72.77233
6675.13024854666  73.84254
6675.36409747822  60.16471
6675.59794640978  30.1322
6675.83179534134  77.1479
6676.06564427291  52.71107
6676.29949320447  38.79548
6676.53334213603  39.61374
6676.76719106759  23.59405
6677.00103999915  26.62935
6677.23488893071  49.29329
6677.46873786227  5.430462
6677.70258679383  52.40108
6677.9364357254  45.13474
6678.17028465696  48.49836
6678.40413358852  48.53806
6678.63798252008  35.21938
6678.87183145164  49.25344
6679.1056803832  29.92398
6679.33952931476  78.49026
6679.57337824632  39.08427
6679.80722717788  23.493
6680.04107610944  48.16211
6680.27492504101  45.8208
6680.50877397257  15.39123
6680.74262290413  15.63465
6680.97647183569  53.00013
6681.21032076725  41.12736
6681.44416969881  26.04692
6681.67801863037  24.32866
6681.91186756194  24.64814
6682.1457164935  40.02996
6682.37956542506  25.07393
6682.61341435662  42.89886
6682.84726328818  17.14028
6683.08111221974  18.61302
6683.3149611513  16.75427
6683.54881008286  31.87125
6683.78265901443  11.70564
6684.01650794599  17.20637
6684.25035687755  1.808818
6684.48420580911  54.77662
6684.71805474067  26.85483
6684.95190367223  19.0479
6685.18575260379  2.798265
6685.41960153535  39.26748
6685.65345046691  30.85946
6685.88729939848  19.25967
6686.12114833004  38.52592
6686.3549972616  9.9653
6686.58884619316  21.45745
6686.82269512472  48.81479
6687.05654405628  67.19181
6687.29039298784  26.29324
6687.5242419194  15.45087
6687.75809085097  5.010662
6687.99193978253  8.146166
6688.22578871409  32.62557
6688.45963764565  7.851099
6688.69348657721  4.230557
6688.92733550877  19.81686
6689.16118444033  26.55938
6689.39503337189  32.38876
6689.62888230346  19.33266
6689.86273123502  9.53514
6690.09658016658  -1.587995
6690.33042909814  -12.53868
6690.5642780297  -5.552791
6690.79812696126  -21.19558
6691.03197589282  4.720524
6691.26582482438  36.80988
6691.49967375595  24.53627
6691.73352268751  -14.68245
6691.96737161907  16.46715
6692.20122055063  -12.65091
