6452.8360189006  86.77685
6453.06993484605  61.38375
6453.30385079149  79.74442
6453.53776673694  107.8768
6453.77168268238  86.30128
6454.00559862783  80.52936
6454.23951457328  88.82832
6454.47343051872  80.15982
6454.70734646417  98.84602
6454.94126240961  113.4197
6455.17517835506  86.25597
6455.4090943005  92.49983
6455.64301024595  96.61517
6455.8769261914  87.1145
6456.11084213684  84.7844
6456.34475808229  96.56241
6456.57867402773  82.24761
6456.81258997318  99.95496
6457.04650591862  103.5664
6457.28042186407  101.7573
6457.51433780952  81.4627
6457.74825375496  58.54755
6457.98216970041  84.21667
6458.21608564585  95.63574
6458.4500015913  81.58524
6458.68391753674  127.333
6458.91783348219  143.9094
6459.15174942764  99.87916
6459.38566537308  85.31479
6459.61958131853  100.098
6459.85349726397  123.6299
6460.08741320942  113.9548
6460.32132915487  93.11711
6460.55524510031  92.16965
6460.78916104576  103.5387
6461.0230769912  95.29493
6461.25699293665  82.82106
6461.4909088821  107.5367
6461.72482482754  141.8546
6461.95874077299  137.1297
6462.19265671843  87.29031
6462.42657266388  101.9089
6462.66048860933  104.0137
6462.89440455477  108.0092
6463.12832050022  77.5321
6463.36223644566  85.07941
6463.59615239111  154.2779
6463.83006833655  162.2699
6464.063984282  115.1508
6464.29790022745  122.341
6464.53181617289  136.9201
6464.76573211834  89.70322
6464.99964806378  96.20202
6465.23356400923  161.9372
6465.46747995467  101.9211
6465.70139590012  84.52174
6465.93531184557  144.1646
6466.16922779101  108.2918
6466.40314373646  145.1288
6466.6370596819  139.6528
6466.87097562735  133.9369
6467.1048915728  138.76
6467.33880751824  130.6555
6467.57272346369  140.24
6467.80663940913  143.1153
6468.04055535458  141.3054
6468.27447130002  148.2789
6468.50838724547  132.4531
6468.74230319092  102.4941
6468.97621913636  65.79153
6469.21013508181  131.6241
6469.44405102725  145.1053
6469.6779669727  126.2738
6469.91188291815  152.2576
6470.14579886359  158.9854
6470.37971480904  160.9101
6470.61363075448  148.5074
6470.84754669993  141.7
6471.08146264537  157.2077
6471.31537859082  167.7173
6471.54929453627  155.6833
6471.78321048171  115.9847
6472.01712642716  149.9288
6472.2510423726  148.7747
6472.48495831805  121.8354
6472.7188742635  171.5684
6472.95279020894  149.3818
6473.18670615439  160.4651
6473.42062209983  191.0834
6473.65453804528  186.9081
6473.88845399072  180.7299
6474.12236993617  163.6647
6474.35628588162  136.4207
6474.59020182706  142.0262
6474.82411777251  168.3789
6475.05803371795  164.4184
6475.2919496634  139.7681
6475.52586560884  143.3826
6475.75978155429  147.6231
6475.99369749974  152.4172
6476.22761344518  130.992
6476.46152939063  204.7215
6476.69544533607  187.5477
6476.92936128152  131.4383
6477.16327722697  131.1578
6477.39719317241  161.9494
6477.63110911786  167.7507
6477.8650250633  169.1546
6478.09894100875  179.1445
6478.33285695419  168.1891
6478.56677289964  167.6985
6478.80068884509  193.3152
6479.03460479053  189.4731
6479.26852073598  163.1732
6479.50243668142  182.0726
6479.73635262687  239.2091
6479.97026857232  204.693
6480.20418451776  171.8864
6480.43810046321  136.6573
6480.67201640865  169.6821
6480.9059323541  176.3478
6481.13984829954  183.5283
6481.37376424499  200.2534
6481.60768019044  176.6109
6481.84159613588  177.5557
6482.07551208133  190.6873
6482.30942802677  170.1739
6482.54334397222  162.7539
6482.77725991767  155.1134
6483.01117586311  217.93
6483.24509180856  215.0954
6483.479007754  165.6338
6483.71292369945  181.7149
6483.94683964489  139.6684
6484.18075559034  162.1943
6484.41467153579  155.7026
6484.64858748123  141.3421
6484.88250342668  160.9784
6485.11641937212  198.1082
6485.35033531757  184.9415
6485.58425126302  159.3127
6485.81816720846  167.8164
6486.05208315391  177.5931
6486.28599909935  198.4377
6486.5199150448  174.1191
6486.75383099024  205.6106
6486.98774693569  189.0959
6487.22166288114  168.2852
6487.45557882658  192.9948
6487.68949477203  192.3778
6487.92341071747  178.1068
6488.15732666292  144.3292
6488.39124260836  169.7996
6488.62515855381  207.4273
6488.85907449926  193.1432
6489.0929904447  160.3452
6489.32690639015  163.4344
6489.56082233559  193.502
6489.79473828104  189.5247
6490.02865422649  171.1257
6490.26257017193  175.3589
6490.49648611738  165.0595
6490.73040206282  173.0997
6490.96431800827  139.345
6491.19823395371  138.7861
6491.43214989916  133.5014
6491.66606584461  202.9763
6491.89998179005  214.6482
6492.1338977355  163.3219
6492.36781368094  204.7937
6492.60172962639  230.7301
6492.83564557184  183.1333
6493.06956151728  176.2539
6493.30347746273  183.4289
6493.53739340817  167.922
6493.77130935362  193.4875
6494.00522529906  215.7631
6494.23914124451  190.8869
6494.47305718996  188.7657
6494.7069731354  201.0567
6494.94088908085  193.1761
6495.17480502629  172.8943
6495.40872097174  167.3421
6495.64263691719  187.7017
6495.87655286263  201.2989
6496.11046880808  170.9646
6496.34438475352  232.6493
6496.57830069897  224.0468
6496.81221664441  204.7157
6497.04613258986  205.7167
6497.28004853531  179.412
6497.51396448075  169.8345
6497.7478804262  207.7931
6497.98179637165  216.7291
6498.21571231709  191.5152
6498.44962826254  213.8806
6498.68354420798  210.147
6498.91746015343  186.9147
6499.15137609887  170.9998
6499.38529204432  189.6153
6499.61920798976  218.9944
6499.85312393521  246.938
6500.08703988066  205.4811
6500.3209558261  223.8772
6500.55487177155  221.3822
6500.78878771699  222.4009
6501.02270366244  210.3313
6501.25661960788  235.3178
6501.49053555333  231.8572
6501.72445149878  219.08
6501.95836744422  217.9416
6502.19228338967  204.5636
6502.42619933511  201.8498
6502.66011528056  197.1859
6502.89403122601  199.3664
6503.12794717145  197.6174
6503.3618631169  191.8996
6503.59577906234  149.4728
6503.82969500779  179.2269
6504.06361095324  196.7901
6504.29752689868  194.4034
6504.53144284413  211.5645
6504.76535878957  229.3477
6504.99927473502  252.1241
6505.23319068046  202.151
6505.46710662591  195.8844
6505.70102257135  205.959
6505.9349385168  190.0857
6506.16885446225  224.9361
6506.40277040769  230.2683
6506.63668635314  204.3873
6506.87060229858  199.7773
6507.10451824403  188.1113
6507.33843418948  202.14
6507.57235013492  208.8131
6507.80626608037  204.6934
6508.04018202581  231.5665
6508.27409797126  271.8942
6508.50801391671  269.1758
6508.74192986215  237.14
6508.9758458076  204.2671
6509.20976175304  186.1106
6509.44367769849  231.9389
6509.67759364393  265.5049
6509.91150958938  242.4052
6510.14542553483  222.6005
6510.37934148027  194.5799
6510.61325742572  199.4403
6510.84717337116  260.0717
6511.08108931661  252.8552
6511.31500526206  234.1037
6511.5489212075  249.8007
6511.78283715295  230.4237
6512.01675309839  206.3907
6512.25066904384  210.1171
6512.48458498928  214.2815
6512.71850093473  202.4703
6512.95241688018  232.4133
6513.18633282562  212.2526
6513.42024877107  205.053
6513.65416471651  216.4274
6513.88808066196  224.6906
6514.12199660741  220.499
6514.35591255285  178.8111
6514.5898284983  202.4082
6514.82374444374  215.7038
6515.05766038919  226.6289
6515.29157633463  245.498
6515.52549228008  229.9493
6515.75940822553  212.0144
6515.99332417097  229.1288
6516.22724011642  235.824
6516.46115606186  235.154
6516.69507200731  225.4354
6516.92898795276  212.0616
6517.1629038982  221.9792
6517.39681984365  240.566
6517.63073578909  248.1091
6517.86465173454  237.4127
6518.09856767998  255.6658
6518.33248362543  249.1726
6518.56639957088  236.061
6518.80031551632  219.7668
6519.03423146177  180.2989
6519.26814740721  216.6951
6519.50206335266  237.3178
6519.73597929811  235.3481
6519.96989524355  208.7652
6520.203811189  221.9122
6520.43772713444  229.9886
6520.67164307989  218.5919
6520.90555902533  203.3468
6521.13947497078  242.0674
6521.37339091622  231.9107
6521.60730686167  191.8224
6521.84122280712  183.299
6522.07513875256  212.7392
6522.30905469801  242.8883
6522.54297064346  231.1062
6522.7768865889  235.6353
6523.01080253435  228.4785
6523.24471847979  220.6737
6523.47863442524  248.3621
6523.71255037068  194.5232
6523.94646631613  216.866
6524.18038226158  231.9309
6524.41429820702  239.5743
6524.64821415247  267.8214
6524.88213009791  242.5789
6525.11604604336  225.9816
6525.34996198881  246.4982
6525.58387793425  234.1736
6525.8177938797  273.7321
6526.05170982514  263.6925
6526.28562577059  254.3504
6526.51954171603  236.647
6526.75345766148  281.1506
6526.98737360692  262.8937
6527.22128955237  254.9281
6527.45520549782  295.5581
6527.68912144326  263.2608
6527.92303738871  262.0543
6528.15695333415  257.6884
6528.3908692796  224.191
6528.62478522505  250.7205
6528.85870117049  283.1599
6529.09261711594  273.7225
6529.32653306138  254.7929
6529.56044900683  271.3041
6529.79436495228  243.183
6530.02828089772  227.3206
6530.26219684317  264.6868
6530.49611278861  246.4288
6530.73002873406  262.6332
6530.9639446795  234.2266
6531.19786062495  293.8201
6531.4317765704  267.6437
6531.66569251584  257.1806
6531.89960846129  234.9391
6532.13352440673  188.5647
6532.36744035218  227.2894
6532.60135629762  265.5905
6532.83527224307  268.7953
6533.06918818852  276.0704
6533.30310413396  300.4312
6533.53702007941  273.2382
6533.77093602485  258.2875
6534.0048519703  253.102
6534.23876791575  267.7727
6534.47268386119  262.383
6534.70659980664  267.5889
6534.94051575208  252.5041
6535.17443169753  244.7151
6535.40834764297  261.7434
6535.64226358842  259.1774
6535.87617953387  267.5999
6536.11009547931  284.6148
6536.34401142476  271.7753
6536.5779273702  219.8737
6536.81184331565  273.7017
6537.0457592611  284.4093
6537.27967520654  270.0822
6537.51359115199  261.8887
6537.74750709743  224.6893
6537.98142304288  269.861
6538.21533898833  272.0375
6538.44925493377  263.0482
6538.68317087922  272.1871
6538.91708682466  285.2369
6539.15100277011  309.2939
6539.38491871555  298.2736
6539.618834661  299.2514
6539.85275060644  280.1478
6540.08666655189  297.4054
6540.32058249734  327.0951
6540.55449844278  299.6046
6540.78841438823  305.0666
6541.02233033367  295.2035
6541.25624627912  268.9241
6541.49016222457  319.4843
6541.72407817001  319.0548
6541.95799411546  294.0854
6542.1919100609  316.0453
6542.42582600635  312.8376
6542.6597419518  284.9041
6542.89365789724  315.8623
6543.12757384269  306.1643
6543.36148978813  284.0004
6543.59540573358  301.7177
6543.82932167902  284.8963
6544.06323762447  270.6434
6544.29715356992  291.3918
6544.53106951536  348.4388
6544.76498546081  307.8794
6544.99890140625  282.9909
6545.2328173517  288.7048
6545.46673329715  330.5597
6545.70064924259  350.4201
6545.93456518804  308.4998
6546.16848113348  361.568
6546.40239707893  334.7168
6546.63631302437  297.1564
6546.87022896982  350.2759
6547.10414491527  324.95
6547.33806086071  325.5986
6547.57197680616  316.5308
6547.8058927516  307.0366
6548.03980869705  354.9129
6548.27372464249  366.4256
6548.50764058794  363.1683
6548.74155653339  367.8049
6548.97547247883  349.4097
6549.20938842428  401.5696
6549.44330436972  379.8025
6549.67722031517  409.4699
6549.91113626062  390.5448
6550.14505220606  363.7368
6550.37896815151  405.6502
6550.61288409695  380.5439
6550.8468000424  391.8459
6551.08071598784  383.4976
6551.31463193329  340.0751
6551.54854787874  388.6231
6551.78246382418  450.4605
6552.01637976963  440.4939
6552.25029571507  385.2956
6552.48421166052  393.9189
6552.71812760597  414.1212
6552.95204355141  431.4445
6553.18595949686  428.9179
6553.4198754423  411.2369
6553.65379138775  464.063
6553.8877073332  457.1431
6554.12162327864  441.133
6554.35553922409  467.8315
6554.58945516953  440.3334
6554.82337111498  413.9823
6555.05728706042  427.6827
6555.29120300587  445.1044
6555.52511895131  434.8366
6555.75903489676  427.4827
6555.99295084221  434.644
6556.22686678765  459.3371
6556.4607827331  407.5261
6556.69469867854  401.6395
6556.92861462399  398.9612
6557.16253056944  436.3054
6557.39644651488  424.5779
6557.63036246033  429.2925
6557.86427840577  455.3033
6558.09819435122  386.3712
6558.33211029667  375.59
6558.56602624211  401.0665
6558.79994218756  430.1516
6559.033858133  411.6777
6559.26777407845  387.4889
6559.50169002389  426.8977
6559.73560596934  421.1113
6559.96952191479  411.2654
6560.20343786023  382.2624
6560.43735380568  405.7058
6560.67126975112  431.8838
6560.90518569657  430.1308
6561.13910164202  365.9057
6561.37301758746  387.1736
6561.60693353291  422.0325
6561.84084947835  417.4604
6562.0747654238  410.4787
6562.30868136924  408.2464
6562.54259731469  428.5484
6562.77651326014  428.8496
6563.01042920558  491.165
6563.24434515103  510.6133
6563.47826109647  478.4873
6563.71217704192  462.5104
6563.94609298737  470.7623
6564.18000893281  445.0727
6564.41392487826  474.8504
6564.6478408237  539.1628
6564.88175676915  507.1779
6565.11567271459  483.6843
6565.34958866004  454.5973
6565.58350460549  461.3523
6565.81742055093  491.114
6566.05133649638  448.7568
6566.28525244182  436.8555
6566.51916838727  452.1407
6566.75308433272  440.2682
6566.98700027816  399.27
6567.22091622361  434.7647
6567.45483216905  428.5565
6567.6887481145  374.5463
6567.92266405994  381.105
6568.15658000539  393.9782
6568.39049595083  428.7932
6568.62441189628  407.3289
6568.85832784173  346.3177
6569.09224378717  346.8127
6569.32615973262  390.2984
6569.56007567806  372.7306
6569.79399162351  325.65
6570.02790756896  370.5671
6570.2618235144  404.2878
6570.49573945985  358.5251
6570.72965540529  331.674
6570.96357135074  383.8118
6571.19748729618  377.7263
6571.43140324163  326.4475
6571.66531918708  368.1712
6571.89923513252  351.796
6572.13315107797  338.4425
6572.36706702342  362.6985
6572.60098296886  362.7173
6572.8348989143  359.0908
6573.06881485975  362.1226
6573.3027308052  347.0472
6573.53664675064  303.9398
6573.77056269609  334.9319
6574.00447864153  381.3337
6574.23839458698  362.9099
6574.47231053243  361.6143
6574.70622647787  342.1896
6574.94014242332  312.4296
6575.17405836876  301.3085
6575.40797431421  360.1838
6575.64189025966  327.9396
6575.8758062051  263.2914
6576.10972215055  261.8169
6576.34363809599  300.7268
6576.57755404144  304.6324
6576.81146998688  315.1096
6577.04538593233  306.5537
6577.27930187778  333.6206
6577.51321782322  305.1765
6577.74713376867  286.4942
6577.98104971412  311.7641
6578.21496565956  363.811
6578.44888160501  317.6591
6578.68279755045  343.3951
6578.9167134959  309.3142
6579.15062944134  324.296
6579.38454538679  321.7643
6579.61846133223  297.9714
6579.85237727768  291.0415
6580.08629322313  276.1943
6580.32020916857  309.501
6580.55412511402  283.8193
6580.78804105946  287.882
6581.02195700491  293.7387
6581.25587295036  305.2593
6581.4897888958  297.7605
6581.72370484125  265.4073
6581.95762078669  293.6945
6582.19153673214  277.0103
6582.42545267758  318.4917
6582.65936862303  285.0948
6582.89328456848  316.5086
6583.12720051392  288.1519
6583.36111645937  278.725
6583.59503240481  268.1044
6583.82894835026  290.665
6584.0628642957  316.6353
6584.29678024115  294.9197
6584.5306961866  282.2205
6584.76461213204  281.4342
6584.99852807749  311.3072
6585.23244402293  266.5784
6585.46635996838  282.2671
6585.70027591383  291.9766
6585.93419185927  245.6209
6586.16810780472  272.4124
6586.40202375016  260.4189
6586.63593969561  254.8162
6586.86985564106  271.1335
6587.1037715865  272.99
6587.33768753195  268.0404
6587.57160347739  298.7741
6587.80551942284  286.6115
6588.03943536829  294.9405
6588.27335131373  252.9523
6588.50726725918  236.3452
6588.74118320462  306.1309
6588.97509915007  351.4363
6589.20901509551  300.3581
6589.44293104096  261.0494
6589.6768469864  266.2466
6589.91076293185  293.2273
6590.1446788773  286.5361
6590.37859482274  257.5758
6590.61251076819  287.6187
6590.84642671364  274.2945
6591.08034265908  236.9823
6591.31425860453  251.3556
6591.54817454997  284.9067
6591.78209049542  304.2754
6592.01600644086  291.1531
6592.24992238631  248.1998
6592.48383833176  272.6737
6592.7177542772  237.0557
6592.95167022264  278.5161
6593.18558616809  295.4989
6593.41950211354  279.6874
6593.65341805898  278.1031
6593.88733400443  250.9239
6594.12124994988  237.9639
6594.35516589532  274.4299
6594.58908184077  281.6386
6594.82299778621  263.4137
6595.05691373166  286.3779
6595.2908296771  276.752
6595.52474562255  271.4536
6595.758661568  251.9992
6595.99257751344  225.3434
6596.22649345889  281.6206
6596.46040940433  277.8294
6596.69432534978  237.4156
6596.92824129523  238.4572
6597.16215724067  272.3694
6597.39607318612  287.6936
6597.62998913156  224.6228
6597.86390507701  218.3145
6598.09782102246  253.4131
6598.3317369679  275.2244
6598.56565291335  280.6359
6598.79956885879  281.248
6599.03348480424  251.9097
6599.26740074968  247.843
6599.50131669513  275.9702
6599.73523264058  255.4235
6599.96914858602  264.5933
6600.20306453147  291.0019
6600.43698047691  247.7819
6600.67089642236  257.7443
6600.9048123678  226.9523
6601.13872831325  268.0187
6601.3726442587  267.5359
6601.60656020414  254.4056
6601.84047614959  272.6942
6602.07439209503  269.6729
6602.30830804048  274.9673
6602.54222398592  252.3586
6602.77613993137  255.0569
6603.01005587682  238.9014
6603.24397182226  237.0857
6603.47788776771  269.2426
6603.71180371315  240.4253
6603.9457196586  287.5699
6604.17963560405  267.4842
6604.41355154949  273.8326
6604.64746749494  281.7764
6604.88138344038  236.2874
6605.11529938583  239.5494
6605.34921533128  265.6144
6605.58313127672  270.7479
6605.81704722217  239.4064
6606.05096316761  232.9528
6606.28487911306  261.8219
6606.5187950585  229.0076
6606.75271100395  260.3901
6606.9866269494  279.2795
6607.22054289484  267.0384
6607.45445884029  297.9077
6607.68837478573  272.4519
6607.92229073118  232.2281
6608.15620667662  221.7312
6608.39012262207  278.0576
6608.62403856752  263.9851
6608.85795451296  223.5383
6609.09187045841  207.1149
6609.32578640385  223.9555
6609.5597023493  238.0858
6609.79361829475  216.2829
6610.02753424019  228.5322
6610.26145018564  234.3726
6610.49536613108  231.8738
6610.72928207653  257.0903
6610.96319802198  252.6971
6611.19711396742  229.151
6611.43102991287  274.5809
6611.66494585831  265.2943
6611.89886180376  235.8692
6612.13277774921  243.0454
6612.36669369465  200.0597
6612.6006096401  238.8166
6612.83452558554  245.5881
6613.06844153099  215.5809
6613.30235747643  243.1783
6613.53627342188  255.0297
6613.77018936732  249.6031
6614.00410531277  226.932
6614.23802125822  208.7238
6614.47193720366  224.6027
6614.70585314911  254.4439
6614.93976909455  242.8042
6615.17368504  223.5317
6615.40760098544  217.6266
6615.64151693089  233.3627
6615.87543287634  264.9502
6616.10934882178  263.8025
6616.34326476723  202.0384
6616.57718071267  211.1152
6616.81109665812  270.1157
6617.04501260357  252.3437
6617.27892854901  250.503
6617.51284449446  290.5099
6617.7467604399  226.1884
6617.98067638535  215.332
6618.2145923308  226.6796
6618.44850827624  232.6348
6618.68242422169  211.4348
6618.91634016713  226.203
6619.15025611258  233.7536
6619.38417205802  252.2464
6619.61808800347  259.5698
6619.85200394892  233.1309
6620.08591989436  224.452
6620.31983583981  253.7481
6620.55375178525  242.7191
6620.7876677307  242.2145
6621.02158367614  261.4672
6621.25549962159  270.8857
6621.48941556704  228.0918
6621.72333151248  225.4676
6621.95724745793  229.3524
6622.19116340337  198.7329
6622.42507934882  264.3837
6622.65899529426  255.7538
6622.89291123971  198.054
6623.12682718516  232.6336
6623.3607431306  212.0056
6623.59465907605  224.9065
6623.82857502149  245.5587
6624.06249096694  189.7277
6624.29640691239  218.7749
6624.53032285783  221.8572
6624.76423880328  211.4903
6624.99815474872  241.4333
6625.23207069417  208.9946
6625.46598663962  215.7746
6625.69990258506  232.3833
6625.93381853051  253.9888
6626.16773447595  209.1157
6626.4016504214  185.9057
6626.63556636684  207.9785
6626.86948231229  242.2278
6627.10339825774  218.6241
6627.33731420318  212.8085
6627.57123014863  209.8039
6627.80514609407  216.7378
6628.03906203952  224.0986
6628.27297798497  221.7278
6628.50689393041  222.5205
6628.74080987586  221.8349
6628.9747258213  204.8648
6629.20864176675  170.3089
6629.44255771219  191.4061
6629.67647365764  207.8645
6629.91038960309  195.619
6630.14430554853  219.2784
6630.37822149398  208.6038
6630.61213743942  240.8349
6630.84605338487  222.1322
6631.07996933032  195.422
6631.31388527576  216.1557
6631.54780122121  216.9568
6631.78171716665  188.6627
6632.0156331121  146.9275
6632.24954905755  209.9694
6632.48346500299  211.6111
6632.71738094844  214.6486
6632.95129689388  199.5728
6633.18521283933  203.5132
6633.41912878477  242.47
6633.65304473022  247.8426
6633.88696067567  202.128
6634.12087662111  199.7135
6634.35479256656  193.3338
6634.588708512  197.4746
6634.82262445745  202.471
6635.0565404029  212.8633
6635.29045634834  207.3185
6635.52437229378  194.708
6635.75828823923  150.4788
6635.99220418468  226.1514
6636.22612013012  185.0959
6636.46003607557  208.1301
6636.69395202101  231.5218
6636.92786796646  202.1335
6637.16178391191  165.1937
6637.39569985735  171.8769
6637.6296158028  191.9891
6637.86353174824  201.6556
6638.09744769369  201.0218
6638.33136363914  186.0224
6638.56527958458  205.5319
6638.79919553003  198.4883
6639.03311147547  163.8111
6639.26702742092  182.8143
6639.50094336636  214.4501
6639.73485931181  200.8652
6639.96877525726  170.9053
6640.2026912027  198.1323
6640.43660714815  215.9824
6640.67052309359  166.2112
6640.90443903904  224.4477
6641.13835498448  242.0389
6641.37227092993  199.8564
6641.60618687538  208.9375
6641.84010282082  174.2946
6642.07401876627  163.3198
6642.30793471171  202.0756
6642.54185065716  208.2797
6642.77576660261  204.8466
6643.00968254805  191.5406
6643.2435984935  167.1014
6643.47751443894  237.8244
6643.71143038439  211.5324
6643.94534632984  162.0645
6644.17926227528  164.674
6644.41317822073  155.9507
6644.64709416617  186.8805
6644.88101011162  186.1778
6645.11492605706  159.3812
6645.34884200251  155.1604
6645.58275794796  202.5157
6645.8166738934  213.2728
6646.05058983885  161.4017
6646.2845057843  165.287
6646.51842172974  194.4323
6646.75233767518  197.7088
6646.98625362063  202.2021
6647.22016956608  168.8413
6647.45408551152  143.4749
6647.68800145697  145.8119
6647.92191740241  165.2777
6648.15583334786  136.2113
6648.38974929331  149.5215
6648.62366523875  205.602
6648.8575811842  177.944
6649.09149712964  130.1997
6649.32541307509  129.0731
6649.55932902053  186.4278
6649.79324496598  196.7804
6650.02716091143  160.3398
6650.26107685687  171.6001
6650.49499280232  195.2367
6650.72890874776  168.7505
6650.96282469321  132.8013
6651.19674063866  161.369
6651.4306565841  154.9312
6651.66457252955  163.8085
6651.89848847499  178.1545
6652.13240442044  143.8632
6652.36632036588  119.2236
6652.60023631133  133.7721
6652.83415225678  158.5052
6653.06806820222  183.4421
6653.30198414767  182.2821
6653.53590009311  199.8737
6653.76981603856  159.963
6654.00373198401  141.2899
6654.23764792945  169.8448
6654.4715638749  144.395
6654.70547982034  164.94
6654.93939576579  166.8625
6655.17331171124  122.8043
6655.40722765668  144.6319
6655.64114360213  155.8987
6655.87505954757  135.2775
6656.10897549302  146.7672
6656.34289143846  155.2576
6656.57680738391  171.714
6656.81072332936  173.1322
6657.0446392748  151.7445
6657.27855522025  149.9007
6657.51247116569  129.3528
6657.74638711114  158.8004
6657.98030305658  152.1973
6658.21421900203  129.5504
6658.44813494748  110.3392
6658.68205089292  134.1973
6658.91596683837  160.193
6659.14988278381  140.135
6659.38379872926  138.7634
6659.61771467471  129.8804
6659.85163062015  130.6377
6660.0855465656  144.3313
6660.31946251104  149.8467
6660.55337845649  150.2682
6660.78729440193  120.4772
6661.02121034738  169.4933
6661.25512629282  121.381
6661.48904223827  151.9277
6661.72295818372  115.392
6661.95687412916  103.4095
6662.19079007461  121.3813
6662.42470602005  102.5582
6662.6586219655  96.90321
6662.89253791095  125.3883
6663.12645385639  126.029
6663.36036980184  111.3903
6663.59428574728  132.2766
6663.82820169273  127.4844
6664.06211763818  109.3201
6664.29603358362  87.8908
6664.52994952907  142.1551
6664.76386547451  150.1428
6664.99778141996  150.3513
6665.23169736541  142.6089
6665.46561331085  93.92532
6665.6995292563  97.47019
6665.93344520174  131.4931
6666.16736114719  110.6975
6666.40127709264  149.8638
6666.63519303808  104.4518
6666.86910898352  93.50147
6667.10302492897  121.3496
6667.33694087442  102.312
6667.57085681986  129.2454
6667.80477276531  143.3557
6668.03868871076  91.44045
6668.2726046562  96.25461
6668.50652060165  97.88618
6668.74043654709  91.69958
6668.97435249254  121.7631
6669.20826843798  118.1756
6669.44218438343  93.79964
6669.67610032887  101.076
6669.91001627432  100.2114
6670.14393221977  99.16348
6670.37784816521  84.69781
6670.61176411066  84.3836
6670.8456800561  93.80479
6671.07959600155  76.58211
6671.313511947  73.25373
6671.54742789244  71.99982
6671.78134383789  87.41906
6672.01525978333  81.97602
6672.24917572878  63.07354
6672.48309167423  73.72433
6672.71700761967  112.2843
6672.95092356512  92.0666
6673.18483951056  72.98554
6673.41875545601  62.45673
6673.65267140145  72.5583
6673.8865873469  60.22269
6674.12050329235  70.50662
6674.35441923779  83.72262
6674.58833518324  91.35337
6674.82225112868  84.01051
6675.05616707413  62.60004
6675.29008301957  69.02541
6675.52399896502  72.85503
6675.75791491047  72.72212
6675.99183085591  32.68955
6676.22574680136  60.86536
6676.4596627468  80.0364
6676.69357869225  54.84478
6676.9274946377  93.52251
6677.16141058314  65.73312
6677.39532652859  40.96888
6677.62924247403  61.57453
6677.86315841948  54.39812
6678.09707436493  70.50999
6678.33099031037  49.19117
6678.56490625582  59.20897
6678.79882220126  46.50456
6679.03273814671  35.26229
6679.26665409216  11.72197
6679.5005700376  50.19585
6679.73448598305  75.64198
6679.96840192849  81.39632
6680.20231787394  83.09026
6680.43623381938  66.17903
6680.67014976483  80.65079
6680.90406571028  51.53152
6681.13798165572  50.81417
6681.37189760117  44.854
6681.60581354661  37.98289
6681.83972949206  66.97906
6682.0736454375  61.18079
6682.30756138295  36.14926
6682.54147732839  35.43605
6682.77539327384  30.29714
6683.00930921929  22.64855
6683.24322516473  33.12823
6683.47714111018  37.89453
6683.71105705562  12.10219
6683.94497300107  16.01722
6684.17888894652  39.5363
6684.41280489196  32.22463
6684.64672083741  0.3759731
6684.88063678285  49.27018
6685.1145527283  41.5798
6685.34846867374  44.70369
6685.58238461919  58.17902
6685.81630056464  17.03059
6686.05021651008  27.50401
6686.28413245553  45.40965
6686.51804840098  39.35307
6686.75196434642  19.36097
6686.98588029187  15.60428
6687.21979623731  18.07583
6687.45371218276  23.40935
6687.6876281282  14.50422
6687.92154407365  24.13768
6688.1554600191  43.80024
6688.38937596454  17.41239
6688.62329190999  23.18118
6688.85720785543  60.98452
6689.09112380088  18.81278
6689.32503974632  -10.36914
6689.55895569177  8.090546
6689.79287163722  2.885771
6690.02678758266  -11.66338
6690.26070352811  4.044615
6690.49461947355  38.26115
6690.728535419  9.877663
6690.96245136444  40.33137
6691.19636730989  39.98745
6691.43028325534  -17.91979
6691.66419920078  45.58471
6691.89811514623  27.2511
6692.13203109167  -58.1586
