6452.8669842149  27.4137
6453.10086969468  63.03105
6453.33475517447  49.07916
6453.56864065425  53.40798
6453.80252613403  33.52505
6454.03641161381  41.8246
6454.2702970936  60.08184
6454.50418257338  41.17055
6454.73806805316  44.38596
6454.97195353295  65.79203
6455.20583901273  54.19774
6455.43972449251  50.75684
6455.67360997229  46.75433
6455.90749545208  42.40031
6456.14138093186  50.18779
6456.37526641164  71.58932
6456.60915189143  53.54509
6456.84303737121  34.77303
6457.07692285099  51.93669
6457.31080833077  66.32306
6457.54469381056  48.71898
6457.77857929034  40.32212
6458.01246477012  44.89633
6458.24635024991  25.81454
6458.48023572969  30.37552
6458.71412120947  70.34871
6458.94800668926  69.48035
6459.18189216904  80.6963
6459.41577764882  66.82808
6459.6496631286  44.28813
6459.88354860838  51.40672
6460.11743408817  31.05701
6460.35131956795  34.70085
6460.58520504773  62.14976
6460.81909052752  53.00772
6461.0529760073  47.84467
6461.28686148708  66.11638
6461.52074696687  67.1123
6461.75463244665  65.50862
6461.98851792643  57.05504
6462.22240340621  70.39487
6462.456288886  50.94947
6462.69017436578  41.08762
6462.92405984556  50.5025
6463.15794532535  67.20088
6463.39183080513  61.41065
6463.62571628491  60.69836
6463.85960176469  73.28963
6464.09348724448  82.09234
6464.32737272426  79.40627
6464.56125820404  66.92241
6464.79514368383  53.06044
6465.02902916361  52.69695
6465.26291464339  70.94965
6465.49680012317  40.10775
6465.73068560296  39.75435
6465.96457108274  79.39729
6466.19845656252  90.18546
6466.4323420423  82.71433
6466.66622752209  82.33091
6466.90011300187  74.13419
6467.13399848165  60.25943
6467.36788396144  71.53416
6467.60176944122  63.58995
6467.835654921  33.80097
6468.06954040078  58.10427
6468.30342588057  84.66537
6468.53731136035  74.93938
6468.77119684013  62.82326
6469.00508231991  45.71128
6469.2389677997  68.57446
6469.47285327948  61.0238
6469.70673875926  73.80239
6469.94062423905  92.67177
6470.17450971883  96.55355
6470.40839519861  69.6963
6470.6422806784  49.05363
6470.87616615818  58.90972
6471.11005163796  78.86707
6471.34393711774  69.41282
6471.57782259753  44.11077
6471.81170807731  68.6775
6472.04559355709  68.309
6472.27947903687  103.6674
6472.51336451666  98.25928
6472.74724999644  61.66401
6472.98113547622  81.46863
6473.21502095601  93.62244
6473.44890643579  97.62566
6473.68279191557  90.43042
6473.91667739535  96.05025
6474.15056287514  89.38419
6474.38444835492  67.66872
6474.6183338347  81.20445
6474.85221931449  97.53583
6475.08610479427  70.54112
6475.31999027405  55.17124
6475.55387575383  96.0639
6475.78776123362  87.85111
6476.0216467134  105.659
6476.25553219318  107.9454
6476.48941767297  76.51104
6476.72330315275  73.74351
6476.95718863253  74.97932
6477.19107411231  93.97305
6477.4249595921  101.0213
6477.65884507188  99.81927
6477.89273055166  78.6052
6478.12661603144  69.59629
6478.36050151123  92.34068
6478.59438699101  86.43206
6478.8282724708  97.44534
6479.06215795058  90.24268
6479.29604343036  108.012
6479.52992891014  79.25645
6479.76381438993  87.59171
6479.99769986971  77.77032
6480.23158534949  80.44336
6480.46547082927  80.61885
6480.69935630906  77.11827
6480.93324178884  59.2171
6481.16712726862  98.81596
6481.40101274841  105.3594
6481.63489822819  67.67836
6481.86878370797  88.33382
6482.10266918775  88.30417
6482.33655466754  81.33928
6482.57044014732  106.4264
6482.8043256271  81.37752
6483.03821110688  90.96428
6483.27209658667  71.6524
6483.50598206645  61.05465
6483.73986754623  75.21483
6483.97375302602  88.82375
6484.2076385058  90.05292
6484.44152398558  93.19365
6484.67540946536  81.73759
6484.90929494515  62.13538
6485.14318042493  88.63554
6485.37706590471  94.72685
6485.61095138449  66.6341
6485.84483686428  92.02528
6486.07872234406  85.4091
6486.31260782384  49.13274
6486.54649330363  99.04761
6486.78037878341  103.2795
6487.01426426319  93.89046
6487.24814974298  77.54241
6487.48203522276  86.2484
6487.71592070254  78.95131
6487.94980618232  88.7625
6488.18369166211  85.8691
6488.41757714189  75.36291
6488.65146262167  103.7829
6488.88534810146  103.8915
6489.11923358124  86.99233
6489.35311906102  95.8961
6489.5870045408  111.4895
6489.82089002059  123.8644
6490.05477550037  103.9519
6490.28866098015  97.37395
6490.52254645993  121.6185
6490.75643193972  119.8816
6490.9903174195  97.13483
6491.22420289928  92.43793
6491.45808837907  102.6928
6491.69197385885  82.81133
6491.92585933863  101.2043
6492.15974481841  138.4652
6492.3936302982  105.121
6492.62751577798  87.45824
6492.86140125776  98.88129
6493.09528673755  99.69566
6493.32917221733  127.9127
6493.56305769711  106.6839
6493.79694317689  51.78403
6494.03082865668  77.10606
6494.26471413646  74.00209
6494.49859961624  89.02699
6494.73248509603  128.2997
6494.96637057581  113.8071
6495.20025605559  96.85847
6495.43414153538  106.2034
6495.66802701516  92.14244
6495.90191249494  98.77061
6496.13579797472  94.16361
6496.36968345451  107.9151
6496.60356893429  118.915
6496.83745441407  98.12015
6497.07133989385  94.33206
6497.30522537364  128.8515
6497.53911085342  142.7901
6497.7729963332  111.6866
6498.00688181299  85.89819
6498.24076729277  99.96989
6498.47465277255  125.1832
6498.70853825233  126.5722
6498.94242373212  128.6465
6499.1763092119  112.1611
6499.41019469168  93.42019
6499.64408017146  99.19629
6499.87796565125  106.7025
6500.11185113103  109.452
6500.34573661081  80.36927
6500.5796220906  117.8447
6500.81350757038  122.9362
6501.04739305016  107.4069
6501.28127852994  103.1232
6501.51516400973  113.2775
6501.74904948951  98.68904
6501.98293496929  82.81458
6502.21682044908  118.4513
6502.45070592886  135.754
6502.68459140864  109.9022
6502.91847688842  104.6129
6503.15236236821  131.4265
6503.38624784799  120.6051
6503.62013332777  121.015
6503.85401880755  114.2265
6504.08790428734  129.1263
6504.32178976712  103.419
6504.5556752469  101.9109
6504.78956072669  89.46418
6505.02344620647  114.6527
6505.25733168625  127.792
6505.49121716603  122.2901
6505.72510264582  125.5211
6505.9589881256  106.9741
6506.19287360538  92.57384
6506.42675908517  94.67686
6506.66064456495  94.76778
6506.89453004473  101.2026
6507.12841552452  112.9454
6507.3623010043  108.2121
6507.59618648408  93.27565
6507.83007196386  118.5128
6508.06395744364  107.5809
6508.29784292343  105.2379
6508.53172840321  115.1866
6508.76561388299  119.3788
6508.99949936278  112.7006
6509.23338484256  108.0617
6509.46727032234  114.2213
6509.70115580213  118.1564
6509.93504128191  112.4396
6510.16892676169  111.6252
6510.40281224148  126.9307
6510.63669772126  126.1305
6510.87058320104  108.9884
6511.10446868082  100.8504
6511.33835416061  105.6636
6511.57223964039  114.5841
6511.80612512017  111.3441
6512.04001059995  111.8602
6512.27389607974  125.4862
6512.50778155952  120.6415
6512.7416670393  118.6374
6512.97555251909  108.1567
6513.20943799887  91.58258
6513.44332347865  110.7961
6513.67720895843  138.1001
6513.91109443822  109.2693
6514.144979918  88.84839
6514.37886539778  93.65818
6514.61275087757  96.89446
6514.84663635735  123.2113
6515.08052183713  117.0615
6515.31440731691  115.0793
6515.5482927967  118.6049
6515.78217827648  102.8454
6516.01606375626  105.9465
6516.24994923605  127.3646
6516.48383471583  127.2566
6516.71772019561  115.2561
6516.95160567539  101.9816
6517.18549115518  111.7338
6517.41937663496  135.3556
6517.65326211474  108.2143
6517.88714759452  111.81
6518.12103307431  143.7375
6518.35491855409  131.7759
6518.58880403387  115.2942
6518.82268951366  122.3021
6519.05657499344  124.1328
6519.29046047322  114.5503
6519.524345953  91.2643
6519.75823143279  135.2909
6519.99211691257  109.3239
6520.22600239235  112.2144
6520.45988787214  139.5329
6520.69377335192  132.5656
6520.9276588317  132.0038
6521.16154431148  128.4732
6521.39542979127  136.1833
6521.62931527105  146.1331
6521.86320075083  136.5034
6522.09708623061  120.5102
6522.3309717104  107.2525
6522.56485719018  113.7496
6522.79874266996  140.7651
6523.03262814975  151.0705
6523.26651362953  146.582
6523.50039910931  138.0272
6523.73428458909  112.7533
6523.96817006888  145.2507
6524.20205554866  126.0821
6524.43594102844  127.5611
6524.66982650823  147.5031
6524.90371198801  137.8361
6525.13759746779  129.9419
6525.37148294757  129.8295
6525.60536842736  146.6858
6525.83925390714  124.2752
6526.07313938692  110.8296
6526.30702486671  117.2734
6526.54091034649  143.2957
6526.77479582627  150.2801
6527.00868130606  144.0534
6527.24256678584  125.7309
6527.47645226562  112.9094
6527.7103377454  133.4931
6527.94422322519  135.2573
6528.17810870497  125.5889
6528.41199418475  114.8885
6528.64587966454  106.9159
6528.87976514432  123.3038
6529.1136506241  125.8091
6529.34753610388  130.5352
6529.58142158367  121.6838
6529.81530706345  134.4228
6530.04919254323  154.2849
6530.28307802301  143.9253
6530.5169635028  112.8069
6530.75084898258  137.6236
6530.98473446236  167.4247
6531.21861994215  141.513
6531.45250542193  145.6568
6531.68639090171  113.6121
6531.92027638149  135.029
6532.15416186128  134.3136
6532.38804734106  134.1381
6532.62193282084  136.0447
6532.85581830063  147.133
6533.08970378041  116.5097
6533.32358926019  127.8375
6533.55747473997  153.8788
6533.79136021976  172.6165
6534.02524569954  150.5798
6534.25913117932  125.3534
6534.49301665911  144.4637
6534.72690213889  143.9963
6534.96078761867  135.9913
6535.19467309845  150.8376
6535.42855857824  155.5283
6535.66244405802  147.7675
6535.8963295378  140.1434
6536.13021501758  133.9056
6536.36410049737  133.048
6536.59798597715  155.5134
6536.83187145693  144.0668
6537.06575693672  128.9296
6537.2996424165  132.7432
6537.53352789628  111.0532
6537.76741337606  127.3267
6538.00129885585  128.617
6538.23518433563  149.0596
6538.46906981541  166.048
6538.7029552952  151.7789
6538.93684077498  111.8658
6539.17072625476  178.8443
6539.40461173454  177.091
6539.63849721433  146.4914
6539.87238269411  151.4909
6540.10626817389  172.2544
6540.34015365368  134.9632
6540.57403913346  150.9055
6540.80792461324  173.9298
6541.04181009302  175.0083
6541.27569557281  165.8532
6541.50958105259  164.72
6541.74346653237  162.7359
6541.97735201215  148.076
6542.21123749194  153.7904
6542.44512297172  176.2885
6542.6790084515  173.8623
6542.91289393129  156.8844
6543.14677941107  146.5022
6543.38066489085  138.7912
6543.61455037063  155.3174
6543.84843585042  173.2629
6544.0823213302  167.4788
6544.31620680998  179.1807
6544.55009228977  169.5104
6544.78397776955  155.4154
6545.01786324933  180.3979
6545.25174872912  139.105
6545.4856342089  114.968
6545.71951968868  146.6235
6545.95340516846  173.7239
6546.18729064825  146.6585
6546.42117612803  157.1845
6546.65506160781  177.2173
6546.88894708759  171.6803
6547.12283256738  161.7615
6547.35671804716  160.3925
6547.59060352694  162.5162
6547.82448900673  154.5878
6548.05837448651  159.0417
6548.29225996629  209.8054
6548.52614544607  212.4465
6548.76003092586  191.5942
6548.99391640564  173.8337
6549.22780188542  164.2339
6549.46168736521  185.9556
6549.69557284499  185.3575
6549.92945832477  148.2034
6550.16334380455  150.7197
6550.39722928434  171.0811
6550.63111476412  198.2442
6550.8650002439  206.4215
6551.09888572368  191.764
6551.33277120347  183.4382
6551.56665668325  190.3235
6551.80054216303  190.4863
6552.03442764282  193.78
6552.2683131226  199.874
6552.50219860238  197.942
6552.73608408217  199.2195
6552.96996956195  203.7044
6553.20385504173  210.3816
6553.43774052151  214.387
6553.6716260013  218.2835
6553.90551148108  217.3351
6554.13939696086  221.7146
6554.37328244065  227.3033
6554.60716792043  239.3023
6554.84105340021  231.1256
6555.07493887999  168.7891
6555.30882435978  187.4207
6555.54270983956  217.8455
6555.77659531934  218.0128
6556.01048079912  213.6466
6556.24436627891  240.5103
6556.47825175869  214.9062
6556.71213723847  204.8164
6556.94602271826  182.1136
6557.17990819804  223.1325
6557.41379367782  243.0037
6557.6476791576  196.5541
6557.88156463739  214.7364
6558.11545011717  215.8812
6558.34933559695  264.7355
6558.58322107674  238.0131
6558.81710655652  224.5169
6559.0509920363  211.0244
6559.28487751608  235.4105
6559.51876299587  235.1302
6559.75264847565  221.9538
6559.98653395543  218.7554
6560.22041943521  238.0518
6560.454304915  261.9958
6560.68819039478  269.0652
6560.92207587456  242.6815
6561.15596135435  232.6411
6561.38984683413  225.2638
6561.62373231391  238.7075
6561.85761779369  232.0128
6562.09150327348  251.0552
6562.32538875326  250.5663
6562.55927423304  261.3731
6562.79315971283  258.1491
6563.02704519261  242.8204
6563.26093067239  236.8421
6563.49481615218  237.1511
6563.72870163196  262.8005
6563.96258711174  238.5245
6564.19647259152  234.7297
6564.43035807131  245.3064
6564.66424355109  261.5711
6564.89812903087  242.8824
6565.13201451065  266.1348
6565.36589999044  265.9818
6565.59978547022  242.7047
6565.83367095  259.7743
6566.06755642979  237.2132
6566.30144190957  211.0729
6566.53532738935  208.4682
6566.76921286913  213.2668
6567.00309834892  221.8125
6567.2369838287  235.953
6567.47086930848  237.4584
6567.70475478827  215.4844
6567.93864026805  208.7676
6568.17252574783  196.2192
6568.40641122761  177.3246
6568.6402967074  197.0095
6568.87418218718  193.2943
6569.10806766696  207.9876
6569.34195314675  241.3085
6569.57583862653  211.2336
6569.80972410631  213.0005
6570.04360958609  210.5469
6570.27749506588  210.5698
6570.51138054566  202.2796
6570.74526602544  194.4344
6570.97915150522  195.7344
6571.21303698501  211.7938
6571.44692246479  198.2128
6571.68080794457  211.3057
6571.91469342436  203.392
6572.14857890414  184.555
6572.38246438392  167.9283
6572.6163498637  184.3215
6572.85023534349  201.7804
6573.08412082327  195.4186
6573.31800630305  183.1446
6573.55189178283  182.0557
6573.78577726262  232.5078
6574.0196627424  188.9857
6574.25354822218  168.0862
6574.48743370197  166.5928
6574.72131918175  194.2457
6574.95520466153  183.1029
6575.18909014132  156.5367
6575.4229756211  154.5559
6575.65686110088  153.1158
6575.89074658066  169.4267
6576.12463206045  186.8163
6576.35851754023  163.658
6576.59240302001  158.424
6576.82628849979  170.3132
6577.06017397958  159.8696
6577.29405945936  184.5565
6577.52794493914  175.4667
6577.76183041893  164.6271
6577.99571589871  167.5413
6578.22960137849  171.099
6578.46348685827  155.5158
6578.69737233806  146.5101
6578.93125781784  138.6449
6579.16514329762  144.1581
6579.39902877741  162.1645
6579.63291425719  155.2191
6579.86679973697  152.8033
6580.10068521675  139.887
6580.33457069654  143.6829
6580.56845617632  150.0961
6580.8023416561  162.4254
6581.03622713589  131.2306
6581.27011261567  148.5304
6581.50399809545  137.3837
6581.73788357524  146.5603
6581.97176905502  137.4053
6582.2056545348  122.9724
6582.43954001458  120.8932
6582.67342549437  135.527
6582.90731097415  144.524
6583.14119645393  129.4572
6583.37508193372  149.2373
6583.6089674135  166.8977
6583.84285289328  156.3481
6584.07673837306  140.6312
6584.31062385285  135.9554
6584.54450933263  167.4712
6584.77839481241  145.5152
6585.01228029219  149.3007
6585.24616577198  142.0006
6585.48005125176  148.7269
6585.71393673154  161.0074
6585.94782221133  137.6838
6586.18170769111  139.2701
6586.41559317089  160.5273
6586.64947865067  128.4432
6586.88336413046  162.2022
6587.11724961024  153.9166
6587.35113509002  143.1081
6587.5850205698  168.8782
6587.81890604959  157.7321
6588.05279152937  145.443
6588.28667700915  136.788
6588.52056248894  146.6951
6588.75444796872  153.3328
6588.9883334485  158.569
6589.22221892828  140.4707
6589.45610440807  144.1846
6589.68998988785  163.5871
6589.92387536763  148.0944
6590.15776084742  142.098
6590.3916463272  147.3033
6590.62553180698  107.9053
6590.85941728676  120.6032
6591.09330276655  154.2244
6591.32718824633  154.4699
6591.56107372611  173.2171
6591.79495920589  157.6115
6592.02884468568  128.0139
6592.26273016546  133.9863
6592.49661564524  140.1348
6592.73050112503  153.3873
6592.96438660481  168.692
6593.19827208459  139.9958
6593.43215756438  125.5058
6593.66604304416  134.2314
6593.89992852394  134.6234
6594.13381400372  136.8346
6594.36769948351  163.2124
6594.60158496329  138.4821
6594.83547044307  145.1472
6595.06935592286  128.4403
6595.30324140264  112.5682
6595.53712688242  127.1006
6595.7710123622  157.0552
6596.00489784199  147.2313
6596.23878332177  145.791
6596.47266880155  148.4954
6596.70655428134  132.3158
6596.94043976112  133.2675
6597.1743252409  141.031
6597.40821072068  123.7367
6597.64209620047  113.803
6597.87598168025  135.6997
6598.10986716003  124.7193
6598.34375263982  151.4775
6598.5776381196  150.5696
6598.81152359938  144.8383
6599.04540907916  172.2511
6599.27929455895  140.8626
6599.51318003873  147.1915
6599.74706551851  123.407
6599.9809509983  110.0542
6600.21483647808  134.374
6600.44872195786  130.7232
6600.68260743764  170.707
6600.91649291743  150.6542
6601.15037839721  153.4204
6601.38426387699  151.3234
6601.61814935677  132.8894
6601.85203483656  126.1864
6602.08592031634  131.5721
6602.31980579612  130.9619
6602.55369127591  160.8512
6602.78757675569  122.4342
6603.02146223547  124.369
6603.25534771525  138.0029
6603.48923319504  149.5436
6603.72311867482  140.7458
6603.9570041546  134.5247
6604.19088963439  139.385
6604.42477511417  134.1374
6604.65866059395  108.852
6604.89254607373  129.8026
6605.12643155352  160.1171
6605.3603170333  152.452
6605.59420251308  137.5149
6605.82808799286  129.0542
6606.06197347265  118.835
6606.29585895243  129.4036
6606.52974443221  126.3787
6606.763629912  128.4776
6606.99751539178  133.6475
6607.23140087156  126.7366
6607.46528635134  96.8447
6607.69917183113  95.25056
6607.93305731091  120.5021
6608.16694279069  146.5049
6608.40082827048  144.4454
6608.63471375026  132.4964
6608.86859923004  130.478
6609.10248470983  118.2647
6609.33637018961  128.7453
6609.57025566939  150.6358
6609.80414114917  142.0164
6610.03802662896  118.5311
6610.27191210874  128.5884
6610.50579758852  123.6602
6610.7396830683  115.942
6610.97356854809  122.0686
6611.20745402787  138.7697
6611.44133950765  136.2915
6611.67522498743  138.899
6611.90911046722  140.2622
6612.142995947  128.7621
6612.37688142678  135.1942
6612.61076690657  132.0087
6612.84465238635  116.9794
6613.07853786613  126.8274
6613.31242334591  118.7423
6613.5463088257  115.4611
6613.78019430548  104.9325
6614.01407978526  134.4735
6614.24796526505  120.9417
6614.48185074483  118.0658
6614.71573622461  135.0926
6614.9496217044  132.4506
6615.18350718418  117.2557
6615.41739266396  113.8377
6615.65127814374  114.2161
6615.88516362353  145.1724
6616.11904910331  109.2206
6616.35293458309  93.36802
6616.58682006287  139.6747
6616.82070554266  120.3275
6617.05459102244  139.3428
6617.28847650222  139.9208
6617.52236198201  137.4658
6617.75624746179  128.8684
6617.99013294157  137.8004
6618.22401842135  116.2711
6618.45790390114  101.1502
6618.69178938092  97.99183
6618.9256748607  119.4059
6619.15956034049  122.8995
6619.39344582027  122.9327
6619.62733130005  86.46136
6619.86121677983  122.3874
6620.09510225962  139.3202
6620.3289877394  126.0672
6620.56287321918  129.4728
6620.79675869897  133.635
6621.03064417875  118.9712
6621.26452965853  85.11936
6621.49841513831  100.5374
6621.7323006181  144.2263
6621.96618609788  144.6241
6622.20007157766  123.4274
6622.43395705744  138.2693
6622.66784253723  103.6532
6622.90172801701  122.7003
6623.13561349679  138.7751
6623.36949897658  108.7444
6623.60338445636  124.864
6623.83726993614  120.5645
6624.07115541593  106.7213
6624.30504089571  119.4257
6624.53892637549  122.3293
6624.77281185527  121.7379
6625.00669733506  126.0725
6625.24058281484  111.2954
6625.47446829462  115.8344
6625.7083537744  134.5737
6625.94223925419  125.256
6626.17612473397  88.71132
6626.41001021375  140.5401
6626.64389569354  134.8668
6626.87778117332  130.4477
6627.1116666531  135.5133
6627.34555213288  116.7255
6627.57943761267  100.2151
6627.81332309245  129.6326
6628.04720857223  134.9323
6628.28109405202  102.9459
6628.5149795318  111.1368
6628.74886501158  127.2372
6628.98275049136  122.1277
6629.21663597115  81.9299
6629.45052145093  106.9
6629.68440693071  115.4087
6629.9182924105  96.53697
6630.15217789028  120.7313
6630.38606337006  124.8712
6630.61994884984  96.12196
6630.85383432963  114.9134
6631.08771980941  90.95311
6631.32160528919  108.6532
6631.55549076897  95.80605
6631.78937624876  89.13728
6632.02326172854  117.0719
6632.25714720832  99.26917
6632.49103268811  98.02586
6632.72491816789  116.7466
6632.95880364767  113.3753
6633.19268912746  114.59
6633.42657460724  99.22273
6633.66046008702  103.1859
6633.8943455668  130.3477
6634.12823104659  119.0647
6634.36211652637  86.99371
6634.59600200615  83.51068
6634.82988748593  93.16583
6635.06377296572  85.36634
6635.2976584455  98.74245
6635.53154392528  119.2131
6635.76542940507  105.0226
6635.99931488485  87.55073
6636.23320036463  123.5701
6636.46708584441  104.3269
6636.7009713242  115.073
6636.93485680398  116.2496
6637.16874228376  126.2844
6637.40262776355  114.4347
6637.63651324333  115.7589
6637.87039872311  144.124
6638.10428420289  147.0638
6638.33816968268  108.5848
6638.57205516246  114.5618
6638.80594064224  112.0524
6639.03982612203  109.1064
6639.27371160181  138.0041
6639.50759708159  113.2406
6639.74148256137  89.91846
6639.97536804116  102.1005
6640.20925352094  90.19116
6640.44313900072  97.18827
6640.67702448051  88.4724
6640.91090996029  97.78702
6641.14479544007  91.80798
6641.37868091985  90.02433
6641.61256639964  98.04711
6641.84645187942  116.1612
6642.0803373592  85.4052
6642.31422283898  78.81442
6642.54810831877  117.4928
6642.78199379855  131.2354
6643.01587927833  109.6968
6643.24976475812  95.17118
6643.4836502379  98.33271
6643.71753571768  87.09752
6643.95142119746  102.8456
6644.18530667725  88.66899
6644.41919215703  92.33843
6644.65307763681  92.70598
6644.8869631166  101.5994
6645.12084859638  100.617
6645.35473407616  108.1301
6645.58861955594  88.78664
6645.82250503573  71.65546
6646.05639051551  116.5667
6646.29027599529  91.29179
6646.52416147507  103.0503
6646.75804695486  111.2794
6646.99193243464  112.7961
6647.22581791442  120.2261
6647.45970339421  88.99639
6647.69358887399  81.4673
6647.92747435377  80.88853
6648.16135983355  93.42705
6648.39524531334  83.45937
6648.62913079312  102.3589
6648.8630162729  97.78635
6649.09690175269  93.73143
6649.33078723247  84.97964
6649.56467271225  84.70621
6649.79855819204  73.72124
6650.03244367182  89.56934
6650.2663291516  113.6795
6650.50021463138  99.27798
6650.73410011117  60.36987
6650.96798559095  78.28783
6651.20187107073  104.4086
6651.43575655051  79.61761
6651.6696420303  72.00211
6651.90352751008  78.62362
6652.13741298986  73.15521
6652.37129846965  65.27279
6652.60518394943  67.89581
6652.83906942921  97.81832
6653.07295490899  118.2972
6653.30684038878  93.10979
6653.54072586856  67.44013
6653.77461134834  73.24152
6654.00849682813  92.97334
6654.24238230791  80.99282
6654.47626778769  67.71506
6654.71015326748  94.19132
6654.94403874726  64.00577
6655.17792422704  72.11555
6655.41180970682  85.11005
6655.64569518661  79.41366
6655.87958066639  72.53532
6656.11346614617  93.99329
6656.34735162595  83.047
6656.58123710574  60.19476
6656.81512258552  81.77997
6657.0490080653  92.7363
6657.28289354509  86.92252
6657.51677902487  74.32681
6657.75066450465  78.88573
6657.98454998443  84.43187
6658.21843546422  85.27882
6658.452320944  77.52891
6658.68620642378  64.62258
6658.92009190357  82.1852
6659.15397738335  89.96254
6659.38786286313  67.5548
6659.62174834291  82.63664
6659.8556338227  80.4469
6660.08951930248  77.95447
6660.32340478226  78.85508
6660.55729026204  64.90674
6660.79117574183  61.42246
6661.02506122161  87.35231
6661.25894670139  86.20654
6661.49283218118  69.66079
6661.72671766096  50.97313
6661.96060314074  62.43478
6662.19448862052  74.15948
6662.42837410031  66.9868
6662.66225958009  66.54493
6662.89614505987  90.56462
6663.13003053966  67.41339
6663.36391601944  64.34879
6663.59780149922  79.65914
6663.831686979  79.71927
6664.06557245879  66.26836
6664.29945793857  47.9532
6664.53334341835  53.01441
6664.76722889813  79.46964
6665.00111437792  61.30262
6665.2349998577  76.71629
6665.46888533748  39.84951
6665.70277081727  39.92107
6665.93665629705  26.12372
6666.17054177683  57.15107
6666.40442725661  66.51557
6666.6383127364  62.4171
6666.87219821618  90.53888
6667.10608369596  63.39767
6667.33996917575  55.07186
6667.57385465553  55.93892
6667.80774013531  54.64214
6668.04162561509  70.31503
6668.27551109488  86.50883
6668.50939657466  57.0395
6668.74328205444  50.64311
6668.97716753423  70.07114
6669.21105301401  60.93868
6669.44493849379  60.33378
6669.67882397358  52.36769
6669.91270945336  27.63025
6670.14659493314  42.97149
6670.38048041292  35.00873
6670.61436589271  27.57831
6670.84825137249  45.18996
6671.08213685227  53.52008
6671.31602233206  55.42774
6671.54990781184  45.17186
6671.78379329162  68.69084
6672.0176787714  63.48258
6672.25156425119  56.42509
6672.48544973097  53.00853
6672.71933521075  55.22195
6672.95322069054  46.5173
6673.18710617032  49.53066
6673.4209916501  39.39509
6673.65487712988  40.14562
6673.88876260967  47.25529
6674.12264808945  21.64503
6674.35653356923  48.35736
6674.59041904901  56.05284
6674.8243045288  32.55036
6675.05819000858  23.16078
6675.29207548836  55.20901
6675.52596096815  39.03276
6675.75984644793  22.99759
6675.99373192771  30.52575
6676.22761740749  57.43564
6676.46150288728  24.08018
6676.69538836706  36.93245
6676.92927384684  53.45927
6677.16315932663  25.14841
6677.39704480641  33.03227
6677.63093028619  37.49616
6677.86481576597  32.51408
6678.09870124576  16.86083
6678.33258672554  25.991
6678.56647220532  46.79825
6678.8003576851  26.78747
6679.03424316489  32.38578
6679.26812864467  18.55839
6679.50201412445  22.67634
6679.73589960424  27.59418
6679.96978508402  32.69348
6680.2036705638  61.00596
6680.43755604358  40.61928
6680.67144152337  25.0753
6680.90532700315  16.61547
6681.13921248293  8.869769
6681.37309796272  11.01109
6681.6069834425  26.25142
6681.84086892228  15.23977
6682.07475440206  27.55445
6682.30863988185  24.96368
6682.54252536163  27.42401
6682.77641084141  21.46239
6683.0102963212  29.09728
6683.24418180098  21.10598
6683.47806728076  6.548861
6683.71195276054  15.06914
6683.94583824033  22.30705
6684.17972372011  33.16235
6684.41360919989  29.03316
6684.64749467968  28.10439
6684.88138015946  3.995117
6685.11526563924  26.65373
6685.34915111902  19.79995
6685.58303659881  21.16931
6685.81692207859  40.16096
6686.05080755837  38.0615
6686.28469303816  20.53814
6686.51857851794  34.36644
6686.75246399772  33.55016
6686.9863494775  32.95802
6687.22023495729  20.38207
6687.45412043707  14.95345
6687.68800591685  0.9961111
6687.92189139663  33.97945
6688.15577687642  32.77137
6688.3896623562  5.73308
6688.62354783598  -2.095679
6688.85743331577  10.80726
6689.09131879555  15.06283
6689.32520427533  3.330936
6689.55908975512  19.13219
6689.7929752349  30.70851
6690.02686071468  4.229731
6690.26074619446  15.02416
6690.49463167425  1.802344
6690.72851715403  14.12967
6690.96240263381  12.125
6691.1962881136  10.95116
6691.43017359338  3.132166
6691.66405907316  -14.98659
6691.89794455294  -4.506972
6692.13183003272  -24.40611
