6453.0352950951  60.36301
6453.26919991356  70.47469
6453.50310473202  89.73274
6453.73700955048  49.12346
6453.97091436894  29.00158
6454.2048191874  24.46767
6454.43872400586  33.04155
6454.67262882432  66.99018
6454.90653364277  85.65718
6455.14043846123  101.1919
6455.37434327969  97.82058
6455.60824809815  54.4638
6455.84215291661  86.93497
6456.07605773507  25.45976
6456.30996255353  50.78681
6456.54386737199  51.13088
6456.77777219045  41.77579
6457.01167700891  115.2395
6457.24558182737  59.13048
6457.47948664582  10.15548
6457.71339146428  72.31222
6457.94729628274  76.82652
6458.1812011012  53.81007
6458.41510591966  65.53511
6458.64901073812  51.78785
6458.88291555658  85.24934
6459.11682037504  95.96527
6459.3507251935  111.6477
6459.58463001196  41.7953
6459.81853483042  59.39164
6460.05243964887  46.64652
6460.28634446733  89.16914
6460.52024928579  73.91903
6460.75415410425  37.00325
6460.98805892271  99.03905
6461.22196374117  146.6986
6461.45586855963  133.0863
6461.68977337809  106.0095
6461.92367819655  93.78925
6462.15758301501  94.62225
6462.39148783347  77.37861
6462.62539265192  95.85527
6462.85929747038  75.31988
6463.09320228884  75.0602
6463.3271071073  79.31774
6463.56101192576  58.82904
6463.79491674422  101.6925
6464.02882156268  103.8821
6464.26272638114  80.84499
6464.4966311996  64.40536
6464.73053601806  27.97636
6464.96444083652  117.5743
6465.19834565497  84.70693
6465.43225047343  139.9936
6465.6661552919  100.1149
6465.90006011035  74.69054
6466.13396492881  74.42352
6466.36786974727  106.6354
6466.60177456573  83.52471
6466.83567938419  86.72733
6467.06958420265  100.6463
6467.30348902111  101.4428
6467.53739383957  106.6524
6467.77129865803  81.02145
6468.00520347649  82.83455
6468.23910829495  110.4174
6468.4730131134  73.24072
6468.70691793186  65.2612
6468.94082275032  43.42711
6469.17472756878  67.94755
6469.40863238724  62.24384
6469.6425372057  84.80338
6469.87644202416  81.67265
6470.11034684262  89.26186
6470.34425166108  121.2214
6470.57815647954  132.0027
6470.812061298  123.4765
6471.04596611645  106.9442
6471.27987093491  107.1847
6471.51377575337  118.1071
6471.74768057183  99.08044
6471.98158539029  122.4877
6472.21549020875  110.0703
6472.44939502721  112.4342
6472.68329984567  125.2724
6472.91720466413  51.67657
6473.15110948259  101.158
6473.38501430105  156.2102
6473.61891911951  151.7672
6473.85282393796  156.5869
6474.08672875642  144.933
6474.32063357488  114.9669
6474.55453839334  79.66044
6474.7884432118  76.23791
6475.02234803026  124.8619
6475.25625284872  83.53866
6475.49015766718  72.16645
6475.72406248564  122.5944
6475.9579673041  180.302
6476.19187212256  186.9197
6476.42577694101  117.1946
6476.65968175947  122.4008
6476.89358657793  121.2677
6477.12749139639  110.2999
6477.36139621485  104.3892
6477.59530103331  99.20187
6477.82920585177  148.4028
6478.06311067023  187.7872
6478.29701548869  142.6174
6478.53092030715  112.3904
6478.76482512561  119.0672
6478.99872994406  109.8865
6479.23263476252  98.61906
6479.46653958098  68.11698
6479.70044439944  83.57908
6479.9343492179  112.4774
6480.16825403636  115.3206
6480.40215885482  153.3652
6480.63606367328  103.2681
6480.86996849174  68.98579
6481.1038733102  82.34853
6481.33777812866  94.62099
6481.57168294712  113.6333
6481.80558776557  111.6033
6482.03949258403  102.2058
6482.27339740249  107.5299
6482.50730222095  131.2988
6482.74120703941  89.89198
6482.97511185787  88.58826
6483.20901667633  118.2693
6483.44292149479  156.2608
6483.67682631325  131.4354
6483.91073113171  160.022
6484.14463595017  159.4974
6484.37854076862  146.8406
6484.61244558708  112.1347
6484.84635040554  140.4278
6485.080255224  188.3412
6485.31416004246  154.9263
6485.54806486092  147.971
6485.78196967938  157.3843
6486.01587449784  134.7209
6486.2497793163  171.9863
6486.48368413476  167.7062
6486.71758895322  123.4167
6486.95149377168  122.7503
6487.18539859013  129.2795
6487.4193034086  106.9909
6487.65320822705  139.0574
6487.88711304551  113.6302
6488.12101786397  111.0586
6488.35492268243  132.0732
6488.58882750089  97.08359
6488.82273231935  125.4863
6489.05663713781  115.9062
6489.29054195627  90.41927
6489.52444677473  179.433
6489.75835159319  182.1354
6489.99225641165  143.4555
6490.2261612301  105.0752
6490.46006604856  111.3538
6490.69397086702  156.3331
6490.92787568548  136.2016
6491.16178050394  104.083
6491.3956853224  100.3563
6491.62959014086  117.6565
6491.86349495932  158.4874
6492.09739977778  137.6
6492.33130459624  190.1947
6492.5652094147  175.7941
6492.79911423315  160.359
6493.03301905161  188.3542
6493.26692387007  162.239
6493.50082868853  165.0356
6493.73473350699  185.0989
6493.96863832545  160.0229
6494.20254314391  126.7615
6494.43644796237  155.5441
6494.67035278083  88.24673
6494.90425759929  104.5084
6495.13816241775  191.6636
6495.3720672362  152.8696
6495.60597205466  130.9649
6495.83987687312  128.5359
6496.07378169158  131.2645
6496.30768651004  170.0088
6496.5415913285  177.7109
6496.77549614696  148.0587
6497.00940096542  146.7347
6497.24330578388  154.1651
6497.47721060234  154.2354
6497.7111154208  175.2426
6497.94502023925  166.9665
6498.17892505771  131.4327
6498.41282987617  174.9621
6498.64673469463  227.2484
6498.88063951309  196.4675
6499.11454433155  169.1338
6499.34844915001  133.604
6499.58235396847  147.4652
6499.81625878693  160.8406
6500.05016360539  153.2402
6500.28406842385  153.4394
6500.51797324231  83.32303
6500.75187806076  108.4788
6500.98578287922  171.695
6501.21968769768  151.5696
6501.45359251614  172.0133
6501.6874973346  168.1378
6501.92140215306  119.6443
6502.15530697152  157.0456
6502.38921178998  190.8033
6502.62311660844  168.6976
6502.8570214269  120.7603
6503.09092624536  140.1523
6503.32483106382  216.682
6503.55873588227  129.6592
6503.79264070073  100.8991
6504.02654551919  124.6292
6504.26045033765  131.0003
6504.49435515611  134.1833
6504.72825997457  212.2891
6504.96216479303  187.6896
6505.19606961149  146.7336
6505.42997442995  165.7085
6505.66387924841  164.8085
6505.89778406687  190.0057
6506.13168888533  192.3123
6506.36559370378  160.1353
6506.59949852224  160.6052
6506.8334033407  176.7078
6507.06730815916  181.7547
6507.30121297762  136.3862
6507.53511779608  128.5622
6507.76902261454  162.1414
6508.002927433  165.8656
6508.23683225146  174.3309
6508.47073706992  162.6498
6508.70464188838  148.091
6508.93854670683  166.8349
6509.17245152529  191.6739
6509.40635634375  142.4735
6509.64026116221  166.0011
6509.87416598067  203.9824
6510.10807079913  193.2923
6510.34197561759  175.777
6510.57588043605  176.0098
6510.80978525451  158.9262
6511.04369007297  181.6212
6511.27759489143  170.9887
6511.51149970989  144.463
6511.74540452834  213.2446
6511.9793093468  216.8856
6512.21321416526  167.5247
6512.44711898372  144.1308
6512.68102380218  104.974
6512.91492862064  113.5288
6513.1488334391  135.8785
6513.38273825756  154.1994
6513.61664307602  187.061
6513.85054789448  153.0008
6514.08445271294  132.1936
6514.3183575314  148.6148
6514.55226234985  194.9611
6514.78616716831  193.6666
6515.02007198677  164.4039
6515.25397680523  192.2117
6515.48788162369  156.4388
6515.72178644215  127.0766
6515.95569126061  142.2509
6516.18959607907  159.7457
6516.42350089753  157.3044
6516.65740571599  143.3887
6516.89131053445  171.1836
6517.12521535291  215.7031
6517.35912017136  212.5198
6517.59302498982  177.519
6517.82692980828  190.5666
6518.06083462674  179.069
6518.2947394452  158.0497
6518.52864426366  100.2538
6518.76254908212  178.4796
6518.99645390058  220.705
6519.23035871904  155.1986
6519.4642635375  122.5452
6519.69816835596  155.5454
6519.93207317441  146.4484
6520.16597799287  146.3029
6520.39988281133  168.6084
6520.63378762979  128.3097
6520.86769244825  164.5875
6521.10159726671  197.2819
6521.33550208517  211.9135
6521.56940690363  181.0375
6521.80331172209  171.1605
6522.03721654055  189.8506
6522.27112135901  165.7939
6522.50502617747  175.8564
6522.73893099592  169.3689
6522.97283581438  149.269
6523.20674063284  199.8191
6523.4406454513  236.3029
6523.67455026976  205.3847
6523.90845508822  176.672
6524.14235990668  206.9781
6524.37626472514  150.4234
6524.6101695436  171.541
6524.84407436206  164.9732
6525.07797918052  186.4916
6525.31188399898  200.131
6525.54578881743  199.982
6525.77969363589  208.14
6526.01359845435  146.2176
6526.24750327281  193.0549
6526.48140809127  144.7655
6526.71531290973  146.6738
6526.94921772819  177.2113
6527.18312254665  130.0558
6527.41702736511  115.2503
6527.65093218357  146.7367
6527.88483700203  195.9283
6528.11874182048  180.026
6528.35264663894  168.5653
6528.5865514574  178.7609
6528.82045627586  165.5608
6529.05436109432  194.5705
6529.28826591278  172.0267
6529.52217073124  182.9018
6529.7560755497  165.188
6529.98998036816  168.0035
6530.22388518662  176.9295
6530.45779000508  194.1415
6530.69169482353  167.6918
6530.92559964199  209.3235
6531.15950446045  192.6137
6531.39340927891  196.0286
6531.62731409737  184.8904
6531.86121891583  178.1675
6532.09512373429  172.8031
6532.32902855275  160.8656
6532.56293337121  144.7059
6532.79683818967  171.5394
6533.03074300813  159.8164
6533.26464782658  186.837
6533.49855264504  175.8438
6533.7324574635  182.4536
6533.96636228196  227.171
6534.20026710042  226.4521
6534.43417191888  217.935
6534.66807673734  211.0912
6534.9019815558  160.1136
6535.13588637426  125.0559
6535.36979119272  131.0693
6535.60369601118  146.8322
6535.83760082964  204.6687
6536.07150564809  221.6257
6536.30541046656  175.0224
6536.53931528501  181.3364
6536.77322010347  172.8824
6537.00712492193  183.9646
6537.24102974039  186.6355
6537.47493455885  156.9069
6537.70883937731  238.2114
6537.94274419577  204.1008
6538.17664901423  193.3529
6538.41055383269  198.9319
6538.64445865114  148.8341
6538.87836346961  180.0417
6539.11226828806  177.7496
6539.34617310652  158.0553
6539.58007792498  164.4583
6539.81398274344  245.4368
6540.0478875619  256.1477
6540.28179238036  209.9803
6540.51569719882  176.4367
6540.74960201728  218.8747
6540.98350683574  199.0704
6541.21741165419  181.3519
6541.45131647266  250.9876
6541.68522129112  280.2138
6541.91912610957  234.9393
6542.15303092803  226.5309
6542.38693574649  210.2394
6542.62084056495  213.9499
6542.85474538341  230.0458
6543.08865020187  237.7633
6543.32255502033  222.7476
6543.55645983879  211.7758
6543.79036465725  224.8539
6544.02426947571  195.9923
6544.25817429417  229.6912
6544.49207911262  260.852
6544.72598393108  305.7227
6544.95988874954  253.7633
6545.193793568  271.5193
6545.42769838646  275.9492
6545.66160320492  264.1908
6545.89550802338  251.5921
6546.12941284184  212.7626
6546.3633176603  233.6882
6546.59722247876  253.925
6546.83112729722  216.6833
6547.06503211567  291.0858
6547.29893693413  277.5535
6547.53284175259  272.2393
6547.76674657105  226.9267
6548.00065138951  248.6797
6548.23455620797  248.6382
6548.46846102643  227.8994
6548.70236584489  278.6065
6548.93627066335  248.0999
6549.17017548181  288.5156
6549.40408030027  294.3704
6549.63798511872  274.524
6549.87188993718  279.951
6550.10579475564  261.2526
6550.3396995741  213.9641
6550.57360439256  273.1096
6550.80750921102  322.2892
6551.04141402948  343.9669
6551.27531884794  341.3315
6551.5092236664  327.3528
6551.74312848486  315.7455
6551.97703330332  346.3366
6552.21093812177  374.6827
6552.44484294024  384.5981
6552.67874775869  406.3744
6552.91265257715  344.7613
6553.14655739561  342.4812
6553.38046221407  429.0878
6553.61436703253  393.5639
6553.84827185099  358.0016
6554.08217666945  372.1096
6554.31608148791  382.5055
6554.54998630637  386.649
6554.78389112483  390.1505
6555.01779594328  433.5185
6555.25170076174  352.2504
6555.48560558021  365.8819
6555.71951039866  382.0598
6555.95341521712  355.2968
6556.18732003558  324.4281
6556.42122485404  361.1152
6556.6551296725  351.1837
6556.88903449096  376.5756
6557.12293930942  347.4254
6557.35684412788  357.9015
6557.59074894634  360.2793
6557.82465376479  372.092
6558.05855858326  421.8787
6558.29246340171  422.347
6558.52636822017  402.3786
6558.76027303863  405.4856
6558.99417785709  399.6865
6559.22808267555  414.9835
6559.46198749401  382.4097
6559.69589231247  377.7233
6559.92979713093  429.8598
6560.16370194939  427.4542
6560.39760676785  407.2059
6560.63151158631  447.4811
6560.86541640476  433.4986
6561.09932122322  424.6262
6561.33322604168  399.2464
6561.56713086014  390.2667
6561.8010356786  461.126
6562.03494049706  472.8343
6562.26884531552  420.1424
6562.50275013398  430.8677
6562.73665495244  497.9423
6562.9705597709  466.7703
6563.20446458936  441.5943
6563.43836940782  428.1686
6563.67227422627  442.974
6563.90617904473  463.1221
6564.14008386319  498.6953
6564.37398868165  467.2047
6564.60789350011  459.0624
6564.84179831857  537.296
6565.07570313703  468.3581
6565.30960795549  478.9448
6565.54351277395  499.1406
6565.77741759241  443.8457
6566.01132241086  452.8082
6566.24522722932  433.9174
6566.47913204778  409.5356
6566.71303686624  424.4078
6566.9469416847  454.9908
6567.18084650316  473.3075
6567.41475132162  427.0073
6567.64865614008  385.3496
6567.88256095854  397.5039
6568.116465777  387.4972
6568.35037059546  404.703
6568.58427541392  414.3405
6568.81818023237  401.3874
6569.05208505083  412.8509
6569.28598986929  362.8731
6569.51989468775  355.814
6569.75379950621  362.6924
6569.98770432467  354.1758
6570.22160914313  391.5399
6570.45551396159  340.2391
6570.68941878005  304.6003
6570.92332359851  334.8762
6571.15722841697  314.7188
6571.39113323543  290.4193
6571.62503805388  313.1431
6571.85894287234  342.8597
6572.0928476908  306.3712
6572.32675250926  299.0079
6572.56065732772  284.1109
6572.79456214618  315.5237
6573.02846696464  283.3279
6573.2623717831  256.8167
6573.49627660156  297.3454
6573.73018142002  279.2104
6573.96408623848  300.3511
6574.19799105693  336.0438
6574.4318958754  329.6348
6574.66580069385  260.265
6574.89970551231  260.6769
6575.13361033077  266.2661
6575.36751514923  267.5857
6575.60141996769  258.4705
6575.83532478615  223.9342
6576.06922960461  214.9283
6576.30313442307  248.4921
6576.53703924153  277.5545
6576.77094405998  264.4275
6577.00484887844  247.2979
6577.2387536969  285.3317
6577.47265851536  291.7145
6577.70656333382  268.3254
6577.94046815228  241.8887
6578.17437297074  265.8509
6578.4082777892  287.3209
6578.64218260766  275.8174
6578.87608742612  237.2166
6579.10999224458  184.3269
6579.34389706304  273.0738
6579.57780188149  264.329
6579.81170669995  183.7095
6580.04561151841  226.8162
6580.27951633687  244.5183
6580.51342115533  238.3116
6580.74732597379  275.3713
6580.98123079225  231.104
6581.21513561071  213.5832
6581.44904042917  229.64
6581.68294524763  227.2799
6581.91685006609  228.3418
6582.15075488455  221.2807
6582.38465970301  225.2597
6582.61856452146  245.9939
6582.85246933992  226.3125
6583.08637415838  207.5212
6583.32027897684  201.1603
6583.5541837953  216.1054
6583.78808861376  226.8211
6584.02199343222  246.1361
6584.25589825068  196.2668
6584.48980306914  227.5312
6584.7237078876  250.4533
6584.95761270605  219.5914
6585.19151752451  227.7959
6585.42542234297  167.0641
6585.65932716143  195.4406
6585.89323197989  199.8566
6586.12713679835  194.0085
6586.36104161681  228.4266
6586.59494643527  214.9366
6586.82885125373  242.3909
6587.06275607219  249.9017
6587.29666089065  227.881
6587.5305657091  200.2541
6587.76447052756  160.2056
6587.99837534602  196.8569
6588.23228016448  217.1746
6588.46618498294  218.2178
6588.7000898014  164.5457
6588.93399461986  212.7455
6589.16789943832  229.8845
6589.40180425678  192.9078
6589.63570907524  187.7656
6589.8696138937  185.9406
6590.10351871216  188.776
6590.33742353062  172.2391
6590.57132834907  162.809
6590.80523316753  184.2362
6591.03913798599  222.6936
6591.27304280445  194.6499
6591.50694762291  172.2136
6591.74085244137  179.2699
6591.97475725983  151.2871
6592.20866207829  179.1181
6592.44256689675  195.1831
6592.67647171521  191.5933
6592.91037653367  199.4814
6593.14428135213  237.5348
6593.37818617058  186.9198
6593.61209098904  189.9289
6593.8459958075  209.9095
6594.07990062596  174.4689
6594.31380544442  184.5462
6594.54771026288  194.9837
6594.78161508134  220.4166
6595.0155198998  217.8073
6595.24942471826  196.7493
6595.48332953672  182.3542
6595.71723435518  171.4749
6595.95113917364  173.5427
6596.18504399209  191.4877
6596.41894881055  186.338
6596.65285362901  182.0737
6596.88675844747  198.9371
6597.12066326593  191.9178
6597.35456808439  178.1232
6597.58847290285  173.282
6597.82237772131  194.7785
6598.05628253977  168.9897
6598.29018735823  137.5566
6598.52409217669  159.6148
6598.75799699514  164.7969
6598.9919018136  188.0679
6599.22580663206  176.9019
6599.45971145052  143.3811
6599.69361626898  180.105
6599.92752108744  220.6826
6600.1614259059  212.6135
6600.39533072436  186.6391
6600.62923554282  165.5344
6600.86314036128  164.8545
6601.09704517974  175.4435
6601.33094999819  196.0716
6601.56485481665  166.4419
6601.79875963511  216.6819
6602.03266445357  236.0093
6602.26656927203  203.6873
6602.50047409049  193.3602
6602.73437890895  124.4935
6602.96828372741  123.3036
6603.20218854587  196.5997
6603.43609336433  211.8398
6603.66999818279  166.6701
6603.90390300125  216.2173
6604.1378078197  227.4605
6604.37171263816  163.1666
6604.60561745662  186.9321
6604.83952227508  171.3357
6605.07342709354  190.1344
6605.307331912  196.9557
6605.54123673046  220.2996
6605.77514154892  190.9712
6606.00904636738  195.9142
6606.24295118584  186.0639
6606.4768560043  174.0699
6606.71076082276  166.0527
6606.94466564121  161.1853
6607.17857045967  206.6561
6607.41247527813  154.1192
6607.64638009659  166.7272
6607.88028491505  188.2498
6608.11418973351  128.162
6608.34809455197  121.1841
6608.58199937043  159.5919
6608.81590418889  171.3624
6609.04980900735  172.6237
6609.28371382581  206.9113
6609.51761864427  179.4645
6609.75152346272  166.7452
6609.98542828118  178.9115
6610.21933309964  196.3802
6610.4532379181  181.8786
6610.68714273656  130.3309
6610.92104755502  145.7692
6611.15495237348  151.767
6611.38885719194  157.5055
6611.6227620104  179.1842
6611.85666682886  178.4283
6612.09057164732  192.7959
6612.32447646578  231.0663
6612.55838128423  187.1232
6612.79228610269  175.2939
6613.02619092115  197.3515
6613.26009573961  185.8817
6613.49400055807  146.8348
6613.72790537653  173.2208
6613.96181019499  151.3424
6614.19571501345  158.2319
6614.42961983191  109.6902
6614.66352465037  128.083
6614.89742946883  148.2915
6615.13133428728  187.1538
6615.36523910574  184.8659
6615.5991439242  106.8646
6615.83304874266  191.1096
6616.06695356112  204.8733
6616.30085837958  162.1012
6616.53476319804  148.1351
6616.7686680165  170.9424
6617.00257283496  188.3918
6617.23647765342  169.7933
6617.47038247188  163.3369
6617.70428729034  169.5857
6617.93819210879  165.3066
6618.17209692725  149.0386
6618.40600174571  177.4715
6618.63990656417  191.934
6618.87381138263  165.6523
6619.10771620109  98.92991
6619.34162101955  152.7154
6619.57552583801  178.4962
6619.80943065647  169.9746
6620.04333547493  175.6502
6620.27724029339  138.1747
6620.51114511184  175.2038
6620.7450499303  177.0995
6620.97895474876  142.3079
6621.21285956722  161.8101
6621.44676438568  237.631
6621.68066920414  200.0048
6621.9145740226  208.7149
6622.14847884106  184.9035
6622.38238365952  104.8591
6622.61628847798  203.8614
6622.85019329644  168.3747
6623.08409811489  151.9467
6623.31800293335  134.5585
6623.55190775181  122.1131
6623.78581257027  164.21
6624.01971738873  151.7732
6624.25362220719  158.9352
6624.48752702565  175.7075
6624.72143184411  193.7453
6624.95533666257  162.9803
6625.18924148103  152.2083
6625.42314629949  161.5551
6625.65705111795  122.9337
6625.8909559364  209.8619
6626.12486075486  177.5191
6626.35876557332  89.39834
6626.59267039178  113.179
6626.82657521024  158.4389
6627.0604800287  160.8578
6627.29438484716  136.4607
6627.52828966562  165.7724
6627.76219448408  134.9505
6627.99609930254  138.8404
6628.230004121  155.7913
6628.46390893946  135.03
6628.69781375792  183.9277
6628.93171857637  152.834
6629.16562339483  201.4653
6629.39952821329  132.5071
6629.63343303175  180.2152
6629.86733785021  185.4736
6630.10124266867  173.5827
6630.33514748713  123.9061
6630.56905230559  119.2529
6630.80295712405  123.1865
6631.03686194251  117.827
6631.27076676097  158.0284
6631.50467157942  163.842
6631.73857639788  123.8791
6631.97248121634  117.791
6632.2063860348  126.7667
6632.44029085326  93.03059
6632.67419567172  108.2165
6632.90810049018  134.3308
6633.14200530864  137.9281
6633.3759101271  131.6266
6633.60981494556  130.7616
6633.84371976402  131.7435
6634.07762458247  102.509
6634.31152940093  98.69494
6634.54543421939  113.8407
6634.77933903785  151.2837
6635.01324385631  124.2669
6635.24714867477  131.6053
6635.48105349323  159.0484
6635.71495831169  184.2464
6635.94886313015  155.8818
6636.18276794861  127.3065
6636.41667276707  111.8437
6636.65057758553  173.4572
6636.88448240398  163.546
6637.11838722244  99.70515
6637.3522920409  125.3515
6637.58619685936  124.3728
6637.82010167782  143.6395
6638.05400649628  187.9944
6638.28791131474  147.9934
6638.5218161332  117.9598
6638.75572095166  142.7033
6638.98962577012  164.5279
6639.22353058858  116.4155
6639.45743540704  144.3433
6639.69134022549  175.8004
6639.92524504395  135.5629
6640.15914986241  159.8679
6640.39305468087  192.7679
6640.62695949933  163.0978
6640.86086431779  123.8135
6641.09476913625  129.2352
6641.32867395471  69.12461
6641.56257877317  144.6474
6641.79648359163  171.4572
6642.03038841009  152.9369
6642.26429322855  140.279
6642.498198047  123.4724
6642.73210286546  161.7429
6642.96600768392  157.8705
6643.19991250238  150.2387
6643.43381732084  169.064
6643.6677221393  139.233
6643.90162695776  140.7389
6644.13553177622  124.3506
6644.36943659468  118.7924
6644.60334141314  127.537
6644.83724623159  144.1645
6645.07115105005  135.8555
6645.30505586851  83.09522
6645.53896068697  109.6479
6645.77286550543  141.8671
6646.00677032389  117.5604
6646.24067514235  109.5817
6646.47457996081  90.992
6646.70848477927  101.6298
6646.94238959773  113.7795
6647.17629441619  142.4633
6647.41019923465  106.089
6647.6441040531  108.7288
6647.87800887156  120.9979
6648.11191369002  143.6264
6648.34581850848  95.25185
6648.57972332694  117.1077
6648.8136281454  130.0084
6649.04753296386  110.3898
6649.28143778232  104.6456
6649.51534260078  121.5704
6649.74924741924  126.3182
6649.9831522377  98.34087
6650.21705705616  77.00537
6650.45096187461  117.0224
6650.68486669307  111.634
6650.91877151153  117.183
6651.15267632999  145.1939
6651.38658114845  73.34565
6651.62048596691  61.96038
6651.85439078537  108.6133
6652.08829560383  112.0406
6652.32220042229  121.4367
6652.55610524075  99.7
6652.79001005921  105.676
6653.02391487767  123.8648
6653.25781969613  104.9301
6653.49172451458  116.8053
6653.72562933304  114.6924
6653.9595341515  95.39022
6654.19343896996  141.3276
6654.42734378842  170.3829
6654.66124860688  114.8209
6654.89515342534  99.41788
6655.1290582438  159.6353
6655.36296306226  124.5909
6655.59686788072  122.2738
6655.83077269917  113.5282
6656.06467751763  91.78902
6656.29858233609  91.37138
6656.53248715455  53.38372
6656.76639197301  60.42992
6657.00029679147  60.39402
6657.23420160993  76.15995
6657.46810642839  115.9509
6657.70201124685  109.9104
6657.93591606531  101.8016
6658.16982088377  91.09303
6658.40372570222  96.01761
6658.63763052068  100.8449
6658.87153533914  84.7774
6659.1054401576  85.65941
6659.33934497606  99.82487
6659.57324979452  136.5757
6659.80715461298  124.5428
6660.04105943144  105.2552
6660.2749642499  95.60377
6660.50886906836  97.58042
6660.74277388682  113.1989
6660.97667870528  30.91317
6661.21058352374  50.40602
6661.44448834219  35.40481
6661.67839316065  80.80783
6661.91229797911  90.97736
6662.14620279757  101.252
6662.38010761603  106.6745
6662.61401243449  70.75229
6662.84791725295  92.51892
6663.08182207141  67.34638
6663.31572688987  99.37537
6663.54963170833  70.71907
6663.78353652679  59.02583
6664.01744134525  34.99382
6664.2513461637  44.33068
6664.48525098216  63.47999
6664.71915580062  102.3694
6664.95306061908  118.6503
6665.18696543754  99.34
6665.420870256  108.9824
6665.65477507446  85.07828
6665.88867989292  77.18446
6666.12258471138  106.4099
6666.35648952984  117.4854
6666.5903943483  127.6657
6666.82429916675  54.63107
6667.05820398521  24.70787
6667.29210880367  65.82694
6667.52601362213  65.74076
6667.75991844059  70.1207
6667.99382325905  94.30941
6668.22772807751  55.59013
6668.46163289597  60.42663
6668.69553771443  107.9175
6668.92944253289  98.31512
6669.16334735135  54.79996
6669.3972521698  79.0034
6669.63115698826  110.0373
6669.86506180672  119.0135
6670.09896662518  95.11678
6670.33287144364  86.27328
6670.5667762621  97.85361
6670.80068108056  139.1984
6671.03458589902  82.16516
6671.26849071748  94.91897
6671.50239553594  20.11981
6671.7363003544  15.51033
6671.97020517286  82.61565
6672.20410999131  113.9514
6672.43801480977  60.26662
6672.67191962823  32.53869
6672.90582444669  79.65766
6673.13972926515  69.63229
6673.37363408361  70.44637
6673.60753890207  98.30152
6673.84144372053  73.85469
6674.07534853899  56.53475
6674.30925335745  57.74934
6674.54315817591  42.86104
6674.77706299436  10.02875
6675.01096781282  30.27909
6675.24487263128  86.6701
6675.47877744974  11.59148
6675.7126822682  39.98643
6675.94658708666  77.90694
6676.18049190512  37.32737
6676.41439672358  50.99754
6676.64830154204  47.13943
6676.8822063605  71.38652
6677.11611117896  96.50964
6677.35001599741  52.54034
6677.58392081588  60.46392
6677.81782563433  61.77808
6678.05173045279  63.87361
6678.28563527125  56.83223
6678.51954008971  23.86374
6678.75344490817  72.10056
6678.98734972663  68.30935
6679.22125454509  -7.143424
6679.45515936355  48.78309
6679.68906418201  68.07895
6679.92296900047  46.58796
6680.15687381893  52.29962
6680.39077863738  31.89638
6680.62468345584  31.96375
6680.8585882743  5.682096
6681.09249309276  28.79951
6681.32639791122  26.99616
6681.56030272968  21.56249
6681.79420754814  52.35954
6682.0281123666  54.05581
6682.26201718506  32.99227
6682.49592200352  7.764414
6682.72982682198  6.049425
6682.96373164044  20.84379
6683.19763645889  -6.392223
6683.43154127735  -9.460994
6683.66544609581  42.02122
6683.89935091427  33.11609
6684.13325573273  32.992
6684.36716055119  -3.107064
6684.60106536965  15.85883
6684.83497018811  -2.690969
6685.06887500657  17.97231
6685.30277982503  71.36034
6685.53668464349  36.61043
6685.77058946194  35.56087
6686.0044942804  18.05176
6686.23839909886  16.86793
6686.47230391732  28.5793
6686.70620873578  16.37859
6686.94011355424  15.49033
6687.1740183727  -3.07072
6687.40792319116  9.723682
6687.64182800962  17.4043
6687.87573282808  8.972698
6688.10963764654  9.638441
6688.34354246499  34.53255
6688.57744728345  -4.083644
6688.81135210191  39.16787
6689.04525692037  25.52166
6689.27916173883  -26.5906
6689.51306655729  37.45472
6689.74697137575  7.074847
6689.98087619421  28.05209
6690.21478101267  22.37505
6690.44868583113  -36.8923
6690.68259064959  -8.349191
6690.91649546805  9.184282
6691.15040028651  -27.98752
6691.38430510496  9.639945
6691.61820992342  2.486066
6691.85211474188  2.386072
6692.08601956034  21.56948
6692.3199243788  -13.63785
