6452.7895768223  110.2752
6453.02353846044  74.48559
6453.25750009859  100.1342
6453.49146173673  75.21973
6453.72542337487  109.0431
6453.95938501301  100.0486
6454.19334665115  106.8345
6454.4273082893  135.661
6454.66126992744  128.6636
6454.89523156558  102.6911
6455.12919320372  93.38625
6455.36315484186  138.9075
6455.59711648001  112.6633
6455.83107811815  100.0591
6456.06503975629  114.8971
6456.29900139443  135.2105
6456.53296303258  131.2757
6456.76692467072  79.94297
6457.00088630886  117.0872
6457.234847947  126.47
6457.46880958514  108.703
6457.70277122329  152.4655
6457.93673286143  160.7108
6458.17069449957  124.5825
6458.40465613771  128.3849
6458.63861777585  122.463
6458.872579414  115.7856
6459.10654105214  95.6627
6459.34050269028  98.45575
6459.57446432842  112.99
6459.80842596657  92.87756
6460.04238760471  90.16279
6460.27634924285  121.0012
6460.51031088099  123.3898
6460.74427251913  127.3823
6460.97823415728  129.1782
6461.21219579542  113.7496
6461.44615743356  123.4479
6461.6801190717  133.0196
6461.91408070984  137.6419
6462.14804234799  131.1846
6462.38200398613  133.264
6462.61596562427  150.8651
6462.84992726241  120.9211
6463.08388890056  125.9789
6463.3178505387  136.1283
6463.55181217684  134.1155
6463.78577381498  145.9571
6464.01973545312  137.4433
6464.25369709127  114.1051
6464.48765872941  127.3275
6464.72162036755  159.5071
6464.95558200569  141.022
6465.18954364384  92.98986
6465.42350528198  124.7937
6465.65746692012  132.6722
6465.89142855826  176.5218
6466.1253901964  143.4297
6466.35935183455  158.2477
6466.59331347269  177.6168
6466.82727511083  164.2675
6467.06123674897  202.6672
6467.29519838712  204.6212
6467.52916002526  208.9928
6467.7631216634  198.3207
6467.99708330154  165.8005
6468.23104493969  203.1435
6468.46500657783  156.3178
6468.69896821597  197.9525
6468.93292985411  185.9693
6469.16689149225  195.1373
6469.4008531304  184.0527
6469.63481476854  171.0779
6469.86877640668  201.2419
6470.10273804482  167.0536
6470.33669968297  190.9403
6470.57066132111  165.9426
6470.80462295925  161.7777
6471.03858459739  214.4789
6471.27254623553  182.602
6471.50650787368  125.7616
6471.74046951182  119.9401
6471.97443114996  196.8298
6472.2083927881  187.6755
6472.44235442624  110.2072
6472.67631606439  179.7952
6472.91027770253  198.932
6473.14423934067  161.7205
6473.37820097881  159.6161
6473.61216261695  154.9687
6473.8461242551  170.243
6474.08008589324  148.8598
6474.31404753138  184.8066
6474.54800916952  222.8478
6474.78197080767  173.0772
6475.01593244581  192.24
6475.24989408395  205.6966
6475.48385572209  141.0984
6475.71781736023  152.8161
6475.95177899838  211.9103
6476.18574063652  213.415
6476.41970227466  232.169
6476.6536639128  194.4396
6476.88762555095  181.7136
6477.12158718909  212.8262
6477.35554882723  204.9743
6477.58951046537  193.2669
6477.82347210351  211.8026
6478.05743374166  197.5102
6478.2913953798  163.1833
6478.52535701794  177.5623
6478.75931865608  213.0393
6478.99328029422  215.5038
6479.22724193237  203.3115
6479.46120357051  232.9244
6479.69516520865  237.2386
6479.92912684679  206.8203
6480.16308848493  171.032
6480.39705012308  201.6429
6480.63101176122  215.5047
6480.86497339936  206.9182
6481.09893503751  234.1593
6481.33289667565  223.0749
6481.56685831379  207.3779
6481.80081995193  216.4039
6482.03478159007  195.4926
6482.26874322822  181.6227
6482.50270486636  196.6373
6482.7366665045  210.9614
6482.97062814264  232.5237
6483.20458978078  260.7598
6483.43855141893  221.2513
6483.67251305707  205.3568
6483.90647469521  192.9673
6484.14043633335  173.1833
6484.3743979715  188.9586
6484.60835960964  181.1443
6484.84232124778  214.7689
6485.07628288592  247.984
6485.31024452406  255.1718
6485.54420616221  216.8194
6485.77816780035  162.8461
6486.01212943849  187.0005
6486.24609107663  212.4048
6486.48005271478  197.7105
6486.71401435292  202.0634
6486.94797599106  195.7068
6487.1819376292  242.6888
6487.41589926735  222.6038
6487.64986090549  224.0119
6487.88382254363  204.662
6488.11778418177  189.5105
6488.35174581991  220.3574
6488.58570745805  242.2902
6488.8196690962  246.6986
6489.05363073434  215.2666
6489.28759237248  194.1626
6489.52155401062  209.9984
6489.75551564877  216.214
6489.98947728691  218.5724
6490.22343892505  230.6984
6490.45740056319  226.9652
6490.69136220134  207.9011
6490.92532383948  211.3709
6491.15928547762  218.8982
6491.39324711576  225.694
6491.6272087539  220.6316
6491.86117039205  266.7668
6492.09513203019  244.2533
6492.32909366833  229.8719
6492.56305530647  211.8733
6492.79701694461  214.1838
6493.03097858276  175.611
6493.2649402209  185.3612
6493.49890185904  226.8538
6493.73286349718  195.8096
6493.96682513533  210.8351
6494.20078677347  252.5109
6494.43474841161  238.9819
6494.66871004975  267.0699
6494.90267168789  246.8875
6495.13663332604  228.1676
6495.37059496418  274.4561
6495.60455660232  257.388
6495.83851824046  200.1392
6496.07247987861  198.0849
6496.30644151675  230.6489
6496.54040315489  203.5605
6496.77436479303  223.0184
6497.00832643117  249.8898
6497.24228806932  267.7406
6497.47624970746  263.3148
6497.7102113456  227.1673
6497.94417298374  229.8676
6498.17813462189  264.2274
6498.41209626003  254.4216
6498.64605789817  240.008
6498.88001953631  254.6919
6499.11398117445  228.9707
6499.3479428126  250.5968
6499.58190445074  264.2574
6499.81586608888  251.5965
6500.04982772702  232.5282
6500.28378936516  208.7144
6500.51775100331  234.194
6500.75171264145  233.7515
6500.98567427959  245.6481
6501.21963591773  249.8385
6501.45359755588  253.4138
6501.68755919402  250.5916
6501.92152083216  248.4531
6502.1554824703  227.8453
6502.38944410844  180.5278
6502.62340574659  193.6007
6502.85736738473  253.9507
6503.09132902287  254.1748
6503.32529066101  231.8755
6503.55925229916  242.1602
6503.7932139373  255.5774
6504.02717557544  267.9608
6504.26113721358  228.2507
6504.49509885172  260.4062
6504.72906048987  301.5318
6504.96302212801  249.515
6505.19698376615  236.3208
6505.43094540429  260.1849
6505.66490704244  254.7379
6505.89886868058  261.3427
6506.13283031872  293.9797
6506.36679195686  276.7315
6506.600753595  273.3586
6506.83471523315  256.2414
6507.06867687129  223.9802
6507.30263850943  235.2482
6507.53660014757  251.7146
6507.77056178572  280.1613
6508.00452342386  265.6992
6508.238485062  268.2222
6508.47244670014  251.868
6508.70640833828  229.4497
6508.94036997643  263.1263
6509.17433161457  257.7134
6509.40829325271  253.0466
6509.64225489085  231.9588
6509.87621652899  284.2021
6510.11017816714  264.1005
6510.34413980528  281.3863
6510.57810144342  288.7994
6510.81206308156  270.133
6511.04602471971  271.9662
6511.27998635785  277.2162
6511.51394799599  284.7
6511.74790963413  265.9083
6511.98187127227  264.2608
6512.21583291042  265.7386
6512.44979454856  232.978
6512.6837561867  239.275
6512.91771782484  243.2714
6513.15167946298  275.8271
6513.38564110113  273.4832
6513.61960273927  287.3334
6513.85356437741  281.3609
6514.08752601555  262.5021
6514.3214876537  236.8477
6514.55544929184  245.5705
6514.78941092998  263.1367
6515.02337256812  271.363
6515.25733420627  295.8245
6515.49129584441  296.3035
6515.72525748255  285.2218
6515.95921912069  307.5016
6516.19318075883  331.6427
6516.42714239698  283.9231
6516.66110403512  270.7469
6516.89506567326  308.2652
6517.1290273114  287.1674
6517.36298894954  279.0344
6517.59695058769  314.7771
6517.83091222583  296.2617
6518.06487386397  268.5015
6518.29883550211  301.8275
6518.53279714026  316.1153
6518.7667587784  274.1635
6519.00072041654  287.6811
6519.23468205468  285.3194
6519.46864369282  320.0201
6519.70260533097  321.3956
6519.93656696911  267.2092
6520.17052860725  266.3808
6520.40449024539  314.1149
6520.63845188354  332.2763
6520.87241352168  306.6427
6521.10637515982  298.8835
6521.34033679796  269.4659
6521.5742984361  301.7424
6521.80826007425  287.0159
6522.04222171239  265.8127
6522.27618335053  266.347
6522.51014498867  275.3848
6522.74410662681  316.7104
6522.97806826496  325.0311
6523.2120299031  310.2411
6523.44599154124  294.2574
6523.67995317938  286.6818
6523.91391481753  299.743
6524.14787645567  302.8896
6524.38183809381  325.8807
6524.61579973195  301.9065
6524.8497613701  297.4216
6525.08372300824  321.0458
6525.31768464638  333.1275
6525.55164628452  318.3286
6525.78560792266  277.633
6526.01956956081  272.2578
6526.25353119895  333.4846
6526.48749283709  320.6345
6526.72145447523  327.0404
6526.95541611337  285.0028
6527.18937775152  257.2296
6527.42333938966  291.2173
6527.6573010278  304.1359
6527.89126266594  338.5545
6528.12522430409  355.2809
6528.35918594223  297.8389
6528.59314758037  290.5776
6528.82710921851  293.3689
6529.06107085665  287.7248
6529.2950324948  312.5165
6529.52899413294  299.1616
6529.76295577108  327.4153
6529.99691740922  354.8253
6530.23087904736  328.0137
6530.46484068551  338.2803
6530.69880232365  321.8737
6530.93276396179  313.0229
6531.16672559993  345.3871
6531.40068723808  274.1375
6531.63464887622  306.5495
6531.86861051436  269.5591
6532.1025721525  238.2878
6532.33653379064  206.276
6532.57049542879  313.6268
6532.80445706693  363.4153
6533.03841870507  395.6765
6533.27238034321  355.6969
6533.50634198136  321.1173
6533.7403036195  370.1699
6533.97426525764  331.2376
6534.20822689578  337.2644
6534.44218853392  350.6178
6534.67615017207  294.0156
6534.91011181021  337.5774
6535.14407344835  364.3473
6535.37803508649  341.7691
6535.61199672464  322.8231
6535.84595836278  323.4462
6536.07992000092  343.6244
6536.31388163906  364.4646
6536.5478432772  370.5053
6536.78180491535  343.2686
6537.01576655349  366.3007
6537.24972819163  324.358
6537.48368982977  337.5348
6537.71765146792  353.2489
6537.95161310606  314.4804
6538.1855747442  339.7622
6538.41953638234  376.6209
6538.65349802048  338.0923
6538.88745965862  343.3685
6539.12142129677  336.2085
6539.35538293491  393.2592
6539.58934457305  348.5233
6539.82330621119  362.814
6540.05726784934  395.0678
6540.29122948748  396.0909
6540.52519112562  336.4366
6540.75915276376  423.8516
6540.99311440191  413.2626
6541.22707604005  377.5445
6541.46103767819  377.3273
6541.69499931633  386.7566
6541.92896095447  359.8574
6542.16292259262  378.1097
6542.39688423076  385.7568
6542.6308458689  372.2193
6542.86480750704  370.5393
6543.09876914519  378.082
6543.33273078333  395.2377
6543.56669242147  414.7559
6543.80065405961  395.6999
6544.03461569775  392.9623
6544.2685773359  443.2679
6544.50253897404  451.9581
6544.73650061218  402.6614
6544.97046225032  370.25
6545.20442388847  410.3995
6545.43838552661  429.8526
6545.67234716475  411.2102
6545.90630880289  417.6001
6546.14027044103  456.8367
6546.37423207918  469.2959
6546.60819371732  465.1591
6546.84215535546  442.6992
6547.0761169936  435.9969
6547.31007863174  520.0391
6547.54404026989  478.1844
6547.77800190803  460.7673
6548.01196354617  467.4349
6548.24592518431  478.9836
6548.47988682245  513.6546
6548.7138484606  519.8966
6548.94781009874  503.3764
6549.18177173688  519.8734
6549.41573337502  504.485
6549.64969501317  512.8962
6549.88365665131  536.8221
6550.11761828945  573.2221
6550.35157992759  579.3713
6550.58554156574  573.793
6550.81950320388  570.0612
6551.05346484202  568.3316
6551.28742648016  567.0536
6551.5213881183  556.4382
6551.75534975645  624.132
6551.98931139459  582.855
6552.22327303273  541.1919
6552.45723467087  563.5962
6552.69119630902  594.7733
6552.92515794716  595.9766
6553.1591195853  591.2795
6553.39308122344  596.6428
6553.62704286158  608.7296
6553.86100449973  593.5255
6554.09496613787  562.0748
6554.32892777601  623.8929
6554.56288941415  641.8623
6554.7968510523  604.8864
6555.03081269044  605.1466
6555.26477432858  595.0416
6555.49873596672  614.2602
6555.73269760487  583.7506
6555.96665924301  584.9827
6556.20062088115  593.6694
6556.43458251929  572.6368
6556.66854415743  577.7012
6556.90250579557  589.6591
6557.13646743372  604.3866
6557.37042907186  558.5071
6557.60439071  538.078
6557.83835234814  560.939
6558.07231398628  547.0413
6558.30627562443  545.0306
6558.54023726257  534.2033
6558.77419890071  506.7299
6559.00816053885  501.4117
6559.242122177  490.7939
6559.47608381514  474.5089
6559.71004545328  503.6362
6559.94400709142  485.2474
6560.17796872957  511.967
6560.41193036771  568.2836
6560.64589200585  521.7883
6560.87985364399  502.6072
6561.11381528213  470.7875
6561.34777692028  478.4782
6561.58173855842  477.341
6561.81570019656  523.8774
6562.0496618347  470.3578
6562.28362347285  476.2211
6562.51758511099  514.8466
6562.75154674913  565.8235
6562.98550838727  512.1296
6563.21947002541  531.9243
6563.45343166356  603.9734
6563.6873933017  563.082
6563.92135493984  533.7225
6564.15531657798  485.1225
6564.38927821612  533.8293
6564.62323985427  550.3284
6564.85720149241  580.5598
6565.09116313055  561.5389
6565.32512476869  515.4574
6565.55908640684  596.2262
6565.79304804498  607.061
6566.02700968312  569.6809
6566.26097132126  576.235
6566.4949329594  520.9618
6566.72889459755  508.5326
6566.96285623569  509.6117
6567.19681787383  495.6806
6567.43077951197  499.2092
6567.66474115012  462.0222
6567.89870278826  455.414
6568.1326644264  445.7405
6568.36662606454  463.9418
6568.60058770268  475.3064
6568.83454934083  500.1246
6569.06851097897  501.9973
6569.30247261711  441.3349
6569.53643425525  412.4957
6569.7703958934  422.9366
6570.00435753154  443.9785
6570.23831916968  443.6634
6570.47228080782  457.3032
6570.70624244596  446.4922
6570.94020408411  435.8573
6571.17416572225  417.9928
6571.40812736039  386.8856
6571.64208899853  404.3755
6571.87605063668  421.4923
6572.11001227482  408.1361
6572.34397391296  411.9193
6572.5779355511  447.7687
6572.81189718924  418.0707
6573.04585882738  433.9403
6573.27982046553  452.422
6573.51378210367  411.2305
6573.74774374181  406.6361
6573.98170537995  405.6571
6574.2156670181  422.0505
6574.44962865624  435.8039
6574.68359029438  412.7191
6574.91755193252  396.6763
6575.15151357067  370.4741
6575.38547520881  411.989
6575.61943684695  398.8598
6575.85339848509  397.7113
6576.08736012324  411.3024
6576.32132176138  411.6015
6576.55528339952  386.0986
6576.78924503766  388.4529
6577.0232066758  369.1864
6577.25716831395  392.8248
6577.49112995209  398.7333
6577.72509159023  366.5096
6577.95905322837  366.0917
6578.19301486651  378.6156
6578.42697650466  347.8007
6578.6609381428  348.6487
6578.89489978094  378.7702
6579.12886141908  382.5245
6579.36282305722  338.3598
6579.59678469537  333.1855
6579.83074633351  328.4532
6580.06470797165  349.3056
6580.29866960979  367.8256
6580.53263124794  381.3072
6580.76659288608  381.0934
6581.00055452422  358.3825
6581.23451616236  389.7607
6581.4684778005  373.8953
6581.70243943865  342.3417
6581.93640107679  377.9066
6582.17036271493  305.6037
6582.40432435307  332.1061
6582.63828599122  408.0057
6582.87224762936  368.007
6583.1062092675  378.1328
6583.34017090564  373.7615
6583.57413254378  382.0098
6583.80809418193  367.8026
6584.04205582007  365.4357
6584.27601745821  373.4702
6584.50997909635  365.8042
6584.7439407345  336.8683
6584.97790237264  303.0731
6585.21186401078  299.5559
6585.44582564892  269.6556
6585.67978728706  332.8141
6585.91374892521  357.8945
6586.14771056335  388.9747
6586.38167220149  342.6856
6586.61563383963  322.6275
6586.84959547778  342.8459
6587.08355711592  365.075
6587.31751875406  355.7928
6587.5514803922  339.0565
6587.78544203034  359.4306
6588.01940366849  332.3514
6588.25336530663  327.7453
6588.48732694477  349.1527
6588.72128858291  379.1991
6588.95525022105  348.1271
6589.1892118592  340.8521
6589.42317349734  342.2432
6589.65713513548  341.8744
6589.89109677362  357.2354
6590.12505841177  339.6287
6590.35902004991  326.7882
6590.59298168805  317.7445
6590.82694332619  353.8789
6591.06090496433  368.2172
6591.29486660248  339.9189
6591.52882824062  348.2086
6591.76278987876  370.4315
6591.9967515169  324.9923
6592.23071315505  319.5211
6592.46467479319  345.4752
6592.69863643133  331.636
6592.93259806947  317.4721
6593.16655970761  307.3293
6593.40052134576  341.3492
6593.6344829839  345.0161
6593.86844462204  350.1919
6594.10240626018  374.5765
6594.33636789833  364.1844
6594.57032953647  360.6383
6594.80429117461  348.1996
6595.03825281275  310.022
6595.27221445089  314.9862
6595.50617608904  340.3335
6595.74013772718  338.1921
6595.97409936532  342.4573
6596.20806100346  321.2121
6596.4420226416  316.2578
6596.67598427975  333.3849
6596.90994591789  356.3664
6597.14390755603  330.0045
6597.37786919417  307.4177
6597.61183083232  324.5634
6597.84579247046  295.1951
6598.0797541086  311.8404
6598.31371574674  345.5417
6598.54767738488  324.9504
6598.78163902303  303.8381
6599.01560066117  291.9745
6599.24956229931  284.6317
6599.48352393745  344.2679
6599.7174855756  352.7924
6599.95144721374  328.8719
6600.18540885188  313.505
6600.41937049002  333.5992
6600.65333212816  367.3089
6600.88729376631  327.3988
6601.12125540445  288.4962
6601.35521704259  308.2422
6601.58917868073  317.0341
6601.82314031888  350.6989
6602.05710195702  313.7299
6602.29106359516  330.5774
6602.5250252333  287.385
6602.75898687144  281.303
6602.99294850959  355.6035
6603.22691014773  328.5413
6603.46087178587  332.4644
6603.69483342401  306.172
6603.92879506216  290.5461
6604.1627567003  311.2492
6604.39671833844  319.1785
6604.63067997658  320.7176
6604.86464161472  338.4896
6605.09860325287  341.8316
6605.33256489101  340.2137
6605.56652652915  326.6251
6605.80048816729  294.9757
6606.03444980544  304.6826
6606.26841144358  335.4986
6606.50237308172  318.8725
6606.73633471986  293.4577
6606.970296358  325.3734
6607.20425799614  321.8269
6607.43821963429  316.4039
6607.67218127243  311.4072
6607.90614291057  310.2239
6608.14010454871  313.6455
6608.37406618686  310.9759
6608.608027825  342.9893
6608.84198946314  322.8873
6609.07595110128  287.1914
6609.30991273943  328.8526
6609.54387437757  335.2186
6609.77783601571  334.5718
6610.01179765385  289.6681
6610.24575929199  282.8367
6610.47972093014  318.6768
6610.71368256828  339.0075
6610.94764420642  350.611
6611.18160584456  317.2078
6611.41556748271  314.3364
6611.64952912085  283.9924
6611.88349075899  295.9412
6612.11745239713  295.6901
6612.35141403527  263.6529
6612.58537567342  291.7813
6612.81933731156  375.1717
6613.0532989497  331.5228
6613.28726058784  258.0841
6613.52122222598  346.993
6613.75518386413  332.7163
6613.98914550227  322.6409
6614.22310714041  316.6276
6614.45706877855  272.9482
6614.6910304167  299.5967
6614.92499205484  297.3044
6615.15895369298  294.6051
6615.39291533112  329.6802
6615.62687696926  333.7468
6615.86083860741  296.2566
6616.09480024555  270.0663
6616.32876188369  280.3047
6616.56272352183  330.1346
6616.79668515997  303.5586
6617.03064679812  300.8396
6617.26460843626  326.418
6617.4985700744  313.5164
6617.73253171254  288.8468
6617.96649335069  286.0085
6618.20045498883  318.8609
6618.43441662697  291.2269
6618.66837826511  295.8384
6618.90233990326  270.5103
6619.1363015414  298.6572
6619.37026317954  301.4699
6619.60422481768  280.4095
6619.83818645582  298.7393
6620.07214809397  289.9697
6620.30610973211  292.2224
6620.54007137025  315.2634
6620.77403300839  327.804
6621.00799464654  243.3722
6621.24195628468  285.7298
6621.47591792282  254.3071
6621.70987956096  306.3632
6621.9438411991  313.3273
6622.17780283725  291.0261
6622.41176447539  303.0175
6622.64572611353  274.9342
6622.87968775167  317.2556
6623.11364938981  280.4741
6623.34761102796  277.119
6623.5815726661  264.4295
6623.81553430424  274.1276
6624.04949594239  272.7667
6624.28345758052  290.9147
6624.51741921867  304.1967
6624.75138085681  278.4366
6624.98534249495  279.1161
6625.21930413309  307.958
6625.45326577124  304.484
6625.68722740938  298.7414
6625.92118904752  284.9376
6626.15515068566  286.7441
6626.3891123238  259.5151
6626.62307396195  247.0275
6626.85703560009  235.9119
6627.09099723823  257.2733
6627.32495887637  330.7891
6627.55892051452  311.1496
6627.79288215266  271.9595
6628.0268437908  284.2699
6628.26080542894  254.0689
6628.49476706709  270.1584
6628.72872870523  284.3371
6628.96269034337  264.0903
6629.19665198151  246.455
6629.43061361965  243.9953
6629.6645752578  271.3145
6629.89853689594  313.5723
6630.13249853408  253.3053
6630.36646017222  281.6107
6630.60042181037  319.3903
6630.83438344851  240.3348
6631.06834508665  230.9487
6631.30230672479  289.1465
6631.53626836293  261.6532
6631.77023000108  243.4507
6632.00419163922  259.8531
6632.23815327736  285.3167
6632.4721149155  278.0619
6632.70607655364  277.9225
6632.94003819179  254.4372
6633.17399982993  253.6553
6633.40796146807  273.8345
6633.64192310621  244.0628
6633.87588474435  279.7774
6634.1098463825  260.8587
6634.34380802064  260.894
6634.57776965878  265.0435
6634.81173129692  288.5525
6635.04569293507  296.7128
6635.27965457321  282.9183
6635.51361621135  265.5603
6635.74757784949  228.039
6635.98153948763  215.2948
6636.21550112578  254.5578
6636.44946276392  291.6793
6636.68342440206  237.9798
6636.9173860402  222.8744
6637.15134767835  248.2296
6637.38530931649  264.1881
6637.61927095463  250.1651
6637.85323259277  245.2219
6638.08719423092  267.4259
6638.32115586906  239.0304
6638.5551175072  261.5007
6638.78907914534  274.4384
6639.02304078348  250.8261
6639.25700242163  260.9385
6639.49096405977  238.2909
6639.72492569791  226.7623
6639.95888733605  234.2623
6640.1928489742  218.9708
6640.42681061234  234.2583
6640.66077225048  222.0805
6640.89473388862  210.6363
6641.12869552676  260.5995
6641.3626571649  285.0262
6641.59661880305  226.0699
6641.83058044119  209.3864
6642.06454207933  237.7509
6642.29850371747  244.0362
6642.53246535562  262.8997
6642.76642699376  285.7396
6643.0003886319  269.7939
6643.23435027004  242.7586
6643.46831190818  250.4
6643.70227354633  226.2856
6643.93623518447  275.0428
6644.17019682261  205.3823
6644.40415846075  204.4969
6644.6381200989  231.227
6644.87208173704  271.3647
6645.10604337518  259.1751
6645.34000501332  213.3271
6645.57396665147  232.0907
6645.80792828961  244.4648
6646.04188992775  217.3506
6646.27585156589  236.7286
6646.50981320403  221.4669
6646.74377484218  235.1975
6646.97773648032  250.0323
6647.21169811846  241.7997
6647.4456597566  169.1979
6647.67962139474  226.0253
6647.91358303289  225.4222
6648.14754467103  202.6467
6648.38150630917  238.7108
6648.61546794731  179.984
6648.84942958546  222.858
6649.0833912236  226.2483
6649.31735286174  199.1305
6649.55131449988  231.3085
6649.78527613802  215.8804
6650.01923777617  195.6669
6650.25319941431  196.19
6650.48716105245  235.1204
6650.72112269059  249.7279
6650.95508432873  211.7817
6651.18904596688  169.6096
6651.42300760502  209.2133
6651.65696924316  238.0402
6651.8909308813  209.7966
6652.12489251945  186.6289
6652.35885415759  201.3636
6652.59281579573  251.8614
6652.82677743387  249.0009
6653.06073907201  223.9674
6653.29470071016  228.0121
6653.5286623483  215.063
6653.76262398644  208.1975
6653.99658562458  229.9008
6654.23054726273  223.5848
6654.46450890087  198.1543
6654.69847053901  206.4896
6654.93243217715  224.3468
6655.1663938153  191.0982
6655.40035545344  198.8022
6655.63431709158  203.4863
6655.86827872972  179.0748
6656.10224036786  217.6431
6656.33620200601  181.9594
6656.57016364415  190.7922
6656.80412528229  202.3996
6657.03808692043  175.7964
6657.27204855857  177.4242
6657.50601019672  162.5982
6657.73997183486  187.1251
6657.973933473  184.3427
6658.20789511114  166.9992
6658.44185674928  156.5812
6658.67581838743  177.4731
6658.90978002557  184.2229
6659.14374166371  160.6629
6659.37770330185  168.1891
6659.61166494  183.9103
6659.84562657814  168.3458
6660.07958821628  175.7839
6660.31354985442  176.7985
6660.54751149257  178.0666
6660.78147313071  182.1009
6661.01543476885  164.7399
6661.24939640699  168.8825
6661.48335804513  148.8403
6661.71731968328  149.8009
6661.95128132142  185.2652
6662.18524295956  194.8984
6662.4192045977  148.8578
6662.65316623584  126.8349
6662.88712787399  163.6058
6663.12108951213  170.4145
6663.35505115027  146.6138
6663.58901278841  146.7884
6663.82297442655  121.2169
6664.0569360647  141.1095
6664.29089770284  154.5196
6664.52485934098  175.3199
6664.75882097912  212.9048
6664.99278261727  148.4251
6665.22674425541  116.0142
6665.46070589355  139.0907
6665.69466753169  151.8875
6665.92862916984  137.7578
6666.16259080798  145.6977
6666.39655244612  152.9215
6666.63051408426  142.0893
6666.8644757224  130.2507
6667.09843736055  123.1733
6667.33239899869  176.0109
6667.56636063683  135.4063
6667.80032227497  99.07042
6668.03428391311  129.3838
6668.26824555126  143.32
6668.5022071894  151.5062
6668.73616882754  145.9049
6668.97013046568  131.2853
6669.20409210383  104.252
6669.43805374197  123.6124
6669.67201538011  131.7373
6669.90597701825  135.8358
6670.1399386564  150.0462
6670.37390029454  133.4774
6670.60786193268  121.3102
6670.84182357082  129.1985
6671.07578520896  116.4405
6671.30974684711  78.35934
6671.54370848525  127.0254
6671.77767012339  121.7787
6672.01163176153  108.9017
6672.24559339968  118.2351
6672.47955503782  110.288
6672.71351667596  82.96487
6672.9474783141  86.23357
6673.18143995224  89.64542
6673.41540159039  107.8882
6673.64936322853  110.519
6673.88332486667  97.8222
6674.11728650481  95.67804
6674.35124814295  95.52248
6674.5852097811  100.5947
6674.81917141924  125.5961
6675.05313305738  99.91254
6675.28709469552  117.2439
6675.52105633366  99.66588
6675.75501797181  102.26
6675.98897960995  80.53264
6676.22294124809  112.0046
6676.45690288623  87.96528
6676.69086452438  80.60814
6676.92482616252  104.2404
6677.15878780066  83.56327
6677.3927494388  72.73044
6677.62671107694  74.70009
6677.86067271509  47.28241
6678.09463435323  78.66737
6678.32859599137  75.31294
6678.56255762951  80.26613
6678.79651926766  75.76509
6679.0304809058  81.3752
6679.26444254394  83.84888
6679.49840418208  81.5747
6679.73236582023  69.01999
6679.96632745837  77.8148
6680.20028909651  62.69789
6680.43425073465  86.05796
6680.66821237279  52.59713
6680.90217401093  52.50399
6681.13613564908  68.61373
6681.37009728722  49.96881
6681.60405892536  54.69274
6681.8380205635  68.35513
6682.07198220165  51.19825
6682.30594383979  22.01742
6682.53990547793  70.91525
6682.77386711607  35.31497
6683.00782875421  42.48597
6683.24179039236  66.12209
6683.4757520305  82.06863
6683.70971366864  61.99025
6683.94367530678  1.271153
6684.17763694493  30.05046
6684.41159858307  29.13811
6684.64556022121  33.66714
6684.87952185935  54.41078
6685.11348349749  50.27739
6685.34744513564  13.78299
6685.58140677378  38.86309
6685.81536841192  25.82608
6686.04933005006  40.41663
6686.28329168821  52.84442
6686.51725332635  31.05862
6686.75121496449  20.48746
6686.98517660263  70.13421
6687.21913824078  87.69922
6687.45309987892  79.42354
6687.68706151706  30.65667
6687.9210231552  25.9039
6688.15498479334  33.6876
6688.38894643149  1.47232
6688.62290806963  36.417
6688.85686970777  28.79568
6689.09083134591  11.8625
6689.32479298406  45.29969
6689.5587546222  26.21166
6689.79271626034  1.494608
6690.02667789848  30.82434
6690.26063953662  27.20378
6690.49460117477  19.9077
6690.72856281291  41.1212
6690.96252445105  12.07343
6691.19648608919  21.77937
6691.43044772733  13.14334
6691.66440936548  43.2677
6691.89837100362  -18.56812
6692.13233264176  -11.00879
