6453.0810215408  152.3487
6453.31488334487  98.98551
6453.54874514894  72.18182
6453.78260695301  59.78708
6454.01646875708  100.7402
6454.25033056114  121.029
6454.48419236521  130.9698
6454.71805416928  108.2657
6454.95191597335  70.54642
6455.18577777742  95.57604
6455.41963958149  119.9415
6455.65350138556  105.2887
6455.88736318963  93.13535
6456.12122499369  90.58464
6456.35508679776  83.2889
6456.58894860183  92.75109
6456.8228104059  89.16335
6457.05667220997  54.18848
6457.29053401404  96.39202
6457.52439581811  85.52904
6457.75825762217  76.70334
6457.99211942624  113.3914
6458.22598123031  97.7021
6458.45984303438  88.12535
6458.69370483845  79.18066
6458.92756664252  96.78395
6459.16142844659  106.8745
6459.39529025065  83.27698
6459.62915205472  97.50867
6459.86301385879  97.80462
6460.09687566286  80.55322
6460.33073746693  96.38869
6460.564599271  102.6567
6460.79846107507  96.28135
6461.03232287913  115.4126
6461.2661846832  115.8484
6461.50004648727  91.98134
6461.73390829134  94.1413
6461.96777009541  87.06702
6462.20163189948  93.34744
6462.43549370355  111.889
6462.66935550761  135.9309
6462.90321731168  92.62079
6463.13707911575  131.5243
6463.37094091982  94.81738
6463.60480272389  86.4681
6463.83866452796  142.1146
6464.07252633203  159.6492
6464.30638813609  154.4096
6464.54024994016  150.9069
6464.77411174423  119.31
6465.0079735483  89.71638
6465.24183535237  111.5176
6465.47569715644  131.169
6465.70955896051  172.6779
6465.94342076458  121.2684
6466.17728256864  133.5258
6466.41114437271  94.18719
6466.64500617678  106.5173
6466.87886798085  114.4114
6467.11272978492  113.8109
6467.34659158899  102.6595
6467.58045339306  96.32062
6467.81431519713  152.0402
6468.04817700119  161.2888
6468.28203880526  117.3456
6468.51590060933  141.7072
6468.7497624134  114.431
6468.98362421747  117.7182
6469.21748602154  159.2385
6469.4513478256  169.85
6469.68520962967  115.296
6469.91907143374  104.1918
6470.15293323781  171.8615
6470.38679504188  154.0389
6470.62065684595  148.0345
6470.85451865002  159.898
6471.08838045409  134.8866
6471.32224225815  142.533
6471.55610406222  141.6583
6471.78996586629  158.1877
6472.02382767036  120.0253
6472.25768947443  145.4014
6472.4915512785  164.3664
6472.72541308257  159.6864
6472.95927488663  146.8707
6473.1931366907  118.7415
6473.42699849477  146.6725
6473.66086029884  177.2757
6473.89472210291  155.6048
6474.12858390698  133.1272
6474.36244571105  128.5843
6474.59630751511  143.3478
6474.83016931918  177.4182
6475.06403112325  170.5878
6475.29789292732  147.2468
6475.53175473139  164.5812
6475.76561653546  144.2822
6475.99947833953  132.8768
6476.2333401436  168.6143
6476.46720194767  179.6006
6476.70106375173  182.6828
6476.9349255558  163.2917
6477.16878735987  178.5053
6477.40264916394  179.0687
6477.63651096801  134.8801
6477.87037277208  151.3883
6478.10423457615  192.1074
6478.33809638021  159.2626
6478.57195818428  153.4177
6478.80581998835  180.1182
6479.03968179242  146.6352
6479.27354359649  176.6187
6479.50740540056  163.3224
6479.74126720463  178.2231
6479.97512900869  163.5235
6480.20899081276  129.8521
6480.44285261683  146.101
6480.6767144209  161.432
6480.91057622497  165.5569
6481.14443802904  161.0627
6481.37829983311  176.9407
6481.61216163718  206.6755
6481.84602344124  184.643
6482.07988524531  158.1208
6482.31374704938  184.5273
6482.54760885345  193.9926
6482.78147065752  188.7333
6483.01533246159  183.9985
6483.24919426566  164.4529
6483.48305606972  169.8971
6483.71691787379  193.5205
6483.95077967786  173.2532
6484.18464148193  165.7862
6484.418503286  182.6537
6484.65236509007  181.118
6484.88622689414  147.703
6485.1200886982  196.7809
6485.35395050227  215.3464
6485.58781230634  179.1271
6485.82167411041  194.9733
6486.05553591448  144.5505
6486.28939771855  167.6793
6486.52325952262  183.7375
6486.75712132669  157.6796
6486.99098313075  160.381
6487.22484493482  169.0147
6487.45870673889  182.2173
6487.69256854296  180.5726
6487.92643034703  167.0692
6488.1602921511  183.2704
6488.39415395517  195.8779
6488.62801575924  185.8927
6488.8618775633  189.8221
6489.09573936737  190.5503
6489.32960117144  173.7955
6489.56346297551  186.9181
6489.79732477958  219.7227
6490.03118658365  221.7159
6490.26504838772  206.42
6490.49891019178  183.1918
6490.73277199585  176.1803
6490.96663379992  207.382
6491.20049560399  172.4245
6491.43435740806  161.4058
6491.66821921213  199.2583
6491.90208101619  188.1892
6492.13594282026  204.366
6492.36980462433  197.9489
6492.6036664284  181.7527
6492.83752823247  189.1849
6493.07139003654  192.3856
6493.30525184061  179.3684
6493.53911364468  176.9481
6493.77297544874  202.4178
6494.00683725281  204.0352
6494.24069905688  195.6023
6494.47456086095  206.2103
6494.70842266502  171.9762
6494.94228446909  214.778
6495.17614627316  164.3657
6495.41000807722  163.2919
6495.64386988129  159.8864
6495.87773168536  155.1918
6496.11159348943  171.6898
6496.3454552935  180.3663
6496.57931709757  201.1215
6496.81317890164  201.8676
6497.0470407057  170.3937
6497.28090250977  180.2834
6497.51476431384  189.2943
6497.74862611791  170.7555
6497.98248792198  170.9028
6498.21634972605  167.9989
6498.45021153012  196.9465
6498.68407333418  198.773
6498.91793513825  168.3015
6499.15179694232  178.5322
6499.38565874639  201.5482
6499.61952055046  194.9736
6499.85338235453  202.188
6500.0872441586  201.3767
6500.32110596267  168.0527
6500.55496776673  200.6181
6500.7888295708  232.0227
6501.02269137487  203.8279
6501.25655317894  206.3772
6501.49041498301  232.2598
6501.72427678708  214.6124
6501.95813859115  210.1106
6502.19200039522  211.1991
6502.42586219928  183.5684
6502.65972400335  197.5437
6502.89358580742  197.809
6503.12744761149  194.794
6503.36130941556  228.3004
6503.59517121963  196.1053
6503.8290330237  212.8
6504.06289482777  218.6128
6504.29675663183  215.8342
6504.5306184359  219.9478
6504.76448023997  229.3548
6504.99834204404  227.4117
6505.23220384811  203.6223
6505.46606565218  210.4158
6505.69992745624  205.0804
6505.93378926031  246.1883
6506.16765106438  259.3117
6506.40151286845  223.127
6506.63537467252  244.2142
6506.86923647659  235.2924
6507.10309828066  196.5811
6507.33696008472  200.9124
6507.57082188879  194.637
6507.80468369286  240.7604
6508.03854549693  260.8407
6508.272407301  191.8773
6508.50626910507  182.665
6508.74013090914  207.1418
6508.97399271321  204.9943
6509.20785451727  225.716
6509.44171632134  212.8207
6509.67557812541  217.6355
6509.90943992948  189.735
6510.14330173355  174.7615
6510.37716353762  232.5277
6510.61102534169  261.6354
6510.84488714575  243.3759
6511.07874894982  230.5583
6511.31261075389  216.4367
6511.54647255796  199.2673
6511.78033436203  208.4787
6512.0141961661  229.146
6512.24805797017  234.5827
6512.48191977423  243.9691
6512.7157815783  234.1571
6512.94964338237  231.5045
6513.18350518644  208.2677
6513.41736699051  199.6983
6513.65122879458  240.9995
6513.88509059865  211.8305
6514.11895240272  192.7967
6514.35281420678  221.3554
6514.58667601085  222.0315
6514.82053781492  186.6904
6515.05439961899  191.7722
6515.28826142306  187.7925
6515.52212322713  238.0332
6515.7559850312  222.1643
6515.98984683526  218.0737
6516.22370863933  251.4572
6516.4575704434  204.3898
6516.69143224747  180.2198
6516.92529405154  213.2777
6517.15915585561  213.4243
6517.39301765968  211.6273
6517.62687946374  231.8732
6517.86074126781  204.49
6518.09460307188  190.0818
6518.32846487595  238.075
6518.56232668002  225.2818
6518.79618848409  224.4486
6519.03005028816  231.7903
6519.26391209223  210.787
6519.49777389629  211.2652
6519.73163570036  227.6378
6519.96549750443  237.0246
6520.1993593085  201.0587
6520.43322111257  188.3087
6520.66708291664  206.8639
6520.90094472071  215.7079
6521.13480652477  234.1007
6521.36866832884  242.3495
6521.60253013291  235.0088
6521.83639193698  205.2157
6522.07025374105  212.7164
6522.30411554512  245.757
6522.53797734919  217.7334
6522.77183915325  226.1669
6523.00570095733  268.2837
6523.23956276139  260.991
6523.47342456546  260.6595
6523.70728636953  225.6146
6523.9411481736  231.2147
6524.17500997767  246.4655
6524.40887178174  253.2204
6524.64273358581  273.799
6524.87659538987  252.7625
6525.11045719394  213.849
6525.34431899801  191.5674
6525.57818080208  219.664
6525.81204260615  239.9344
6526.04590441022  225.9356
6526.27976621429  213.2811
6526.51362801835  217.2622
6526.74748982242  251.422
6526.98135162649  258.1498
6527.21521343056  249.4296
6527.44907523463  232.4908
6527.6829370387  236.1355
6527.91679884276  259.8454
6528.15066064683  253.2282
6528.3845224509  235.4628
6528.61838425497  229.7442
6528.85224605904  221.4028
6529.08610786311  220.6382
6529.31996966718  223.4141
6529.55383147125  225.1148
6529.78769327531  238.7997
6530.02155507938  235.2594
6530.25541688345  275.8675
6530.48927868752  265.0495
6530.72314049159  238.3683
6530.95700229566  246.5165
6531.19086409973  240.7749
6531.4247259038  272.9901
6531.65858770786  277.2231
6531.89244951193  251.8081
6532.126311316  252.3343
6532.36017312007  242.9781
6532.59403492414  276.6698
6532.82789672821  258.438
6533.06175853228  285.5695
6533.29562033634  280.7027
6533.52948214041  260.8341
6533.76334394448  240.29
6533.99720574855  242.6947
6534.23106755262  259.0403
6534.46492935669  253.0541
6534.69879116076  221.7458
6534.93265296482  235.4449
6535.16651476889  234.0312
6535.40037657296  214.3247
6535.63423837703  252.5305
6535.8681001811  244.1483
6536.10196198517  246.1444
6536.33582378924  268.9239
6536.56968559331  244.664
6536.80354739737  248.3425
6537.03740920144  273.8299
6537.27127100551  256.5955
6537.50513280958  255.6361
6537.73899461365  264.9762
6537.97285641772  266.1917
6538.20671822179  266.2348
6538.44058002585  302.1241
6538.67444182992  291.8774
6538.90830363399  251.7875
6539.14216543806  243.2142
6539.37602724213  269.5875
6539.6098890462  255.6315
6539.84375085027  276.6099
6540.07761265433  273.418
6540.3114744584  274.213
6540.54533626247  270.1054
6540.77919806654  262.6446
6541.01305987061  260.7591
6541.24692167468  272.0992
6541.48078347875  309.1951
6541.71464528282  291.5701
6541.94850708688  305.1698
6542.18236889095  286.0756
6542.41623069502  266.1787
6542.65009249909  281.277
6542.88395430316  269.2047
6543.11781610723  274.9335
6543.35167791129  280.7604
6543.58553971536  311.1941
6543.81940151943  299.0494
6544.0532633235  259.2767
6544.28712512757  306.142
6544.52098693164  316.5773
6544.75484873571  335.675
6544.98871053978  325.6811
6545.22257234384  306.87
6545.45643414791  287.5898
6545.69029595198  296.1793
6545.92415775605  317.3635
6546.15801956012  322.0216
6546.39188136419  319.5277
6546.62574316826  311.5392
6546.85960497232  321.8555
6547.09346677639  310.4627
6547.32732858046  337.5769
6547.56119038453  322.5269
6547.7950521886  317.4313
6548.02891399267  329.5882
6548.26277579674  327.2385
6548.49663760081  307.8354
6548.73049940487  340.04
6548.96436120894  330.1208
6549.19822301301  343.397
6549.43208481708  332.2119
6549.66594662115  341.4987
6549.89980842522  356.5236
6550.13367022929  360.7734
6550.36753203335  345.8514
6550.60139383742  372.0811
6550.83525564149  398.8997
6551.06911744556  403.8518
6551.30297924963  383.1593
6551.5368410537  392.3441
6551.77070285777  400.9593
6552.00456466183  390.3623
6552.2384264659  397.1324
6552.47228826997  467.4521
6552.70615007404  462.8421
6552.94001187811  390.8775
6553.17387368218  417.5081
6553.40773548625  459.9117
6553.64159729031  443.0569
6553.87545909438  446.7316
6554.10932089845  484.0598
6554.34318270252  410.9512
6554.57704450659  394.2938
6554.81090631066  418.2511
6555.04476811473  423.5826
6555.2786299188  438.6017
6555.51249172286  390.1958
6555.74635352693  441.8438
6555.980215331  452.8123
6556.21407713507  434.9517
6556.44793893914  427.824
6556.68180074321  426.2204
6556.91566254728  406.6142
6557.14952435135  423.1914
6557.38338615541  434.7431
6557.61724795948  406.9843
6557.85110976355  387.1927
6558.08497156762  410.0997
6558.31883337169  372.4631
6558.55269517576  419.9208
6558.78655697983  387.5685
6559.02041878389  397.6888
6559.25428058796  393.7975
6559.48814239203  364.4797
6559.7220041961  404.3569
6559.95586600017  396.7369
6560.18972780424  389.536
6560.42358960831  360.949
6560.65745141237  368.6947
6560.89131321644  412.5809
6561.12517502051  410.1697
6561.35903682458  412.1619
6561.59289862865  371.4544
6561.82676043272  381.2287
6562.06062223679  420.5501
6562.29448404086  408.4187
6562.52834584492  406.9127
6562.76220764899  423.8357
6562.99606945306  421.896
6563.22993125713  435.712
6563.4637930612  461.8068
6563.69765486527  419.3073
6563.93151666934  405.6424
6564.1653784734  385.9969
6564.39924027747  411.839
6564.63310208154  441.8255
6564.86696388561  398.0531
6565.10082568968  366.5211
6565.33468749375  374.8422
6565.56854929782  376.4193
6565.80241110188  388.4669
6566.03627290595  398.8102
6566.27013471002  346.46
6566.50399651409  333.4157
6566.73785831816  357.5596
6566.97172012223  395.1148
6567.2055819263  366.2796
6567.43944373037  323.1386
6567.67330553443  381.9333
6567.9071673385  369.1227
6568.14102914257  327.4809
6568.37489094664  359.3099
6568.60875275071  351.1306
6568.84261455478  346.2467
6569.07647635885  383.561
6569.31033816292  367.6919
6569.54419996698  343.1296
6569.77806177105  337.1582
6570.01192357512  340.9112
6570.24578537919  373.7711
6570.47964718326  357.507
6570.71350898733  317.0864
6570.9473707914  329.4051
6571.18123259546  352.2154
6571.41509439953  314.7238
6571.6489562036  272.2596
6571.88281800767  321.8889
6572.11667981174  324.8712
6572.35054161581  341.8282
6572.58440341988  295.3455
6572.81826522394  296.7873
6573.05212702801  332.1804
6573.28598883208  343.0778
6573.51985063615  338.1201
6573.75371244022  280.9405
6573.98757424429  341.2237
6574.22143604836  354.298
6574.45529785242  307.3388
6574.68915965649  338.7048
6574.92302146056  348.2597
6575.15688326463  287.719
6575.3907450687  287.568
6575.62460687277  314.6794
6575.85846867684  278.7735
6576.0923304809  281.144
6576.32619228497  322.3669
6576.56005408904  314.8736
6576.79391589311  329.5821
6577.02777769718  373.3716
6577.26163950125  322.5404
6577.49550130532  307.4627
6577.72936310939  315.6533
6577.96322491345  312.2129
6578.19708671752  293.2725
6578.43094852159  316.2201
6578.66481032566  287.5613
6578.89867212973  300.6423
6579.1325339338  315.2499
6579.36639573787  278.6686
6579.60025754194  258.4911
6579.834119346  304.9413
6580.06798115007  339.8835
6580.30184295414  290.4811
6580.53570475821  276.8172
6580.76956656228  268.5043
6581.00342836635  283.9199
6581.23729017042  256.5534
6581.47115197448  299.8451
6581.70501377855  301.1682
6581.93887558262  284.4725
6582.17273738669  261.5604
6582.40659919076  278.1777
6582.64046099483  318.3283
6582.8743227989  272.0636
6583.10818460296  249.8717
6583.34204640703  281.1031
6583.5759082111  279.4399
6583.80977001517  254.5549
6584.04363181924  261.7288
6584.27749362331  293.3934
6584.51135542738  255.7543
6584.74521723145  265.3915
6584.97907903551  274.3847
6585.21294083958  276.4738
6585.44680264365  234.8781
6585.68066444772  274.7591
6585.91452625179  265.2146
6586.14838805586  282.0724
6586.38224985993  286.0725
6586.61611166399  264.5939
6586.84997346806  298.5106
6587.08383527213  243.4154
6587.3176970762  279.9133
6587.55155888027  292.4766
6587.78542068434  264.6006
6588.01928248841  277.4417
6588.25314429247  288.1363
6588.48700609654  232.3402
6588.72086790061  260.1015
6588.95472970468  245.7826
6589.18859150875  263.4402
6589.42245331282  246.2147
6589.65631511689  260.4694
6589.89017692096  260.4619
6590.12403872502  270.7987
6590.35790052909  286.6859
6590.59176233316  253.1884
6590.82562413723  289.3748
6591.0594859413  310.1589
6591.29334774537  249.5592
6591.52720954944  240.8333
6591.7610713535  291.2013
6591.99493315758  282.5285
6592.22879496164  263.5248
6592.46265676571  273.5934
6592.69651856978  285.6161
6592.93038037385  237.818
6593.16424217792  221.3133
6593.39810398198  217.7475
6593.63196578605  251.5396
6593.86582759012  259.4518
6594.09968939419  233.6483
6594.33355119826  236.5486
6594.56741300233  243.8007
6594.8012748064  226.6089
6595.03513661046  208.5135
6595.26899841453  223.283
6595.5028602186  235.5681
6595.73672202267  257.7961
6595.97058382674  232.9822
6596.20444563081  224.2153
6596.43830743488  231.9204
6596.67216923894  267.8521
6596.90603104301  263.0008
6597.13989284708  218.1441
6597.37375465115  252.8228
6597.60761645522  243.6583
6597.84147825929  237.3283
6598.07534006336  249.8016
6598.30920186743  264.3747
6598.54306367149  249.0579
6598.77692547556  243.5774
6599.01078727963  238.1906
6599.2446490837  234.0047
6599.47851088777  226.917
6599.71237269184  241.2945
6599.94623449591  223.0461
6600.18009629998  272.8415
6600.41395810404  242.7762
6600.64781990811  208.6
6600.88168171218  262.2542
6601.11554351625  248.0569
6601.34940532032  262.9344
6601.58326712439  252.0923
6601.81712892846  220.7045
6602.05099073252  210.8475
6602.28485253659  238.558
6602.51871434066  253.5416
6602.75257614473  238.4974
6602.9864379488  231.0667
6603.22029975287  233.1449
6603.45416155694  234.6552
6603.68802336101  261.2504
6603.92188516507  253.2816
6604.15574696914  224.1596
6604.38960877321  194.9719
6604.62347057728  233.5044
6604.85733238135  231.9106
6605.09119418542  257.6989
6605.32505598949  276.6329
6605.55891779355  272.0775
6605.79277959762  241.1198
6606.02664140169  236.1128
6606.26050320576  249.8467
6606.49436500983  280.4774
6606.7282268139  230.2164
6606.96208861797  229.3903
6607.19595042204  228.7374
6607.4298122261  187.2907
6607.66367403017  235.3457
6607.89753583424  241.1013
6608.13139763831  236.2298
6608.36525944238  240.9144
6608.59912124645  238.0239
6608.83298305051  240.3265
6609.06684485458  237.7984
6609.30070665865  231.9013
6609.53456846272  207.1031
6609.76843026679  212.8345
6610.00229207086  237.6935
6610.23615387493  219.9894
6610.470015679  203.0184
6610.70387748306  237.3946
6610.93773928713  252.2193
6611.1716010912  248.289
6611.40546289527  230.6004
6611.63932469934  238.1969
6611.87318650341  233.0032
6612.10704830748  197.9355
6612.34091011154  212.8986
6612.57477191561  240.891
6612.80863371968  211.9425
6613.04249552375  230.9478
6613.27635732782  236.6263
6613.51021913189  223.6204
6613.74408093596  211.6157
6613.97794274002  217.8856
6614.21180454409  216.3954
6614.44566634816  227.8405
6614.67952815223  262.2503
6614.9133899563  210.344
6615.14725176037  232.588
6615.38111356444  237.471
6615.61497536851  209.3765
6615.84883717257  239.3232
6616.08269897664  219.7746
6616.31656078071  205.8057
6616.55042258478  158.1067
6616.78428438885  210.5871
6617.01814619292  224.5936
6617.25200799699  233.8984
6617.48586980105  206.8712
6617.71973160512  211.8286
6617.95359340919  235.3117
6618.18745521326  251.8371
6618.42131701733  235.0808
6618.6551788214  202.8907
6618.88904062547  224.2316
6619.12290242953  225.0992
6619.3567642336  227.7149
6619.59062603767  217.6775
6619.82448784174  176.2756
6620.05834964581  196.1129
6620.29221144988  231.2518
6620.52607325395  229.761
6620.75993505802  202.5463
6620.99379686208  189.7734
6621.22765866615  230.1296
6621.46152047022  213.4757
6621.69538227429  250.343
6621.92924407836  214.2791
6622.16310588243  218.9286
6622.3969676865  198.7469
6622.63082949056  261.3418
6622.86469129463  260.1324
6623.0985530987  183.1262
6623.33241490277  223.7984
6623.56627670684  229.5592
6623.80013851091  213.9127
6624.03400031498  234.376
6624.26786211904  216.9933
6624.50172392311  240.7057
6624.73558572718  208.9906
6624.96944753125  225.1006
6625.20330933532  240.8329
6625.43717113939  194.078
6625.67103294346  224.9367
6625.90489474753  218.8304
6626.13875655159  221.4162
6626.37261835566  217.9081
6626.60648015973  211.4402
6626.8403419638  228.5177
6627.07420376787  215.9255
6627.30806557194  212.259
6627.54192737601  197.1268
6627.77578918008  203.6326
6628.00965098414  189.8248
6628.24351278821  173.8486
6628.47737459228  169.2678
6628.71123639635  206.7174
6628.94509820042  217.247
6629.17896000449  202.6661
6629.41282180856  158.6797
6629.64668361262  188.704
6629.88054541669  219.6247
6630.11440722076  217.8192
6630.34826902483  182.7516
6630.5821308289  235.7655
6630.81599263297  217.171
6631.04985443703  171.4794
6631.2837162411  215.517
6631.51757804517  198.6239
6631.75143984924  195.8094
6631.98530165331  218.8271
6632.21916345738  185.4197
6632.45302526145  215.8433
6632.68688706552  213.4928
6632.92074886958  224.321
6633.15461067365  228.4488
6633.38847247772  212.8158
6633.62233428179  191.2736
6633.85619608586  196.22
6634.09005788993  177.5081
6634.323919694  175.5232
6634.55778149807  194.412
6634.79164330213  216.3185
6635.0255051062  190.0011
6635.25936691027  237.1364
6635.49322871434  183.9039
6635.72709051841  210.5719
6635.96095232248  234.4668
6636.19481412655  174.8345
6636.42867593062  187.2891
6636.66253773468  200.953
6636.89639953875  215.5991
6637.13026134282  222.9948
6637.36412314689  221.0819
6637.59798495096  205.6841
6637.83184675503  216.8927
6638.0657085591  207.2007
6638.29957036316  201.5828
6638.53343216723  211.3399
6638.7672939713  208.391
6639.00115577537  177.8142
6639.23501757944  169.983
6639.46887938351  158.3949
6639.70274118758  166.438
6639.93660299164  172.9325
6640.17046479571  208.054
6640.40432659978  175.6149
6640.63818840385  155.9896
6640.87205020792  185.5565
6641.10591201199  197.7386
6641.33977381606  165.7836
6641.57363562012  193.2785
6641.80749742419  202.4677
6642.04135922826  175.0471
6642.27522103233  176.9316
6642.5090828364  178.9288
6642.74294464047  227.297
6642.97680644454  177.9335
6643.21066824861  143.7625
6643.44453005267  183.7503
6643.67839185674  173.5796
6643.91225366081  148.7456
6644.14611546488  172.1436
6644.37997726895  226.9837
6644.61383907302  184.737
6644.84770087709  173.5674
6645.08156268115  168.5185
6645.31542448522  169.8947
6645.54928628929  200.854
6645.78314809336  164.691
6646.01700989743  158.4743
6646.2508717015  185.5375
6646.48473350556  145.9369
6646.71859530963  165.0165
6646.9524571137  161.167
6647.18631891777  190.1604
6647.42018072184  127.9158
6647.65404252591  147.8776
6647.88790432998  183.1503
6648.12176613405  179.3298
6648.35562793811  174.4903
6648.58948974218  156.3031
6648.82335154625  162.2739
6649.05721335032  165.684
6649.29107515439  182.8923
6649.52493695846  157.6241
6649.75879876253  175.2549
6649.9926605666  139.9609
6650.22652237066  137.5313
6650.46038417473  167.7383
6650.6942459788  156.215
6650.92810778287  156.5809
6651.16196958694  169.4283
6651.39583139101  159.4678
6651.62969319508  154.3672
6651.86355499915  133.8748
6652.09741680321  150.4544
6652.33127860728  155.5397
6652.56514041135  145.7708
6652.79900221542  175.3621
6653.03286401949  159.4874
6653.26672582356  129.4923
6653.50058762762  173.6939
6653.73444943169  134.3377
6653.96831123576  143.465
6654.20217303983  168.8693
6654.4360348439  151.1531
6654.66989664797  142.0667
6654.90375845204  128.263
6655.1376202561  182.9248
6655.37148206017  167.5526
6655.60534386424  182.0772
6655.83920566831  162.1297
6656.07306747238  170.4141
6656.30692927645  189.3822
6656.54079108052  156.5838
6656.77465288458  155.1665
6657.00851468865  142.674
6657.24237649272  149.3102
6657.47623829679  167.6227
6657.71010010086  148.1857
6657.94396190493  157.8303
6658.177823709  128.854
6658.41168551307  151.5423
6658.64554731714  136.298
6658.8794091212  149.5599
6659.11327092527  139.1503
6659.34713272934  157.6908
6659.58099453341  136.2854
6659.81485633748  113.3015
6660.04871814155  168.3789
6660.28257994562  109.9741
6660.51644174968  87.29667
6660.75030355375  140.717
6660.98416535782  132.5381
6661.21802716189  115.5197
6661.45188896596  104.6
6661.68575077003  141.6794
6661.9196125741  122.2766
6662.15347437816  119.6844
6662.38733618223  133.5068
6662.6211979863  115.362
6662.85505979037  115.6967
6663.08892159444  148.7139
6663.32278339851  110.6885
6663.55664520258  118.8288
6663.79050700665  147.407
6664.02436881071  118.0214
6664.25823061478  106.9223
6664.49209241885  129.6152
6664.72595422292  114.964
6664.95981602699  123.8412
6665.19367783106  88.84712
6665.42753963513  105.577
6665.66140143919  117.2147
6665.89526324326  79.74165
6666.12912504733  109.8355
6666.3629868514  99.72794
6666.59684865547  139.8568
6666.83071045954  88.83447
6667.06457226361  93.95054
6667.29843406767  107.8652
6667.53229587174  101.4496
6667.76615767581  113.6416
6668.00001947988  115.7132
6668.23388128395  110.1614
6668.46774308802  118.3827
6668.70160489209  111.554
6668.93546669616  105.5497
6669.16932850022  119.7742
6669.40319030429  93.49302
6669.63705210836  69.59113
6669.87091391243  95.62023
6670.1047757165  96.4949
6670.33863752057  71.41518
6670.57249932464  105.7088
6670.80636112871  109.7272
6671.04022293277  91.4397
6671.27408473684  65.973
6671.50794654091  91.701
6671.74180834498  95.93235
6671.97567014905  81.94698
6672.20953195312  93.62934
6672.44339375719  89.04324
6672.67725556126  70.3537
6672.91111736532  87.37518
6673.14497916939  96.09446
6673.37884097346  84.45889
6673.61270277753  112.0309
6673.8465645816  81.58022
6674.08042638567  68.05256
6674.31428818973  53.43712
6674.5481499938  88.52257
6674.78201179787  76.10217
6675.01587360194  96.28419
6675.24973540601  62.32184
6675.48359721008  55.57444
6675.71745901415  75.34026
6675.95132081821  31.65825
6676.18518262228  60.71511
6676.41904442635  71.76812
6676.65290623042  76.40216
6676.88676803449  42.90572
6677.12062983856  75.22744
6677.35449164262  71.51421
6677.58835344669  37.42607
6677.82221525076  79.11607
6678.05607705483  65.48032
6678.2899388589  52.89105
6678.52380066297  59.74508
6678.75766246704  95.55617
6678.99152427111  9.390039
6679.22538607517  62.25045
6679.45924787924  28.61219
6679.69310968331  54.35305
6679.92697148738  57.47584
6680.16083329145  74.34808
6680.39469509552  33.79389
6680.62855689959  24.56054
6680.86241870366  27.29787
6681.09628050773  56.57168
6681.33014231179  47.98397
6681.56400411586  66.10275
6681.79786591993  61.28844
6682.031727724  57.85953
6682.26558952807  79.20236
6682.49945133214  81.0388
6682.73331313621  54.83193
6682.96717494027  51.22689
6683.20103674434  32.01992
6683.43489854841  45.50401
6683.66876035248  36.19319
6683.90262215655  37.57735
6684.13648396062  28.98399
6684.37034576469  38.73105
6684.60420756875  49.64846
6684.83806937282  40.99463
6685.07193117689  23.13525
6685.30579298096  54.21032
6685.53965478503  65.7701
6685.7735165891  29.33634
6686.00737839317  50.83008
6686.24124019724  71.38751
6686.4751020013  28.90976
6686.70896380537  59.50835
6686.94282560944  40.21891
6687.17668741351  7.350871
6687.41054921758  35.53631
6687.64441102165  46.08973
6687.87827282572  39.92514
6688.11213462978  31.06483
6688.34599643385  17.92522
6688.57985823792  42.84539
6688.81372004199  36.2184
6689.04758184606  18.47848
6689.28144365013  7.614717
6689.5153054542  35.09032
6689.74916725826  45.50724
6689.98302906233  -1.302279
6690.2168908664  33.46135
6690.45075267047  18.92373
6690.68461447454  -2.122645
6690.91847627861  21.74492
6691.15233808268  18.71771
6691.38619988675  37.80178
6691.62006169081  7.775148
6691.85392349488  23.35508
6692.08778529895  -24.97188
6692.32164710302  3.856877
