6453.1267305905  67.60146
6453.36054939654  58.50489
6453.59436820258  67.45536
6453.82818700863  90.86342
6454.06200581467  95.59854
6454.29582462071  82.22475
6454.52964342675  94.22082
6454.7634622328  69.21221
6454.99728103884  58.77197
6455.23109984488  89.28657
6455.46491865092  79.16989
6455.69873745697  99.33708
6455.93255626301  69.64721
6456.16637506905  67.34845
6456.40019387509  91.79672
6456.63401268114  74.87341
6456.86783148718  73.23711
6457.10165029322  73.20007
6457.33546909926  88.54638
6457.56928790531  73.6555
6457.80310671135  72.76252
6458.03692551739  80.03605
6458.27074432343  51.1773
6458.50456312948  74.40467
6458.73838193552  122.9012
6458.97220074156  108.7156
6459.2060195476  112.5097
6459.43983835364  127.8702
6459.67365715969  117.2312
6459.90747596573  84.86105
6460.14129477177  92.3706
6460.37511357781  83.44172
6460.60893238386  64.82156
6460.8427511899  55.6672
6461.07656999594  98.55387
6461.31038880198  135.1949
6461.54420760802  101.1473
6461.77802641407  79.96279
6462.01184522011  80.49874
6462.24566402615  117.1119
6462.47948283219  86.66941
6462.71330163824  77.82705
6462.94712044428  97.93809
6463.18093925032  96.33514
6463.41475805636  84.88142
6463.64857686241  81.39351
6463.88239566845  91.12448
6464.11621447449  78.24013
6464.35003328053  82.82011
6464.58385208657  103.9711
6464.81767089262  95.88425
6465.05148969866  112.8186
6465.2853085047  119.1219
6465.51912731074  115.4763
6465.75294611679  121.2385
6465.98676492283  76.82025
6466.22058372887  102.3865
6466.45440253491  82.29591
6466.68822134096  65.64321
6466.922040147  112.6995
6467.15585895304  133.6615
6467.38967775908  125.9195
6467.62349656513  125.8096
6467.85731537117  134.0813
6468.09113417721  142.1467
6468.32495298325  143.0485
6468.5587717893  151.3439
6468.79259059534  117.7303
6469.02640940138  133.1409
6469.26022820742  128.1122
6469.49404701346  151.6791
6469.72786581951  110.9166
6469.96168462555  100.4621
6470.19550343159  122.1821
6470.42932223763  121.1747
6470.66314104368  103.1299
6470.89695984972  91.35782
6471.13077865576  112.0358
6471.3645974618  126.3123
6471.59841626784  112.1405
6471.83223507389  128.1548
6472.06605387993  131.9967
6472.29987268597  157.7959
6472.53369149201  162.8941
6472.76751029806  98.39516
6473.0013291041  125.7202
6473.23514791014  126.6637
6473.46896671618  125.2611
6473.70278552223  148.3343
6473.93660432827  144.7589
6474.17042313431  130.3217
6474.40424194035  135.2645
6474.6380607464  130.0565
6474.87187955244  108.5979
6475.10569835848  103.856
6475.33951716452  128.5034
6475.57333597056  149.0457
6475.80715477661  114.3652
6476.04097358265  163.8484
6476.27479238869  133.1506
6476.50861119473  171.9097
6476.74243000078  171.0918
6476.97624880682  134.6459
6477.21006761286  177.6031
6477.4438864189  150.326
6477.67770522495  115.6401
6477.91152403099  146.5853
6478.14534283703  136.5806
6478.37916164307  114.4254
6478.61298044911  111.9417
6478.84679925516  115.255
6479.0806180612  142.2285
6479.31443686724  99.48045
6479.54825567328  124.8013
6479.78207447933  138.3725
6480.01589328537  156.5784
6480.24971209141  181.2621
6480.48353089745  161.5648
6480.7173497035  116.8322
6480.95116850954  146.0254
6481.18498731558  147.9054
6481.41880612162  126.525
6481.65262492767  123.0497
6481.88644373371  126.3564
6482.12026253975  168.257
6482.35408134579  179.0609
6482.58790015184  159.5069
6482.82171895788  161.5369
6483.05553776392  136.0607
6483.28935656996  143.9017
6483.52317537601  123.817
6483.75699418205  153.4974
6483.99081298809  148.2733
6484.22463179413  120.173
6484.45845060017  138.1847
6484.69226940622  149.8191
6484.92608821226  135.2615
6485.1599070183  119.9442
6485.39372582434  131.5001
6485.62754463039  147.2433
6485.86136343643  135.5654
6486.09518224247  149.4319
6486.32900104851  187.9833
6486.56281985455  188.9219
6486.7966386606  161.9136
6487.03045746664  150.706
6487.26427627268  175.4035
6487.49809507872  158.7387
6487.73191388477  178.3006
6487.96573269081  143.8421
6488.19955149685  135.1642
6488.43337030289  141.8236
6488.66718910894  138.0673
6488.90100791498  149.5322
6489.13482672102  171.3878
6489.36864552706  149.3547
6489.60246433311  145.6075
6489.83628313915  190.2803
6490.07010194519  168.7534
6490.30392075123  162.0594
6490.53773955727  184.6998
6490.77155836332  167.6161
6491.00537716936  143.2629
6491.2391959754  145.1731
6491.47301478144  163.5634
6491.70683358748  162.5284
6491.94065239353  175.3852
6492.17447119957  179.3666
6492.40829000561  160.0741
6492.64210881165  154.7945
6492.8759276177  156.9437
6493.10974642374  154.2206
6493.34356522978  148.7853
6493.57738403582  160.6931
6493.81120284187  181.6053
6494.04502164791  153.1662
6494.27884045395  141.6987
6494.51265925999  189.0309
6494.74647806603  156.1301
6494.98029687208  156.7451
6495.21411567812  196.926
6495.44793448416  164.2739
6495.6817532902  168.847
6495.91557209625  176.3574
6496.14939090229  157.2913
6496.38320970833  171.4878
6496.61702851437  198.2541
6496.85084732042  171.9533
6497.08466612646  170.278
6497.3184849325  147.2505
6497.55230373854  137.3121
6497.78612254458  193.9138
6498.01994135063  194.7502
6498.25376015667  157.1795
6498.48757896271  149.7466
6498.72139776875  193.8641
6498.9552165748  194.3153
6499.18903538084  168.4914
6499.42285418688  165.2538
6499.65667299292  160.1065
6499.89049179897  160.356
6500.12431060501  179.9239
6500.35812941105  180.3633
6500.59194821709  178.8598
6500.82576702314  205.6307
6501.05958582918  166.093
6501.29340463522  151.1256
6501.52722344126  147.0385
6501.76104224731  150.4405
6501.99486105335  203.9503
6502.22867985939  214.6653
6502.46249866543  180.1901
6502.69631747148  160.1148
6502.93013627752  149.03
6503.16395508356  150.2624
6503.3977738896  177.7367
6503.63159269565  182.5586
6503.86541150169  166.8991
6504.09923030773  193.2965
6504.33304911377  223.4995
6504.56686791981  191.8459
6504.80068672586  183.8667
6505.0345055319  191.2178
6505.26832433794  166.0159
6505.50214314398  196.4904
6505.73596195003  190.2583
6505.96978075607  165.2093
6506.20359956211  181.4662
6506.43741836815  187.1641
6506.67123717419  182.0677
6506.90505598024  189.358
6507.13887478628  184.9138
6507.37269359232  171.1992
6507.60651239836  167.4022
6507.84033120441  147.847
6508.07415001045  178.1374
6508.30796881649  209.2691
6508.54178762253  199.5179
6508.77560642857  194.4843
6509.00942523462  158.7202
6509.24324404066  160.331
6509.4770628467  177.6557
6509.71088165274  172.1319
6509.94470045879  185.4143
6510.17851926483  213.4548
6510.41233807087  192.0421
6510.64615687691  170.7329
6510.87997568296  194.4701
6511.113794489  222.8956
6511.34761329504  189.709
6511.58143210108  162.8022
6511.81525090713  200.2926
6512.04906971317  204.6411
6512.28288851921  186.8822
6512.51670732525  183.1369
6512.7505261313  170.5342
6512.98434493734  181.7417
6513.21816374338  207.9796
6513.45198254942  204.7484
6513.68580135546  235.1664
6513.91962016151  187.7052
6514.15343896755  160.8008
6514.38725777359  157.9329
6514.62107657963  194.9114
6514.85489538568  200.7578
6515.08871419172  224.1919
6515.32253299776  232.3795
6515.5563518038  185.8793
6515.79017060984  165.3335
6516.02398941589  178.518
6516.25780822193  199.8434
6516.49162702797  193.3797
6516.72544583401  157.791
6516.95926464006  167.7716
6517.1930834461  198.9287
6517.42690225214  193.1881
6517.66072105818  202.128
6517.89453986423  216.4911
6518.12835867027  188.2238
6518.36217747631  204.612
6518.59599628235  207.7232
6518.8298150884  183.4291
6519.06363389444  191.2702
6519.29745270048  224.9809
6519.53127150652  184.5127
6519.76509031257  168.0587
6519.99890911861  183.9535
6520.23272792465  178.8756
6520.46654673069  203.1551
6520.70036553674  178.2713
6520.93418434278  170.4244
6521.16800314882  168.9376
6521.40182195486  186.4231
6521.6356407609  219.9992
6521.86945956695  200.0537
6522.10327837299  190.326
6522.33709717903  223.1663
6522.57091598507  209.7672
6522.80473479111  189.7233
6523.03855359716  227.8825
6523.2723724032  227.4087
6523.50619120924  192.1195
6523.74001001528  198.5423
6523.97382882133  184.4854
6524.20764762737  190.9164
6524.44146643341  207.5361
6524.67528523945  214.3937
6524.9091040455  188.213
6525.14292285154  182.0716
6525.37674165758  215.1125
6525.61056046362  188.6947
6525.84437926967  194.0146
6526.07819807571  175.3055
6526.31201688175  202.2012
6526.54583568779  218.4381
6526.77965449384  191.7725
6527.01347329988  171.1077
6527.24729210592  191.976
6527.48111091196  203.29
6527.71492971801  215.3484
6527.94874852405  199.4802
6528.18256733009  195.7213
6528.41638613613  215.3387
6528.65020494217  195.9439
6528.88402374822  191.8997
6529.11784255426  208.9382
6529.3516613603  224.2539
6529.58548016634  213.3015
6529.81929897239  212.7248
6530.05311777843  207.6286
6530.28693658447  237.9474
6530.52075539051  223.9589
6530.75457419656  206.9943
6530.9883930026  202.1761
6531.22221180864  204.0848
6531.45603061468  251.5523
6531.68984942072  186.1401
6531.92366822677  170.4799
6532.15748703281  200.1714
6532.39130583885  204.8047
6532.62512464489  244.0747
6532.85894345094  242.0895
6533.09276225698  281.6906
6533.32658106302  224.4317
6533.56039986906  182.1381
6533.79421867511  225.9158
6534.02803748115  238.0638
6534.26185628719  223.3712
6534.49567509323  235.9974
6534.72949389928  265.4929
6534.96331270532  251.5859
6535.19713151136  212.589
6535.4309503174  215.0239
6535.66476912344  213.0854
6535.89858792949  215.0237
6536.13240673553  232.5936
6536.36622554157  224.8534
6536.60004434761  256.069
6536.83386315366  245.5313
6537.0676819597  230.476
6537.30150076574  208.4998
6537.53531957178  226.7451
6537.76913837782  225.2584
6538.00295718387  209.2984
6538.23677598991  245.141
6538.47059479595  239.845
6538.70441360199  245.237
6538.93823240803  251.1033
6539.17205121408  237.2296
6539.40587002012  259.7573
6539.63968882616  246.2747
6539.8735076322  234.7009
6540.10732643825  232.3581
6540.34114524429  217.861
6540.57496405033  203.1176
6540.80878285637  220.0857
6541.04260166242  238.5328
6541.27642046846  252.1371
6541.5102392745  263.2836
6541.74405808054  262.2377
6541.97787688659  247.0441
6542.21169569263  246.1608
6542.44551449867  247.6178
6542.67933330471  242.5911
6542.91315211075  253.0754
6543.1469709168  258.8405
6543.38078972284  264.0186
6543.61460852888  274.9174
6543.84842733492  266.9485
6544.08224614097  278.7419
6544.31606494701  273.2929
6544.54988375305  252.107
6544.78370255909  310.9421
6545.01752136514  305.8792
6545.25134017118  296.5013
6545.48515897722  277.191
6545.71897778326  258.3607
6545.95279658931  280.5858
6546.18661539535  301.4978
6546.42043420139  294.3155
6546.65425300743  296.3939
6546.88807181348  311.8056
6547.12189061952  316.1693
6547.35570942556  299.7444
6547.5895282316  302.7101
6547.82334703765  286.3457
6548.05716584369  318.5751
6548.29098464973  301.2381
6548.52480345577  316.7357
6548.75862226181  311.6396
6548.99244106786  312.1037
6549.2262598739  277.6682
6549.46007867994  298.5791
6549.69389748598  328.5156
6549.92771629203  336.636
6550.16153509807  322.1443
6550.39535390411  323.9835
6550.62917271015  348.5517
6550.8629915162  360.8931
6551.09681032224  372.9451
6551.33062912828  369.7241
6551.56444793432  342.2535
6551.79826674036  368.0722
6552.03208554641  416.3659
6552.26590435245  384.4967
6552.49972315849  364.1751
6552.73354196453  389.9417
6552.96736077058  403.5097
6553.20117957662  411.5324
6553.43499838266  384.8926
6553.6688171887  368.6715
6553.90263599474  404.7289
6554.13645480079  413.4576
6554.37027360683  393.656
6554.60409241287  385.8823
6554.83791121891  378.6936
6555.07173002496  396.3251
6555.305548831  353.3404
6555.53936763704  369.1302
6555.77318644308  407.9364
6556.00700524913  389.8225
6556.24082405517  351.3788
6556.47464286121  328.7097
6556.70846166725  370.499
6556.9422804733  395.1698
6557.17609927934  389.813
6557.40991808538  391.472
6557.64373689142  354.9658
6557.87755569746  328.1498
6558.11137450351  366.8116
6558.34519330955  349.5637
6558.57901211559  336.3844
6558.81283092163  323.4909
6559.04664972768  314.6158
6559.28046853372  324.0449
6559.51428733976  331.7492
6559.7481061458  314.953
6559.98192495184  275.2161
6560.21574375789  325.545
6560.44956256393  297.8674
6560.68338136997  319.9485
6560.91720017601  315.5754
6561.15101898206  266.6452
6561.3848377881  280.9902
6561.61865659414  328.9176
6561.85247540018  341.8755
6562.08629420623  305.9848
6562.32011301227  348.9756
6562.55393181831  368.6657
6562.78775062435  382.2315
6563.0215694304  328.6601
6563.25538823644  336.6636
6563.48920704248  334.6352
6563.72302584852  292.3617
6563.95684465457  326.6673
6564.19066346061  356.2039
6564.42448226665  327.9789
6564.65830107269  312.2698
6564.89211987874  314.9295
6565.12593868478  332.8876
6565.35975749082  359.2534
6565.59357629686  340.2375
6565.8273951029  341.5246
6566.06121390895  319.9986
6566.29503271499  296.3728
6566.52885152103  296.4015
6566.76267032707  316.1494
6566.99648913312  299.0288
6567.23030793916  274.4885
6567.4641267452  256.9411
6567.69794555124  261.4194
6567.93176435728  279.9604
6568.16558316333  256.7051
6568.39940196937  310.3756
6568.63322077541  319.09
6568.86703958145  270.9278
6569.1008583875  282.5933
6569.33467719354  276.7235
6569.56849599958  263.8847
6569.80231480562  258.3172
6570.03613361167  255.3054
6570.26995241771  270.5085
6570.50377122375  280.6299
6570.73759002979  271.0519
6570.97140883584  249.6805
6571.20522764188  236.8898
6571.43904644792  252.9135
6571.67286525396  256.503
6571.90668406  271.6482
6572.14050286605  269.0504
6572.37432167209  262.1163
6572.60814047813  282.9025
6572.84195928417  254.4985
6573.07577809022  256.8235
6573.30959689626  308.0831
6573.5434157023  293.5038
6573.77723450834  275.4336
6574.01105331439  264.1304
6574.24487212043  260.5381
6574.47869092647  281.408
6574.71250973251  282.4388
6574.94632853856  229.886
6575.1801473446  261.758
6575.41396615064  255.6149
6575.64778495668  247.0763
6575.88160376272  251.6441
6576.11542256877  277.2604
6576.34924137481  261.8495
6576.58306018085  278.2214
6576.81687898689  240.6191
6577.05069779294  230.876
6577.28451659898  265.9031
6577.51833540502  259.8514
6577.75215421106  263.5648
6577.98597301711  241.768
6578.21979182315  241.4405
6578.45361062919  234.8784
6578.68742943523  253.7882
6578.92124824128  232.3242
6579.15506704732  204.1447
6579.38888585336  231.1662
6579.6227046594  235.666
6579.85652346544  206.0108
6580.09034227149  245.3946
6580.32416107753  225.6433
6580.55797988357  224.4594
6580.79179868961  219.4342
6581.02561749566  226.7968
6581.2594363017  243.2813
6581.49325510774  226.3487
6581.72707391378  215.7366
6581.96089271982  249.0183
6582.19471152587  223.6065
6582.42853033191  210.5195
6582.66234913795  232.4322
6582.89616794399  232.7343
6583.12998675004  268.1411
6583.36380555608  266.777
6583.59762436212  209.3909
6583.83144316816  236.8078
6584.06526197421  221.3667
6584.29908078025  261.168
6584.53289958629  250.5171
6584.76671839233  204.4847
6585.00053719837  219.4043
6585.23435600442  231.7252
6585.46817481046  215.2897
6585.7019936165  226.9682
6585.93581242254  249.0266
6586.16963122859  188.3592
6586.40345003463  211.7575
6586.63726884067  261.2142
6586.87108764671  272.392
6587.10490645276  224.2787
6587.3387252588  231.1734
6587.57254406484  229.5739
6587.80636287088  210.0602
6588.04018167693  204.4387
6588.27400048297  198.5882
6588.50781928901  208.032
6588.74163809505  220.4394
6588.97545690109  188.2157
6589.20927570714  196.278
6589.44309451318  223.2187
6589.67691331922  207.8349
6589.91073212526  220.6935
6590.14455093131  234.3604
6590.37836973735  227.358
6590.61218854339  214.5747
6590.84600734943  227.6952
6591.07982615548  212.1395
6591.31364496152  215.0543
6591.54746376756  226.6857
6591.7812825736  221.5316
6592.01510137965  215.0434
6592.24892018569  263.3289
6592.48273899173  226.0587
6592.71655779777  180.7377
6592.95037660381  215.9866
6593.18419540986  216.5352
6593.4180142159  218.9093
6593.65183302194  225.1629
6593.88565182798  214.0843
6594.11947063403  212.8543
6594.35328944007  214.1687
6594.58710824611  234.5849
6594.82092705215  241.3677
6595.0547458582  248.5247
6595.28856466424  239.8068
6595.52238347028  221.2704
6595.75620227632  207.741
6595.99002108236  205.3021
6596.22383988841  214.4386
6596.45765869445  217.6794
6596.69147750049  185.9491
6596.92529630653  207.8405
6597.15911511258  214.673
6597.39293391862  180.9126
6597.62675272466  216.0058
6597.8605715307  209.8
6598.09439033675  197.0385
6598.32820914279  240.9505
6598.56202794883  223.748
6598.79584675487  173.464
6599.02966556092  182.955
6599.26348436696  194.4761
6599.497303173  199.4526
6599.73112197904  222.8019
6599.96494078508  237.6803
6600.19875959113  187.978
6600.43257839717  179.9373
6600.66639720321  211.635
6600.90021600925  206.7096
6601.1340348153  198.0682
6601.36785362134  192.4344
6601.60167242738  195.4063
6601.83549123342  206.7108
6602.06931003947  238.1805
6602.30312884551  208.7607
6602.53694765155  186.6333
6602.77076645759  229.6437
6603.00458526363  253.6375
6603.23840406968  245.5865
6603.47222287572  222.0612
6603.70604168176  216.3312
6603.9398604878  245.1465
6604.17367929385  224.7687
6604.40749809989  202.4744
6604.64131690593  177.5988
6604.87513571197  194.4224
6605.10895451801  212.1009
6605.34277332406  242.1932
6605.5765921301  229.2911
6605.81041093614  194.4323
6606.04422974218  190.0384
6606.27804854823  194.1967
6606.51186735427  160.0121
6606.74568616031  199.1396
6606.97950496635  185.8711
6607.2133237724  210.7351
6607.44714257844  206.3083
6607.68096138448  172.4699
6607.91478019052  136.2153
6608.14859899657  193.601
6608.38241780261  212.0566
6608.61623660865  182.498
6608.85005541469  204.4324
6609.08387422074  207.7057
6609.31769302678  182.3199
6609.55151183282  184.8131
6609.78533063886  215.3185
6610.0191494449  245.6211
6610.25296825095  184.7178
6610.48678705699  170.2575
6610.72060586303  189.0899
6610.95442466907  153.8045
6611.18824347512  188.5115
6611.42206228116  227.6478
6611.6558810872  204.7552
6611.88969989324  215.972
6612.12351869928  210.7251
6612.35733750533  177.5497
6612.59115631137  180.4973
6612.82497511741  179.6371
6613.05879392345  192.7545
6613.2926127295  207.7058
6613.52643153554  227.9459
6613.76025034158  176.2248
6613.99406914762  177.2592
6614.22788795367  204.0645
6614.46170675971  192.2704
6614.69552556575  167.5392
6614.92934437179  192.0875
6615.16316317784  211.4689
6615.39698198388  186.6097
6615.63080078992  152.8597
6615.86461959596  220.2679
6616.098438402  179.5547
6616.33225720805  181.2482
6616.56607601409  149.6927
6616.79989482013  199.3993
6617.03371362617  220.09
6617.26753243222  189.0992
6617.50135123826  211.0473
6617.7351700443  197.377
6617.96898885034  164.3235
6618.20280765639  176.5325
6618.43662646243  191.2003
6618.67044526847  200.6467
6618.90426407451  177.6851
6619.13808288056  185.7058
6619.3719016866  198.7143
6619.60572049264  187.4023
6619.83953929868  196.6662
6620.07335810472  213.5911
6620.30717691077  185.2237
6620.54099571681  185.3405
6620.77481452285  149.2085
6621.00863332889  186.6125
6621.24245213494  204.0302
6621.47627094098  165.7345
6621.71008974702  183.2385
6621.94390855306  219.5904
6622.17772735911  177.4033
6622.41154616515  191.236
6622.64536497119  172.0871
6622.87918377723  202.2634
6623.11300258328  172.7651
6623.34682138932  164.5755
6623.58064019536  141.153
6623.8144590014  191.5989
6624.04827780744  177.6597
6624.28209661349  147.2624
6624.51591541953  197.623
6624.74973422557  214.9043
6624.98355303161  184.1513
6625.21737183766  170.5638
6625.4511906437  189.6986
6625.68500944974  177.6772
6625.91882825578  159.3544
6626.15264706182  180.2467
6626.38646586787  171.7268
6626.62028467391  149.5725
6626.85410347995  194.2889
6627.08792228599  233.3212
6627.32174109204  173.4705
6627.55555989808  185.9431
6627.78937870412  170.4419
6628.02319751016  140.7928
6628.25701631621  164.1518
6628.49083512225  170.6654
6628.72465392829  177.5565
6628.95847273433  171.5352
6629.19229154038  169.1113
6629.42611034642  183.3664
6629.65992915246  167.9933
6629.8937479585  144.2623
6630.12756676454  154.9522
6630.36138557059  172.1416
6630.59520437663  204.3581
6630.82902318267  178.08
6631.06284198871  146.2575
6631.29666079476  175.7
6631.5304796008  161.2023
6631.76429840684  143.8923
6631.99811721288  139.4336
6632.23193601893  138.3881
6632.46575482497  151.9042
6632.69957363101  178.7845
6632.93339243705  173.8344
6633.16721124309  161.547
6633.40103004914  170.2378
6633.63484885518  151.6542
6633.86866766122  152.9501
6634.10248646726  144.8802
6634.33630527331  144.2093
6634.57012407935  154.5707
6634.80394288539  159.3073
6635.03776169143  150.664
6635.27158049748  135.7201
6635.50539930352  135.3491
6635.73921810956  149.3794
6635.9730369156  185.4818
6636.20685572165  134.7575
6636.44067452769  137.5674
6636.67449333373  183.0185
6636.90831213977  183.2073
6637.14213094582  205.301
6637.37594975186  159.2597
6637.6097685579  130.6726
6637.84358736394  148.4229
6638.07740616998  144.6024
6638.31122497603  197.367
6638.54504378207  187.088
6638.77886258811  185.926
6639.01268139415  165.4903
6639.2465002002  181.2213
6639.48031900624  171.7074
6639.71413781228  167.0606
6639.94795661832  158.0777
6640.18177542436  210.2544
6640.41559423041  183.5422
6640.64941303645  176.4087
6640.88323184249  186.1924
6641.11705064853  159.556
6641.35086945458  132.9581
6641.58468826062  109.2803
6641.81850706666  163.1885
6642.0523258727  174.4829
6642.28614467875  155.6295
6642.51996348479  181.4347
6642.75378229083  177.6894
6642.98760109687  166.0748
6643.22141990292  161.6324
6643.45523870896  134.2109
6643.689057515  111.8481
6643.92287632104  153.9965
6644.15669512709  156.0833
6644.39051393313  138.6427
6644.62433273917  174.7485
6644.85815154521  121.4003
6645.09197035126  135.5657
6645.3257891573  135.5903
6645.55960796334  163.572
6645.79342676938  156.4185
6646.02724557542  144.6431
6646.26106438147  147.74
6646.49488318751  152.7004
6646.72870199355  150.3375
6646.96252079959  142.2756
6647.19633960563  157.0058
6647.43015841168  153.6403
6647.66397721772  140.0923
6647.89779602376  130.181
6648.1316148298  143.8046
6648.36543363585  136.523
6648.59925244189  119.6565
6648.83307124793  140.4911
6649.06689005397  143.2596
6649.30070886002  148.6841
6649.53452766606  175.5363
6649.7683464721  128.4611
6650.00216527814  124.0493
6650.23598408419  134.2808
6650.46980289023  134.6572
6650.70362169627  141.56
6650.93744050231  131.1867
6651.17125930835  137.6726
6651.4050781144  142.2963
6651.63889692044  137.5203
6651.87271572648  128.7707
6652.10653453252  137.456
6652.34035333857  152.2685
6652.57417214461  129.9714
6652.80799095065  133.1205
6653.04180975669  171.7073
6653.27562856274  130.3749
6653.50944736878  120.1761
6653.74326617482  104.6228
6653.97708498086  159.2362
6654.2109037869  143.3698
6654.44472259295  116.4211
6654.67854139899  156.5232
6654.91236020503  115.5221
6655.14617901107  119.8612
6655.37999781712  113.9017
6655.61381662316  92.99898
6655.8476354292  115.6295
6656.08145423524  136.5269
6656.31527304129  134.567
6656.54909184733  110.2557
6656.78291065337  105.908
6657.01672945941  135.8688
6657.25054826545  124.2611
6657.4843670715  135.5793
6657.71818587754  120.0066
6657.95200468358  131.8753
6658.18582348962  126.6267
6658.41964229567  137.4957
6658.65346110171  131.1827
6658.88727990775  131.7242
6659.12109871379  105.8023
6659.35491751984  119.2189
6659.58873632588  111.1394
6659.82255513192  128.0598
6660.05637393796  115.3147
6660.29019274401  109.1791
6660.52401155005  110.4767
6660.75783035609  95.79385
6660.99164916213  131.8307
6661.22546796818  108.8037
6661.45928677422  102.2154
6661.69310558026  101.0319
6661.9269243863  69.25977
6662.16074319234  95.94724
6662.39456199839  135.1184
6662.62838080443  113.5681
6662.86219961047  100.451
6663.09601841651  95.48479
6663.32983722256  106.8538
6663.5636560286  96.24137
6663.79747483464  97.60207
6664.03129364068  65.76492
6664.26511244672  64.82179
6664.49893125277  96.23686
6664.73275005881  93.27523
6664.96656886485  97.19101
6665.20038767089  94.02854
6665.43420647694  79.67651
6665.66802528298  92.22378
6665.90184408902  95.40111
6666.13566289506  79.47768
6666.36948170111  63.99727
6666.60330050715  81.70103
6666.83711931319  101.4038
6667.07093811923  86.66747
6667.30475692528  110.5294
6667.53857573132  114.0186
6667.77239453736  61.18409
6668.0062133434  50.65466
6668.24003214944  88.31985
6668.47385095549  104.4595
6668.70766976153  110.1456
6668.94148856757  81.3844
6669.17530737361  66.35272
6669.40912617966  56.98179
6669.6429449857  62.47617
6669.87676379174  81.37416
6670.11058259778  88.73133
6670.34440140382  83.12573
6670.57822020987  74.12712
6670.81203901591  72.9636
6671.04585782195  72.94144
6671.27967662799  83.25815
6671.51349543404  52.60781
6671.74731424008  84.25707
6671.98113304612  77.92884
6672.21495185216  49.21918
6672.44877065821  90.25988
6672.68258946425  54.98273
6672.91640827029  79.11588
6673.15022707633  62.93409
6673.38404588238  60.67812
6673.61786468842  52.9853
6673.85168349446  62.72023
6674.0855023005  102.4676
6674.31932110654  63.2967
6674.55313991259  84.40506
6674.78695871863  75.23392
6675.02077752467  38.35401
6675.25459633071  62.61697
6675.48841513676  88.39935
6675.7222339428  50.55653
6675.95605274884  56.16289
6676.18987155488  11.53825
6676.42369036093  25.45118
6676.65750916697  58.98859
6676.89132797301  85.56172
6677.12514677905  66.22358
6677.35896558509  51.05846
6677.59278439114  34.74137
6677.82660319718  76.00816
6678.06042200322  78.99191
6678.29424080926  29.41425
6678.52805961531  20.1305
6678.76187842135  30.5537
6678.99569722739  24.41785
6679.22951603343  24.31152
6679.46333483948  37.06396
6679.69715364552  48.63493
6679.93097245156  46.64078
6680.1647912576  32.11526
6680.39861006365  40.9631
6680.63242886969  34.62891
6680.86624767573  82.11113
6681.10006648177  50.07697
6681.33388528782  68.46001
6681.56770409386  54.2531
6681.8015228999  -8.776956
6682.03534170594  48.29077
6682.26916051198  44.25047
6682.50297931803  39.05236
6682.73679812407  38.81316
6682.97061693011  27.67207
6683.20443573615  4.383314
6683.4382545422  51.43065
6683.67207334824  8.378321
6683.90589215428  38.18524
6684.13971096032  0.1291165
6684.37352976636  24.6256
6684.60734857241  44.30297
6684.84116737845  36.70831
6685.07498618449  21.7278
6685.30880499053  37.29622
6685.54262379658  40.41473
6685.77644260262  66.63776
6686.01026140866  19.87253
6686.2440802147  45.10245
6686.47789902075  49.56961
6686.71171782679  12.18154
6686.94553663283  7.431557
6687.17935543887  13.41361
6687.41317424492  21.84863
6687.64699305096  7.125232
6687.880811857  33.19958
6688.11463066304  17.52716
6688.34844946909  2.594812
6688.58226827513  20.98493
6688.81608708117  -2.652199
6689.04990588721  14.95373
6689.28372469326  -1.834788
6689.5175434993  14.28882
6689.75136230534  36.66022
6689.98518111138  14.07577
6690.21899991742  16.32764
6690.45281872347  5.84663
6690.68663752951  5.854147
6690.92045633555  3.064603
6691.15427514159  15.117
6691.38809394764  15.22903
6691.62191275368  2.143801
6691.85573155972  6.703308
6692.08955036576  8.664839
6692.3233691718  6.815538
