6452.7973093436  107.8023
6453.03126337399  105.4606
6453.26521740438  126.0903
6453.49917143478  127.2716
6453.73312546517  107.0081
6453.96707949556  121.0907
6454.20103352595  138.4991
6454.43498755634  114.1294
6454.66894158673  94.95163
6454.90289561712  111.279
6455.13684964752  114.4737
6455.37080367791  114.4534
6455.6047577083  133.5732
6455.83871173869  102.9914
6456.07266576908  148.4378
6456.30661979947  123.7869
6456.54057382987  124.6727
6456.77452786026  117.8437
6457.00848189065  103.5065
6457.24243592104  105.3925
6457.47638995143  102.0693
6457.71034398182  100.784
6457.94429801221  119.3396
6458.17825204261  135.6026
6458.412206073  128.8636
6458.64616010339  121.9151
6458.88011413378  148.0607
6459.11406816417  159.8134
6459.34802219456  128.6647
6459.58197622496  101.3949
6459.81593025535  108.8118
6460.04988428574  136.1348
6460.28383831613  156.8922
6460.51779234652  133.2486
6460.75174637691  107.0447
6460.9857004073  115.9154
6461.2196544377  139.8671
6461.45360846809  148.639
6461.68756249848  124.5231
6461.92151652887  117.1908
6462.15547055926  147.2155
6462.38942458965  179.3063
6462.62337862005  151.1896
6462.85733265044  136.0334
6463.09128668083  141.8104
6463.32524071122  173.7074
6463.55919474161  174.7071
6463.793148772  138.0835
6464.02710280239  141.8253
6464.26105683279  168.3277
6464.49501086318  153.0805
6464.72896489357  153.2521
6464.96291892396  176.7965
6465.19687295435  135.0769
6465.43082698474  129.2176
6465.66478101513  171.039
6465.89873504553  160.2786
6466.13268907592  174.7987
6466.36664310631  173.1406
6466.6005971367  188.6125
6466.83455116709  155.5461
6467.06850519748  154.4092
6467.30245922788  171.6395
6467.53641325827  147.2371
6467.77036728866  160.6531
6468.00432131905  176.6649
6468.23827534944  157.7023
6468.47222937983  187.3537
6468.70618341022  162.1574
6468.94013744062  166.341
6469.17409147101  174.6639
6469.4080455014  162.0217
6469.64199953179  170.4631
6469.87595356218  166.3131
6470.10990759257  186.8457
6470.34386162297  151.4135
6470.57781565336  173.2366
6470.81176968375  235.7471
6471.04572371414  217.833
6471.27967774453  184.4357
6471.51363177492  195.3798
6471.74758580531  217.5581
6471.98153983571  203.0582
6472.2154938661  194.2437
6472.44944789649  200.0177
6472.68340192688  196.983
6472.91735595727  197.7463
6473.15130998766  180.4758
6473.38526401806  123.2687
6473.61921804845  168.3894
6473.85317207884  194.5725
6474.08712610923  208.5835
6474.32108013962  184.3579
6474.55503417001  156.5215
6474.7889882004  197.5194
6475.0229422308  202.1137
6475.25689626119  192.7516
6475.49085029158  181.0306
6475.72480432197  183.8983
6475.95875835236  223.2442
6476.19271238275  209.8041
6476.42666641314  195.4248
6476.66062044354  214.2855
6476.89457447393  219.9599
6477.12852850432  221.2516
6477.36248253471  240.714
6477.5964365651  224.808
6477.8303905955  180.5169
6478.06434462589  164.495
6478.29829865628  213.702
6478.53225268667  255.4828
6478.76620671706  220.0458
6479.00016074745  199.219
6479.23411477784  182.6443
6479.46806880824  196.7123
6479.70202283863  186.4661
6479.93597686902  199.9796
6480.16993089941  239.6985
6480.4038849298  252.2155
6480.63783896019  206.3173
6480.87179299058  198.3691
6481.10574702098  204.1679
6481.33970105137  214.5151
6481.57365508176  225.8835
6481.80760911215  213.7863
6482.04156314254  212.2286
6482.27551717293  236.8478
6482.50947120332  261.4003
6482.74342523372  274.9633
6482.97737926411  250.6812
6483.2113332945  187.2022
6483.44528732489  194.0617
6483.67924135528  261.8985
6483.91319538567  294.722
6484.14714941606  246.8122
6484.38110344646  179.9252
6484.61505747685  216.8755
6484.84901150724  257.5601
6485.08296553763  239.2611
6485.31691956802  223.0887
6485.55087359842  228.7813
6485.78482762881  258.4654
6486.0187816592  272.7159
6486.25273568959  236.4733
6486.48668971998  224.6272
6486.72064375037  245.6404
6486.95459778076  252.2207
6487.18855181116  213.906
6487.42250584155  222.1583
6487.65645987194  220.9886
6487.89041390233  200.2186
6488.12436793272  219.8153
6488.35832196311  199.2889
6488.5922759935  199.3791
6488.82623002389  242.7736
6489.06018405429  246.2948
6489.29413808468  256.3309
6489.52809211507  274.1899
6489.76204614546  270.86
6489.99600017586  267.483
6490.22995420625  231.7192
6490.46390823664  227.4425
6490.69786226703  251.1736
6490.93181629742  210.041
6491.16577032781  208.1094
6491.3997243582  297.1493
6491.6336783886  228.2851
6491.86763241899  226.6928
6492.10158644938  237.758
6492.33554047977  250.8187
6492.56949451016  251.7487
6492.80344854055  199.9596
6493.03740257094  208.5861
6493.27135660134  259.7018
6493.50531063173  256.0442
6493.73926466212  257.8065
6493.97321869251  255.1683
6494.2071727229  214.4768
6494.44112675329  254.5762
6494.67508078368  305.8063
6494.90903481407  284.1286
6495.14298884447  302.4151
6495.37694287486  232.8043
6495.61089690525  246.4749
6495.84485093564  229.4244
6496.07880496604  247.8572
6496.31275899643  240.3532
6496.54671302682  286.3817
6496.78066705721  289.4118
6497.0146210876  228.1139
6497.24857511799  251.8071
6497.48252914838  290.3513
6497.71648317878  313.2522
6497.95043720917  304.0387
6498.18439123956  259.0466
6498.41834526995  220.504
6498.65229930034  173.9305
6498.88625333073  226.8166
6499.12020736112  227.8227
6499.35416139151  265.6386
6499.58811542191  295.1439
6499.8220694523  285.4825
6500.05602348269  286.8725
6500.28997751308  287.3505
6500.52393154347  267.7218
6500.75788557387  252.6322
6500.99183960426  271.7567
6501.22579363465  238.4566
6501.45974766504  233.6926
6501.69370169543  244.668
6501.92765572582  247.6077
6502.16160975621  273.6381
6502.39556378661  281.7029
6502.629517817  251.2778
6502.86347184739  259.6114
6503.09742587778  287.6479
6503.33137990817  251.7032
6503.56533393856  272.8633
6503.79928796895  254.5266
6504.03324199935  265.6025
6504.26719602974  274.1653
6504.50115006013  285.8225
6504.73510409052  264.3276
6504.96905812091  205.2653
6505.2030121513  302.617
6505.43696618169  318.4793
6505.67092021209  232.5536
6505.90487424248  241.6163
6506.13882827287  267.7825
6506.37278230326  293.8564
6506.60673633365  291.7984
6506.84069036404  248.1248
6507.07464439444  262.7065
6507.30859842483  293.2111
6507.54255245522  282.3
6507.77650648561  285.8005
6508.010460516  293.6999
6508.24441454639  301.8581
6508.47836857678  307.7741
6508.71232260718  262.5734
6508.94627663757  278.2086
6509.18023066796  237.5676
6509.41418469835  254.4921
6509.64813872874  278.6547
6509.88209275913  228.2143
6510.11604678953  239.6765
6510.35000081992  312.6524
6510.58395485031  321.6191
6510.8179088807  274.8901
6511.05186291109  294.6822
6511.28581694148  316.4517
6511.51977097187  313.4653
6511.75372500227  329.8345
6511.98767903266  349.3224
6512.22163306305  323.5205
6512.45558709344  272.6036
6512.68954112383  264.6939
6512.92349515422  256.7269
6513.15744918462  297.8329
6513.39140321501  316.1606
6513.6253572454  290.3999
6513.85931127579  293.3637
6514.09326530618  282.6351
6514.32721933657  312.2306
6514.56117336696  323.3934
6514.79512739736  318.0987
6515.02908142775  280.1978
6515.26303545814  300.4878
6515.49698948853  311.9548
6515.73094351892  276.2787
6515.96489754931  305.8379
6516.1988515797  302.5067
6516.4328056101  276.094
6516.66675964049  291.519
6516.90071367088  279.8195
6517.13466770127  261.4288
6517.36862173166  281.924
6517.60257576206  297.5756
6517.83652979245  281.4374
6518.07048382284  275.9263
6518.30443785323  330.8304
6518.53839188362  356.8922
6518.77234591401  297.0151
6519.0062999444  268.2293
6519.2402539748  310.7259
6519.47420800519  291.2119
6519.70816203558  294.2203
6519.94211606597  291.3448
6520.17607009636  287.557
6520.41002412675  297.9733
6520.64397815715  306.1741
6520.87793218754  302.8815
6521.11188621793  335.3763
6521.34584024832  357.4255
6521.57979427871  339.1392
6521.8137483091  307.2909
6522.04770233949  314.1765
6522.28165636988  309.6986
6522.51561040028  297.1681
6522.74956443067  302.7436
6522.98351846106  322.5016
6523.21747249145  355.9483
6523.45142652184  321.5774
6523.68538055223  293.5981
6523.91933458263  322.4617
6524.15328861302  320.1844
6524.38724264341  357.4723
6524.6211966738  307.3596
6524.85515070419  309.6676
6525.08910473458  351.7691
6525.32305876498  340.5627
6525.55701279537  343.3104
6525.79096682576  341.3737
6526.02492085615  348.15
6526.25887488654  319.8316
6526.49282891693  313.8995
6526.72678294732  300.1601
6526.96073697772  304.4311
6527.19469100811  352.8641
6527.4286450385  348.9913
6527.66259906889  328.0826
6527.89655309928  299.5944
6528.13050712967  286.2901
6528.36446116006  315.4875
6528.59841519046  359.1505
6528.83236922085  362.889
6529.06632325124  374.4044
6529.30027728163  352.5417
6529.53423131202  314.918
6529.76818534241  363.0395
6530.00213937281  318.1185
6530.2360934032  305.4116
6530.47004743359  342.7131
6530.70400146398  349.0104
6530.93795549437  335.9686
6531.17190952476  324.1464
6531.40586355516  313.6512
6531.63981758555  327.8703
6531.87377161594  310.2993
6532.10772564633  325.2483
6532.34167967672  362.5417
6532.57563370711  351.1341
6532.8095877375  368.7597
6533.0435417679  347.0381
6533.27749579829  321.9786
6533.51144982868  335.6555
6533.74540385907  314.2118
6533.97935788946  331.9246
6534.21331191985  340.2061
6534.44726595024  296.355
6534.68121998064  312.8166
6534.91517401103  344.0939
6535.14912804142  345.8245
6535.38308207181  320.5379
6535.6170361022  333.025
6535.85099013259  377.7861
6536.08494416299  392.1285
6536.31889819338  416.032
6536.55285222377  384.8844
6536.78680625416  335.728
6537.02076028455  354.8038
6537.25471431494  375.9467
6537.48866834534  373.0594
6537.72262237573  307.3307
6537.95657640612  351.6332
6538.19053043651  379.2166
6538.4244844669  384.429
6538.65843849729  350.1078
6538.89239252768  354.2907
6539.12634655808  356.9679
6539.36030058847  428.8213
6539.59425461886  409.4297
6539.82820864925  360.8614
6540.06216267964  352.8398
6540.29611671003  334.8902
6540.53007074042  389.2695
6540.76402477082  421.1746
6540.99797880121  368.6955
6541.2319328316  424.6558
6541.46588686199  447.2843
6541.69984089238  435.0365
6541.93379492277  407.5208
6542.16774895317  362.1007
6542.40170298356  384.3738
6542.63565701395  408.9712
6542.86961104434  402.772
6543.10356507473  441.4339
6543.33751910512  447.5475
6543.57147313551  403.3225
6543.80542716591  406.5391
6544.0393811963  469.6768
6544.27333522669  482.5011
6544.50728925708  419.0421
6544.74124328747  439.9091
6544.97519731786  488.3301
6545.20915134826  452.1411
6545.44310537865  443.8085
6545.67705940904  503.4078
6545.91101343943  526.4735
6546.14496746982  474.5768
6546.37892150021  457.7943
6546.6128755306  442.252
6546.846829561  491.5015
6547.08078359139  490.2504
6547.31473762178  500.7408
6547.54869165217  484.2591
6547.78264568256  503.7861
6548.01659971295  522.0938
6548.25055374334  562.4635
6548.48450777374  545.064
6548.71846180413  527.9494
6548.95241583452  525.056
6549.18636986491  538.4756
6549.4203238953  537.4731
6549.65427792569  607.5367
6549.88823195609  595.6798
6550.12218598648  599.5886
6550.35614001687  579.9205
6550.59009404726  583.4632
6550.82404807765  597.776
6551.05800210804  549.7841
6551.29195613843  568.652
6551.52591016883  552.8305
6551.75986419922  577.8765
6551.99381822961  598.558
6552.22777226  612.617
6552.46172629039  655.5038
6552.69568032078  629.2625
6552.92963435118  634.6721
6553.16358838157  689.1127
6553.39754241196  651.8865
6553.63149644235  660.2055
6553.86545047274  650.5917
6554.09940450313  655.717
6554.33335853352  688.1695
6554.56731256392  637.8049
6554.80126659431  658.5274
6555.0352206247  636.0999
6555.26917465509  647.0657
6555.50312868548  668.2381
6555.73708271587  647.7718
6555.97103674627  648.8828
6556.20499077666  634.9945
6556.43894480705  618.4849
6556.67289883744  602.5341
6556.90685286783  589.6677
6557.14080689822  613.8448
6557.37476092861  567.98
6557.60871495901  558.6297
6557.8426689894  572.3295
6558.07662301979  533.336
6558.31057705018  526.3243
6558.54453108057  555.0731
6558.77848511096  556.3078
6559.01243914135  514.5627
6559.24639317175  508.9197
6559.48034720214  534.9968
6559.71430123253  545.1586
6559.94825526292  464.2213
6560.18220929331  492.6058
6560.41616332371  459.3755
6560.6501173541  508.3223
6560.88407138449  491.987
6561.11802541488  532.7197
6561.35197944527  497.4294
6561.58593347566  533.027
6561.81988750605  500.3469
6562.05384153645  486.8857
6562.28779556684  470.7186
6562.52174959723  512.045
6562.75570362762  534.0651
6562.98965765801  548.5228
6563.2236116884  526.937
6563.45756571879  547.0513
6563.69151974918  550.9268
6563.92547377958  537.4547
6564.15942780997  520.2187
6564.39338184036  537.1762
6564.62733587075  584.1798
6564.86128990114  608.7813
6565.09524393154  591.0818
6565.32919796193  579.9583
6565.56315199232  614.7581
6565.79710602271  626.8978
6566.0310600531  588.158
6566.26501408349  534.2935
6566.49896811389  528.9761
6566.73292214428  527.3936
6566.96687617467  535.0432
6567.20083020506  504.0464
6567.43478423545  495.003
6567.66873826584  497.129
6567.90269229623  489.8531
6568.13664632662  515.9464
6568.37060035702  485.5935
6568.60455438741  447.8372
6568.8385084178  482.716
6569.07246244819  451.539
6569.30641647858  407.9756
6569.54037050897  458.1248
6569.77432453936  456.1442
6570.00827856976  412.427
6570.24223260015  402.9458
6570.47618663054  397.9741
6570.71014066093  423.2101
6570.94409469132  421.815
6571.17804872172  395.5984
6571.41200275211  423.1075
6571.6459567825  429.0862
6571.87991081289  404.1169
6572.11386484328  414.1963
6572.34781887367  431.2508
6572.58177290406  417.7197
6572.81572693446  413.5464
6573.04968096485  447.2614
6573.28363499524  431.5696
6573.51758902563  420.8514
6573.75154305602  463.8352
6573.98549708641  438.564
6574.2194511168  426.9037
6574.4534051472  391.6985
6574.68735917759  364.0217
6574.92131320798  381.4071
6575.15526723837  375.4539
6575.38922126876  423.0681
6575.62317529916  414.276
6575.85712932954  395.2378
6576.09108335994  388.3539
6576.32503739033  367.1152
6576.55899142072  386.1558
6576.79294545111  387.7195
6577.0268994815  393.1281
6577.2608535119  417.8511
6577.49480754229  407.4589
6577.72876157268  425.4702
6577.96271560307  423.1802
6578.19666963346  421.8027
6578.43062366385  406.1292
6578.66457769424  407.7608
6578.89853172464  382.5489
6579.13248575503  410.6456
6579.36643978542  402.2897
6579.60039381581  401.7793
6579.8343478462  361.1911
6580.06830187659  355.9718
6580.30225590698  361.0813
6580.53620993738  380.3601
6580.77016396777  344.8739
6581.00411799816  318.7987
6581.23807202855  342.2448
6581.47202605894  311.2874
6581.70598008933  307.916
6581.93993411973  379.6187
6582.17388815012  356.8459
6582.40784218051  343.5669
6582.6417962109  331.6203
6582.87575024129  392.7696
6583.10970427168  435.9912
6583.34365830207  430.019
6583.57761233247  359.2892
6583.81156636286  355.5103
6584.04552039325  376.3436
6584.27947442364  381.5508
6584.51342845403  401.8058
6584.74738248442  370.5569
6584.98133651482  354.743
6585.21529054521  341.9947
6585.4492445756  372.7237
6585.68319860599  402.21
6585.91715263638  374.4557
6586.15110666677  393.4604
6586.38506069716  347.005
6586.61901472756  305.4467
6586.85296875795  372.4266
6587.08692278834  382.4059
6587.32087681873  376.09
6587.55483084912  404.4265
6587.78878487951  347.1294
6588.0227389099  339.5902
6588.2566929403  340.245
6588.49064697069  347.6001
6588.72460100108  378.7024
6588.95855503147  368.9272
6589.19250906186  350.3818
6589.42646309225  391.2816
6589.66041712265  374.1775
6589.89437115304  404.6287
6590.12832518343  375.5672
6590.36227921382  308.7967
6590.59623324421  349.7806
6590.8301872746  398.3295
6591.06414130499  396.8908
6591.29809533539  368.8315
6591.53204936578  334.9207
6591.76600339617  326.1555
6591.99995742656  319.3208
6592.23391145695  339.4762
6592.46786548735  351.748
6592.70181951774  351.9813
6592.93577354813  367.8419
6593.16972757852  358.7276
6593.40368160891  337.6999
6593.6376356393  317.6952
6593.87158966969  327.1107
6594.10554370008  336.0211
6594.33949773048  317.8636
6594.57345176087  328.2479
6594.80740579126  354.8042
6595.04135982165  321.9708
6595.27531385204  331.361
6595.50926788244  360.7968
6595.74322191282  293.5819
6595.97717594322  270.3681
6596.21112997361  330.1623
6596.445084004  378.3577
6596.67903803439  352.2643
6596.91299206478  327.2027
6597.14694609517  365.0947
6597.38090012557  360.7106
6597.61485415596  400.2986
6597.84880818635  339.899
6598.08276221674  291.697
6598.31671624713  344.5935
6598.55067027752  261.551
6598.78462430792  232.1275
6599.01857833831  233.0773
6599.2525323687  201.5095
6599.48648639909  228.1196
6599.72044042948  346.7506
6599.95439445987  330.7365
6600.18834849027  279.1133
6600.42230252066  318.0233
6600.65625655105  347.0235
6600.89021058144  387.6691
6601.12416461183  394.2608
6601.35811864222  356.3091
6601.59207267261  327.8691
6601.826026703  310.4449
6602.0599807334  366.7341
6602.29393476379  302.0289
6602.52788879418  356.0436
6602.76184282457  382.0601
6602.99579685496  301.8521
6603.22975088535  302.0714
6603.46370491575  364.8072
6603.69765894614  315.7189
6603.93161297653  331.7852
6604.16556700692  343.9138
6604.39952103731  331.6683
6604.6334750677  334.8884
6604.8674290981  332.5702
6605.10138312849  360.5486
6605.33533715888  326.2259
6605.56929118927  297.448
6605.80324521966  352.8783
6606.03719925005  339.4856
6606.27115328044  278.9442
6606.50510731084  327.3603
6606.73906134123  343.163
6606.97301537162  326.1797
6607.20696940201  331.406
6607.4409234324  332.442
6607.67487746279  340.5363
6607.90883149319  325.4662
6608.14278552358  362.5136
6608.37673955397  340.6517
6608.61069358436  319.933
6608.84464761475  299.2776
6609.07860164514  285.0405
6609.31255567553  304.6189
6609.54650970593  334.2582
6609.78046373632  318.0378
6610.01441776671  303.3172
6610.2483717971  284.0891
6610.48232582749  317.0897
6610.71627985788  329.1108
6610.95023388828  308.1106
6611.18418791867  307.5426
6611.41814194906  297.0663
6611.65209597945  334.2121
6611.88605000984  345.5891
6612.12000404023  294.7718
6612.35395807062  304.4094
6612.58791210102  298.4482
6612.82186613141  313.3228
6613.0558201618  318.1114
6613.28977419219  292.0791
6613.52372822258  272.1659
6613.75768225297  330.4021
6613.99163628336  392.5569
6614.22559031376  339.4561
6614.45954434415  295.0627
6614.69349837454  300.7653
6614.92745240493  310.9058
6615.16140643532  320.7163
6615.39536046571  298.4013
6615.62931449611  291.8929
6615.8632685265  297.0691
6616.09722255689  299.4533
6616.33117658728  289.7345
6616.56513061767  288.9381
6616.79908464806  320.9119
6617.03303867846  294.1527
6617.26699270885  259.979
6617.50094673924  292.1725
6617.73490076963  317.1384
6617.96885480002  300.8364
6618.20280883041  307.3266
6618.4367628608  292.3866
6618.6707168912  296.171
6618.90467092159  323.7563
6619.13862495198  315.583
6619.37257898237  331.0463
6619.60653301276  278.4948
6619.84048704315  273.4805
6620.07444107354  302.7699
6620.30839510394  305.4839
6620.54234913433  305.9153
6620.77630316472  305.3519
6621.01025719511  296.8687
6621.2442112255  289.0963
6621.47816525589  271.9913
6621.71211928629  285.6085
6621.94607331668  295.3411
6622.18002734707  297.6936
6622.41398137746  282.1983
6622.64793540785  339.9746
6622.88188943824  316.6523
6623.11584346863  220.0477
6623.34979749903  289.1634
6623.58375152942  303.6387
6623.81770555981  302.8922
6624.0516595902  288.8234
6624.28561362059  313.1041
6624.51956765098  290.5736
6624.75352168138  287.1229
6624.98747571177  268.5936
6625.22142974216  290.1041
6625.45538377255  282.7419
6625.68933780294  250.2271
6625.92329183333  268.8001
6626.15724586372  281.5452
6626.39119989412  259.6387
6626.62515392451  283.3672
6626.8591079549  299.4343
6627.09306198529  272.1097
6627.32701601568  294.7416
6627.56097004607  268.1958
6627.79492407646  298.7665
6628.02887810686  280.0851
6628.26283213725  293.5313
6628.49678616764  278.8894
6628.73074019803  255.1546
6628.96469422842  252.3755
6629.19864825881  262.7813
6629.43260228921  240.5061
6629.6665563196  255.2223
6629.90051034999  251.8863
6630.13446438038  270.8872
6630.36841841077  252.2259
6630.60237244116  279.5244
6630.83632647156  270.9747
6631.07028050195  234.5831
6631.30423453234  262.563
6631.53818856273  282.9829
6631.77214259312  276.1442
6632.00609662351  283.4054
6632.2400506539  281.6797
6632.4740046843  249.6851
6632.70795871469  280.2935
6632.94191274508  299.1778
6633.17586677547  289.4898
6633.40982080586  295.2011
6633.64377483625  291.1373
6633.87772886664  264.9735
6634.11168289704  322.8971
6634.34563692743  285.2527
6634.57959095782  290.161
6634.81354498821  265.5218
6635.0474990186  259.5059
6635.281453049  238.1977
6635.51540707939  246.6636
6635.74936110978  244.0581
6635.98331514017  245.3122
6636.21726917056  235.0633
6636.45122320095  240.9722
6636.68517723134  277.1795
6636.91913126174  255.5575
6637.15308529213  252.4564
6637.38703932252  299.4707
6637.62099335291  279.2727
6637.8549473833  293.776
6638.08890141369  283.1739
6638.32285544408  276.6647
6638.55680947447  256.1844
6638.79076350487  291.9257
6639.02471753526  260.0788
6639.25867156565  291.2017
6639.49262559604  274.7113
6639.72657962643  245.3261
6639.96053365682  278.5106
6640.19448768722  241.7883
6640.42844171761  227.9498
6640.662395748  237.3928
6640.89634977839  256.6639
6641.13030380878  289.2223
6641.36425783917  249.7327
6641.59821186957  256.4136
6641.83216589996  240.3784
6642.06611993035  244.9202
6642.30007396074  276.7425
6642.53402799113  269.7908
6642.76798202152  265.0789
6643.00193605191  260.6057
6643.23589008231  250.0719
6643.4698441127  217.5142
6643.70379814309  238.0002
6643.93775217348  258.885
6644.17170620387  266.7572
6644.40566023426  217.8749
6644.63961426465  203.9208
6644.87356829505  229.2199
6645.10752232544  257.0756
6645.34147635583  273.1825
6645.57543038622  230.144
6645.80938441661  237.2037
6646.04333844701  240.3037
6646.2772924774  227.3677
6646.51124650779  233.7383
6646.74520053818  214.1375
6646.97915456857  225.3702
6647.21310859896  238.69
6647.44706262935  219.977
6647.68101665975  228.5599
6647.91497069014  214.0165
6648.14892472053  210.2845
6648.38287875092  225.4447
6648.61683278131  228.9693
6648.8507868117  185.7612
6649.08474084209  208.7316
6649.31869487249  233.0016
6649.55264890288  194.5828
6649.78660293327  231.8542
6650.02055696366  231.3028
6650.25451099405  231.0856
6650.48846502444  251.8399
6650.72241905483  210.4296
6650.95637308523  223.2493
6651.19032711562  222.2883
6651.42428114601  194.8587
6651.6582351764  187.4856
6651.89218920679  182.5205
6652.12614323719  198.4327
6652.36009726758  230.3836
6652.59405129797  224.814
6652.82800532836  211.8327
6653.06195935875  199.2612
6653.29591338914  193.3146
6653.52986741953  211.3723
6653.76382144993  233.3846
6653.99777548032  215.6094
6654.23172951071  245.1444
6654.4656835411  207.0169
6654.69963757149  148.3964
6654.93359160188  164.0296
6655.16754563227  187.0359
6655.40149966266  222.4631
6655.63545369306  201.1817
6655.86940772345  220.7442
6656.10336175384  233.2119
6656.33731578423  208.2253
6656.57126981462  196.0079
6656.80522384502  189.1893
6657.03917787541  190.9015
6657.2731319058  193.2789
6657.50708593619  191.4481
6657.74103996658  234.0197
6657.97499399697  160.0107
6658.20894802736  117.8718
6658.44290205776  181.4822
6658.67685608815  208.8129
6658.91081011854  174.5711
6659.14476414893  184.4792
6659.37871817932  227.3684
6659.61267220971  182.2762
6659.84662624011  158.0771
6660.0805802705  174.7856
6660.31453430089  176.3878
6660.54848833128  161.003
6660.78244236167  170.7411
6661.01639639206  189.1124
6661.25035042245  131.5644
6661.48430445284  187.574
6661.71825848324  207.3437
6661.95221251363  142.5901
6662.18616654402  123.7606
6662.42012057441  129.7855
6662.6540746048  190.1504
6662.88802863519  189.0326
6663.12198266559  136.4201
6663.35593669598  154.1097
6663.58989072637  127.4301
6663.82384475676  177.6858
6664.05779878715  141.2471
6664.29175281754  124.3177
6664.52570684794  174.885
6664.75966087833  149.335
6664.99361490872  172.9583
6665.22756893911  157.3437
6665.4615229695  120.3132
6665.69547699989  131.8265
6665.92943103028  162.966
6666.16338506068  137.353
6666.39733909107  146.2313
6666.63129312146  121.4865
6666.86524715185  139.9092
6667.09920118224  152.4975
6667.33315521263  111.9168
6667.56710924303  109.182
6667.80106327342  132.9299
6668.03501730381  138.8898
6668.2689713342  121.6461
6668.50292536459  145.4072
6668.73687939498  114.3184
6668.97083342537  103.0526
6669.20478745577  119.508
6669.43874148616  96.03326
6669.67269551655  131.8861
6669.90664954694  140.858
6670.14060357733  165.149
6670.37455760773  114.2261
6670.60851163811  93.57815
6670.84246566851  90.88863
6671.0764196989  134.2116
6671.31037372929  128.7363
6671.54432775968  111.0089
6671.77828179007  139.5915
6672.01223582046  145.5467
6672.24618985086  155.2752
6672.48014388125  108.7122
6672.71409791164  134.5348
6672.94805194203  135.2535
6673.18200597242  121.6727
6673.41596000281  91.49596
6673.6499140332  86.02354
6673.8838680636  102.1767
6674.11782209399  65.13412
6674.35177612438  61.96439
6674.58573015477  102.6222
6674.81968418516  115.8613
6675.05363821556  89.22783
6675.28759224595  109.1357
6675.52154627634  79.56955
6675.75550030673  112.0987
6675.98945433712  111.9442
6676.22340836751  87.26083
6676.4573623979  79.72668
6676.69131642829  85.11582
6676.92527045869  84.81104
6677.15922448908  42.6808
6677.39317851947  17.00838
6677.62713254986  41.59425
6677.86108658025  29.38799
6678.09504061064  87.76263
6678.32899464104  68.33157
6678.56294867143  80.81154
6678.79690270182  27.34728
6679.03085673221  27.01349
6679.2648107626  71.22803
6679.49876479299  107.8431
6679.73271882339  103.0639
6679.96667285378  78.82676
6680.20062688417  91.0218
6680.43458091456  86.00043
6680.66853494495  68.50995
6680.90248897534  62.04163
6681.13644300573  72.63173
6681.37039703612  42.85738
6681.60435106652  36.08485
6681.83830509691  28.89215
6682.0722591273  36.29323
6682.30621315769  34.04895
6682.54016718808  36.46036
6682.77412121847  27.43044
6683.00807524887  44.2612
6683.24202927926  83.40044
6683.47598330965  56.09694
6683.70993734004  55.11551
6683.94389137043  61.20917
6684.17784540082  76.21568
6684.41179943122  55.41323
6684.64575346161  41.52309
6684.879707492  26.93322
6685.11366152239  38.78439
6685.34761555278  39.15576
6685.58156958317  65.86673
6685.81552361357  46.15338
6686.04947764396  11.11833
6686.28343167435  52.70209
6686.51738570474  34.43994
6686.75133973513  29.88659
6686.98529376552  40.93546
6687.21924779591  48.45705
6687.45320182631  70.17922
6687.6871558567  36.75189
6687.92110988709  8.869287
6688.15506391748  58.32479
6688.38901794787  19.07088
6688.62297197826  6.292352
6688.85692600865  53.09357
6689.09088003905  68.9772
6689.32483406944  42.11146
6689.55878809983  25.02685
6689.79274213022  37.82341
6690.02669616061  22.96342
6690.260650191  31.95771
6690.4946042214  24.20456
6690.72855825179  -9.671459
6690.96251228218  12.6259
6691.19646631257  8.817245
6691.43042034296  3.257703
6691.66437437335  3.303942
6691.89832840374  -21.83919
6692.13228243414  -27.80306
