6452.9937305122  59.05765
6453.22763769076  112.6119
6453.46154486933  113.5755
6453.69545204789  72.77822
6453.92935922645  118.5246
6454.16326640501  147.5704
6454.39717358358  119.1976
6454.63108076214  130.3572
6454.8649879407  139.7519
6455.09889511926  133.7384
6455.33280229783  151.61
6455.56670947639  120.7943
6455.80061665495  130.8273
6456.03452383351  107.2749
6456.26843101208  109.5489
6456.50233819064  106.4172
6456.7362453692  90.74194
6456.97015254776  76.99251
6457.20405972633  100.3762
6457.43796690489  131.4463
6457.67187408345  147.8553
6457.90578126202  146.6606
6458.13968844058  122.0152
6458.37359561914  113.5678
6458.6075027977  140.978
6458.84140997626  155.4812
6459.07531715483  132.4865
6459.30922433339  116.4941
6459.54313151195  146.5759
6459.77703869052  132.8919
6460.01094586908  91.52612
6460.24485304764  111.6855
6460.4787602262  140.7834
6460.71266740477  108.8595
6460.94657458333  124.2944
6461.18048176189  175.1271
6461.41438894045  136.5886
6461.64829611902  108.4457
6461.88220329758  124.29
6462.11611047614  129.8095
6462.3500176547  141.0595
6462.58392483327  121.0698
6462.81783201183  135.7872
6463.05173919039  134.1121
6463.28564636895  115.9208
6463.51955354752  135.5343
6463.75346072608  145.3768
6463.98736790464  128.9114
6464.2212750832  107.4514
6464.45518226177  120.6448
6464.68908944033  159.2754
6464.92299661889  125.6377
6465.15690379746  125.8025
6465.39081097602  175.5343
6465.62471815458  152.3293
6465.85862533314  104.2031
6466.09253251171  119.5465
6466.32643969027  155.3925
6466.56034686883  148.1489
6466.79425404739  162.694
6467.02816122596  155.6953
6467.26206840452  140.0324
6467.49597558308  163.4683
6467.72988276164  151.2252
6467.96378994021  119.0006
6468.19769711877  145.8646
6468.43160429733  176.8668
6468.6655114759  166.7961
6468.89941865446  154.1689
6469.13332583302  169.6682
6469.36723301158  149.7984
6469.60114019014  145.8944
6469.83504736871  133.312
6470.06895454727  172.0743
6470.30286172583  193.6958
6470.53676890439  182.065
6470.77067608296  194.4904
6471.00458326152  199.4843
6471.23849044008  194.4578
6471.47239761865  179.0885
6471.70630479721  162.3597
6471.94021197577  219.4997
6472.17411915433  208.2412
6472.40802633289  178.6375
6472.64193351146  175.8582
6472.87584069002  228.9098
6473.10974786858  206.1889
6473.34365504715  207.6029
6473.57756222571  196.1671
6473.81146940427  189.4842
6474.04537658283  238.1608
6474.2792837614  241.7646
6474.51319093996  185.9795
6474.74709811852  167.5586
6474.98100529709  170.2787
6475.21491247565  172.4146
6475.44881965421  218.9234
6475.68272683277  198.9419
6475.91663401134  203.9013
6476.1505411899  221.4665
6476.38444836846  192.0019
6476.61835554702  184.1681
6476.85226272558  188.8799
6477.08616990415  204.3118
6477.32007708271  200.0634
6477.55398426127  217.4067
6477.78789143984  228.8287
6478.0217986184  216.8371
6478.25570579696  232.6527
6478.48961297552  209.6741
6478.72352015409  186.7193
6478.95742733265  174.3138
6479.19133451121  193.6186
6479.42524168977  180.0812
6479.65914886833  230.0847
6479.8930560469  205.4293
6480.12696322546  202.0423
6480.36087040402  225.094
6480.59477758259  206.6786
6480.82868476115  237.8971
6481.06259193971  223.8981
6481.29649911827  203.5806
6481.53040629684  212.0115
6481.7643134754  183.4008
6481.99822065396  224.1619
6482.23212783252  231.7437
6482.46603501109  179.9579
6482.69994218965  209.0523
6482.93384936821  204.7913
6483.16775654678  229.83
6483.40166372534  226.7384
6483.6355709039  202.6817
6483.86947808246  188.082
6484.10338526103  199.396
6484.33729243959  229.0054
6484.57119961815  203.7127
6484.80510679671  170.7422
6485.03901397528  180.7308
6485.27292115384  217.8828
6485.5068283324  231.6324
6485.74073551096  223.2687
6485.97464268953  220.358
6486.20854986809  178.5378
6486.44245704665  247.8767
6486.67636422521  233.3777
6486.91027140378  218.8105
6487.14417858234  248.4931
6487.3780857609  268.4295
6487.61199293946  269.8924
6487.84590011803  232.6053
6488.07980729659  206.6037
6488.31371447515  250.1255
6488.54762165371  233.9097
6488.78152883228  215.4818
6489.01543601084  227.4883
6489.2493431894  205.7011
6489.48325036796  208.1743
6489.71715754653  231.7556
6489.95106472509  236.6691
6490.18497190365  214.6149
6490.41887908222  217.5433
6490.65278626078  209.0211
6490.88669343934  217.9421
6491.1206006179  190.9697
6491.35450779647  213.7354
6491.58841497503  200.6632
6491.82232215359  225.4279
6492.05622933215  232.5274
6492.29013651072  209.0276
6492.52404368928  231.4078
6492.75795086784  202.9971
6492.9918580464  199.8975
6493.22576522497  222.1239
6493.45967240353  183.5524
6493.69357958209  204.0628
6493.92748676066  235.96
6494.16139393922  251.4424
6494.39530111778  254.9415
6494.62920829634  236.4778
6494.8631154749  230.5637
6495.09702265347  220.8435
6495.33092983203  191.8831
6495.56483701059  228.4043
6495.79874418915  268.2253
6496.03265136772  270.2764
6496.26655854628  251.1604
6496.50046572484  247.8233
6496.7343729034  241.9317
6496.96828008197  223.4566
6497.20218726053  231.1035
6497.43609443909  245.0664
6497.67000161766  238.3282
6497.90390879622  244.1877
6498.13781597478  244.7548
6498.37172315334  222.3734
6498.60563033191  225.7115
6498.83953751047  246.0689
6499.07344468903  251.2003
6499.30735186759  223.4391
6499.54125904616  249.9536
6499.77516622472  253.6886
6500.00907340328  265.8122
6500.24298058184  254.8913
6500.47688776041  254.7854
6500.71079493897  277.8142
6500.94470211753  247.2507
6501.17860929609  253.9577
6501.41251647466  231.3642
6501.64642365322  244.3285
6501.88033083178  314.9608
6502.11423801035  307.2219
6502.34814518891  279.1674
6502.58205236747  257.6793
6502.81595954603  285.1745
6503.0498667246  285.5593
6503.28377390316  305.5995
6503.51768108172  242.7232
6503.75158826028  231.7408
6503.98549543884  220.6732
6504.21940261741  251.998
6504.45330979597  244.9927
6504.68721697453  286.6149
6504.9211241531  250.9648
6505.15503133166  235.0174
6505.38893851022  298.8006
6505.62284568878  253.7072
6505.85675286735  220.9838
6506.09066004591  244.6395
6506.32456722447  255.0769
6506.55847440303  264.0384
6506.7923815816  259.5727
6507.02628876016  265.6937
6507.26019593872  264.1986
6507.49410311728  255.5974
6507.72801029585  229.919
6507.96191747441  272.4567
6508.19582465297  293.3058
6508.42973183153  256.026
6508.6636390101  293.5795
6508.89754618866  292.8341
6509.13145336722  230.4008
6509.36536054579  213.4179
6509.59926772435  277.7984
6509.83317490291  281.9041
6510.06708208147  260.8567
6510.30098926003  276.706
6510.5348964386  299.6572
6510.76880361716  338.9337
6511.00271079572  302.3758
6511.23661797429  258.8456
6511.47052515285  277.9624
6511.70443233141  253.6297
6511.93833950997  247.1248
6512.17224668854  259.6316
6512.4061538671  250.6942
6512.64006104566  275.9052
6512.87396822422  285.7002
6513.10787540279  267.6612
6513.34178258135  265.1722
6513.57568975991  247.1459
6513.80959693848  262.4038
6514.04350411704  267.3742
6514.2774112956  276.0127
6514.51131847416  286.7187
6514.74522565273  275.2412
6514.97913283129  281.7356
6515.21304000985  316.0554
6515.44694718841  284.1708
6515.68085436697  280.4045
6515.91476154554  281.2361
6516.1486687241  280.2911
6516.38257590266  321.9593
6516.61648308123  295.8998
6516.85039025979  237.4754
6517.08429743835  259.1619
6517.31820461691  297.473
6517.55211179548  307.8339
6517.78601897404  304.6519
6518.0199261526  295.3292
6518.25383333116  272.1755
6518.48774050973  277.6579
6518.72164768829  290.3609
6518.95555486685  296.823
6519.18946204541  259.4065
6519.42336922398  313.1928
6519.65727640254  294.665
6519.8911835811  269.9715
6520.12509075966  274.1593
6520.35899793823  290.26
6520.59290511679  280.1091
6520.82681229535  291.9891
6521.06071947391  307.0632
6521.29462665248  316.5709
6521.52853383104  271.8353
6521.7624410096  246.727
6521.99634818817  280.366
6522.23025536673  299.4206
6522.46416254529  263.7494
6522.69806972385  234.5982
6522.93197690242  300.421
6523.16588408098  321.8712
6523.39979125954  285.3529
6523.6336984381  258.9417
6523.86760561667  273.2069
6524.10151279523  307.8782
6524.33541997379  313.0912
6524.56932715235  274.4253
6524.80323433092  253.0945
6525.03714150948  271.2687
6525.27104868804  282.6583
6525.5049558666  272.7166
6525.73886304517  311.4306
6525.97277022373  314.8866
6526.20667740229  334.3369
6526.44058458085  346.7245
6526.67449175942  287.7889
6526.90839893798  253.6752
6527.14230611654  269.2911
6527.3762132951  268.761
6527.61012047367  292.2462
6527.84402765223  301.9448
6528.07793483079  289.138
6528.31184200935  300.0609
6528.54574918792  283.1497
6528.77965636648  291.8085
6529.01356354504  306.0664
6529.2474707236  268.161
6529.48137790217  296.8933
6529.71528508073  291.798
6529.94919225929  286.2899
6530.18309943785  311.7227
6530.41700661642  311.5638
6530.65091379498  323.9639
6530.88482097354  321.7224
6531.11872815211  280.3775
6531.35263533067  245.3822
6531.58654250923  276.3131
6531.82044968779  311.0001
6532.05435686636  354.8678
6532.28826404492  321.308
6532.52217122348  306.2257
6532.75607840204  337.4253
6532.98998558061  344.5177
6533.22389275917  341.4881
6533.45779993773  289.7564
6533.69170711629  287.297
6533.92561429486  281.1031
6534.15952147342  305.5392
6534.39342865198  323.1282
6534.62733583054  330.8818
6534.86124300911  347.5588
6535.09515018767  295.6723
6535.32905736623  321.2227
6535.56296454479  360.2439
6535.79687172336  292.1276
6536.03077890192  298.9829
6536.26468608048  311.0321
6536.49859325905  307.4878
6536.73250043761  301.1403
6536.96640761617  263.1634
6537.20031479473  241.1069
6537.4342219733  301.3813
6537.66812915186  342.7806
6537.90203633042  352.5462
6538.13594350898  327.2656
6538.36985068754  309.7639
6538.60375786611  339.2936
6538.83766504467  317.3768
6539.07157222323  291.7397
6539.3054794018  371.2417
6539.53938658036  397.248
6539.77329375892  380.8719
6540.00720093748  330.6438
6540.24110811605  291.6973
6540.47501529461  326.3297
6540.70892247317  376.4024
6540.94282965174  344.0871
6541.1767368303  294.8195
6541.41064400886  324.7169
6541.64455118742  356.4152
6541.87845836598  355.2924
6542.11236554455  332.0929
6542.34627272311  312.5193
6542.58017990167  295.9879
6542.81408708024  321.3233
6543.0479942588  367.4621
6543.28190143736  379.9806
6543.51580861592  356.5165
6543.74971579449  339.4803
6543.98362297305  378.289
6544.21753015161  364.3765
6544.45143733017  349.1156
6544.68534450874  339.7265
6544.9192516873  327.2403
6545.15315886586  314.3734
6545.38706604442  327.6781
6545.62097322299  350.5346
6545.85488040155  384.7562
6546.08878758011  345.8517
6546.32269475867  384.0208
6546.55660193724  329.5812
6546.7905091158  372.0719
6547.02441629436  361.8228
6547.25832347292  397.5661
6547.49223065149  367.8571
6547.72613783005  349.1731
6547.96004500861  330.1612
6548.19395218717  319.2049
6548.42785936574  361.8838
6548.6617665443  375.844
6548.89567372286  365.7828
6549.12958090143  360.0872
6549.36348807999  353.0601
6549.59739525855  338.7835
6549.83130243711  330.3416
6550.06520961568  383.022
6550.29911679424  373.1326
6550.5330239728  384.6873
6550.76693115136  394.7647
6551.00083832993  427.4059
6551.23474550849  451.4676
6551.46865268705  438.3019
6551.70255986562  407.1824
6551.93646704418  385.7098
6552.17037422274  400.4706
6552.4042814013  407.7227
6552.63818857987  392.6991
6552.87209575843  418.3105
6553.10600293699  411.9337
6553.33991011555  378.118
6553.57381729411  428.4554
6553.80772447268  435.1259
6554.04163165124  414.0389
6554.2755388298  449.3581
6554.50944600837  473.5442
6554.74335318693  460.1779
6554.97726036549  457.6488
6555.21116754405  451.354
6555.44507472262  422.213
6555.67898190118  460.2247
6555.91288907974  484.9554
6556.1467962583  476.3585
6556.38070343686  464.9857
6556.61461061543  436.572
6556.84851779399  476.1827
6557.08242497255  492.6177
6557.31633215112  512.9102
6557.55023932968  399.7978
6557.78414650824  448.9446
6558.0180536868  453.9001
6558.25196086537  463.5487
6558.48586804393  527.8029
6558.71977522249  531.4359
6558.95368240105  444.0932
6559.18758957962  525.111
6559.42149675818  550.0308
6559.65540393674  511.4222
6559.88931111531  504.4696
6560.12321829387  492.6527
6560.35712547243  495.8509
6560.59103265099  567.6442
6560.82493982955  493.6329
6561.05884700812  532.0463
6561.29275418668  514.5349
6561.52666136524  556.269
6561.76056854381  531.4424
6561.99447572237  514.6103
6562.22838290093  512.1505
6562.46229007949  533.6953
6562.69619725805  555.4232
6562.93010443662  595.3646
6563.16401161518  583.3179
6563.39791879374  577.0665
6563.63182597231  561.869
6563.86573315087  549.5397
6564.09964032943  575.1613
6564.33354750799  603.5916
6564.56745468656  573.7036
6564.80136186512  582.6506
6565.03526904368  606.4934
6565.26917622224  622.7676
6565.50308340081  604.0077
6565.73699057937  573.5048
6565.97089775793  573.1054
6566.20480493649  549.6501
6566.43871211506  591.7151
6566.67261929362  629.9859
6566.90652647218  598.6697
6567.14043365074  561.507
6567.37434082931  594.6931
6567.60824800787  588.7556
6567.84215518643  580.3377
6568.076062365  633.1307
6568.30996954356  614.6205
6568.54387672212  569.7008
6568.77778390068  528.9862
6569.01169107925  531.7089
6569.24559825781  559.8658
6569.47950543637  601.4367
6569.71341261493  549.6384
6569.94731979349  491.1293
6570.18122697206  510.5522
6570.41513415062  497.4171
6570.64904132918  510.476
6570.88294850775  529.9484
6571.11685568631  531.4492
6571.35076286487  498.9297
6571.58467004343  478.6364
6571.818577222  500.0648
6572.05248440056  483.7737
6572.28639157912  452.9421
6572.52029875768  522.705
6572.75420593625  503.5776
6572.98811311481  477.8693
6573.22202029337  494.0395
6573.45592747194  559.1915
6573.6898346505  540.7301
6573.92374182906  527.2819
6574.15764900762  435.922
6574.39155618618  395.7959
6574.62546336475  468.1648
6574.85937054331  451.2194
6575.09327772187  430.5951
6575.32718490044  471.7178
6575.561092079  452.4336
6575.79499925756  443.5835
6576.02890643612  408.1634
6576.26281361469  481.3259
6576.49672079325  494.0622
6576.73062797181  464.6097
6576.96453515037  380.3741
6577.19844232894  350.8789
6577.4323495075  431.1885
6577.66625668606  437.1174
6577.90016386462  443.6385
6578.13407104319  412.5872
6578.36797822175  388.5142
6578.60188540031  395.2363
6578.83579257887  425.2766
6579.06969975744  465.4919
6579.303606936  433.5767
6579.53751411456  393.6981
6579.77142129312  385.2253
6580.00532847169  417.1986
6580.23923565025  397.5171
6580.47314282881  412.2195
6580.70705000738  446.2239
6580.94095718594  411.3952
6581.1748643645  336.3359
6581.40877154306  386.3038
6581.64267872163  428.7445
6581.87658590019  364.4868
6582.11049307875  329.4068
6582.34440025731  409.2812
6582.57830743588  411.8936
6582.81221461444  379.7853
6583.046121793  411.9348
6583.28002897156  416.4844
6583.51393615013  379.503
6583.74784332869  387.3611
6583.98175050725  391.9127
6584.21565768581  414.2419
6584.44956486438  378.0362
6584.68347204294  368.3127
6584.9173792215  342.6924
6585.15128640006  338.4615
6585.38519357863  317.4772
6585.61910075719  364.3345
6585.85300793575  367.6695
6586.08691511431  357.7425
6586.32082229288  377.7901
6586.55472947144  361.0714
6586.78863665  378.7026
6587.02254382857  348.4185
6587.25645100713  321.1021
6587.49035818569  334.7411
6587.72426536425  347.533
6587.95817254282  390.6805
6588.19207972138  356.891
6588.42598689994  366.6165
6588.6598940785  366.5143
6588.89380125707  339.5191
6589.12770843563  308.9166
6589.36161561419  333.2131
6589.59552279275  317.8554
6589.82942997132  367.7222
6590.06333714988  369.5664
6590.29724432844  363.1646
6590.531151507  367.6178
6590.76505868557  370.8596
6590.99896586413  396.3094
6591.23287304269  368.5428
6591.46678022125  307.3455
6591.70068739982  323.209
6591.93459457838  358.2572
6592.16850175694  316.3567
6592.4024089355  303.5501
6592.63631611407  286.1794
6592.87022329263  351.6759
6593.10413047119  381.7002
6593.33803764975  302.0193
6593.57194482832  329.8634
6593.80585200688  302.9657
6594.03975918544  274.2484
6594.273666364  330.0174
6594.50757354257  341.6644
6594.74148072113  329.0475
6594.97538789969  283.5102
6595.20929507825  266.1645
6595.44320225682  321.0696
6595.67710943538  329.9841
6595.91101661394  321.347
6596.14492379251  330.3903
6596.37883097107  341.3868
6596.61273814963  330.3241
6596.84664532819  314.5529
6597.08055250676  318.8563
6597.31445968532  334.5072
6597.54836686388  324.9485
6597.78227404244  274.6453
6598.01618122101  299.9302
6598.25008839957  312.2303
6598.48399557813  310.3674
6598.7179027567  311.666
6598.95180993526  286.3764
6599.18571711382  289.2034
6599.41962429238  272.6599
6599.65353147095  315.5608
6599.88743864951  335.3522
6600.12134582807  363.9556
6600.35525300663  319.7677
6600.58916018519  256.0474
6600.82306736376  302.5976
6601.05697454232  322.5427
6601.29088172088  285.2935
6601.52478889944  270.3842
6601.75869607801  304.0849
6601.99260325657  298.1657
6602.22651043513  307.821
6602.4604176137  336.5756
6602.69432479226  339.1141
6602.92823197082  293.3815
6603.16213914938  272.8888
6603.39604632795  298.685
6603.62995350651  307.1336
6603.86386068507  324.0362
6604.09776786363  282.2277
6604.3316750422  288.0244
6604.56558222076  350.4084
6604.79948939932  308.3886
6605.03339657788  262.5282
6605.26730375645  312.7469
6605.50121093501  318.6033
6605.73511811357  280.347
6605.96902529213  316.4772
6606.2029324707  341.6445
6606.43683964926  312.812
6606.67074682782  289.3785
6606.90465400639  310.8405
6607.13856118495  316.4424
6607.37246836351  319.5224
6607.60637554207  326.1118
6607.84028272064  287.8003
6608.0741898992  282.2527
6608.30809707776  295.8189
6608.54200425632  305.178
6608.77591143489  297.1982
6609.00981861345  302.5029
6609.24372579201  316.8076
6609.47763297057  293.073
6609.71154014914  283.0408
6609.9454473277  317.313
6610.17935450626  279.9644
6610.41326168482  236.791
6610.64716886339  289.0508
6610.88107604195  337.7155
6611.11498322051  318.6424
6611.34889039907  307.1874
6611.58279757764  285.0669
6611.8167047562  278.0268
6612.05061193476  269.4262
6612.28451911332  289.592
6612.51842629189  314.5496
6612.75233347045  270.8098
6612.98624064901  324.4725
6613.22014782757  301.6895
6613.45405500614  262.754
6613.6879621847  283.7553
6613.92186936326  269.4812
6614.15577654182  272.4984
6614.38968372039  283.0988
6614.62359089895  232.7386
6614.85749807751  268.2502
6615.09140525608  305.2249
6615.32531243464  271.6025
6615.5592196132  300.2545
6615.79312679176  260.6273
6616.02703397033  270.7249
6616.26094114889  309.0781
6616.49484832745  289.5336
6616.72875550601  303.4816
6616.96266268458  243.073
6617.19656986314  266.8785
6617.4304770417  280.8865
6617.66438422026  299.7934
6617.89829139883  310.4967
6618.13219857739  254.836
6618.36610575595  301.6611
6618.60001293452  289.3282
6618.83392011308  278.2108
6619.06782729164  280.2945
6619.3017344702  295.7325
6619.53564164877  267.7867
6619.76954882733  252.2959
6620.00345600589  296.0219
6620.23736318445  301.6548
6620.47127036302  265.0072
6620.70517754158  295.054
6620.93908472014  301.7654
6621.1729918987  290.1469
6621.40689907727  259.3307
6621.64080625583  268.8564
6621.87471343439  297.5434
6622.10862061295  279.2881
6622.34252779152  284.8724
6622.57643497008  278.2492
6622.81034214864  261.1364
6623.0442493272  275.5743
6623.27815650577  312.5533
6623.51206368433  255.6272
6623.74597086289  195.0653
6623.97987804145  248.3017
6624.21378522002  237.6465
6624.44769239858  282.8793
6624.68159957714  264.3569
6624.9155067557  222.106
6625.14941393427  291.8529
6625.38332111283  305.1886
6625.61722829139  296.4481
6625.85113546996  264.2807
6626.08504264852  296.9117
6626.31894982708  272.256
6626.55285700564  224.2601
6626.78676418421  251.0966
6627.02067136277  266.6543
6627.25457854133  252.0446
6627.48848571989  234.2008
6627.72239289846  214.6527
6627.95630007702  179.1581
6628.19020725558  194.4555
6628.42411443414  209.007
6628.65802161271  249.4784
6628.89192879127  239.0691
6629.12583596983  217.4175
6629.35974314839  227.9964
6629.59365032696  250.4567
6629.82755750552  272.1963
6630.06146468408  270.7946
6630.29537186264  247.9897
6630.52927904121  235.2354
6630.76318621977  244.504
6630.99709339833  201.9008
6631.23100057689  242.5232
6631.46490775546  209.1317
6631.69881493402  226.7292
6631.93272211258  231.383
6632.16662929114  216.1811
6632.40053646971  216.8885
6632.63444364827  221.2737
6632.86835082683  234.9579
6633.10225800539  262.8941
6633.33616518396  286.8831
6633.57007236252  261.8366
6633.80397954108  247.7123
6634.03788671965  263.4065
6634.27179389821  237.2073
6634.50570107677  226.9987
6634.73960825533  211.03
6634.9735154339  234.6817
6635.20742261246  262.4521
6635.44132979102  251.031
6635.67523696959  244.5936
6635.90914414815  230.6498
6636.14305132671  209.3664
6636.37695850527  231.6629
6636.61086568383  226.2827
6636.8447728624  240.1201
6637.07868004096  243.3136
6637.31258721952  223.7131
6637.54649439808  225.7203
6637.78040157665  249.2706
6638.01430875521  251.9225
6638.24821593377  240.9671
6638.48212311234  211.6385
6638.7160302909  207.7664
6638.94993746946  254.2114
6639.18384464802  244.5395
6639.41775182658  224.4261
6639.65165900515  229.1999
6639.88556618371  202.3933
6640.11947336227  229.0431
6640.35338054083  238.4011
6640.5872877194  225.4317
6640.82119489796  220.1457
6641.05510207652  226.3634
6641.28900925509  221.7735
6641.52291643365  185.9214
6641.75682361221  197.2331
6641.99073079077  188.9135
6642.22463796934  181.5395
6642.4585451479  209.8689
6642.69245232646  208.8109
6642.92635950502  227.9825
6643.16026668359  264.3377
6643.39417386215  216.7533
6643.62808104071  204.1744
6643.86198821927  189.4965
6644.09589539784  209.4752
6644.3298025764  206.9534
6644.56370975496  172.6763
6644.79761693353  166.5809
6645.03152411209  170.6211
6645.26543129065  219.1199
6645.49933846921  214.32
6645.73324564777  223.5518
6645.96715282634  253.8832
6646.2010600049  174.5559
6646.43496718346  171.3631
6646.66887436203  221.3677
6646.90278154059  193.2484
6647.13668871915  195.7253
6647.37059589771  197.2494
6647.60450307628  205.695
6647.83841025484  181.3406
6648.0723174334  201.0579
6648.30622461196  194.0915
6648.54013179053  201.1888
6648.77403896909  185.0626
6649.00794614765  203.282
6649.24185332621  188.005
6649.47576050478  195.1172
6649.70966768334  268.9303
6649.9435748619  211.5333
6650.17748204046  184.9496
6650.41138921903  213.59
6650.64529639759  206.1592
6650.87920357615  194.666
6651.11311075471  200.242
6651.34701793328  198.8002
6651.58092511184  167.6308
6651.8148322904  193.761
6652.04873946896  211.1574
6652.28264664753  201.0116
6652.51655382609  193.0569
6652.75046100465  195.3233
6652.98436818322  188.2344
6653.21827536178  157.0058
6653.45218254034  192.8556
6653.6860897189  188.2968
6653.91999689747  179.9169
6654.15390407603  200.0728
6654.38781125459  182.0383
6654.62171843315  179.5244
6654.85562561172  182.8014
6655.08953279028  208.253
6655.32343996884  213.7084
6655.5573471474  168.1803
6655.79125432597  169.2726
6656.02516150453  184.883
6656.25906868309  181.3368
6656.49297586165  163.7689
6656.72688304022  162.2888
6656.96079021878  184.7878
6657.19469739734  148.5183
6657.4286045759  234.2805
6657.66251175447  159.3973
6657.89641893303  126.5227
6658.13032611159  105.7299
6658.36423329016  151.2081
6658.59814046872  158.3218
6658.83204764728  173.6155
6659.06595482584  183.9752
6659.2998620044  156.0742
6659.53376918297  176.5959
6659.76767636153  200.5419
6660.00158354009  189.0566
6660.23549071866  142.5664
6660.46939789722  169.0676
6660.70330507578  147.8408
6660.93721225434  145.0716
6661.17111943291  194.892
6661.40502661147  158.5366
6661.63893379003  142.1818
6661.87284096859  123.1973
6662.10674814716  131.0203
6662.34065532572  104.4819
6662.57456250428  128.6354
6662.80846968284  148.9661
6663.04237686141  136.3864
6663.27628403997  111.7716
6663.51019121853  131.6215
6663.74409839709  127.4074
6663.97800557566  173.0706
6664.21191275422  196.6999
6664.44581993278  145.0507
6664.67972711135  101.3921
6664.91363428991  153.8247
6665.14754146847  157.4493
6665.38144864703  138.7182
6665.6153558256  121.4866
6665.84926300416  107.3926
6666.08317018272  115.2439
6666.31707736128  102.0131
6666.55098453984  86.70857
6666.78489171841  85.84612
6667.01879889697  100.424
6667.25270607553  99.68943
6667.4866132541  132.2103
6667.72052043266  124.9675
6667.95442761122  99.01159
6668.18833478978  127.2746
6668.42224196835  100.5995
6668.65614914691  120.1152
6668.89005632547  110.1076
6669.12396350403  152.3637
6669.35787068259  154.843
6669.59177786116  134.2119
6669.82568503972  145.1924
6670.05959221828  119.339
6670.29349939685  101.7702
6670.52740657541  137.2878
6670.76131375397  127.1556
6670.99522093253  115.0887
6671.2291281111  133.6447
6671.46303528966  102.3653
6671.69694246822  108.5997
6671.93084964678  62.51901
6672.16475682535  81.0522
6672.39866400391  97.28532
6672.63257118247  151.8387
6672.86647836104  165.621
6673.1003855396  98.24059
6673.33429271816  86.43312
6673.56819989672  112.6837
6673.80210707529  95.82442
6674.03601425385  111.8739
6674.26992143241  45.54272
6674.50382861097  96.32005
6674.73773578954  84.94257
6674.9716429681  109.7851
6675.20555014666  142.0151
6675.43945732522  78.58842
6675.67336450379  54.57
6675.90727168235  44.04939
6676.14117886091  61.76946
6676.37508603947  74.28331
6676.60899321804  81.9123
6676.8429003966  71.98757
6677.07680757516  75.77939
6677.31071475372  78.14605
6677.54462193229  113.5884
6677.77852911085  108.849
6678.01243628941  62.90528
6678.24634346797  61.35206
6678.48025064654  93.89013
6678.7141578251  81.82775
6678.94806500366  95.84997
6679.18197218223  41.26605
6679.41587936079  96.43441
6679.64978653935  112.32
6679.88369371791  81.72459
6680.11760089648  72.51681
6680.35150807504  41.47136
6680.5854152536  34.18047
6680.81932243216  8.341115
6681.05322961073  50.69333
6681.28713678929  57.31318
6681.52104396785  27.84432
6681.75495114641  20.93059
6681.98885832498  36.1535
6682.22276550354  61.85032
6682.4566726821  51.90549
6682.69057986066  43.54176
6682.92448703923  49.48067
6683.15839421779  27.82056
6683.39230139635  47.90215
6683.62620857491  54.99076
6683.86011575348  89.17698
6684.09402293204  63.47316
6684.3279301106  16.26639
6684.56183728916  34.03685
6684.79574446773  19.87204
6685.02965164629  34.51711
6685.26355882485  67.83669
6685.49746600341  17.85216
6685.73137318198  51.43039
6685.96528036054  38.10844
6686.1991875391  63.56692
6686.43309471767  15.94804
6686.66700189623  33.22538
6686.90090907479  27.77146
6687.13481625335  40.11497
6687.36872343192  60.6888
6687.60263061048  34.86812
6687.83653778904  27.28514
6688.0704449676  23.29741
6688.30435214617  42.75954
6688.53825932473  45.65004
6688.77216650329  11.33166
6689.00607368185  37.94563
6689.23998086042  25.43925
6689.47388803898  38.14198
6689.70779521754  62.11672
6689.9417023961  48.22185
6690.17560957467  34.22177
6690.40951675323  6.288495
6690.64342393179  17.35987
6690.87733111035  18.15549
6691.11123828892  33.4549
6691.34514546748  -8.570048
6691.57905264604  32.41909
6691.81295982461  54.07824
6692.04686700317  36.48519
6692.28077418173  22.9324
