6453.1381665398  41.57421
6453.37197458817  49.49416
6453.60578263653  52.20386
6453.83959068489  45.53791
6454.07339873326  37.04806
6454.30720678162  39.37695
6454.54101482999  41.78855
6454.77482287835  54.38623
6455.00863092671  41.77206
6455.24243897508  21.19148
6455.47624702344  38.47157
6455.71005507181  28.40911
6455.94386312017  36.20235
6456.17767116854  37.40899
6456.4114792169  52.9929
6456.64528726526  59.13713
6456.87909531363  54.7544
6457.11290336199  44.01271
6457.34671141035  50.51845
6457.58051945872  43.24117
6457.81432750708  42.51697
6458.04813555545  51.42646
6458.28194360381  43.94427
6458.51575165217  58.45609
6458.74955970054  82.17606
6458.9833677489  64.82216
6459.21717579727  48.14562
6459.45098384563  56.05996
6459.684791894  40.89682
6459.91859994236  39.66032
6460.15240799073  30.36528
6460.38621603909  29.79834
6460.62002408745  57.35719
6460.85383213582  65.20818
6461.08764018418  41.86736
6461.32144823254  39.9816
6461.55525628091  64.8673
6461.78906432927  66.66543
6462.02287237764  44.20479
6462.256680426  38.26411
6462.49048847437  54.45871
6462.72429652273  97.48856
6462.95810457109  72.98903
6463.19191261946  62.81698
6463.42572066782  63.78016
6463.65952871619  74.41087
6463.89333676455  67.36932
6464.12714481291  63.43254
6464.36095286128  60.57623
6464.59476090964  69.50815
6464.82856895801  76.82067
6465.06237700637  39.41579
6465.29618505473  54.92484
6465.5299931031  53.39627
6465.76380115146  31.06097
6465.99760919983  38.40275
6466.23141724819  82.79473
6466.46522529656  90.09622
6466.69903334492  77.06374
6466.93284139329  79.88706
6467.16664944165  68.05208
6467.40045749001  67.3442
6467.63426553838  59.3187
6467.86807358674  68.03371
6468.1018816351  99.03166
6468.33568968347  67.00509
6468.56949773183  67.75396
6468.8033057802  79.34893
6469.03711382856  59.1229
6469.27092187692  70.35118
6469.50472992529  72.47881
6469.73853797365  69.51479
6469.97234602202  74.60947
6470.20615407038  77.73134
6470.43996211875  79.85793
6470.67377016711  68.23437
6470.90757821547  70.64994
6471.14138626384  73.10812
6471.3751943122  64.78733
6471.60900236057  85.61452
6471.84281040893  90.68162
6472.07661845729  76.27004
6472.31042650566  74.47935
6472.54423455402  90.09456
6472.77804260239  79.38568
6473.01185065075  71.58284
6473.24565869912  97.54171
6473.47946674748  79.427
6473.71327479584  90.54841
6473.94708284421  76.04553
6474.18089089257  51.39874
6474.41469894094  77.27551
6474.6485069893  86.21365
6474.88231503766  76.70734
6475.11612308603  85.93135
6475.34993113439  85.72765
6475.58373918276  97.0209
6475.81754723112  75.92368
6476.05135527948  79.4526
6476.28516332785  116.4257
6476.51897137621  112.9481
6476.75277942458  91.32153
6476.98658747294  88.89611
6477.22039552131  91.24651
6477.45420356967  87.52606
6477.68801161803  81.94286
6477.9218196664  68.26324
6478.15562771476  86.31813
6478.38943576313  105.8183
6478.62324381149  85.67814
6478.85705185985  99.49162
6479.09085990822  94.9836
6479.32466795658  93.50694
6479.55847600495  89.59473
6479.79228405331  64.31121
6480.02609210167  97.80122
6480.25990015004  90.60155
6480.4937081984  83.96902
6480.72751624677  98.38588
6480.96132429513  117.928
6481.1951323435  92.40712
6481.42894039186  60.15729
6481.66274844022  76.95366
6481.89655648859  111.832
6482.13036453695  99.99187
6482.36417258532  67.77505
6482.59798063368  98.4874
6482.83178868204  109.5364
6483.06559673041  98.69025
6483.29940477877  78.91955
6483.53321282714  77.73447
6483.7670208755  91.9488
6484.00082892386  85.80988
6484.23463697223  69.94878
6484.46844502059  57.69312
6484.70225306896  88.6133
6484.93606111732  102.251
6485.16986916569  101.4178
6485.40367721405  103.6723
6485.63748526241  79.68734
6485.87129331078  69.91084
6486.10510135914  99.21243
6486.33890940751  116.1445
6486.57271745587  108.5205
6486.80652550423  124.019
6487.0403335526  103.2516
6487.27414160096  81.72235
6487.50794964933  100.2921
6487.74175769769  121.3075
6487.97556574606  107.9266
6488.20937379442  97.19154
6488.44318184278  87.02474
6488.67698989115  102.1108
6488.91079793951  137.6441
6489.14460598787  125.0458
6489.37841403624  91.28678
6489.6122220846  80.86255
6489.84603013297  90.12376
6490.07983818133  115.3758
6490.31364622969  114.7342
6490.54745427806  128.1068
6490.78126232642  110.028
6491.01507037479  81.82172
6491.24887842315  106.6813
6491.48268647152  116.9968
6491.71649451988  86.08765
6491.95030256825  87.59427
6492.18411061661  106.6905
6492.41791866497  111.5564
6492.65172671334  92.22792
6492.8855347617  78.91884
6493.11934281007  74.89033
6493.35315085843  75.04282
6493.58695890679  87.70172
6493.82076695516  107.1216
6494.05457500352  104.4666
6494.28838305189  82.75017
6494.52219110025  94.2167
6494.75599914861  70.71911
6494.98980719698  70.96928
6495.22361524534  109.1722
6495.45742329371  118.3324
6495.69123134207  107.1784
6495.92503939043  105.9862
6496.1588474388  118.6508
6496.39265548716  83.30245
6496.62646353553  76.78256
6496.86027158389  107.7431
6497.09407963225  91.75267
6497.32788768062  91.69291
6497.56169572898  111.1526
6497.79550377735  108.0315
6498.02931182571  114.9422
6498.26311987408  100.071
6498.49692792244  90.33699
6498.73073597081  127.3013
6498.96454401917  141.0047
6499.19835206753  82.6647
6499.4321601159  82.30201
6499.66596816426  86.42189
6499.89977621263  84.04704
6500.13358426099  104.7725
6500.36739230935  111.0659
6500.60120035772  97.24596
6500.83500840608  99.39468
6501.06881645445  116.5978
6501.30262450281  117.8098
6501.53643255117  105.7914
6501.77024059954  109.3901
6502.0040486479  120.1326
6502.23785669627  105.6056
6502.47166474463  96.05119
6502.70547279299  102.7453
6502.93928084136  97.01102
6503.17308888972  123.1996
6503.40689693809  126.6499
6503.64070498645  119.3477
6503.87451303481  94.57527
6504.10832108318  100.0011
6504.34212913154  115.1155
6504.57593717991  123.9408
6504.80974522827  122.8735
6505.04355327663  110.8668
6505.277361325  108.1993
6505.51116937336  116.2709
6505.74497742173  127.1345
6505.97878547009  121.1724
6506.21259351846  120.9699
6506.44640156682  131.5013
6506.68020961519  112.6432
6506.91401766355  103.7309
6507.14782571191  121.5256
6507.38163376028  111.705
6507.61544180864  108.2862
6507.84924985701  121.6225
6508.08305790537  146.0779
6508.31686595373  136.4248
6508.5506740021  109.7205
6508.78448205046  100.9127
6509.01829009883  108.2996
6509.25209814719  102.0227
6509.48590619555  116.5006
6509.71971424392  107.4117
6509.95352229228  120.8963
6510.18733034064  109.8494
6510.42113838901  101.6369
6510.65494643737  116.3023
6510.88875448574  109.5154
6511.1225625341  117.7886
6511.35637058247  112.4894
6511.59017863083  106.1986
6511.82398667919  126.1375
6512.05779472756  126.9973
6512.29160277592  136.4354
6512.52541082429  121.7686
6512.75921887265  133.5025
6512.99302692102  124.5832
6513.22683496938  120.3866
6513.46064301774  114.789
6513.69445106611  133.3643
6513.92825911447  115.2238
6514.16206716284  129.7075
6514.3958752112  139.1241
6514.62968325956  127.7686
6514.86349130793  119.9291
6515.09729935629  102.6806
6515.33110740466  97.38613
6515.56491545302  112.5617
6515.79872350139  122.4907
6516.03253154975  116.2974
6516.26633959811  120.6087
6516.50014764648  115.5097
6516.73395569484  120.6813
6516.9677637432  145.2052
6517.20157179157  134.213
6517.43537983993  119.5772
6517.6691878883  126.7241
6517.90299593666  134.837
6518.13680398503  108.4969
6518.37061203339  125.5089
6518.60442008175  130.4238
6518.83822813012  136.7744
6519.07203617848  114.6039
6519.30584422685  142.1305
6519.53965227521  109.1349
6519.77346032358  121.7948
6520.00726837194  141.451
6520.2410764203  124.5969
6520.47488446867  99.83896
6520.70869251703  116.9828
6520.9425005654  133.6105
6521.17630861376  134.1968
6521.41011666212  139.4182
6521.64392471049  121.7146
6521.87773275885  123.2839
6522.11154080722  131.3177
6522.34534885558  121.4677
6522.57915690395  126.7955
6522.81296495231  114.6107
6523.04677300067  87.16922
6523.28058104904  95.01932
6523.5143890974  145.995
6523.74819714577  133.2957
6523.98200519413  118.204
6524.21581324249  134.6187
6524.44962129086  129.7156
6524.68342933922  145.2156
6524.91723738759  140.3627
6525.15104543595  140.8897
6525.38485348431  114.0693
6525.61866153268  139.1397
6525.85246958104  166.5338
6526.08627762941  153.8862
6526.32008567777  148.0384
6526.55389372613  130.4579
6526.7877017745  109.0603
6527.02150982286  144.1562
6527.25531787123  114.4591
6527.48912591959  104.1142
6527.72293396796  132.6074
6527.95674201632  132.6197
6528.19055006468  157.988
6528.42435811305  159.6359
6528.65816616141  129.12
6528.89197420978  143.9946
6529.12578225814  153.0493
6529.3595903065  128.807
6529.59339835487  133.438
6529.82720640323  151.8655
6530.0610144516  142.7572
6530.29482249996  116.9971
6530.52863054832  133.3894
6530.76243859669  146.1863
6530.99624664505  140.1483
6531.23005469342  145.0096
6531.46386274178  136.4395
6531.69767079014  149.1001
6531.93147883851  123.8349
6532.16528688687  120.3451
6532.39909493524  147.8298
6532.6329029836  151.4662
6532.86671103196  145.4242
6533.10051908033  138.611
6533.33432712869  161.8411
6533.56813517706  152.3133
6533.80194322542  146.3116
6534.03575127379  151.3731
6534.26955932215  153.9716
6534.50336737051  163.3595
6534.73717541888  150.7173
6534.97098346724  140.8738
6535.20479151561  149.1649
6535.43859956397  157.5696
6535.67240761234  148.7535
6535.9062156607  124.7961
6536.14002370906  129.0631
6536.37383175743  136.5791
6536.60763980579  148.208
6536.84144785416  159.4338
6537.07525590252  160.0704
6537.30906395088  157.0311
6537.54287199925  163.7641
6537.77668004761  143.3563
6538.01048809598  157.3795
6538.24429614434  147.0868
6538.4781041927  153.9941
6538.71191224107  193.5242
6538.94572028943  201.5236
6539.1795283378  193.2533
6539.41333638616  174.2906
6539.64714443452  160.6218
6539.88095248289  179.1179
6540.11476053125  193.6152
6540.34856857962  169.7202
6540.58237662798  143.8831
6540.81618467635  162.0563
6541.04999272471  204.384
6541.28380077308  188.1251
6541.51760882144  167.8848
6541.7514168698  163.9332
6541.98522491817  173.0449
6542.21903296653  174.2404
6542.4528410149  156.7258
6542.68664906326  164.9664
6542.92045711162  188.7859
6543.15426515999  165.5058
6543.38807320835  164.1474
6543.62188125672  199.2728
6543.85568930508  161.9872
6544.08949735344  162.8778
6544.32330540181  192.3599
6544.55711345017  181.2077
6544.79092149854  212.0038
6545.0247295469  174.988
6545.25853759526  174.6105
6545.49234564363  209.6485
6545.72615369199  211.1315
6545.95996174036  194.6346
6546.19376978872  179.6438
6546.42757783708  170.8999
6546.66138588545  198.6949
6546.89519393381  206.2077
6547.12900198218  195.6059
6547.36281003054  188.139
6547.5966180789  176.3081
6547.83042612727  179.8512
6548.06423417563  199.6705
6548.298042224  235.8936
6548.53185027236  229.586
6548.76565832073  224.8619
6548.99946636909  232.7662
6549.23327441746  217.5594
6549.46708246582  201.1724
6549.70089051418  227.4229
6549.93469856255  232.1903
6550.16850661091  223.8641
6550.40231465928  210.4654
6550.63612270764  225.7882
6550.869930756  228.4166
6551.10373880437  242.5132
6551.33754685273  243.8488
6551.5713549011  233.7095
6551.80516294946  239.2006
6552.03897099782  263.1678
6552.27277904619  248.1186
6552.50658709455  242.4533
6552.74039514292  249.5018
6552.97420319128  263.4212
6553.20801123964  288.0834
6553.44181928801  247.7594
6553.67562733637  255.9624
6553.90943538474  280.1481
6554.1432434331  256.2721
6554.37705148146  265.8919
6554.61085952983  282.1538
6554.84466757819  263.5029
6555.07847562656  264.8242
6555.31228367492  260.2905
6555.54609172328  234.3965
6555.77989977165  243.7399
6556.01370782001  259.6125
6556.24751586838  272.8248
6556.48132391674  277.5553
6556.71513196511  263.244
6556.94894001347  249.5825
6557.18274806183  249.7209
6557.4165561102  255.6043
6557.65036415856  244.9084
6557.88417220693  244.6688
6558.11798025529  258.9461
6558.35178830365  250.3289
6558.58559635202  246.4617
6558.81940440038  247.1761
6559.05321244875  236.0764
6559.28702049711  231.876
6559.52082854548  252.2438
6559.75463659384  238.0925
6559.9884446422  245.8109
6560.22225269057  229.3508
6560.45606073893  239.9031
6560.6898687873  230.9489
6560.92367683566  194.2255
6561.15748488402  202.4543
6561.39129293239  190.2543
6561.62510098075  192.5757
6561.85890902912  196.2168
6562.09271707748  199.2759
6562.32652512585  223.0547
6562.56033317421  218.9592
6562.79414122257  245.3696
6563.02794927094  226.6415
6563.2617573193  245.4715
6563.49556536767  222.0768
6563.72937341603  231.0019
6563.96318146439  226.7927
6564.19698951276  201.1031
6564.43079756112  211.2082
6564.66460560949  237.8356
6564.89841365785  246.59
6565.13222170621  220.2787
6565.36602975458  218.0053
6565.59983780294  219.9076
6565.83364585131  207.9914
6566.06745389967  207.8617
6566.30126194803  213.9506
6566.5350699964  202.2966
6566.76887804476  218.7227
6567.00268609313  214.7947
6567.23649414149  180.0847
6567.47030218986  170.5637
6567.70411023822  180.4559
6567.93791828658  206.6863
6568.17172633495  196.6178
6568.40553438331  201.5715
6568.63934243168  199.9693
6568.87315048004  174.1939
6569.1069585284  188.2826
6569.34076657677  202.343
6569.57457462513  193.7454
6569.8083826735  177.705
6570.04219072186  199.8628
6570.27599877023  193.0593
6570.50980681859  183.1965
6570.74361486695  192.8376
6570.97742291532  175.5903
6571.21123096368  159.5301
6571.44503901205  162.2428
6571.67884706041  151.6782
6571.91265510877  167.4612
6572.14646315714  175.2835
6572.3802712055  165.7954
6572.61407925387  171.5792
6572.84788730223  177.7964
6573.08169535059  171.4079
6573.31550339896  165.9815
6573.54931144732  185.0594
6573.78311949569  181.3966
6574.01692754405  200.8709
6574.25073559242  160.3514
6574.48454364078  167.4813
6574.71835168914  181.9547
6574.95215973751  179.7848
6575.18596778587  161.646
6575.41977583424  183.4457
6575.6535838826  165.8002
6575.88739193096  149.2411
6576.12119997933  154.1643
6576.35500802769  144.4452
6576.58881607606  153.6705
6576.82262412442  161.7811
6577.05643217278  163.8925
6577.29024022115  155.8212
6577.52404826951  181.5462
6577.75785631788  158.6911
6577.99166436624  150.5333
6578.2254724146  170.0056
6578.45928046297  164.3692
6578.69308851133  160.2441
6578.9268965597  136.9179
6579.16070460806  139.6823
6579.39451265642  152.2733
6579.62832070479  146.0399
6579.86212875315  136.3499
6580.09593680152  141.1308
6580.32974484988  126.8618
6580.56355289825  140.9621
6580.79736094661  143.7339
6581.03116899497  130.6347
6581.26497704334  144.5893
6581.4987850917  159.123
6581.73259314007  130.5505
6581.96640118843  132.4388
6582.2002092368  141.1104
6582.43401728516  156.207
6582.66782533352  183.4509
6582.90163338189  156.4718
6583.13544143025  156.0417
6583.36924947862  147.9692
6583.60305752698  148.9071
6583.83686557534  137.0632
6584.07067362371  141.3687
6584.30448167207  137.5422
6584.53828972044  149.0321
6584.7720977688  157.8809
6585.00590581716  124.217
6585.23971386553  149.3867
6585.47352191389  149.1126
6585.70732996226  134.6149
6585.94113801062  136.0475
6586.17494605898  179.1131
6586.40875410735  142.9326
6586.64256215571  121.7277
6586.87637020408  129.5352
6587.11017825244  131.2021
6587.3439863008  140.957
6587.57779434917  146.0182
6587.81160239753  172.5835
6588.0454104459  117.8799
6588.27921849426  116.5027
6588.51302654263  142.9718
6588.74683459099  143.7947
6588.98064263936  129.8835
6589.21445068772  144.9121
6589.44825873608  147.4829
6589.68206678445  130.0785
6589.91587483281  131.8009
6590.14968288118  120.4305
6590.38349092954  141.652
6590.6172989779  151.8358
6590.85110702627  130.571
6591.08491507463  137.9274
6591.318723123  146.8695
6591.55253117136  118.6324
6591.78633921972  131.3706
6592.02014726809  150.1519
6592.25395531645  137.1309
6592.48776336482  120.9928
6592.72157141318  150.4507
6592.95537946154  159.7955
6593.18918750991  143.2296
6593.42299555827  122.561
6593.65680360664  138.8071
6593.890611655  137.3898
6594.12441970336  142.0859
6594.35822775173  142.722
6594.59203580009  132.8705
6594.82584384846  131.2362
6595.05965189682  144.0692
6595.29345994519  133.7906
6595.52726799355  116.1485
6595.76107604192  147.7349
6595.99488409028  178.7383
6596.22869213864  145.8964
6596.46250018701  144.4253
6596.69630823537  150.3103
6596.93011628374  140.9352
6597.1639243321  126.7799
6597.39773238046  131.0738
6597.63154042883  131.6986
6597.86534847719  126.4237
6598.09915652555  136.8699
6598.33296457392  146.6716
6598.56677262228  146.5673
6598.80058067065  148.7404
6599.03438871901  147.0276
6599.26819676737  124.6217
6599.50200481574  138.4866
6599.7358128641  150.0955
6599.96962091247  116.1579
6600.20342896083  130.7869
6600.4372370092  118.2611
6600.67104505756  122.0078
6600.90485310592  137.4757
6601.13866115429  118.2129
6601.37246920265  128.0898
6601.60627725102  136.6118
6601.84008529938  125.5532
6602.07389334775  130.2878
6602.30770139611  137.2743
6602.54150944447  106.2272
6602.77531749284  101.2848
6603.0091255412  125.4677
6603.24293358957  117.8179
6603.47674163793  108.6781
6603.71054968629  118.5587
6603.94435773466  125.0148
6604.17816578302  115.231
6604.41197383139  123.1439
6604.64578187975  99.01565
6604.87958992811  111.5464
6605.11339797648  115.9875
6605.34720602484  126.7369
6605.58101407321  121.1631
6605.81482212157  104.4996
6606.04863016993  119.8245
6606.2824382183  124.4927
6606.51624626666  105.2433
6606.75005431503  124.1166
6606.98386236339  113.8232
6607.21767041176  116.7068
6607.45147846012  124.2364
6607.68528650848  128.5067
6607.91909455685  136.0522
6608.15290260521  105.6041
6608.38671065358  124.5494
6608.62051870194  142.4667
6608.8543267503  122.2785
6609.08813479867  113.523
6609.32194284703  127.2967
6609.5557508954  133.5251
6609.78955894376  148.2852
6610.02336699213  120.3279
6610.25717504049  110.7087
6610.49098308885  124.9442
6610.72479113722  113.8008
6610.95859918558  109.7921
6611.19240723395  125.656
6611.42621528231  132.57
6611.66002333067  123.5887
6611.89383137904  136.976
6612.1276394274  129.8931
6612.36144747577  108.8344
6612.59525552413  103.461
6612.82906357249  130.919
6613.06287162086  122.03
6613.29667966922  110.3254
6613.53048771759  109.9333
6613.76429576595  120.6424
6613.99810381432  129.7896
6614.23191186268  136.0394
6614.46571991104  107.6771
6614.69952795941  115.3928
6614.93333600777  123.5325
6615.16714405614  113.7256
6615.4009521045  94.80698
6615.63476015286  122.0566
6615.86856820123  153.4068
6616.10237624959  125.6152
6616.33618429796  107.1307
6616.56999234632  92.32273
6616.80380039469  123.1518
6617.03760844305  130.6138
6617.27141649141  142.2032
6617.50522453978  124.3807
6617.73903258814  134.6595
6617.97284063651  123.1376
6618.20664868487  126.7316
6618.44045673323  114.8312
6618.6742647816  106.4664
6618.90807282996  100.1476
6619.14188087833  103.4772
6619.37568892669  112.164
6619.60949697505  138.2381
6619.84330502342  124.8948
6620.07711307178  101.6214
6620.31092112015  139.5781
6620.54472916851  116.4423
6620.77853721687  109.328
6621.01234526524  137.0167
6621.2461533136  96.02351
6621.47996136197  111.0829
6621.71376941033  103.3682
6621.9475774587  106.011
6622.18138550706  100.2922
6622.41519355542  127.8912
6622.64900160379  126.2278
6622.88280965215  106.1649
6623.11661770052  122.1438
6623.35042574888  97.61534
6623.58423379724  123.8557
6623.81804184561  114.5329
6624.05184989397  94.59149
6624.28565794234  118.692
6624.5194659907  124.5769
6624.75327403907  113.6032
6624.98708208743  131.4023
6625.22089013579  120.5033
6625.45469818416  114.4752
6625.68850623252  117.2794
6625.92231428089  87.83463
6626.15612232925  106.2429
6626.38993037761  128.8948
6626.62373842598  107.3808
6626.85754647434  116.2198
6627.09135452271  129.1897
6627.32516257107  131.1566
6627.55897061943  131.4286
6627.7927786678  128.9872
6628.02658671616  119.707
6628.26039476453  101.9033
6628.49420281289  125.8719
6628.72801086125  124.1922
6628.96181890962  101.6919
6629.19562695798  107.9505
6629.42943500635  91.74839
6629.66324305471  105.6226
6629.89705110307  116.7509
6630.13085915144  119.1748
6630.3646671998  93.36761
6630.59847524817  91.50224
6630.83228329653  96.88287
6631.0660913449  89.3423
6631.29989939326  116.5379
6631.53370744163  127.3219
6631.76751548999  104.6992
6632.00132353835  90.84881
6632.23513158672  96.2811
6632.46893963508  99.36013
6632.70274768344  116.1434
6632.93655573181  128.5696
6633.17036378017  116.4947
6633.40417182854  116.8493
6633.6379798769  102.4336
6633.87178792527  107.9452
6634.10559597363  118.359
6634.33940402199  100.9216
6634.57321207036  102.6946
6634.80702011872  112.2411
6635.04082816709  123.6949
6635.27463621545  94.39804
6635.50844426381  98.8511
6635.74225231218  105.6331
6635.97606036054  94.42971
6636.20986840891  98.49465
6636.44367645727  122.3744
6636.67748450563  114.7735
6636.911292554  118.8496
6637.14510060236  108.6707
6637.37890865073  100.5266
6637.61271669909  113.3546
6637.84652474746  115.8964
6638.08033279582  112.7661
6638.31414084419  106.0314
6638.54794889255  80.77518
6638.78175694091  65.18912
6639.01556498928  91.41365
6639.24937303764  109.1446
6639.483181086  81.72079
6639.71698913437  95.75879
6639.95079718273  95.25693
6640.1846052311  96.90343
6640.41841327946  88.33511
6640.65222132783  93.39923
6640.88602937619  93.07439
6641.11983742455  100.484
6641.35364547292  117.1746
6641.58745352128  96.10237
6641.82126156965  93.73841
6642.05506961801  91.28606
6642.28887766637  102.2054
6642.52268571474  95.29861
6642.7564937631  108.0803
6642.99030181147  124.5606
6643.22410985983  93.89643
6643.45791790819  105.581
6643.69172595656  87.93845
6643.92553400492  76.2706
6644.15934205329  103.3946
6644.39315010165  83.40472
6644.62695815002  82.88919
6644.86076619838  103.6016
6645.09457424674  96.31708
6645.32838229511  77.54195
6645.56219034347  79.76097
6645.79599839184  106.0613
6646.0298064402  94.72679
6646.26361448856  89.25427
6646.49742253693  92.22443
6646.73123058529  98.75658
6646.96503863366  93.32391
6647.19884668202  93.03708
6647.43265473039  84.22758
6647.66646277875  82.0994
6647.90027082711  92.69719
6648.13407887548  99.26749
6648.36788692384  97.00718
6648.60169497221  85.88515
6648.83550302057  83.6526
6649.06931106893  101.1541
6649.3031191173  108.5758
6649.53692716566  116.3354
6649.77073521403  90.76385
6650.00454326239  88.56686
6650.23835131075  60.02724
6650.47215935912  83.96028
6650.70596740748  82.42944
6650.93977545585  52.20356
6651.17358350421  92.19462
6651.40739155257  100.2468
6651.64119960094  93.6917
6651.8750076493  111.1606
6652.10881569767  100.6885
6652.34262374603  77.53635
6652.5764317944  74.95424
6652.81023984276  91.08604
6653.04404789112  78.33781
6653.27785593949  71.283
6653.51166398785  68.12812
6653.74547203622  79.96346
6653.97928008458  61.42531
6654.21308813294  89.55224
6654.44689618131  100.0164
6654.68070422967  108.6207
6654.91451227804  95.60607
6655.1483203264  88.74713
6655.38212837476  81.14089
6655.61593642313  70.52723
6655.84974447149  88.9492
6656.08355251986  91.78203
6656.31736056822  71.15204
6656.55116861659  60.11695
6656.78497666495  75.88425
6657.01878471331  89.28394
6657.25259276168  81.99466
6657.48640081004  92.5937
6657.72020885841  65.92655
6657.95401690677  70.97901
6658.18782495513  95.13725
6658.4216330035  99.11777
6658.65544105186  78.98208
6658.88924910023  83.08775
6659.12305714859  68.11844
6659.35686519696  73.86404
6659.59067324532  71.55682
6659.82448129368  66.29702
6660.05828934205  97.21071
6660.29209739041  103.8934
6660.52590543877  59.89888
6660.75971348714  49.0709
6660.9935215355  53.31253
6661.22732958387  85.22118
6661.46113763223  51.58773
6661.69494568059  63.39872
6661.92875372896  60.21471
6662.16256177732  70.6105
6662.39636982569  95.50513
6662.63017787405  70.99724
6662.86398592242  59.93169
6663.09779397078  70.92345
6663.33160201915  78.89864
6663.56541006751  63.33054
6663.79921811587  54.8898
6664.03302616424  76.9626
6664.2668342126  80.20112
6664.50064226097  70.94473
6664.73445030933  59.94183
6664.96825835769  53.14443
6665.20206640606  68.6996
6665.43587445442  31.50635
6665.66968250279  45.92184
6665.90349055115  56.92393
6666.13729859951  43.69466
6666.37110664788  66.76151
6666.60491469624  44.6809
6666.83872274461  40.97437
6667.07253079297  48.98983
6667.30633884133  39.69375
6667.5401468897  47.61021
6667.77395493806  43.64236
6668.00776298643  55.33715
6668.24157103479  79.69464
6668.47537908315  72.937
6668.70918713152  62.99574
6668.94299517988  48.99344
6669.17680322825  49.8796
6669.41061127661  35.7668
6669.64441932498  26.80907
6669.87822737334  29.85399
6670.11203542171  25.21182
6670.34584347007  46.26453
6670.57965151843  63.15449
6670.8134595668  41.11849
6671.04726761516  48.80635
6671.28107566352  27.14788
6671.51488371189  32.47468
6671.74869176025  37.15464
6671.98249980862  39.89594
6672.21630785698  40.47434
6672.45011590535  62.03737
6672.68392395371  61.62377
6672.91773200207  55.71819
6673.15154005044  45.48067
6673.3853480988  43.25936
6673.61915614717  27.83565
6673.85296419553  39.29392
6674.08677224389  47.05724
6674.32058029226  36.37319
6674.55438834062  22.86337
6674.78819638899  45.82012
6675.02200443735  53.54017
6675.25581248571  29.19955
6675.48962053408  13.78384
6675.72342858244  28.17835
6675.95723663081  41.32977
6676.19104467917  11.01996
6676.42485272753  13.13448
6676.6586607759  29.56767
6676.89246882426  55.05036
6677.12627687263  33.35296
6677.36008492099  37.56193
6677.59389296936  23.76495
6677.82770101772  23.4026
6678.06150906608  23.34559
6678.29531711445  31.39138
6678.52912516281  31.24693
6678.76293321118  31.79819
6678.99674125954  13.261
6679.23054930791  24.0738
6679.46435735627  9.570682
6679.69816540463  7.815403
6679.931973453  27.2728
6680.16578150136  14.28644
6680.39958954973  23.63212
6680.63339759809  13.27142
6680.86720564645  43.9485
6681.10101369482  41.86537
6681.33482174318  26.14801
6681.56862979154  17.61785
6681.80243783991  22.55499
6682.03624588827  28.8415
6682.27005393664  26.51765
6682.503861985  26.50277
6682.73767003337  24.02779
6682.97147808173  30.93247
6683.20528613009  16.29699
6683.43909417846  22.0379
6683.67290222682  28.52942
6683.90671027519  23.87707
6684.14051832355  22.36117
6684.37432637192  31.37697
6684.60813442028  6.101464
6684.84194246865  23.65908
6685.07575051701  14.31683
6685.30955856537  -6.418241
6685.54336661374  -2.672826
6685.7771746621  16.10545
6686.01098271046  7.507671
6686.24479075883  31.87542
6686.47859880719  19.89517
6686.71240685556  13.68258
6686.94621490392  3.65773
6687.18002295229  5.635279
6687.41383100065  32.93673
6687.64763904901  2.542521
6687.88144709738  -9.951841
6688.11525514574  16.93054
6688.34906319411  15.95044
6688.58287124247  3.639093
6688.81667929083  -2.845251
6689.0504873392  9.149029
6689.28429538756  15.38223
6689.51810343593  18.14119
6689.75191148429  19.88812
6689.98571953265  3.334768
6690.21952758102  -2.016101
6690.45333562938  5.040751
6690.68714367775  12.58756
6690.92095172611  16.40553
6691.15475977448  27.69705
6691.38856782284  6.019403
6691.6223758712  25.6862
6691.85618391957  17.19745
6692.08999196793  -10.23886
6692.3238000163  -17.46181
