6453.1694293829  69.20212
6453.40323828596  38.08911
6453.63704718902  34.64997
6453.87085609208  69.07858
6454.10466499514  46.15597
6454.3384738982  44.35546
6454.57228280125  44.4797
6454.80609170432  32.96028
6455.03990060737  34.01104
6455.27370951043  36.65595
6455.50751841349  44.19634
6455.74132731655  44.04459
6455.97513621961  78.46732
6456.20894512267  79.33774
6456.44275402573  64.52132
6456.67656292879  74.41748
6456.91037183185  49.72954
6457.14418073491  1.319609
6457.37798963797  5.788704
6457.61179854103  42.52807
6457.84560744408  60.02617
6458.07941634714  47.7904
6458.3132252502  39.70404
6458.54703415326  49.68357
6458.78084305632  49.26368
6459.01465195938  74.65454
6459.24846086244  78.62992
6459.4822697655  66.69067
6459.71607866856  117.2602
6459.94988757162  78.32655
6460.18369647468  78.90572
6460.41750537774  76.41911
6460.65131428079  55.73295
6460.88512318386  21.86456
6461.11893208691  2.02317
6461.35274098997  61.41788
6461.58654989303  121.1825
6461.82035879609  91.23987
6462.05416769915  55.56909
6462.28797660221  76.18166
6462.52178550527  89.34051
6462.75559440833  76.89763
6462.98940331139  105.2811
6463.22321221445  128.5346
6463.45702111751  94.98728
6463.69083002057  66.01134
6463.92463892363  87.62922
6464.15844782668  76.05167
6464.39225672974  57.01881
6464.6260656328  82.40601
6464.85987453586  75.68073
6465.09368343892  77.59728
6465.32749234198  99.19076
6465.56130124504  59.42838
6465.7951101481  44.6091
6466.02891905116  56.41955
6466.26272795422  76.73811
6466.49653685728  91.13068
6466.73034576034  92.86291
6466.96415466339  56.10402
6467.19796356645  47.09418
6467.43177246951  85.48111
6467.66558137257  90.76295
6467.89939027563  89.05199
6468.13319917869  129.966
6468.36700808175  129.7389
6468.60081698481  108.2663
6468.83462588787  133.5754
6469.06843479093  112.0328
6469.30224369399  107.1681
6469.53605259705  112.4541
6469.7698615001  121.6506
6470.00367040316  97.46043
6470.23747930622  81.17648
6470.47128820928  108.5464
6470.70509711234  95.71983
6470.9389060154  101.8101
6471.17271491846  121.6716
6471.40652382152  111.1645
6471.64033272458  141.9418
6471.87414162764  91.88238
6472.1079505307  103.549
6472.34175943376  69.82364
6472.57556833682  119.8902
6472.80937723987  104.4044
6473.04318614293  68.39344
6473.27699504599  91.5395
6473.51080394905  107.2479
6473.74461285211  109.2677
6473.97842175517  99.2153
6474.21223065823  115.9783
6474.44603956129  125.3468
6474.67984846435  84.11292
6474.91365736741  99.46216
6475.14746627047  140.0951
6475.38127517353  121.0293
6475.61508407659  143.1747
6475.84889297964  93.91942
6476.0827018827  85.83772
6476.31651078576  143.3881
6476.55031968882  127.9602
6476.78412859188  106.9098
6477.01793749494  118.6767
6477.251746398  102.4587
6477.48555530106  134.5183
6477.71936420412  145.9131
6477.95317310718  123.0808
6478.18698201024  142.9709
6478.4207909133  123.4418
6478.65459981636  110.085
6478.88840871941  153.5398
6479.12221762247  160.8874
6479.35602652553  138.4692
6479.58983542859  84.49921
6479.82364433165  93.25646
6480.05745323471  93.8847
6480.29126213777  112.5575
6480.52507104083  68.15594
6480.75887994389  89.6401
6480.99268884695  115.0263
6481.22649775001  77.6022
6481.46030665307  75.57738
6481.69411555612  117.4766
6481.92792445918  130.2791
6482.16173336224  119.7993
6482.3955422653  122.9836
6482.62935116836  104.9348
6482.86316007142  98.64951
6483.09696897448  103.5924
6483.33077787754  122.3353
6483.5645867806  117.4853
6483.79839568366  121.9208
6484.03220458672  109.8846
6484.26601348978  104.8837
6484.49982239283  128.0932
6484.73363129589  108.971
6484.96744019895  147.2908
6485.20124910201  143.1032
6485.43505800507  76.6976
6485.66886690813  118.927
6485.90267581119  145.2449
6486.13648471425  123.3139
6486.37029361731  106.3306
6486.60410252037  82.88047
6486.83791142343  155.0309
6487.07172032649  127.0535
6487.30552922955  123.9282
6487.5393381326  127.3631
6487.77314703566  117.7923
6488.00695593872  108.8747
6488.24076484178  130.8251
6488.47457374484  123.0572
6488.7083826479  92.2946
6488.94219155096  97.70592
6489.17600045402  136.8233
6489.40980935708  129.5794
6489.64361826014  80.18758
6489.8774271632  102.9879
6490.11123606626  138.6703
6490.34504496932  113.0285
6490.57885387237  134.1524
6490.81266277544  156.9686
6491.04647167849  116.5519
6491.28028058155  110.6284
6491.51408948461  167.7725
6491.74789838767  139.7324
6491.98170729073  139.6902
6492.21551619379  147.9412
6492.44932509685  145.7956
6492.68313399991  137.8154
6492.91694290297  150.7276
6493.15075180603  112.6709
6493.38456070909  94.34258
6493.61836961215  137.0202
6493.85217851521  91.92424
6494.08598741826  75.91726
6494.31979632132  106.6575
6494.55360522438  122.4648
6494.78741412744  101.8733
6495.0212230305  103.3668
6495.25503193356  110.316
6495.48884083662  113.0523
6495.72264973968  161.8001
6495.95645864274  177.1891
6496.1902675458  139.1346
6496.42407644886  105.4226
6496.65788535191  82.35354
6496.89169425497  115.0263
6497.12550315803  149.1241
6497.35931206109  126.5473
6497.59312096415  122.8643
6497.82692986721  130.8417
6498.06073877027  108.6258
6498.29454767333  114.0725
6498.52835657639  144.7331
6498.76216547945  181.0517
6498.99597438251  164.8806
6499.22978328557  123.0704
6499.46359218862  165.5512
6499.69740109168  132.8497
6499.93120999475  95.18587
6500.1650188978  119.9328
6500.39882780086  127.1957
6500.63263670392  150.2582
6500.86644560698  172.9861
6501.10025451004  150.9515
6501.3340634131  107.4938
6501.56787231616  117.8034
6501.80168121922  151.4116
6502.03549012228  135.0497
6502.26929902534  134.6547
6502.5031079284  157.9241
6502.73691683146  153.7959
6502.97072573451  169.2702
6503.20453463757  133.9889
6503.43834354063  108.6005
6503.67215244369  92.62785
6503.90596134675  112.839
6504.13977024981  144.0099
6504.37357915287  157.1256
6504.60738805593  176.0649
6504.84119695899  149.6849
6505.07500586205  112.8682
6505.30881476511  125.9747
6505.54262366817  153.0779
6505.77643257122  178.8697
6506.01024147428  177.4247
6506.24405037734  160.0152
6506.4778592804  143.8754
6506.71166818346  125.3295
6506.94547708652  127.1474
6507.17928598958  138.1681
6507.41309489264  145.9011
6507.6469037957  137.7703
6507.88071269876  136.4698
6508.11452160182  158.2101
6508.34833050488  107.6306
6508.58213940794  158.2143
6508.81594831099  85.8276
6509.04975721405  115.0361
6509.28356611711  148.898
6509.51737502017  93.22572
6509.75118392323  104.4935
6509.98499282629  160.2849
6510.21880172935  181.582
6510.45261063241  161.0889
6510.68641953547  162.8088
6510.92022843853  151.5537
6511.15403734159  149.9124
6511.38784624465  183.6327
6511.6216551477  166.0084
6511.85546405076  148.8275
6512.08927295382  158.7457
6512.32308185688  148.0864
6512.55689075994  176.8427
6512.790699663  165.598
6513.02450856606  163.2697
6513.25831746912  128.3384
6513.49212637218  127.0835
6513.72593527524  142.2975
6513.9597441783  144.7371
6514.19355308136  144.587
6514.42736198441  139.7633
6514.66117088748  108.7461
6514.89497979053  154.0881
6515.12878869359  165.2596
6515.36259759665  144.1906
6515.59640649971  122.5208
6515.83021540277  178.2809
6516.06402430583  200.653
6516.29783320889  146.3777
6516.53164211195  155.0165
6516.76545101501  180.1817
6516.99925991807  152.6606
6517.23306882113  135.953
6517.46687772419  134.0267
6517.70068662724  122.1663
6517.9344955303  120.845
6518.16830443336  113.3492
6518.40211333642  138.3305
6518.63592223948  112.1651
6518.86973114254  109.812
6519.1035400456  164.4291
6519.33734894866  119.9207
6519.57115785172  170.1846
6519.80496675478  179.8004
6520.03877565784  126.9069
6520.2725845609  176.6783
6520.50639346395  163.4084
6520.74020236701  140.4741
6520.97401127007  162.7217
6521.20782017313  128.6168
6521.44162907619  163.1914
6521.67543797925  175.1632
6521.90924688231  132.0049
6522.14305578537  155.8243
6522.37686468843  144.104
6522.61067359149  112.1397
6522.84448249455  152.6279
6523.07829139761  184.5068
6523.31210030067  163.6759
6523.54590920372  169.8933
6523.77971810679  203.856
6524.01352700984  173.252
6524.2473359129  200.8275
6524.48114481596  188.6284
6524.71495371902  194.3537
6524.94876262208  101.9758
6525.18257152514  143.7459
6525.4163804282  96.31477
6525.65018933126  152.0817
6525.88399823432  182.9081
6526.11780713738  165.1537
6526.35161604044  151.5081
6526.58542494349  130.8172
6526.81923384656  170.2311
6527.05304274961  152.4913
6527.28685165267  127.9155
6527.52066055573  177.1935
6527.75446945879  167.5839
6527.98827836185  176.6751
6528.22208726491  184.3577
6528.45589616797  166.9032
6528.68970507103  193.9835
6528.92351397409  180.8366
6529.15732287715  200.215
6529.39113178021  174.4329
6529.62494068327  134.0604
6529.85874958633  180.7877
6530.09255848938  142.9219
6530.32636739244  183.3002
6530.5601762955  182.3523
6530.79398519856  187.7
6531.02779410162  110.3363
6531.26160300468  168.7042
6531.49541190774  177.1634
6531.7292208108  200.7097
6531.96302971386  187.0119
6532.19683861692  190.5928
6532.43064751998  168.4953
6532.66445642304  140.3154
6532.89826532609  134.0248
6533.13207422915  144.9939
6533.36588313221  203.2865
6533.59969203527  198.6532
6533.83350093833  169.14
6534.06730984139  135.5898
6534.30111874445  156.2703
6534.53492764751  205.5896
6534.76873655057  182.7316
6535.00254545363  139.4547
6535.23635435669  163.6205
6535.47016325975  207.2023
6535.7039721628  192.1973
6535.93778106586  169.4306
6536.17158996892  155.7918
6536.40539887198  163.7704
6536.63920777504  195.2161
6536.8730166781  188.2709
6537.10682558116  203.4439
6537.34063448422  168.7228
6537.57444338728  205.9373
6537.80825229034  152.456
6538.0420611934  186.1143
6538.27587009646  151.1828
6538.50967899952  139.8609
6538.74348790257  148.3289
6538.97729680563  171.3731
6539.21110570869  191.5565
6539.44491461175  195.4036
6539.67872351481  193.9175
6539.91253241787  212.8463
6540.14634132093  208.5446
6540.38015022399  198.7763
6540.61395912705  158.5889
6540.84776803011  183.2708
6541.08157693317  242.299
6541.31538583623  200.0877
6541.54919473929  138.6827
6541.78300364234  158.0575
6542.0168125454  198.6454
6542.25062144846  197.9309
6542.48443035152  226.3183
6542.71823925458  196.7832
6542.95204815764  173.1364
6543.1858570607  211.9322
6543.41966596376  187.0868
6543.65347486682  231.1597
6543.88728376988  295.1039
6544.12109267294  277.4311
6544.354901576  282.5312
6544.58871047906  248.9883
6544.82251938211  206.5975
6545.05632828517  237.9056
6545.29013718823  218.8259
6545.52394609129  216.8608
6545.75775499435  226.2519
6545.99156389741  208.8568
6546.22537280047  146.2119
6546.45918170353  224.0526
6546.69299060659  235.0891
6546.92679950965  197.6312
6547.16060841271  204.7559
6547.39441731577  200.3836
6547.62822621882  205.2821
6547.86203512188  227.431
6548.09584402494  231.9739
6548.329652928  248.5633
6548.56346183106  234.7489
6548.79727073412  245.4342
6549.03107963718  227.3205
6549.26488854024  189.8034
6549.4986974433  155.9146
6549.73250634636  230.7157
6549.96631524942  291.5591
6550.20012415248  238.7972
6550.43393305554  265.2511
6550.66774195859  277.807
6550.90155086165  241.6567
6551.13535976471  260.7592
6551.36916866777  288.4524
6551.60297757083  273.7825
6551.83678647389  251.2514
6552.07059537695  229.1929
6552.30440428001  223.1502
6552.53821318307  248.4681
6552.77202208613  269.5632
6553.00583098919  285.8873
6553.23963989225  285.6514
6553.4734487953  308.2902
6553.70725769837  291.271
6553.94106660142  252.6125
6554.17487550448  297.4144
6554.40868440754  270.4703
6554.6424933106  280.2352
6554.87630221366  288.9703
6555.11011111672  267.0244
6555.34392001978  286.9052
6555.57772892284  311.8117
6555.8115378259  265.6068
6556.04534672896  277.4925
6556.27915563201  275.2502
6556.51296453508  236.472
6556.74677343813  296.3427
6556.98058234119  286.2996
6557.21439124425  215.6403
6557.44820014731  229.4538
6557.68200905037  259.5899
6557.91581795343  302.5205
6558.14962685649  247.9899
6558.38343575955  268.5957
6558.61724466261  317.2912
6558.85105356567  300.63
6559.08486246873  291.4756
6559.31867137179  238.2251
6559.55248027484  266.5061
6559.78628917791  291.9776
6560.02009808096  257.4233
6560.25390698402  260.3385
6560.48771588708  217.1629
6560.72152479014  250.0904
6560.9553336932  246.6458
6561.18914259626  256.2458
6561.42295149932  253.603
6561.65676040238  241.0825
6561.89056930544  275.6566
6562.1243782085  237.494
6562.35818711156  241.1827
6562.59199601462  265.8581
6562.82580491767  252.521
6563.05961382073  215.1587
6563.29342272379  214.0423
6563.52723162685  242.6753
6563.76104052991  219.6418
6563.99484943297  250.0826
6564.22865833603  321.1483
6564.46246723909  275.5931
6564.69627614215  228.3229
6564.93008504521  217.2648
6565.16389394827  243.3344
6565.39770285133  277.7371
6565.63151175438  241.4399
6565.86532065744  242.4978
6566.0991295605  258.8791
6566.33293846356  203.5341
6566.56674736662  186.8687
6566.80055626968  232.8793
6567.03436517274  217.8958
6567.2681740758  246.6006
6567.50198297886  278.4603
6567.73579188192  200.988
6567.96960078498  208.2724
6568.20340968804  283.3022
6568.4372185911  267.0674
6568.67102749415  252.0961
6568.90483639721  229.5943
6569.13864530027  208.6406
6569.37245420333  209.717
6569.60626310639  203.0925
6569.84007200945  197.7574
6570.07388091251  226.9198
6570.30768981557  298.2743
6570.54149871863  254.0198
6570.77530762169  234.1597
6571.00911652475  222.5452
6571.24292542781  226.3462
6571.47673433087  240.7674
6571.71054323392  270.2055
6571.94435213698  242.6184
6572.17816104004  255.4509
6572.4119699431  219.1012
6572.64577884616  216.2971
6572.87958774922  228.3604
6573.11339665228  252.7638
6573.34720555534  270.1022
6573.5810144584  246.1362
6573.81482336146  223.8774
6574.04863226452  207.0073
6574.28244116758  252.2704
6574.51625007064  209.8465
6574.75005897369  231.8107
6574.98386787675  229.0163
6575.21767677981  220.6475
6575.45148568287  203.9184
6575.68529458593  200.2171
6575.91910348899  238.8414
6576.15291239205  223.9047
6576.38672129511  206.9572
6576.62053019817  215.8056
6576.85433910123  234.2769
6577.08814800429  190.7688
6577.32195690735  248.0657
6577.55576581041  271.7466
6577.78957471346  234.3748
6578.02338361652  238.3603
6578.25719251958  244.3687
6578.49100142264  191.9592
6578.7248103257  201.75
6578.95861922876  200.505
6579.19242813182  178.6428
6579.42623703488  213.2523
6579.66004593794  228.6988
6579.893854841  183.2573
6580.12766374406  182.0152
6580.36147264712  215.0616
6580.59528155018  198.9419
6580.82909045323  208.6378
6581.06289935629  189.9454
6581.29670825935  186.3847
6581.53051716241  187.8439
6581.76432606547  192.3985
6581.99813496853  187.171
6582.23194387159  181.0505
6582.46575277465  162.7698
6582.69956167771  202.8338
6582.93337058077  214.6185
6583.16717948383  235.4111
6583.40098838689  227.012
6583.63479728995  182.7641
6583.868606193  212.6041
6584.10241509606  203.218
6584.33622399912  205.5017
6584.57003290218  181.3711
6584.80384180524  179.6214
6585.0376507083  178.5627
6585.27145961136  217.3688
6585.50526851442  164.5047
6585.73907741748  179.9057
6585.97288632054  185.8297
6586.2066952236  182.9184
6586.44050412666  177.3849
6586.67431302971  171.7639
6586.90812193277  174.882
6587.14193083583  174.2696
6587.37573973889  189.6227
6587.60954864195  168.2838
6587.84335754501  168.4037
6588.07716644807  152.5657
6588.31097535113  175.35
6588.54478425419  181.0365
6588.77859315725  190.0778
6589.01240206031  193.8009
6589.24621096337  170.528
6589.48001986643  193.1795
6589.71382876949  207.3683
6589.94763767254  199.2287
6590.1814465756  190.912
6590.41525547866  188.0434
6590.64906438172  132.3496
6590.88287328478  165.4735
6591.11668218784  206.9561
6591.3504910909  221.3258
6591.58429999396  202.5327
6591.81810889702  162.9556
6592.05191780008  131.6027
6592.28572670314  166.6343
6592.5195356062  182.5689
6592.75334450925  174.6575
6592.98715341231  186.511
6593.22096231537  153.2541
6593.45477121843  160.9721
6593.68858012149  187.2761
6593.92238902455  166.8524
6594.15619792761  179.5492
6594.39000683067  194.0709
6594.62381573373  199.1444
6594.85762463679  167.7709
6595.09143353985  186.4067
6595.32524244291  219.114
6595.55905134597  167.4464
6595.79286024902  156.8577
6596.02666915208  185.7911
6596.26047805514  211.3235
6596.4942869582  197.4853
6596.72809586126  161.9472
6596.96190476432  158.295
6597.19571366738  151.0711
6597.42952257044  179.6614
6597.6633314735  149.6291
6597.89714037656  170.9805
6598.13094927962  201.8906
6598.36475818268  173.6042
6598.59856708574  126.3852
6598.83237598879  188.4437
6599.06618489185  198.3684
6599.29999379491  193.364
6599.53380269797  201.018
6599.76761160103  165.578
6600.00142050409  151.863
6600.23522940715  165.8661
6600.46903831021  145.462
6600.70284721327  172.8041
6600.93665611633  197.2913
6601.17046501939  148.5254
6601.40427392245  179.94
6601.63808282551  196.4855
6601.87189172856  170.5124
6602.10570063162  119.6851
6602.33950953468  149.9185
6602.57331843774  180.9697
6602.8071273408  164.5836
6603.04093624386  166.2796
6603.27474514692  193.253
6603.50855404998  184.9742
6603.74236295304  160.3511
6603.9761718561  150.1739
6604.20998075916  196.535
6604.44378966222  173.0751
6604.67759856527  162.7587
6604.91140746833  189.9503
6605.14521637139  126.3601
6605.37902527445  183.6397
6605.61283417751  175.4487
6605.84664308057  148.4359
6606.08045198363  208.7469
6606.31426088669  192.7871
6606.54806978975  163.1532
6606.78187869281  172.8676
6607.01568759587  161.7902
6607.24949649893  136.4911
6607.48330540198  159.5045
6607.71711430504  172.7511
6607.9509232081  166.9786
6608.18473211116  138.6105
6608.41854101422  152.1215
6608.65234991728  148.5799
6608.88615882034  134.1366
6609.1199677234  153.6834
6609.35377662646  167.586
6609.58758552952  150.4966
6609.82139443258  160.581
6610.05520333564  179.6335
6610.2890122387  182.2664
6610.52282114175  181.4443
6610.75663004481  137.1058
6610.99043894787  125.5653
6611.22424785093  174.7007
6611.45805675399  149.7881
6611.69186565705  121.0536
6611.92567456011  125.8548
6612.15948346317  162.2198
6612.39329236623  143.4921
6612.62710126929  74.1963
6612.86091017235  120.5461
6613.09471907541  178.4128
6613.32852797847  172.0864
6613.56233688152  113.4758
6613.79614578458  76.88378
6614.02995468764  159.0893
6614.2637635907  163.8223
6614.49757249376  174.3286
6614.73138139682  160.7072
6614.96519029988  161.6186
6615.19899920294  157.7657
6615.432808106  157.6897
6615.66661700906  169.4372
6615.90042591212  156.4718
6616.13423481518  115.2573
6616.36804371824  146.6771
6616.6018526213  136.3397
6616.83566152435  116.255
6617.06947042741  113.2975
6617.30327933047  121.7102
6617.53708823353  113.6131
6617.77089713659  114.872
6618.00470603965  132.122
6618.23851494271  126.3342
6618.47232384577  137.2706
6618.70613274883  199.6004
6618.93994165189  168.8257
6619.17375055495  123.6026
6619.40755945801  168.1681
6619.64136836106  167.2948
6619.87517726412  128.0814
6620.10898616718  153.7254
6620.34279507024  193.0046
6620.5766039733  189.462
6620.81041287636  174.3013
6621.04422177942  185.8337
6621.27803068248  178.164
6621.51183958554  163.7894
6621.7456484886  127.5497
6621.97945739166  147.4286
6622.21326629472  156.5111
6622.44707519778  155.1676
6622.68088410084  149.4755
6622.91469300389  136.1031
6623.14850190695  139.6497
6623.38231081001  154.3918
6623.61611971307  164.6814
6623.84992861613  150.6372
6624.08373751919  160.5721
6624.31754642225  132.1457
6624.55135532531  165.1408
6624.78516422837  151.3187
6625.01897313143  145.4193
6625.25278203449  186.4572
6625.48659093755  160.9174
6625.72039984061  163.0882
6625.95420874366  148.4874
6626.18801764672  150.3283
6626.42182654978  117.7629
6626.65563545284  133.388
6626.8894443559  145.8834
6627.12325325896  185.4736
6627.35706216202  164.3061
6627.59087106508  109.5624
6627.82467996814  121.75
6628.0584888712  163.5195
6628.29229777426  176.1083
6628.52610667732  140.003
6628.75991558038  115.6232
6628.99372448343  123.4106
6629.22753338649  142.6738
6629.46134228955  172.2812
6629.69515119261  181.9417
6629.92896009567  150.8463
6630.16276899873  111.84
6630.39657790179  112.4758
6630.63038680485  144.0189
6630.86419570791  135.5489
6631.09800461097  133.894
6631.33181351403  137.4609
6631.56562241709  119.3819
6631.79943132015  154.0345
6632.0332402232  139.3336
6632.26704912626  175.2314
6632.50085802932  142.0633
6632.73466693238  140.1738
6632.96847583544  149.2216
6633.2022847385  119.9584
6633.43609364156  129.9692
6633.66990254462  131.1938
6633.90371144768  133.1432
6634.13752035074  109.2497
6634.3713292538  115.3607
6634.60513815686  130.249
6634.83894705991  161.0654
6635.07275596297  121.0149
6635.30656486603  109.1969
6635.54037376909  121.0492
6635.77418267215  157.1454
6636.00799157521  132.387
6636.24180047827  127.1228
6636.47560938133  96.90589
6636.70941828439  148.0182
6636.94322718745  148.8713
6637.17703609051  137.1443
6637.41084499357  154.5556
6637.64465389662  152.5352
6637.87846279968  112.9938
6638.11227170274  116.494
6638.3460806058  117.9506
6638.57988950886  130.6529
6638.81369841192  126.2012
6639.04750731498  103.0176
6639.28131621804  129.7267
6639.5151251211  107.7881
6639.74893402416  103.2989
6639.98274292722  106.0838
6640.21655183028  115.9028
6640.45036073333  123.7386
6640.6841696364  111.1315
6640.91797853945  122.2888
6641.15178744251  155.9901
6641.38559634557  147.8956
6641.61940524863  82.027
6641.85321415169  87.47695
6642.08702305475  91.56383
6642.32083195781  108.3398
6642.55464086087  120.0916
6642.78844976393  75.03541
6643.02225866699  112.2185
6643.25606757005  136.8387
6643.4898764731  133.3636
6643.72368537616  161.9344
6643.95749427922  117.2055
6644.19130318228  142.2968
6644.42511208534  136.5099
6644.6589209884  105.6812
6644.89272989146  98.74192
6645.12653879452  114.202
6645.36034769758  145.0329
6645.59415660064  99.95947
6645.8279655037  120.0465
6646.06177440676  123.8736
6646.29558330982  91.42399
6646.52939221287  108.0339
6646.76320111593  105.6517
6646.99701001899  102.875
6647.23081892205  94.12926
6647.46462782511  109.6539
6647.69843672817  161.3087
6647.93224563123  155.7098
6648.16605453429  93.35162
6648.39986343735  75.10286
6648.63367234041  124.3206
6648.86748124347  141.3504
6649.10129014653  96.77792
6649.33509904959  77.68762
6649.56890795264  134.4788
6649.80271685571  97.8191
6650.03652575876  88.9688
6650.27033466182  115.0478
6650.50414356488  69.75727
6650.73795246794  98.87943
6650.971761371  108.8526
6651.20557027406  132.7475
6651.43937917712  136.297
6651.67318808018  110.1882
6651.90699698324  114.1588
6652.1408058863  80.65041
6652.37461478936  76.0281
6652.60842369242  104.8679
6652.84223259547  113.3908
6653.07604149853  114.4613
6653.30985040159  89.74602
6653.54365930465  79.67654
6653.77746820771  90.33533
6654.01127711077  97.47831
6654.24508601383  92.15854
6654.47889491689  107.7327
6654.71270381995  113.242
6654.94651272301  74.75293
6655.18032162607  83.18905
6655.41413052913  66.895
6655.64793943218  69.84427
6655.88174833524  86.24927
6656.1155572383  107.9817
6656.34936614136  126.9296
6656.58317504442  79.78142
6656.81698394748  55.47961
6657.05079285054  116.8153
6657.2846017536  70.19624
6657.51841065666  112.9337
6657.75221955972  70.94124
6657.98602846278  47.73108
6658.21983736584  128.0703
6658.45364626889  64.20174
6658.68745517195  55.30724
6658.92126407501  75.64743
6659.15507297807  110.7122
6659.38888188113  119.7218
6659.62269078419  50.06207
6659.85649968725  32.95428
6660.09030859031  86.81403
6660.32411749337  70.4683
6660.55792639643  81.54729
6660.79173529949  69.37331
6661.02554420255  65.10537
6661.2593531056  105.3794
6661.49316200867  84.69801
6661.72697091172  77.34831
6661.96077981478  86.80708
6662.19458871784  105.9919
6662.4283976209  88.13248
6662.66220652396  32.91615
6662.89601542702  66.75803
6663.12982433008  72.84779
6663.36363323314  55.6918
6663.5974421362  67.88181
6663.83125103926  73.3652
6664.06505994232  60.86044
6664.29886884538  103.9622
6664.53267774844  29.80288
6664.76648665149  11.53331
6665.00029555455  54.05971
6665.23410445761  54.06564
6665.46791336067  47.33955
6665.70172226373  50.07285
6665.93553116679  80.17194
6666.16934006985  54.72083
6666.40314897291  64.18655
6666.63695787597  76.30907
6666.87076677903  53.44507
6667.10457568209  56.78982
6667.33838458515  74.3117
6667.5721934882  58.1368
6667.80600239126  37.36082
6668.03981129432  55.45641
6668.27362019738  69.94786
6668.50742910044  107.3879
6668.7412380035  42.65311
6668.97504690656  45.58069
6669.20885580962  63.71346
6669.44266471268  21.02364
6669.67647361574  62.29053
6669.9102825188  128.7782
6670.14409142186  44.58766
6670.37790032491  35.69515
6670.61170922797  78.88937
6670.84551813103  18.61528
6671.07932703409  60.50628
6671.31313593715  86.54719
6671.54694484021  75.98689
6671.78075374327  63.5274
6672.01456264633  50.05896
6672.24837154939  28.78673
6672.48218045245  58.44262
6672.71598935551  68.65063
6672.94979825857  37.29027
6673.18360716162  66.90508
6673.41741606468  40.96399
6673.65122496775  16.85225
6673.8850338708  37.4788
6674.11884277386  40.04371
6674.35265167692  44.31913
6674.58646057998  7.091579
6674.82026948304  50.07264
6675.0540783861  62.54913
6675.28788728916  20.59726
6675.52169619222  26.13327
6675.75550509528  10.20632
6675.98931399834  90.57624
6676.2231229014  61.01045
6676.45693180446  64.2289
6676.69074070751  18.48926
6676.92454961057  32.50187
6677.15835851363  35.11986
6677.39216741669  36.03409
6677.62597631975  30.32893
6677.85978522281  28.26558
6678.09359412587  34.55708
6678.32740302893  8.553218
6678.56121193199  3.969665
6678.79502083505  82.91016
6679.02882973811  46.63915
6679.26263864117  7.029455
6679.49644754422  31.382
6679.73025644728  43.06467
6679.96406535034  20.83672
6680.1978742534  -0.7500182
6680.43168315646  24.53762
6680.66549205952  34.85952
6680.89930096258  60.38497
6681.13310986564  75.60841
6681.3669187687  33.01978
6681.60072767176  27.43723
6681.83453657482  32.69587
6682.06834547788  24.13221
6682.30215438094  -1.156808
6682.53596328399  16.47886
6682.76977218705  41.21195
6683.00358109012  4.423426
6683.23738999317  35.39775
6683.47119889623  32.56241
6683.70500779929  44.5934
6683.93881670235  37.76067
6684.17262560541  36.21932
6684.40643450847  -12.86283
6684.64024341153  3.607245
6684.87405231459  25.09249
6685.10786121765  9.274543
6685.34167012071  -10.2411
6685.57547902376  5.685722
6685.80928792683  7.096624
6686.04309682988  21.20725
6686.27690573294  30.44883
6686.510714636  41.19406
6686.74452353906  67.29054
6686.97833244212  9.545522
6687.21214134518  -13.50881
6687.44595024824  40.77388
6687.6797591513  40.90584
6687.91356805436  30.58089
6688.14737695742  29.18749
6688.38118586048  -0.3381771
6688.61499476354  17.26872
6688.84880366659  27.99374
6689.08261256965  17.85319
6689.31642147271  -21.41542
6689.55023037577  -21.85972
6689.78403927883  -10.42524
6690.01784818189  -17.04881
6690.25165708495  8.420702
6690.48546598801  0.6300882
6690.71927489107  66.00773
6690.95308379413  47.86372
6691.18689269719  15.96796
6691.42070160025  49.46494
6691.6545105033  27.02506
6691.88831940636  38.0378
6692.12212830942  47.387
6692.35593721248  33.25916
