6453.2002313463  64.62244
6453.43403018202  40.32208
6453.66782901773  9.444889
6453.90162785345  26.99998
6454.13542668917  18.30416
6454.36922552488  30.05209
6454.6030243606  85.32259
6454.83682319632  98.93188
6455.07062203204  58.5392
6455.30442086775  49.37508
6455.53821970347  62.31735
6455.77201853919  47.75862
6456.0058173749  69.91409
6456.23961621062  31.07508
6456.47341504634  23.74851
6456.70721388205  49.58216
6456.94101271777  60.86729
6457.17481155349  3.834281
6457.4086103892  10.33939
6457.64240922492  71.94947
6457.87620806064  61.7258
6458.11000689636  29.62914
6458.34380573207  60.90442
6458.57760456779  88.7431
6458.81140340351  84.7367
6459.04520223922  96.15878
6459.27900107494  73.82644
6459.51279991066  59.37986
6459.74659874638  61.5284
6459.98039758209  124.5875
6460.21419641781  98.66814
6460.44799525353  37.41821
6460.68179408925  73.20212
6460.91559292496  59.59443
6461.14939176068  59.66425
6461.38319059639  121.2557
6461.61698943211  91.02428
6461.85078826783  108.7796
6462.08458710355  108.2486
6462.31838593926  77.67888
6462.55218477498  61.06479
6462.7859836107  64.08411
6463.01978244641  91.74964
6463.25358128213  83.62241
6463.48738011785  51.6399
6463.72117895356  84.52528
6463.95497778928  84.66193
6464.188776625  71.07006
6464.42257546071  74.64713
6464.65637429643  57.54095
6464.89017313215  91.48608
6465.12397196787  93.15052
6465.35777080358  84.17391
6465.5915696393  121.1283
6465.82536847502  67.04552
6466.05916731073  67.54483
6466.29296614645  119.3802
6466.52676498217  88.37452
6466.76056381788  99.19396
6466.9943626536  112.7613
6467.22816148932  74.19762
6467.46196032504  105.5266
6467.69575916075  119.4109
6467.92955799647  69.72433
6468.16335683219  89.96502
6468.3971556679  72.22772
6468.63095450362  96.02468
6468.86475333934  96.86612
6469.09855217505  89.27066
6469.33235101077  113.3603
6469.56614984649  104.49
6469.79994868221  100.4154
6470.03374751792  109.3824
6470.26754635364  90.06786
6470.50134518936  89.74207
6470.73514402507  105.9028
6470.96894286079  107.1713
6471.20274169651  98.83757
6471.43654053222  94.90466
6471.67033936794  104.4521
6471.90413820366  85.79658
6472.13793703938  126.026
6472.37173587509  112.0136
6472.60553471081  113.6055
6472.83933354653  110.3974
6473.07313238224  124.1211
6473.30693121796  129.1653
6473.54073005368  151.0247
6473.77452888939  171.6101
6474.00832772511  154.6736
6474.24212656083  134.8998
6474.47592539655  161.3209
6474.70972423226  151.8683
6474.94352306798  87.79422
6475.1773219037  129.2722
6475.41112073941  161.5855
6475.64491957513  121.8863
6475.87871841085  117.4263
6476.11251724656  123.1971
6476.34631608228  89.99975
6476.580114918  104.6204
6476.81391375371  108.9376
6477.04771258943  143.3443
6477.28151142515  153.8048
6477.51531026086  103.7976
6477.74910909658  126.9081
6477.9829079323  186.2962
6478.21670676801  150.6036
6478.45050560373  128.4929
6478.68430443945  183.6681
6478.91810327517  187.1671
6479.15190211088  122.7635
6479.3857009466  101.1719
6479.61949978232  91.482
6479.85329861803  92.89307
6480.08709745375  112.2656
6480.32089628947  106.8497
6480.55469512519  131.28
6480.7884939609  128.6548
6481.02229279662  108.0249
6481.25609163234  111.1049
6481.48989046805  104.1297
6481.72368930377  94.6219
6481.95748813949  108.3716
6482.1912869752  128.9351
6482.42508581092  137.5237
6482.65888464664  127.4799
6482.89268348236  127.3329
6483.12648231807  112.1931
6483.36028115379  123.2993
6483.59407998951  134.1265
6483.82787882522  140.1555
6484.06167766094  120.4908
6484.29547649666  142.1261
6484.52927533237  118.692
6484.76307416809  84.05265
6484.99687300381  105.7442
6485.23067183952  116.3321
6485.46447067524  113.3972
6485.69826951096  116.0699
6485.93206834668  115.5178
6486.16586718239  157.8577
6486.39966601811  146.7725
6486.63346485383  62.26324
6486.86726368954  129.861
6487.10106252526  158.9634
6487.33486136098  127.2345
6487.5686601967  121.471
6487.80245903241  185.0494
6488.03625786813  167.1221
6488.27005670385  174.4681
6488.50385553956  164.7141
6488.73765437528  149.6929
6488.971453211  151.2475
6489.20525204671  161.1249
6489.43905088243  194.6888
6489.67284971815  180.7003
6489.90664855387  144.0074
6490.14044738958  112.1432
6490.3742462253  101.64
6490.60804506102  86.68845
6490.84184389673  139.9733
6491.07564273245  171.1657
6491.30944156817  159.5227
6491.54324040388  120.6524
6491.7770392396  130.5097
6492.01083807532  155.4787
6492.24463691103  145.3488
6492.47843574675  134.7035
6492.71223458247  128.9602
6492.94603341819  179.0698
6493.1798322539  210.1372
6493.41363108962  161.6211
6493.64742992534  168.2938
6493.88122876105  196.8472
6494.11502759677  155.5694
6494.34882643249  122.5783
6494.5826252682  180.9787
6494.81642410392  188.0663
6495.05022293964  102.7535
6495.28402177536  123.5266
6495.51782061107  121.7582
6495.75161944679  108.9565
6495.98541828251  146.883
6496.21921711822  121.2643
6496.45301595394  125.665
6496.68681478966  133.2926
6496.92061362537  161.7074
6497.15441246109  165.3759
6497.38821129681  135.2515
6497.62201013253  154.716
6497.85580896824  181.4846
6498.08960780396  208.4015
6498.32340663968  209.6235
6498.55720547539  189.4267
6498.79100431111  145.3928
6499.02480314683  171.1912
6499.25860198254  180.6583
6499.49240081826  177.2903
6499.72619965398  128.9114
6499.9599984897  176.152
6500.19379732541  151.4651
6500.42759616113  146.3753
6500.66139499685  144.6068
6500.89519383256  183.9756
6501.12899266828  191.498
6501.362791504  161.3628
6501.59659033971  177.4825
6501.83038917543  202.2039
6502.06418801115  173.9282
6502.29798684686  145.7727
6502.53178568258  161.6795
6502.7655845183  130.616
6502.99938335402  137.6609
6503.23318218973  181.6279
6503.46698102545  133.7853
6503.70077986117  164.5778
6503.93457869688  142.0381
6504.1683775326  165.1841
6504.40217636832  194.1697
6504.63597520403  161.745
6504.86977403975  106.1189
6505.10357287547  124.0997
6505.33737171118  166.5896
6505.5711705469  154.1384
6505.80496938262  122.8437
6506.03876821833  150.8069
6506.27256705405  167.7363
6506.50636588977  141.5475
6506.74016472549  164.8316
6506.9739635612  178.8107
6507.20776239692  144.1198
6507.44156123264  155.2982
6507.67536006835  170.7263
6507.90915890407  171.6124
6508.14295773979  159.7442
6508.37675657551  141.9734
6508.61055541122  187.3562
6508.84435424694  198.7842
6509.07815308266  170.2707
6509.31195191837  148.4125
6509.54575075409  181.7842
6509.77954958981  187.8421
6510.01334842552  182.4616
6510.24714726124  172.3394
6510.48094609696  158.3538
6510.71474493268  165.7963
6510.94854376839  172.2463
6511.18234260411  152.7227
6511.41614143983  164.2716
6511.64994027554  193.7738
6511.88373911126  181.6544
6512.11753794698  190.2317
6512.35133678269  209.8307
6512.58513561841  184.2381
6512.81893445413  142.9291
6513.05273328984  160.1467
6513.28653212556  124.2411
6513.52033096128  203.6106
6513.754129797  143.61
6513.98792863271  144.4754
6514.22172746843  153.8488
6514.45552630415  162.9128
6514.68932513986  196.285
6514.92312397558  228.3357
6515.1569228113  183.0793
6515.39072164701  158.6593
6515.62452048273  183.0579
6515.85831931845  215.3702
6516.09211815417  195.2119
6516.32591698988  192.2003
6516.5597158256  213.2838
6516.79351466131  180.2826
6517.02731349703  183.5065
6517.26111233275  202.5577
6517.49491116847  194.4501
6517.72871000418  174.2914
6517.9625088399  155.8371
6518.19630767562  215.4858
6518.43010651134  136.6763
6518.66390534705  173.4659
6518.89770418277  153.0075
6519.13150301849  188.1375
6519.3653018542  152.6848
6519.59910068992  143.0784
6519.83289952564  170.918
6520.06669836135  188.5206
6520.30049719707  201.5589
6520.53429603279  199.6302
6520.7680948685  168.9346
6521.00189370422  153.4526
6521.23569253994  200.218
6521.46949137565  149.259
6521.70329021137  115.4233
6521.93708904709  151.1438
6522.17088788281  162.4801
6522.40468671852  141.0069
6522.63848555424  122.7912
6522.87228438996  210.5641
6523.10608322567  224.9836
6523.33988206139  211.8162
6523.57368089711  179.971
6523.80747973283  122.723
6524.04127856854  153.0056
6524.27507740426  199.4367
6524.50887623998  157.9979
6524.74267507569  184.7215
6524.97647391141  219.5486
6525.21027274713  187.5524
6525.44407158284  158.0087
6525.67787041856  187.7145
6525.91166925428  193.3349
6526.14546808999  203.2048
6526.37926692571  152.855
6526.61306576143  176.6339
6526.84686459715  198.4106
6527.08066343286  181.2089
6527.31446226858  189.5857
6527.5482611043  217.4751
6527.78205994001  199.4841
6528.01585877573  187.615
6528.24965761145  195.7644
6528.48345644716  193.9467
6528.71725528288  190.4202
6528.9510541186  142.3955
6529.18485295432  128.8807
6529.41865179003  179.5336
6529.65245062575  202.7704
6529.88624946147  135.3539
6530.12004829718  177.0423
6530.3538471329  133.3607
6530.58764596862  160.5969
6530.82144480434  192.2901
6531.05524364005  179.1393
6531.28904247577  167.946
6531.52284131149  230.0867
6531.7566401472  192.7327
6531.99043898292  222.1793
6532.22423781864  208.6788
6532.45803665435  195.1596
6532.69183549007  215.0345
6532.92563432579  213.0145
6533.1594331615  202.5991
6533.39323199722  170.036
6533.62703083294  186.3037
6533.86082966865  184.4219
6534.09462850437  159.3705
6534.32842734009  183.3562
6534.56222617581  204.3265
6534.79602501152  211.1977
6535.02982384724  224.3954
6535.26362268296  209.3011
6535.49742151867  168.835
6535.73122035439  164.3028
6535.96501919011  194.8146
6536.19881802582  180.2324
6536.43261686154  194.5671
6536.66641569726  238.0314
6536.90021453298  178.675
6537.13401336869  198.0363
6537.36781220441  205.7491
6537.60161104013  240.5562
6537.83540987584  238.4454
6538.06920871156  248.2521
6538.30300754728  143.9254
6538.53680638299  205.9831
6538.77060521871  233.4764
6539.00440405443  203.3329
6539.23820289014  172.7046
6539.47200172586  184.339
6539.70580056158  194.7632
6539.9395993973  194.1126
6540.17339823301  207.9956
6540.40719706873  206.0136
6540.64099590445  227.3376
6540.87479474016  227.986
6541.10859357588  234.4957
6541.3423924116  257.7022
6541.57619124731  214.243
6541.80999008303  220.9409
6542.04378891875  239.6277
6542.27758775447  201.1913
6542.51138659018  232.6084
6542.7451854259  269.5966
6542.97898426162  262.1057
6543.21278309733  237.5791
6543.44658193305  184.8746
6543.68038076877  205.7509
6543.91417960448  234.2067
6544.1479784402  205.8001
6544.38177727592  203.479
6544.61557611163  201.2585
6544.84937494735  221.7149
6545.08317378307  244.0531
6545.31697261879  270.5011
6545.5507714545  241.598
6545.78457029022  263.0989
6546.01836912594  248.3084
6546.25216796166  235.2603
6546.48596679737  214.0329
6546.71976563309  239.9714
6546.95356446881  228.1012
6547.18736330452  236.0072
6547.42116214024  282.6554
6547.65496097596  240.3659
6547.88875981167  287.2351
6548.12255864739  281.7464
6548.35635748311  260.9742
6548.59015631882  298.0915
6548.82395515454  280.6102
6549.05775399026  276.622
6549.29155282597  283.3998
6549.52535166169  290.4646
6549.75915049741  289.1259
6549.99294933313  258.6832
6550.22674816884  236.9568
6550.46054700456  292.4449
6550.69434584028  327.5148
6550.92814467599  312.1526
6551.16194351171  296.1026
6551.39574234743  239.0596
6551.62954118315  252.1164
6551.86334001886  240.8239
6552.09713885458  270.2793
6552.3309376903  305.5511
6552.56473652601  297.2893
6552.79853536173  331.8196
6553.03233419745  287.7651
6553.26613303316  271.1185
6553.49993186888  298.9463
6553.7337307046  264.3487
6553.96752954031  250.716
6554.20132837603  305.5116
6554.43512721175  326.024
6554.66892604746  280.3165
6554.90272488318  277.4507
6555.1365237189  326.6045
6555.37032255462  319.2859
6555.60412139033  283.5145
6555.83792022605  320.2888
6556.07171906177  318.1711
6556.30551789748  300.8248
6556.5393167332  301.3255
6556.77311556892  311.35
6557.00691440464  287.7228
6557.24071324035  284.1682
6557.47451207607  286.9669
6557.70831091179  316.0472
6557.9421097475  297.7791
6558.17590858322  285.4821
6558.40970741894  277.1566
6558.64350625465  257.4027
6558.87730509037  278.4383
6559.11110392609  346.2338
6559.34490276181  336.2078
6559.57870159752  309.1074
6559.81250043324  264.5104
6560.04629926896  256.0515
6560.28009810467  236.064
6560.51389694039  271.0924
6560.74769577611  264.5168
6560.98149461182  276.3285
6561.21529344754  301.4538
6561.44909228326  300.334
6561.68289111897  291.541
6561.91668995469  272.9183
6562.15048879041  263.3552
6562.38428762613  278.6799
6562.61808646184  252.6579
6562.85188529756  309.6057
6563.08568413328  291.0197
6563.31948296899  270.95
6563.55328180471  265.5337
6563.78708064043  240.8552
6564.02087947614  272.385
6564.25467831186  268.6735
6564.48847714758  283.9854
6564.7222759833  282.8235
6564.95607481901  260.6319
6565.18987365473  244.3143
6565.42367249045  233.4856
6565.65747132616  252.2628
6565.89127016188  305.6068
6566.1250689976  217.1991
6566.35886783331  207.7902
6566.59266666903  252.747
6566.82646550475  238.0444
6567.06026434046  275.3323
6567.29406317618  258.9052
6567.5278620119  220.3681
6567.76166084762  247.8987
6567.99545968333  287.9648
6568.22925851905  240.251
6568.46305735477  193.8194
6568.69685619048  265.9513
6568.9306550262  274.1846
6569.16445386192  197.6261
6569.39825269763  209.5052
6569.63205153335  238.8288
6569.86585036907  224.8816
6570.09964920479  199.1384
6570.3334480405  221.4962
6570.56724687622  260.7874
6570.80104571194  247.7975
6571.03484454765  234.953
6571.26864338337  245.1841
6571.50244221909  231.776
6571.7362410548  255.348
6571.97003989052  239.0086
6572.20383872624  261.8517
6572.43763756195  228.8481
6572.67143639767  223.3677
6572.90523523339  263.9143
6573.13903406911  251.519
6573.37283290482  213.2733
6573.60663174054  246.3144
6573.84043057626  251.6202
6574.07422941198  228.5658
6574.30802824769  239.7098
6574.54182708341  242.1746
6574.77562591913  216.1624
6575.00942475484  217.162
6575.24322359056  245.398
6575.47702242628  208.1457
6575.71082126199  237.7259
6575.94462009771  237.3889
6576.17841893343  241.8219
6576.41221776914  214.6647
6576.64601660486  206.933
6576.87981544058  256.0186
6577.11361427629  201.6993
6577.34741311201  240.3122
6577.58121194773  231.2719
6577.81501078344  219.0787
6578.04880961916  212.5975
6578.28260845488  222.6508
6578.5164072906  187.7976
6578.75020612631  199.7844
6578.98400496203  274.5143
6579.21780379775  194.0813
6579.45160263347  184.5099
6579.68540146918  247.0798
6579.9192003049  272.7545
6580.15299914062  191.6019
6580.38679797633  176.204
6580.62059681205  189.0244
6580.85439564777  196.532
6581.08819448348  203.8694
6581.3219933192  194.25
6581.55579215492  206.6457
6581.78959099063  215.0577
6582.02338982635  215.0799
6582.25718866207  188.9016
6582.49098749778  168.5556
6582.7247863335  141.0074
6582.95858516922  222.2207
6583.19238400494  201.8108
6583.42618284065  200.8158
6583.65998167637  199.6891
6583.89378051209  193.9361
6584.1275793478  233.0408
6584.36137818352  211.869
6584.59517701924  192.7787
6584.82897585495  178.4102
6585.06277469067  179.9318
6585.29657352639  189.3541
6585.53037236211  175.7573
6585.76417119782  182.4477
6585.99797003354  172.7184
6586.23176886926  181.4619
6586.46556770497  199.1576
6586.69936654069  243.0407
6586.93316537641  207.8092
6587.16696421212  201.4185
6587.40076304784  149.341
6587.63456188356  171.269
6587.86836071928  198.4075
6588.10215955499  237.9091
6588.33595839071  221.8833
6588.56975722643  188.1407
6588.80355606214  187.907
6589.03735489786  168.795
6589.27115373358  171.8812
6589.50495256929  217.6257
6589.73875140501  216.7261
6589.97255024073  210.9306
6590.20634907644  187.3683
6590.44014791216  217.2244
6590.67394674788  206.8651
6590.9077455836  180.2542
6591.14154441931  182.9799
6591.37534325503  159.1987
6591.60914209075  211.7917
6591.84294092646  159.4596
6592.07673976218  151.7229
6592.3105385979  180.9432
6592.54433743361  190.33
6592.77813626933  193.7222
6593.01193510505  167.4699
6593.24573394077  219.3162
6593.47953277648  216.1749
6593.7133316122  158.1946
6593.94713044792  138.6802
6594.18092928363  162.0034
6594.41472811935  168.6111
6594.64852695507  147.9726
6594.88232579078  201.1022
6595.1161246265  231.395
6595.34992346222  189.9295
6595.58372229793  149.8939
6595.81752113365  188.6245
6596.05131996937  217.2607
6596.28511880509  196.5272
6596.5189176408  188.8917
6596.75271647652  176.3083
6596.98651531224  150.3013
6597.22031414795  163.763
6597.45411298367  196.2544
6597.68791181939  187.3647
6597.9217106551  173.7926
6598.15550949082  188.9354
6598.38930832654  179.9109
6598.62310716225  158.8109
6598.85690599797  195.5319
6599.09070483369  265.6794
6599.32450366941  235.8284
6599.55830250512  205.5972
6599.79210134084  172.6032
6600.02590017656  188.4591
6600.25969901227  140.31
6600.49349784799  195.2585
6600.72729668371  203.9077
6600.96109551943  163.8129
6601.19489435514  177.5245
6601.42869319086  221.5967
6601.66249202658  234.844
6601.89629086229  199.0682
6602.13008969801  197.5467
6602.36388853373  163.7942
6602.59768736944  145.0417
6602.83148620516  167.173
6603.06528504088  161.2504
6603.2990838766  159.5873
6603.53288271231  173.4621
6603.76668154803  201.7795
6604.00048038375  167.2315
6604.23427921946  154.6666
6604.46807805518  158.5704
6604.7018768909  161.2186
6604.93567572661  186.0221
6605.16947456233  169.0145
6605.40327339805  180.6127
6605.63707223376  174.5822
6605.87087106948  148.7056
6606.1046699052  138.9457
6606.33846874092  152.6256
6606.57226757663  234.3519
6606.80606641235  183.6065
6607.03986524807  200.9639
6607.27366408378  198.5397
6607.5074629195  140.5421
6607.74126175522  181.0275
6607.97506059093  163.3272
6608.20885942665  160.3392
6608.44265826237  189.025
6608.67645709809  205.1535
6608.9102559338  181.1798
6609.14405476952  178.0044
6609.37785360524  174.0975
6609.61165244095  140.5342
6609.84545127667  133.6371
6610.07925011239  157.09
6610.3130489481  192.3507
6610.54684778382  176.0664
6610.78064661954  166.4479
6611.01444545526  178.4657
6611.24824429097  168.4747
6611.48204312669  169.8584
6611.71584196241  182.1718
6611.94964079812  161.9496
6612.18343963384  165.0248
6612.41723846956  149.3304
6612.65103730527  169.1061
6612.88483614099  191.4647
6613.11863497671  161.8547
6613.35243381243  194.8195
6613.58623264814  177.1988
6613.82003148386  165.7015
6614.05383031958  171.935
6614.28762915529  149.1834
6614.52142799101  157.7453
6614.75522682673  185.2848
6614.98902566244  177.743
6615.22282449816  160.0327
6615.45662333388  150.5403
6615.6904221696  115.8135
6615.92422100531  170.1651
6616.15801984103  106.4104
6616.39181867675  126.2714
6616.62561751246  192.6501
6616.85941634818  159.4527
6617.0932151839  184.6897
6617.32701401961  129.1982
6617.56081285533  188.8979
6617.79461169105  173.9223
6618.02841052676  147.4342
6618.26220936248  176.5593
6618.4960081982  161.0242
6618.72980703392  145.418
6618.96360586963  179.3836
6619.19740470535  207.2532
6619.43120354107  180.8652
6619.66500237678  164.2025
6619.8988012125  162.4501
6620.13260004822  185.1456
6620.36639888393  152.7577
6620.60019771965  185.7561
6620.83399655537  155.223
6621.06779539109  164.3275
6621.3015942268  188.9548
6621.53539306252  162.7243
6621.76919189824  148.5937
6622.00299073395  177.2454
6622.23678956967  181.0553
6622.47058840539  162.7859
6622.7043872411  161.4069
6622.93818607682  126.9929
6623.17198491254  152.0568
6623.40578374825  148.4636
6623.63958258397  136.6759
6623.87338141969  145.3873
6624.10718025541  179.688
6624.34097909112  179.7551
6624.57477792684  217.1444
6624.80857676256  197.9566
6625.04237559827  186.1208
6625.27617443399  146.5766
6625.50997326971  169.4304
6625.74377210542  177.284
6625.97757094114  176.3795
6626.21136977686  160.4203
6626.44516861257  158.7541
6626.67896744829  155.8554
6626.91276628401  138.53
6627.14656511973  160.8459
6627.38036395544  172.7908
6627.61416279116  146.03
6627.84796162688  113.2658
6628.08176046259  180.5256
6628.31555929831  207.9469
6628.54935813403  160.7227
6628.78315696974  150.0971
6629.01695580546  172.2254
6629.25075464118  190.2422
6629.4845534769  158.6658
6629.71835231261  141.9173
6629.95215114833  148.9068
6630.18594998405  158.0615
6630.41974881976  181.4379
6630.65354765548  202.3053
6630.8873464912  110.9409
6631.12114532691  112.9749
6631.35494416263  127.2859
6631.58874299835  181.0271
6631.82254183407  133.0702
6632.05634066978  107.8862
6632.2901395055  152.9929
6632.52393834122  149.9194
6632.75773717693  119.1903
6632.99153601265  125.0699
6633.22533484837  125.0176
6633.45913368408  127.219
6633.6929325198  163.3707
6633.92673135552  198.3079
6634.16053019124  141.6267
6634.39432902695  171.061
6634.62812786267  173.5576
6634.86192669839  145.5881
6635.0957255341  161.4896
6635.32952436982  126.6271
6635.56332320554  149.9189
6635.79712204125  150.1748
6636.03092087697  152.2161
6636.26471971269  148.9025
6636.49851854841  143.9962
6636.73231738412  132.2038
6636.96611621984  125.6562
6637.19991505556  144.4242
6637.43371389127  122.1039
6637.66751272699  106.35
6637.90131156271  100.7283
6638.13511039842  110.3052
6638.36890923414  107.8789
6638.60270806986  134.1775
6638.83650690557  105.6143
6639.07030574129  141.9947
6639.30410457701  170.8229
6639.53790341273  156.9174
6639.77170224844  142.4676
6640.00550108416  122.7287
6640.23929991988  130.7122
6640.47309875559  114.0697
6640.70689759131  135.0629
6640.94069642703  138.3663
6641.17449526274  95.51291
6641.40829409846  93.72901
6641.64209293418  120.0793
6641.8758917699  81.87241
6642.10969060561  121.7224
6642.34348944133  116.9325
6642.57728827705  128.2575
6642.81108711276  118.4878
6643.04488594848  133.6804
6643.2786847842  141.4798
6643.51248361991  132.5746
6643.74628245563  111.0507
6643.98008129135  121.8142
6644.21388012707  151.855
6644.44767896278  128.1198
6644.6814777985  89.26216
6644.91527663422  133.3512
6645.14907546993  97.92654
6645.38287430565  145.7438
6645.61667314137  126.6912
6645.85047197708  108.1007
6646.0842708128  101.1808
6646.31806964852  130.0879
6646.55186848424  164.5811
6646.78566731995  146.3902
6647.01946615567  168.5113
6647.25326499138  139.1631
6647.4870638271  136.6694
6647.72086266282  129.3273
6647.95466149854  88.76167
6648.18846033425  105.2986
6648.42225916997  99.66354
6648.65605800569  146.7743
6648.88985684141  115.0374
6649.12365567712  108.0244
6649.35745451284  121.5037
6649.59125334856  139.8994
6649.82505218427  105.7297
6650.05885101999  125.3538
6650.29264985571  145.4438
6650.52644869142  114.5861
6650.76024752714  93.31908
6650.99404636286  119.6389
6651.22784519857  98.30708
6651.46164403429  129.1759
6651.69544287001  141.434
6651.92924170573  121.0579
6652.16304054144  116.6039
6652.39683937716  95.68243
6652.63063821288  157.6396
6652.86443704859  136.8529
6653.09823588431  117.7003
6653.33203472003  104.8034
6653.56583355574  104.6583
6653.79963239146  124.9579
6654.03343122718  103.1387
6654.26723006289  123.3437
6654.50102889861  124.8888
6654.73482773433  123.5319
6654.96862657004  143.4222
6655.20242540576  130.1349
6655.43622424148  90.53521
6655.6700230772  119.5619
6655.90382191291  126.7512
6656.13762074863  94.40475
6656.37141958435  105.1773
6656.60521842006  141.2693
6656.83901725578  117.2404
6657.0728160915  117.7049
6657.30661492721  82.14473
6657.54041376293  75.32264
6657.77421259865  109.1986
6658.00801143436  59.90174
6658.24181027008  104.7335
6658.4756091058  90.56453
6658.70940794152  61.31085
6658.94320677723  83.95998
6659.17700561295  131.8939
6659.41080444867  117.8778
6659.64460328439  83.54377
6659.8784021201  91.86858
6660.11220095582  102.4848
6660.34599979154  110.5574
6660.57979862725  137.8109
6660.81359746297  112.044
6661.04739629869  79.62601
6661.2811951344  95.31747
6661.51499397012  95.85842
6661.74879280584  78.21942
6661.98259164155  50.34879
6662.21639047727  115.7084
6662.45018931299  102.2445
6662.6839881487  42.47867
6662.91778698442  80.35802
6663.15158582014  94.32497
6663.38538465586  86.81083
6663.61918349157  83.55614
6663.85298232729  67.57421
6664.08678116301  57.00081
6664.32057999872  67.87388
6664.55437883444  64.29907
6664.78817767016  72.34321
6665.02197650588  85.91064
6665.25577534159  84.95432
6665.48957417731  35.19865
6665.72337301303  67.84522
6665.95717184874  82.43667
6666.19097068446  76.70933
6666.42476952018  69.91949
6666.65856835589  77.94546
6666.89236719161  89.44829
6667.12616602733  88.5928
6667.35996486304  52.86621
6667.59376369876  103.2757
6667.82756253448  74.72583
6668.0613613702  82.74426
6668.29516020591  65.67583
6668.52895904163  115.9997
6668.76275787735  70.03403
6668.99655671306  75.8787
6669.23035554878  67.88145
6669.4641543845  61.72166
6669.69795322021  61.49433
6669.93175205593  92.42175
6670.16555089165  89.29926
6670.39934972737  58.87185
6670.63314856308  95.45614
6670.8669473988  67.52263
6671.10074623452  93.3549
6671.33454507023  62.19607
6671.56834390595  36.03109
6671.80214274167  28.15327
6672.03594157738  48.44838
6672.2697404131  71.12286
6672.50353924882  46.86094
6672.73733808454  51.69217
6672.97113692025  75.7391
6673.20493575597  56.29079
6673.43873459169  25.22569
6673.6725334274  34.80996
6673.90633226312  74.41227
6674.14013109884  56.76577
6674.37392993455  34.28449
6674.60772877027  55.37161
6674.84152760599  33.00558
6675.0753264417  70.31871
6675.30912527742  21.81481
6675.54292411314  59.58885
6675.77672294886  59.40096
6676.01052178457  78.24609
6676.24432062029  21.78722
6676.47811945601  76.00773
6676.71191829173  7.543303
6676.94571712744  66.89162
6677.17951596316  33.84438
6677.41331479888  18.69431
6677.64711363459  59.13319
6677.88091247031  32.01332
6678.11471130603  19.66255
6678.34851014174  33.7178
6678.58230897746  53.99298
6678.81610781318  58.7801
6679.04990664889  38.11628
6679.28370548461  56.03727
6679.51750432033  36.02885
6679.75130315604  27.02979
6679.98510199176  21.38049
6680.21890082748  30.16979
6680.4526996632  40.77346
6680.68649849891  70.51205
6680.92029733463  39.78006
6681.15409617035  23.54688
6681.38789500606  24.90328
6681.62169384178  100.4946
6681.8554926775  59.53639
6682.08929151321  -8.517059
6682.32309034893  11.97419
6682.55688918465  12.29618
6682.79068802036  14.5289
6683.02448685608  16.24414
6683.2582856918  35.81223
6683.49208452752  52.86802
6683.72588336323  15.88989
6683.95968219895  58.92311
6684.19348103467  -6.876238
6684.42727987038  37.70277
6684.6610787061  25.07095
6684.89487754182  4.308555
6685.12867637753  -3.459998
6685.36247521325  -12.85216
6685.59627404897  26.10928
6685.83007288468  19.85708
6686.0638717204  26.53395
6686.29767055612  54.29897
6686.53146939184  38.95104
6686.76526822755  49.92735
6686.99906706327  86.26943
6687.23286589899  24.97698
6687.46666473471  44.25894
6687.70046357042  74.0602
6687.93426240614  13.92523
6688.16806124186  23.28945
6688.40186007757  53.81735
6688.63565891329  27.64759
6688.86945774901  28.04085
6689.10325658472  -3.470115
6689.33705542044  22.40879
6689.57085425616  36.73207
6689.80465309187  -26.17358
6690.03845192759  30.00585
6690.27225076331  42.36936
6690.50604959902  10.99173
6690.73984843474  20.14541
6690.97364727046  31.65944
6691.20744610617  53.27821
6691.44124494189  63.7522
6691.67504377761  -14.06338
6691.90884261333  -26.67247
6692.14264144904  0.6604397
6692.37644028476  5.94176
