6453.207923092  41.16462
6453.44171941374  42.79549
6453.67551573548  47.15966
6453.90931205722  68.75333
6454.14310837896  63.09153
6454.3769047007  53.19243
6454.61070102244  66.35116
6454.84449734418  72.90135
6455.07829366592  68.07362
6455.31208998766  47.1526
6455.5458863094  10.95843
6455.77968263114  35.69772
6456.01347895288  85.9154
6456.24727527462  68.16785
6456.48107159636  100.139
6456.71486791809  93.60474
6456.94866423983  74.00389
6457.18246056157  84.77024
6457.41625688332  77.93135
6457.65005320505  43.41524
6457.88384952679  53.30859
6458.11764584853  70.65108
6458.35144217027  45.78302
6458.58523849201  62.46755
6458.81903481375  97.30843
6459.05283113549  70.72134
6459.28662745723  43.43931
6459.52042377897  65.39539
6459.75422010071  85.74109
6459.98801642245  114.9054
6460.22181274419  102.2585
6460.45560906593  50.77457
6460.68940538767  57.30792
6460.92320170941  49.991
6461.15699803115  27.24586
6461.39079435289  72.7296
6461.62459067463  92.59848
6461.85838699637  59.68534
6462.09218331811  55.06019
6462.32597963985  82.72218
6462.55977596159  56.3357
6462.79357228333  70.1273
6463.02736860507  52.3208
6463.26116492681  20.95879
6463.49496124855  54.41388
6463.72875757029  70.43354
6463.96255389202  79.96158
6464.19635021377  75.11498
6464.4301465355  58.16317
6464.66394285725  120.6863
6464.89773917898  157.0571
6465.13153550072  100.532
6465.36533182246  111.9113
6465.5991281442  95.59073
6465.83292446594  113.2072
6466.06672078768  100.948
6466.30051710942  110.0758
6466.53431343116  94.45176
6466.7681097529  77.83675
6467.00190607464  73.09856
6467.23570239638  60.08317
6467.46949871812  45.28139
6467.70329503986  49.67853
6467.9370913616  82.33402
6468.17088768334  90.72416
6468.40468400508  56.4759
6468.63848032682  78.72826
6468.87227664856  95.48634
6469.1060729703  109.358
6469.33986929204  147.7399
6469.57366561378  127.5674
6469.80746193552  141.4774
6470.04125825726  128.795
6470.27505457899  86.41152
6470.50885090074  70.91528
6470.74264722247  89.13062
6470.97644354421  106.5973
6471.21023986595  102.1953
6471.44403618769  109.3969
6471.67783250943  105.0966
6471.91162883117  64.56071
6472.14542515291  86.8288
6472.37922147465  105.132
6472.61301779639  120.8883
6472.84681411813  120.4256
6473.08061043987  106.039
6473.31440676161  118.6104
6473.54820308335  115.3417
6473.78199940509  109.0423
6474.01579572683  107.6716
6474.24959204857  94.33998
6474.48338837031  83.0683
6474.71718469205  103.8797
6474.95098101379  134.3256
6475.18477733553  101.157
6475.41857365727  88.285
6475.65236997901  125.3834
6475.88616630075  83.77108
6476.11996262249  65.4649
6476.35375894423  69.19017
6476.58755526597  113.1304
6476.82135158771  132.0196
6477.05514790945  183.9806
6477.28894423119  168.0028
6477.52274055293  124.2783
6477.75653687467  124.8165
6477.99033319641  110.6846
6478.22412951814  112.8001
6478.45792583988  147.3312
6478.69172216162  151.7417
6478.92551848336  96.79649
6479.1593148051  79.7279
6479.39311112684  83.08981
6479.62690744858  124.1802
6479.86070377032  135.4007
6480.09450009206  92.37337
6480.3282964138  103.6995
6480.56209273554  104.1902
6480.79588905728  145.097
6481.02968537902  123.1622
6481.26348170076  95.69136
6481.4972780225  135.3825
6481.73107434424  136.5375
6481.96487066598  125.0711
6482.19866698772  126.7953
6482.43246330946  131.5218
6482.6662596312  79.38835
6482.90005595294  111.1952
6483.13385227468  111.0279
6483.36764859642  94.25949
6483.60144491816  91.45889
6483.8352412399  158.8024
6484.06903756164  98.03399
6484.30283388337  66.47317
6484.53663020511  118.8484
6484.77042652686  106.071
6485.00422284859  108.1621
6485.23801917033  127.8842
6485.47181549207  126.7319
6485.70561181381  141.1369
6485.93940813555  105.411
6486.17320445729  102.3961
6486.40700077903  92.52857
6486.64079710077  131.2442
6486.87459342251  122.6734
6487.10838974425  120.1285
6487.34218606599  135.6929
6487.57598238773  105.957
6487.80977870947  119.9944
6488.04357503121  151.7664
6488.27737135295  111.0522
6488.51116767469  135.283
6488.74496399643  160.8062
6488.97876031817  138.4217
6489.21255663991  123.5376
6489.44635296165  102.2489
6489.68014928339  133.9413
6489.91394560513  175.0347
6490.14774192687  157.8967
6490.3815382486  125.5286
6490.61533457035  125.9486
6490.84913089209  104.6037
6491.08292721383  109.2134
6491.31672353556  151.7919
6491.5505198573  185.4497
6491.78431617905  134.3666
6492.01811250078  133.2533
6492.25190882252  102.0778
6492.48570514426  119.006
6492.719501466  161.2867
6492.95329778774  111.7582
6493.18709410948  112.9583
6493.42089043122  156.1648
6493.65468675296  146.5915
6493.8884830747  198.5985
6494.12227939644  192.5389
6494.35607571818  115.9591
6494.58987203992  151.2354
6494.82366836166  174.3966
6495.0574646834  140.0414
6495.29126100514  111.7868
6495.52505732688  144.6009
6495.75885364862  159.9844
6495.99264997036  157.7104
6496.2264462921  137.3107
6496.46024261384  156.2397
6496.69403893558  123.2579
6496.92783525732  110.1096
6497.16163157906  127.5808
6497.3954279008  120.3841
6497.62922422254  110.8234
6497.86302054428  112.3871
6498.09681686602  157.8833
6498.33061318775  141.3844
6498.56440950949  138.8316
6498.79820583123  155.8774
6499.03200215298  179.6144
6499.26579847471  126.2884
6499.49959479645  125.3159
6499.73339111819  134.4912
6499.96718743993  152.9452
6500.20098376167  141.5271
6500.43478008341  112.498
6500.66857640515  85.58796
6500.90237272689  145.2832
6501.13616904863  156.4
6501.36996537037  131.5003
6501.60376169211  126.4212
6501.83755801385  123.9421
6502.07135433559  155.466
6502.30515065733  168.0736
6502.53894697907  157.2652
6502.77274330081  131.2081
6503.00653962255  134.3449
6503.24033594429  156.2899
6503.47413226603  140.7114
6503.70792858777  163.7998
6503.94172490951  117.7363
6504.17552123125  146.5474
6504.40931755299  149.131
6504.64311387472  122.6565
6504.87691019647  130.5387
6505.11070651821  139.5635
6505.34450283994  162.5111
6505.57829916168  189.761
6505.81209548342  185.12
6506.04589180516  177.4691
6506.2796881269  165.8206
6506.51348444864  137.2603
6506.74728077038  144.2802
6506.98107709212  144.8223
6507.21487341386  122.1453
6507.4486697356  162.2551
6507.68246605734  168.5015
6507.91626237908  187.0204
6508.15005870082  133.7958
6508.38385502256  100.0284
6508.6176513443  167.6115
6508.85144766604  187.3218
6509.08524398778  118.6433
6509.31904030952  156.6614
6509.55283663126  176.8846
6509.786632953  196.1637
6510.02042927474  212.8669
6510.25422559648  163.0794
6510.48802191822  169.8853
6510.72181823996  174.7695
6510.9556145617  173.0146
6511.18941088344  174.1022
6511.42320720518  165.0056
6511.65700352692  170.5371
6511.89079984866  143.9633
6512.12459617039  169.5685
6512.35839249214  178.0465
6512.59218881387  163.9558
6512.82598513561  169.9399
6513.05978145735  181.2028
6513.29357777909  147.9614
6513.52737410083  124.7124
6513.76117042257  158.7342
6513.99496674431  194.8954
6514.22876306605  155.4862
6514.46255938779  157.1423
6514.69635570953  144.3529
6514.93015203127  122.9843
6515.16394835301  171.8814
6515.39774467475  188.3113
6515.63154099649  124.6237
6515.86533731823  131.1951
6516.09913363997  140.952
6516.33292996171  134.357
6516.56672628345  140.503
6516.80052260519  142.1031
6517.03431892693  169.3629
6517.26811524867  143.3605
6517.50191157041  156.5952
6517.73570789215  178.411
6517.96950421389  175.63
6518.20330053563  146.6487
6518.43709685737  101.4838
6518.6708931791  163.369
6518.90468950084  142.8792
6519.13848582258  191.568
6519.37228214432  159.7376
6519.60607846606  141.959
6519.8398747878  185.4953
6520.07367110954  169.4882
6520.30746743128  145.5901
6520.54126375302  171.4518
6520.77506007476  211.3817
6521.0088563965  185.3603
6521.24265271824  148.6192
6521.47644903998  157.4496
6521.71024536172  150.5396
6521.94404168346  157.5452
6522.1778380052  158.7036
6522.41163432694  125.2562
6522.64543064868  123.8219
6522.87922697042  144.203
6523.11302329216  173.4807
6523.3468196139  152.7482
6523.58061593564  146.7498
6523.81441225738  113.6723
6524.04820857912  149.0242
6524.28200490086  195.9601
6524.5158012226  171.8476
6524.74959754434  181.6533
6524.98339386608  172.4826
6525.21719018782  199.4208
6525.45098650956  196.0953
6525.68478283129  207.0869
6525.91857915303  133.6087
6526.15237547477  168.8915
6526.38617179651  181.4823
6526.61996811826  161.2808
6526.85376443999  156.9656
6527.08756076173  185.1728
6527.32135708347  179.7823
6527.55515340521  179.8889
6527.78894972695  187.317
6528.02274604869  160.0919
6528.25654237043  134.7415
6528.49033869217  111.8703
6528.72413501391  146.0303
6528.95793133565  190.3665
6529.19172765739  176.1734
6529.42552397913  213.1212
6529.65932030087  211.3273
6529.89311662261  167.4634
6530.12691294435  176.1715
6530.36070926609  179.4974
6530.59450558783  160.1183
6530.82830190957  178.3915
6531.06209823131  201.3381
6531.29589455305  184.1069
6531.52969087479  165.2362
6531.76348719653  155.9879
6531.99728351827  169.0702
6532.23107984001  234.0167
6532.46487616175  173.9841
6532.69867248348  156.0866
6532.93246880522  166.6272
6533.16626512696  190.5811
6533.4000614487  180.8339
6533.63385777044  198.3867
6533.86765409218  199.4455
6534.10145041392  187.7859
6534.33524673566  177.1021
6534.5690430574  169.9964
6534.80283937914  174.2321
6535.03663570088  160.2896
6535.27043202262  161.6686
6535.50422834436  173.9506
6535.7380246661  157.0112
6535.97182098784  166.9061
6536.20561730958  216.765
6536.43941363132  199.3029
6536.67320995306  174.369
6536.9070062748  188.4742
6537.14080259654  174.4643
6537.37459891828  230.4521
6537.60839524002  211.5487
6537.84219156176  173.8095
6538.0759878835  196.1173
6538.30978420524  153.0174
6538.54358052697  214.952
6538.77737684872  212.5383
6539.01117317045  228.2175
6539.2449694922  187.7817
6539.47876581394  132.1843
6539.71256213567  186.8758
6539.94635845741  209.5571
6540.18015477915  166.601
6540.41395110089  159.8443
6540.64774742263  194.865
6540.88154374437  187.0494
6541.11534006611  179.2834
6541.34913638785  192.0642
6541.58293270959  207.8506
6541.81672903133  224.8948
6542.05052535307  226.8789
6542.28432167481  213.6982
6542.51811799655  228.4282
6542.75191431829  223.8035
6542.98571064003  226.1516
6543.21950696177  202.5225
6543.45330328351  166.5568
6543.68709960525  197.0164
6543.92089592699  185.3988
6544.15469224873  237.6404
6544.38848857047  269.1297
6544.62228489221  235.1778
6544.85608121395  220.9156
6545.08987753569  239.5789
6545.32367385743  232.444
6545.55747017917  249.9399
6545.7912665009  230.3839
6546.02506282265  228.5098
6546.25885914439  157.7509
6546.49265546613  208.2006
6546.72645178786  238.2891
6546.9602481096  204.4377
6547.19404443134  248.8387
6547.42784075308  264.8494
6547.66163707482  231.1098
6547.89543339656  235.4416
6548.1292297183  252.9659
6548.36302604004  251.208
6548.59682236178  285.8329
6548.83061868352  257.3765
6549.06441500526  281.5338
6549.298211327  283.5075
6549.53200764874  240.9949
6549.76580397048  223.7844
6549.99960029222  291.9563
6550.23339661396  276.4851
6550.4671929357  263.9196
6550.70098925744  306.8112
6550.93478557918  306.0684
6551.16858190092  288.0312
6551.40237822266  271.471
6551.6361745444  274.4956
6551.86997086614  296.8239
6552.10376718788  246.9376
6552.33756350962  245.2151
6552.57135983136  310.1695
6552.80515615309  329.2452
6553.03895247484  306.4245
6553.27274879657  284.9506
6553.50654511832  331.9464
6553.74034144005  332.3393
6553.97413776179  288.5885
6554.20793408353  283.6726
6554.44173040527  284.9603
6554.67552672701  272.8332
6554.90932304875  270.723
6555.14311937049  295.4429
6555.37691569223  285.0287
6555.61071201397  313.3137
6555.84450833571  245.1395
6556.07830465745  283.6335
6556.31210097919  259.5328
6556.54589730093  247.3738
6556.77969362267  294.7388
6557.01348994441  289.4308
6557.24728626615  240.8844
6557.48108258789  278.9193
6557.71487890963  330.1398
6557.94867523137  320.6272
6558.18247155311  261.178
6558.41626787485  247.2173
6558.65006419659  297.8162
6558.88386051833  272.4594
6559.11765684007  317.653
6559.35145316181  311.0409
6559.58524948355  273.9357
6559.81904580529  260.795
6560.05284212702  295.3625
6560.28663844876  254.2444
6560.52043477051  268.6588
6560.75423109224  239.8457
6560.98802741398  255.3967
6561.22182373572  227.6953
6561.45562005746  191.2368
6561.6894163792  197.5243
6561.92321270094  239.9305
6562.15700902268  259.9296
6562.39080534442  278.42
6562.62460166616  300.7211
6562.8583979879  269.3312
6563.09219430964  278.3777
6563.32599063138  287.3147
6563.55978695312  232.2232
6563.79358327486  252.8504
6564.0273795966  244.8092
6564.26117591834  251.4501
6564.49497224008  271.0099
6564.72876856182  278.3989
6564.96256488356  265.0941
6565.1963612053  252.537
6565.43015752704  294.4415
6565.66395384878  267.9221
6565.89775017052  283.95
6566.13154649226  287.6113
6566.365342814  247.0925
6566.59913913574  246.9069
6566.83293545748  237.3152
6567.06673177921  222.052
6567.30052810095  235.9122
6567.53432442269  254.2666
6567.76812074443  222.1848
6568.00191706617  227.4646
6568.23571338791  255.2068
6568.46950970965  249.8978
6568.70330603139  265.8238
6568.93710235313  245.7623
6569.17089867487  216.0314
6569.40469499661  224.2888
6569.63849131835  202.4358
6569.87228764009  217.384
6570.10608396183  267.6835
6570.33988028357  251.2131
6570.57367660531  231.0172
6570.80747292705  242.1351
6571.04126924879  248.7806
6571.27506557053  250.7485
6571.50886189227  228.1443
6571.74265821401  222.4207
6571.97645453575  251.8196
6572.21025085749  248.4403
6572.44404717923  255.0999
6572.67784350097  252.3499
6572.91163982271  285.6065
6573.14543614445  276.3365
6573.37923246619  247.0294
6573.61302878793  239.6878
6573.84682510967  237.0342
6574.0806214314  205.6775
6574.31441775314  230.0365
6574.54821407488  238.6033
6574.78201039662  242.5482
6575.01580671836  242.9681
6575.2496030401  215.923
6575.48339936184  227.1506
6575.71719568358  165.1455
6575.95099200532  209.6385
6576.18478832706  187.4258
6576.4185846488  245.5941
6576.65238097054  224.3156
6576.88617729228  225.0102
6577.11997361402  208.1928
6577.35376993576  213.5251
6577.5875662575  210.1726
6577.82136257924  179.4474
6578.05515890098  173.9353
6578.28895522272  216.8161
6578.52275154446  199.8401
6578.7565478662  219.9762
6578.99034418794  214.2207
6579.22414050968  148.5201
6579.45793683142  154.4669
6579.69173315316  143.9172
6579.9255294749  178.3306
6580.15932579663  242.1616
6580.39312211838  229.4829
6580.62691844012  163.0331
6580.86071476186  178.1231
6581.09451108359  207.7092
6581.32830740533  186.3635
6581.56210372707  202.7468
6581.79590004881  208.3951
6582.02969637055  200.6783
6582.26349269229  213.6864
6582.49728901403  176.2211
6582.73108533577  176.2142
6582.96488165751  177.5773
6583.19867797925  179.2773
6583.43247430099  192.5693
6583.66627062273  195.1998
6583.90006694447  175.7734
6584.13386326621  259.3047
6584.36765958795  218.9273
6584.60145590969  179.79
6584.83525223143  171.1371
6585.06904855317  172.4769
6585.30284487491  199.8818
6585.53664119665  186.9721
6585.77043751839  198.484
6586.00423384013  182.0489
6586.23803016187  140.335
6586.47182648361  164.3678
6586.70562280535  221.412
6586.93941912709  231.8162
6587.17321544883  121.3148
6587.40701177057  172.1837
6587.6408080923  166.5317
6587.87460441405  165.9102
6588.10840073578  210.3343
6588.34219705752  164.6811
6588.57599337926  186.0103
6588.809789701  178.9087
6589.04358602274  174.2098
6589.27738234448  166.2253
6589.51117866622  190.1327
6589.74497498796  182.8501
6589.9787713097  188.4411
6590.21256763144  123.8754
6590.44636395318  160.4908
6590.68016027492  174.8884
6590.91395659666  148.623
6591.1477529184  193.8798
6591.38154924014  179.1535
6591.61534556188  183.1565
6591.84914188362  190.5553
6592.08293820536  143.0864
6592.3167345271  150.7771
6592.55053084884  190.0838
6592.78432717058  159.6612
6593.01812349232  173.8451
6593.25191981406  172.6497
6593.4857161358  166.505
6593.71951245754  173.9853
6593.95330877928  178.4397
6594.18710510102  195.3012
6594.42090142275  182.4773
6594.65469774449  167.7579
6594.88849406624  202.1637
6595.12229038797  189.8162
6595.35608670971  165.1886
6595.58988303145  158.3775
6595.82367935319  138.8195
6596.05747567493  217.8325
6596.29127199667  198.9139
6596.52506831841  130.7562
6596.75886464015  172.7978
6596.99266096189  172.4101
6597.22645728363  200.4955
6597.46025360537  187.5225
6597.69404992711  163.4196
6597.92784624885  160.1397
6598.16164257059  144.1646
6598.39543889233  140.7112
6598.62923521407  179.2018
6598.86303153581  192.0132
6599.09682785755  175.9775
6599.33062417929  206.2201
6599.56442050103  198.4865
6599.79821682277  178.8557
6600.03201314451  177.8511
6600.26580946625  185.6197
6600.49960578799  166.8815
6600.73340210973  137.1656
6600.96719843146  180.8227
6601.20099475321  197.1112
6601.43479107494  187.9244
6601.66858739669  139.1614
6601.90238371842  159.3449
6602.13618004016  140.9032
6602.3699763619  171.493
6602.60377268364  158.0705
6602.83756900538  161.7593
6603.07136532712  180.2882
6603.30516164886  149.8434
6603.5389579706  170.5734
6603.77275429234  157.9377
6604.00655061408  139.4082
6604.24034693582  181.4893
6604.47414325756  119.2565
6604.7079395793  118.1164
6604.94173590104  164.9019
6605.17553222278  147.1342
6605.40932854452  171.3371
6605.64312486626  141.0443
6605.876921188  131.4347
6606.11071750974  160.1313
6606.34451383148  165.4651
6606.57831015322  171.831
6606.81210647496  164.3301
6607.0459027967  131.5723
6607.27969911844  165.2285
6607.51349544018  185.244
6607.74729176192  195.7629
6607.98108808365  168.3836
6608.2148844054  178.0964
6608.44868072714  155.7354
6608.68247704887  172.9781
6608.91627337061  186.6877
6609.15006969235  187.4749
6609.38386601409  139.4655
6609.61766233583  96.73048
6609.85145865757  154.5458
6610.08525497931  159.6943
6610.31905130105  137.0912
6610.55284762279  172.7568
6610.78664394453  145.4098
6611.02044026627  106.8334
6611.25423658801  141.4448
6611.48803290975  175.7882
6611.72182923149  151.9262
6611.95562555323  174.0398
6612.18942187497  167.438
6612.42321819671  151.524
6612.65701451845  178.1151
6612.89081084019  162.3206
6613.12460716193  152.7306
6613.35840348367  192.5415
6613.59219980541  162.4952
6613.82599612715  168.9277
6614.05979244889  141.0314
6614.29358877063  137.8798
6614.52738509236  166.9794
6614.76118141411  157.3308
6614.99497773584  120.5672
6615.22877405758  129.7728
6615.46257037933  191.8371
6615.69636670106  165.2319
6615.9301630228  156.9487
6616.16395934454  141.8203
6616.39775566628  110.4207
6616.63155198802  136.7799
6616.86534830976  107.078
6617.0991446315  97.5185
6617.33294095324  159.7314
6617.56673727498  135.0224
6617.80053359672  132.6783
6618.03432991846  141.3163
6618.2681262402  138.96
6618.50192256194  180.9772
6618.73571888368  132.4999
6618.96951520542  146.7582
6619.20331152716  153.7838
6619.4371078489  145.204
6619.67090417064  152.2788
6619.90470049238  146.2415
6620.13849681412  158.4263
6620.37229313586  123.0129
6620.6060894576  135.5242
6620.83988577934  149.0469
6621.07368210108  167.4487
6621.30747842282  188.6621
6621.54127474456  164.829
6621.7750710663  168.8247
6622.00886738803  183.0431
6622.24266370977  198.6511
6622.47646003152  167.07
6622.71025635325  118.8429
6622.94405267499  147.3999
6623.17784899673  139.8383
6623.41164531847  163.0309
6623.64544164021  176.7715
6623.87923796195  153.8699
6624.11303428369  147.2824
6624.34683060543  150.188
6624.58062692717  205.8482
6624.81442324891  167.1368
6625.04821957065  179.8554
6625.28201589239  176.4587
6625.51581221413  137.9972
6625.74960853587  147.5977
6625.98340485761  168.4385
6626.21720117935  161.9447
6626.45099750109  128.1133
6626.68479382283  110.6974
6626.91859014457  152.0182
6627.15238646631  157.7822
6627.38618278805  122.0696
6627.61997910979  120.9742
6627.85377543153  149.1758
6628.08757175327  143.1244
6628.32136807501  157.9665
6628.55516439675  159.5832
6628.78896071848  128.0952
6629.02275704022  132.8358
6629.25655336196  168.5833
6629.4903496837  142.2091
6629.72414600544  177.4877
6629.95794232718  170.9646
6630.19173864892  122.0915
6630.42553497066  139.7071
6630.6593312924  146.63
6630.89312761414  146.4017
6631.12692393588  117.0092
6631.36072025762  130.13
6631.59451657936  125.3655
6631.8283129011  124.3795
6632.06210922284  149.5559
6632.29590554458  156.8789
6632.52970186632  141.9031
6632.76349818806  144.2759
6632.9972945098  132.8136
6633.23109083154  123.8645
6633.46488715328  152.4197
6633.69868347502  146.9516
6633.93247979676  138.9148
6634.1662761185  110.3099
6634.40007244024  126.8988
6634.63386876198  127.5922
6634.86766508372  127.0647
6635.10146140546  130.4153
6635.3352577272  132.1587
6635.56905404893  149.4172
6635.80285037068  176.9847
6636.03664669242  179.9556
6636.27044301415  125.9205
6636.50423933589  110.1976
6636.73803565763  146.0253
6636.97183197937  119.4427
6637.20562830111  131.5503
6637.43942462285  108.366
6637.67322094459  123.2813
6637.90701726633  128.2007
6638.14081358807  124.9079
6638.37460990981  128.0987
6638.60840623155  95.59968
6638.84220255329  133.7401
6639.07599887503  123.6183
6639.30979519677  118.414
6639.54359151851  103.1447
6639.77738784025  90.95177
6640.01118416199  136.9074
6640.24498048373  132.1667
6640.47877680547  113.1462
6640.71257312721  193.0501
6640.94636944895  146.4935
6641.18016577069  140.4031
6641.41396209243  142.0007
6641.64775841417  116.7954
6641.88155473591  98.54053
6642.11535105765  101.7553
6642.34914737939  97.80628
6642.58294370112  100.5095
6642.81674002286  100.2278
6643.0505363446  143.8311
6643.28433266634  143.4708
6643.51812898808  150.7231
6643.75192530982  126.4128
6643.98572163156  140.1535
6644.2195179533  120.6485
6644.45331427504  99.96628
6644.68711059678  123.9516
6644.92090691852  139.2048
6645.15470324026  150.8416
6645.388499562  99.93671
6645.62229588374  137.2622
6645.85609220548  142.4124
6646.08988852722  132.9417
6646.32368484896  114.1589
6646.5574811707  121.547
6646.79127749244  140.7364
6647.02507381418  101.1673
6647.25887013592  82.17317
6647.49266645766  144.0267
6647.7264627794  132.6854
6647.96025910114  106.5641
6648.19405542288  109.7814
6648.42785174462  98.26514
6648.66164806636  131.6951
6648.8954443881  138.51
6649.12924070984  110.9366
6649.36303703158  98.58263
6649.59683335331  101.2782
6649.83062967505  114.5481
6650.06442599679  105.7375
6650.29822231854  136.5842
6650.53201864027  107.8631
6650.76581496201  135.4996
6650.99961128375  77.06387
6651.23340760549  76.41094
6651.46720392723  140.4073
6651.70100024897  141.7422
6651.93479657071  121.4109
6652.16859289245  98.81368
6652.40238921419  89.54268
6652.63618553593  112.944
6652.86998185767  100.8111
6653.10377817941  138.5369
6653.33757450115  98.5527
6653.57137082289  115.0451
6653.80516714463  112.7075
6654.03896346637  154.2045
6654.27275978811  146.594
6654.50655610985  127.8375
6654.74035243159  96.75064
6654.97414875333  86.41231
6655.20794507507  150.3707
6655.44174139681  124.5978
6655.67553771855  108.4786
6655.90933404029  100.5378
6656.14313036203  80.77356
6656.37692668377  102.9339
6656.6107230055  98.66621
6656.84451932724  127.3215
6657.07831564898  81.65662
6657.31211197072  81.69891
6657.54590829246  76.28761
6657.7797046142  114.9839
6658.01350093594  112.9258
6658.24729725768  91.33675
6658.48109357942  86.6025
6658.71488990116  76.5409
6658.9486862229  104.2741
6659.18248254464  69.45677
6659.41627886638  84.12636
6659.65007518812  105.5145
6659.88387150986  97.70052
6660.1176678316  102.2433
6660.35146415334  91.58665
6660.58526047508  80.23324
6660.81905679682  129.8811
6661.05285311856  109.8149
6661.2866494403  78.86671
6661.52044576204  54.07858
6661.75424208378  61.98779
6661.98803840552  77.64648
6662.22183472726  73.36826
6662.455631049  93.92249
6662.68942737074  44.80973
6662.92322369248  88.87413
6663.15702001421  93.36189
6663.39081633595  48.19445
6663.62461265769  100.6441
6663.85840897943  80.37087
6664.09220530117  61.96451
6664.32600162291  69.53208
6664.55979794465  57.086
6664.79359426639  62.37873
6665.02739058813  72.22485
6665.26118690987  93.18503
6665.49498323161  60.97196
6665.72877955335  32.74868
6665.96257587509  59.4219
6666.19637219683  62.27596
6666.43016851857  52.79192
6666.66396484031  68.01271
6666.89776116205  85.41804
6667.13155748379  34.85929
6667.36535380553  58.34961
6667.59915012727  68.62755
6667.83294644901  48.00768
6668.06674277075  54.68604
6668.30053909249  79.64741
6668.53433541423  106.5087
6668.76813173597  61.94597
6669.00192805771  28.55492
6669.23572437945  40.36749
6669.46952070119  44.30408
6669.70331702293  76.8794
6669.93711334466  63.50277
6670.17090966641  37.55711
6670.40470598814  49.67965
6670.63850230988  67.75842
6670.87229863162  49.28994
6671.10609495336  65.24496
6671.3398912751  78.30381
6671.57368759684  23.75676
6671.80748391858  26.7861
6672.04128024032  57.95081
6672.27507656206  39.8763
6672.5088728838  29.75725
6672.74266920554  40.81157
6672.97646552728  44.83333
6673.21026184902  26.5449
6673.44405817076  26.21731
6673.6778544925  8.689133
6673.91165081424  47.65454
6674.14544713598  22.31515
6674.37924345772  18.91237
6674.61303977946  17.98772
6674.8468361012  18.24591
6675.08063242294  24.55303
6675.31442874468  37.03178
6675.54822506642  41.25386
6675.78202138816  39.82542
6676.0158177099  60.98853
6676.24961403164  29.41916
6676.48341035337  64.65378
6676.71720667512  26.53484
6676.95100299685  38.4454
6677.18479931859  -1.750357
6677.41859564033  1.09488
6677.65239196207  19.84361
6677.88618828381  24.15916
6678.11998460555  29.6403
6678.35378092729  7.24206
6678.58757724903  45.03461
6678.82137357077  82.93107
6679.05516989251  32.46286
6679.28896621425  31.4315
6679.52276253599  5.503722
6679.75655885773  22.50354
6679.99035517947  14.93895
6680.22415150121  13.58677
6680.45794782295  11.91348
6680.69174414469  17.13505
6680.92554046643  34.21847
6681.15933678817  37.87049
6681.39313310991  16.06552
6681.62692943165  8.710178
6681.86072575339  -6.327828
6682.09452207513  -6.713332
6682.32831839687  29.54719
6682.56211471861  61.38523
6682.79591104035  27.25395
6683.02970736209  -31.68109
6683.26350368383  -0.7868782
6683.49730000557  35.91214
6683.7310963273  16.09449
6683.96489264904  39.53106
6684.19868897078  32.33356
6684.43248529252  41.78259
6684.66628161426  44.95171
6684.900077936  12.13296
6685.13387425774  -1.212991
6685.36767057948  18.28535
6685.60146690122  23.54527
6685.83526322296  5.92774
6686.0690595447  -26.41043
6686.30285586644  -15.36278
6686.53665218818  -18.61604
6686.77044850992  -5.635161
6687.00424483166  20.03452
6687.2380411534  -28.05363
6687.47183747514  4.01184
6687.70563379688  -6.457238
6687.93943011862  -21.20158
6688.17322644036  4.985205
6688.4070227621  -14.42783
6688.64081908384  45.00243
6688.87461540558  18.07852
6689.10841172732  15.18678
6689.34220804906  28.44226
6689.5760043708  -22.4598
6689.80980069253  -34.96648
6690.04359701428  -16.09214
6690.27739333602  -19.30709
6690.51118965776  -16.07684
6690.74498597949  17.93916
6690.97878230123  -13.33823
6691.21257862297  4.817883
6691.44637494471  20.71993
6691.68017126645  25.61994
6691.91396758819  56.77394
6692.14776390993  40.87655
6692.38156023167  -12.95657
