6453.3917530556  103.8367
6453.62562382179  64.11355
6453.85949458798  71.32504
6454.09336535416  111.698
6454.32723612035  108.1073
6454.56110688654  120.6723
6454.79497765273  149.3201
6455.02884841891  149.0103
6455.2627191851  102.4019
6455.49658995129  49.8792
6455.73046071748  90.44704
6455.96433148367  160.6179
6456.19820224985  139.6537
6456.43207301604  146.7297
6456.66594378223  114.7057
6456.89981454842  126.0161
6457.1336853146  142.8159
6457.36755608079  116.7228
6457.60142684698  77.60158
6457.83529761317  101.0809
6458.06916837936  168.3724
6458.30303914554  140.5731
6458.53690991173  102.7541
6458.77078067792  128.7865
6459.00465144411  106.6053
6459.23852221029  93.91389
6459.47239297648  133.1441
6459.70626374267  115.983
6459.94013450886  140.6381
6460.17400527504  120.0222
6460.40787604123  83.84931
6460.64174680742  186.1896
6460.87561757361  182.7777
6461.1094883398  115.6264
6461.34335910598  93.6683
6461.57722987217  124.1732
6461.81110063836  159.7218
6462.04497140455  134.0436
6462.27884217073  116.2751
6462.51271293692  136.8979
6462.74658370311  112.0804
6462.9804544693  127.992
6463.21432523548  151.7008
6463.44819600167  160.5609
6463.68206676786  114.6303
6463.91593753405  112.0557
6464.14980830024  153.9524
6464.38367906642  136.9406
6464.61754983261  110.8094
6464.8514205988  123.2855
6465.08529136499  148.2441
6465.31916213117  151.3817
6465.55303289736  142.1242
6465.78690366355  132.4668
6466.02077442974  130.3577
6466.25464519592  144.419
6466.48851596211  138.923
6466.7223867283  186.126
6466.95625749449  166.4036
6467.19012826067  161.6227
6467.42399902686  177.4785
6467.65786979305  179.7288
6467.89174055924  121.0855
6468.12561132543  118.9322
6468.35948209161  161.9735
6468.5933528578  120.8748
6468.82722362399  123.2165
6469.06109439018  173.9061
6469.29496515636  151.1316
6469.52883592255  169.2186
6469.76270668874  166.1447
6469.99657745493  165.4113
6470.23044822112  184.3882
6470.4643189873  150.8932
6470.69818975349  168.7606
6470.93206051968  211.3452
6471.16593128587  199.1199
6471.39980205205  195.1466
6471.63367281824  198.8343
6471.86754358443  183.9193
6472.10141435062  170.3219
6472.3352851168  184.1984
6472.56915588299  178.9448
6472.80302664918  157.5949
6473.03689741537  181.4117
6473.27076818155  156.775
6473.50463894774  148.3719
6473.73850971393  229.975
6473.97238048012  224.7535
6474.20625124631  208.3162
6474.44012201249  161.5863
6474.67399277868  183.6113
6474.90786354487  206.9552
6475.14173431106  172.276
6475.37560507724  133.4109
6475.60947584343  137.1628
6475.84334660962  159.8543
6476.07721737581  170.3031
6476.311088142  193.8576
6476.54495890818  230.219
6476.77882967437  210.6065
6477.01270044056  171.1816
6477.24657120674  211.87
6477.48044197293  196.3737
6477.71431273912  179.6811
6477.94818350531  177.9743
6478.1820542715  226.6377
6478.41592503769  219.6477
6478.64979580387  233.2846
6478.88366657006  256.3364
6479.11753733625  223.3514
6479.35140810244  176.6886
6479.58527886862  208.0611
6479.81914963481  224.2895
6480.053020401  185.7011
6480.28689116719  242.6966
6480.52076193338  244.865
6480.75463269956  250.2765
6480.98850346575  168.5197
6481.22237423194  185.9537
6481.45624499812  197.7517
6481.69011576431  219.3894
6481.9239865305  184.3856
6482.15785729669  191.569
6482.39172806288  212.6371
6482.62559882906  180.0499
6482.85946959525  187.5657
6483.09334036144  215.954
6483.32721112763  214.5419
6483.56108189381  218.9945
6483.79495266  220.6216
6484.02882342619  221.9872
6484.26269419238  188.0474
6484.49656495856  185.6788
6484.73043572475  201.3249
6484.96430649094  226.6609
6485.19817725713  195.1978
6485.43204802332  189.274
6485.6659187895  164.7304
6485.89978955569  199.9966
6486.13366032188  233.7583
6486.36753108807  230.7193
6486.60140185425  176.4832
6486.83527262044  190.0588
6487.06914338663  229.989
6487.30301415282  216.1714
6487.536884919  230.9731
6487.77075568519  210.0147
6488.00462645138  203.9888
6488.23849721757  148.1662
6488.47236798376  218.9278
6488.70623874994  182.6164
6488.94010951613  201.3423
6489.17398028232  222.2424
6489.40785104851  209.1047
6489.64172181469  216.5095
6489.87559258088  236.3912
6490.10946334707  194.5224
6490.34333411326  214.6557
6490.57720487944  239.0772
6490.81107564563  228.5277
6491.04494641182  232.6359
6491.27881717801  203.9497
6491.51268794419  214.562
6491.74655871038  243.0196
6491.98042947657  197.9626
6492.21430024276  191.6859
6492.44817100895  216.107
6492.68204177513  228.3897
6492.91591254132  251.8003
6493.14978330751  274.8413
6493.3836540737  251.8546
6493.61752483988  220.0664
6493.85139560607  232.0263
6494.08526637226  262.3368
6494.31913713845  273.8329
6494.55300790464  238.2067
6494.78687867082  188.9684
6495.02074943701  215.7003
6495.2546202032  256.2069
6495.48849096938  240.1163
6495.72236173557  254.4822
6495.95623250176  274.4655
6496.19010326795  255.6065
6496.42397403414  210.0129
6496.65784480032  241.7215
6496.89171556651  210.6275
6497.1255863327  235.4051
6497.35945709889  259.0763
6497.59332786508  259.2128
6497.82719863126  198.2732
6498.06106939745  226.6038
6498.29494016364  256.1461
6498.52881092983  225.2342
6498.76268169601  212.3548
6498.9965524622  241.813
6499.23042322839  257.1441
6499.46429399458  245.1101
6499.69816476076  240.183
6499.93203552695  227.7912
6500.16590629314  226.7773
6500.39977705933  243.1189
6500.63364782552  247.3333
6500.8675185917  257.9901
6501.10138935789  217.1598
6501.33526012408  240.4599
6501.56913089027  241.3692
6501.80300165645  281.6797
6502.03687242264  312.4684
6502.27074318883  244.1469
6502.50461395502  236.9286
6502.73848472121  231.7208
6502.97235548739  261.2745
6503.20622625358  279.6451
6503.44009701977  243.9046
6503.67396778596  207.5504
6503.90783855214  267.3562
6504.14170931833  335.91
6504.37558008452  249.4538
6504.60945085071  219.1233
6504.84332161689  202.4862
6505.07719238308  216.7563
6505.31106314927  247.7632
6505.54493391546  278.6549
6505.77880468165  289.3545
6506.01267544783  297.2746
6506.24654621402  259.6249
6506.48041698021  314.4041
6506.7142877464  275.6726
6506.94815851258  268.4591
6507.18202927877  275.3925
6507.41590004496  286.5081
6507.64977081115  273.8625
6507.88364157734  279.7794
6508.11751234352  251.0757
6508.35138310971  252.4206
6508.5852538759  327.9606
6508.81912464209  318.9432
6509.05299540827  281.8001
6509.28686617446  283.562
6509.52073694065  308.2793
6509.75460770684  245.3392
6509.98847847302  268.8736
6510.22234923921  304.534
6510.4562200054  263.9633
6510.69009077159  246.798
6510.92396153778  340.2649
6511.15783230396  307.0117
6511.39170307015  228.3492
6511.62557383634  262.4754
6511.85944460253  264.893
6512.09331536871  272.0461
6512.3271861349  281.3486
6512.56105690109  277.8857
6512.79492766728  255.559
6513.02879843346  261.4371
6513.26266919965  294.793
6513.49653996584  331.7802
6513.73041073203  299.8651
6513.96428149821  195.6867
6514.1981522644  230.9096
6514.43202303059  277.8878
6514.66589379678  242.3011
6514.89976456297  274.6308
6515.13363532915  320.4906
6515.36750609534  302.7847
6515.60137686153  295.3331
6515.83524762772  263.6364
6516.0691183939  281.9126
6516.30298916009  275.6016
6516.53685992628  281.5832
6516.77073069247  276.7937
6517.00460145866  283.6773
6517.23847222484  298.6928
6517.47234299103  294.2434
6517.70621375722  281.4922
6517.94008452341  303.8907
6518.17395528959  300.5189
6518.40782605578  255.8186
6518.64169682197  287.5159
6518.87556758816  317.0986
6519.10943835435  287.339
6519.34330912053  262.1092
6519.57717988672  225.3622
6519.81105065291  268.8799
6520.0449214191  252.1171
6520.27879218528  232.2165
6520.51266295147  314.4192
6520.74653371766  276.6963
6520.98040448385  267.5138
6521.21427525003  305.3428
6521.44814601622  307.0264
6521.68201678241  326.8379
6521.9158875486  294.0411
6522.14975831478  246.2778
6522.38362908097  248.7376
6522.61749984716  320.7962
6522.85137061335  335.7099
6523.08524137954  325.1887
6523.31911214572  263.4661
6523.55298291191  289.2098
6523.7868536781  357.1157
6524.02072444429  350.3175
6524.25459521047  285.1325
6524.48846597666  277.4205
6524.72233674285  297.8488
6524.95620750904  277.7082
6525.19007827523  304.0711
6525.42394904141  315.3972
6525.6578198076  307.606
6525.89169057379  276.31
6526.12556133998  318.9846
6526.35943210616  345.6421
6526.59330287235  280.7101
6526.82717363854  321.8702
6527.06104440473  324.0773
6527.29491517091  326.8823
6527.5287859371  308.5352
6527.76265670329  309.7724
6527.99652746948  285.2722
6528.23039823566  321.9473
6528.46426900185  307.4695
6528.69813976804  294.9634
6528.93201053423  325.229
6529.16588130042  322.2286
6529.3997520666  306.2021
6529.63362283279  286.4862
6529.86749359898  295.0081
6530.10136436517  282.04
6530.33523513135  305.5256
6530.56910589754  325.8201
6530.80297666373  298.051
6531.03684742992  332.364
6531.2707181961  352.3518
6531.50458896229  319.1485
6531.73845972848  300.264
6531.97233049467  255.9875
6532.20620126085  270.7458
6532.44007202704  350.4903
6532.67394279323  339.0919
6532.90781355942  303.9316
6533.14168432561  328.9805
6533.37555509179  289.0146
6533.60942585798  314.9025
6533.84329662417  331.2454
6534.07716739036  287.7315
6534.31103815654  280.7167
6534.54490892273  332.8595
6534.77877968892  343.5855
6535.01265045511  286.8204
6535.24652122129  290.1739
6535.48039198748  339.274
6535.71426275367  309.1719
6535.94813351986  356.9209
6536.18200428604  399.3901
6536.41587505223  326.2741
6536.64974581842  291.6703
6536.88361658461  340.8131
6537.1174873508  324.5401
6537.35135811698  303.8652
6537.58522888317  341.0084
6537.81909964936  330.6843
6538.05297041555  286.0706
6538.28684118174  343.3448
6538.52071194792  379.1052
6538.75458271411  343.4763
6538.9884534803  339.2374
6539.22232424649  347.8793
6539.45619501267  363.6725
6539.69006577886  311.7864
6539.92393654505  345.6258
6540.15780731124  373.5795
6540.39167807742  339.5768
6540.62554884361  383.1071
6540.8594196098  355.609
6541.09329037599  334.4995
6541.32716114218  399.3364
6541.56103190836  373.9918
6541.79490267455  334.738
6542.02877344074  334.6358
6542.26264420693  366.1102
6542.49651497311  353.6748
6542.7303857393  366.2618
6542.96425650549  361.1923
6543.19812727168  406.8145
6543.43199803787  388.5182
6543.66586880405  368.6205
6543.89973957024  313.3173
6544.13361033643  347.2413
6544.36748110262  371.3014
6544.6013518688  371.541
6544.83522263499  387.682
6545.06909340118  377.1784
6545.30296416737  362.7367
6545.53683493355  358.7431
6545.77070569974  404.5908
6546.00457646593  444.063
6546.23844723212  429.8698
6546.47231799831  401.7323
6546.70618876449  402.9411
6546.94005953068  444.5143
6547.17393029687  425.2692
6547.40780106306  400.1082
6547.64167182924  416.2478
6547.87554259543  432.1529
6548.10941336162  466.8358
6548.34328412781  438.812
6548.57715489399  446.0956
6548.81102566018  453.1125
6549.04489642637  406.0461
6549.27876719256  493.5902
6549.51263795874  537.9741
6549.74650872493  473.6543
6549.98037949112  408.2355
6550.21425025731  443.6344
6550.4481210235  464.3437
6550.68199178968  468.2664
6550.91586255587  495.1054
6551.14973332206  537.7828
6551.38360408825  480.5302
6551.61747485443  460.588
6551.85134562062  483.9496
6552.08521638681  468.8572
6552.319087153  517.6003
6552.55295791919  546.5439
6552.78682868537  524.9898
6553.02069945156  555.0864
6553.25457021775  578.2907
6553.48844098394  582.6234
6553.72231175012  549.8879
6553.95618251631  571.1838
6554.1900532825  511.1655
6554.42392404869  507.4909
6554.65779481487  466.01
6554.89166558106  525.7733
6555.12553634725  505.2946
6555.35940711344  520.3579
6555.59327787963  558.6551
6555.82714864581  524.0296
6556.061019412  529.2814
6556.29489017819  601.7048
6556.52876094438  603.9737
6556.76263171056  560.063
6556.99650247675  542.8785
6557.23037324294  539.3406
6557.46424400913  569.6274
6557.69811477531  557.6055
6557.9319855415  513.2955
6558.16585630769  541.0089
6558.39972707388  519.2042
6558.63359784007  495.9261
6558.86746860625  490.4613
6559.10133937244  460.8715
6559.33521013863  454.9313
6559.56908090482  544.3783
6559.802951671  530.6761
6560.03682243719  440.0812
6560.27069320338  517.7248
6560.50456396957  535.611
6560.73843473576  458.3228
6560.97230550194  433.7412
6561.20617626813  482.6211
6561.44004703432  506.5509
6561.67391780051  464.6792
6561.90778856669  448.7997
6562.14165933288  469.5065
6562.37553009907  447.2333
6562.60940086526  495.5716
6562.84327163144  514.2985
6563.07714239763  465.5448
6563.31101316382  449.0065
6563.54488393001  466.7982
6563.7787546962  430.1684
6564.01262546238  430.3499
6564.24649622857  462.5374
6564.48036699476  474.0898
6564.71423776095  498.9996
6564.94810852713  475.3118
6565.18197929332  413.9139
6565.41585005951  471.4771
6565.6497208257  491.454
6565.88359159189  490.2674
6566.11746235807  490.1526
6566.35133312426  409.6159
6566.58520389045  459.4297
6566.81907465664  428.1907
6567.05294542282  375.8786
6567.28681618901  405.3143
6567.5206869552  437.5774
6567.75455772139  449.1675
6567.98842848757  380.2526
6568.22229925376  445.6671
6568.45617001995  455.4012
6568.69004078614  453.8014
6568.92391155232  446.8989
6569.15778231851  447.1749
6569.3916530847  475.049
6569.62552385089  461.3834
6569.85939461708  408.0595
6570.09326538326  423.4031
6570.32713614945  464.0354
6570.56100691564  472.7296
6570.79487768183  448.8184
6571.02874844801  497.9975
6571.2626192142  478.6141
6571.49648998039  458.7892
6571.73036074658  425.6259
6571.96423151276  443.7882
6572.19810227895  448.9127
6572.43197304514  476.9779
6572.66584381133  513.3676
6572.89971457751  424.6871
6573.1335853437  435.414
6573.36745610989  438.2171
6573.60132687608  390.0541
6573.83519764227  432.9187
6574.06906840845  459.7953
6574.30293917464  384.4772
6574.53680994083  438.0923
6574.77068070702  394.4486
6575.0045514732  463.8227
6575.23842223939  420.9487
6575.47229300558  404.6089
6575.70616377177  465.5858
6575.94003453796  395.6039
6576.17390530414  427.7759
6576.40777607033  410.1204
6576.64164683652  374.2816
6576.8755176027  389.6412
6577.10938836889  399.6128
6577.34325913508  432.7056
6577.57712990127  455.0907
6577.81100066746  443.3428
6578.04487143365  363.9634
6578.27874219983  407.0703
6578.51261296602  410.6808
6578.74648373221  357.7066
6578.9803544984  346.9481
6579.21422526458  383.3172
6579.44809603077  436.5182
6579.68196679696  403.9933
6579.91583756315  394.963
6580.14970832934  394.8189
6580.38357909552  372.0999
6580.61744986171  374.6346
6580.8513206279  324.6506
6581.08519139408  349.587
6581.31906216027  414.7408
6581.55293292646  384.0546
6581.78680369265  363.608
6582.02067445884  398.0008
6582.25454522502  422.9274
6582.48841599121  388.0001
6582.7222867574  384.186
6582.95615752359  327.697
6583.19002828977  336.5604
6583.42389905596  394.7237
6583.65776982215  323.5208
6583.89164058834  345.3181
6584.12551135452  392.0267
6584.35938212071  314.9637
6584.5932528869  360.8465
6584.82712365309  334.8209
6585.06099441928  379.9446
6585.29486518546  350.1859
6585.52873595165  373.2209
6585.76260671784  336.22
6585.99647748403  355.2683
6586.23034825021  313.8307
6586.4642190164  338.6304
6586.69808978259  329.4446
6586.93196054878  312.6715
6587.16583131497  325.1951
6587.39970208115  360.2797
6587.63357284734  322.2406
6587.86744361353  327.1043
6588.10131437972  389.7355
6588.3351851459  282.2229
6588.56905591209  314.656
6588.80292667828  339.0754
6589.03679744447  342.1593
6589.27066821065  346.7173
6589.50453897684  332.0521
6589.73840974303  365.5752
6589.97228050922  340.7529
6590.20615127541  335.5435
6590.44002204159  306.452
6590.67389280778  341.5695
6590.90776357397  366.1271
6591.14163434016  389.9782
6591.37550510634  306.3155
6591.60937587253  317.1871
6591.84324663872  363.4719
6592.07711740491  395.3036
6592.31098817109  369.7812
6592.54485893728  350.6671
6592.77872970347  391.2326
6593.01260046966  336.0833
6593.24647123584  314.3677
6593.48034200203  321.2844
6593.71421276822  357.3153
6593.94808353441  347.0272
6594.1819543006  323.4832
6594.41582506678  347.8383
6594.64969583297  277.4213
6594.88356659916  239.4566
6595.11743736535  311.1244
6595.35130813153  360.3734
6595.58517889772  297.2825
6595.81904966391  309.1348
6596.0529204301  300.6346
6596.28679119628  311.4441
6596.52066196247  350.0701
6596.75453272866  351.8475
6596.98840349485  342.7127
6597.22227426104  319.9289
6597.45614502722  286.7864
6597.69001579341  323.7063
6597.9238865596  366.3186
6598.15775732579  319.5847
6598.39162809197  277.7809
6598.62549885816  329.0356
6598.85936962435  334.5858
6599.09324039054  311.226
6599.32711115672  311.924
6599.56098192291  308.6678
6599.7948526891  340.7218
6600.02872345529  271.2942
6600.26259422147  291.8677
6600.49646498766  297.5185
6600.73033575385  308.8332
6600.96420652004  376.8821
6601.19807728623  389.6757
6601.43194805242  299.36
6601.6658188186  302.9544
6601.89968958479  326.5505
6602.13356035098  312.2495
6602.36743111717  320.551
6602.60130188335  317.7882
6602.83517264954  337.5063
6603.06904341573  336.0725
6603.30291418192  360.0428
6603.5367849481  351.2779
6603.77065571429  374.0715
6604.00452648048  365.4562
6604.23839724667  339.955
6604.47226801285  321.1712
6604.70613877904  262.7007
6604.94000954523  295.546
6605.17388031142  369.3078
6605.40775107761  306.8494
6605.64162184379  313.4288
6605.87549260998  280.726
6606.10936337617  303.497
6606.34323414236  317.0952
6606.57710490854  283.4849
6606.81097567473  379.2437
6607.04484644092  268.5026
6607.27871720711  264.8936
6607.51258797329  299.0326
6607.74645873948  340.4923
6607.98032950567  303.5827
6608.21420027186  315.3797
6608.44807103804  333.2917
6608.68194180423  343.2606
6608.91581257042  296.9528
6609.14968333661  334.8263
6609.3835541028  340.506
6609.61742486898  295.5663
6609.85129563517  323.0695
6610.08516640136  287.1152
6610.31903716755  285.3671
6610.55290793373  311.7779
6610.78677869992  358.795
6611.02064946611  263.0573
6611.2545202323  293.4112
6611.48839099849  311.5245
6611.72226176467  301.2263
6611.95613253086  329.3137
6612.19000329705  349.2237
6612.42387406324  369.0051
6612.65774482942  302.4843
6612.89161559561  324.4839
6613.1254863618  336.6784
6613.35935712799  296.9701
6613.59322789417  312.627
6613.82709866036  318.5734
6614.06096942655  318.3784
6614.29484019274  323.4383
6614.52871095893  297.4613
6614.76258172511  309.9121
6614.9964524913  285.275
6615.23032325749  266.8211
6615.46419402368  291.8264
6615.69806478986  292.0919
6615.93193555605  314.7966
6616.16580632224  265.751
6616.39967708843  290.9103
6616.63354785462  294.6381
6616.8674186208  256.7527
6617.10128938699  284.8705
6617.33516015318  309.5509
6617.56903091937  283.4666
6617.80290168555  261.4806
6618.03677245174  321.5102
6618.27064321793  302.9236
6618.50451398412  279.6466
6618.73838475031  252.5364
6618.97225551649  292.4266
6619.20612628268  341.3022
6619.43999704887  319.6714
6619.67386781506  265.9695
6619.90773858124  283.3321
6620.14160934743  309.234
6620.37548011362  262.5268
6620.60935087981  300.8152
6620.84322164599  313.135
6621.07709241218  281.9529
6621.31096317837  290.1904
6621.54483394456  268.0625
6621.77870471074  257.7275
6622.01257547693  293.2286
6622.24644624312  260.2238
6622.48031700931  258.5975
6622.7141877755  248.6255
6622.94805854168  266.7471
6623.18192930787  272.4374
6623.41580007406  244.2613
6623.64967084025  297.8038
6623.88354160643  351.1403
6624.11741237262  276.6926
6624.35128313881  254.5074
6624.585153905  288.055
6624.81902467119  320.5242
6625.05289543737  317.1319
6625.28676620356  255.0713
6625.52063696975  317.6923
6625.75450773594  280.6466
6625.98837850212  247.163
6626.22224926831  224.7221
6626.4561200345  248.5846
6626.68999080069  259.1143
6626.92386156688  245.8949
6627.15773233306  225.2531
6627.39160309925  262.6371
6627.62547386544  281.8929
6627.85934463163  287.0164
6628.09321539781  281.9081
6628.327086164  259.9845
6628.56095693019  270.6463
6628.79482769638  260.6968
6629.02869846256  274.5806
6629.26256922875  268.1902
6629.49643999494  241.6201
6629.73031076113  282.8094
6629.96418152731  260.2765
6630.1980522935  240.1049
6630.43192305969  261.8566
6630.66579382588  229.5975
6630.89966459207  204.9111
6631.13353535825  250.5479
6631.36740612444  251.9945
6631.60127689063  282.8791
6631.83514765682  322.8781
6632.069018423  233.7319
6632.30288918919  234.6632
6632.53675995538  234.7049
6632.77063072157  237.433
6633.00450148775  227.85
6633.23837225394  271.0405
6633.47224302013  299.0574
6633.70611378632  277.8355
6633.9399845525  297.3596
6634.17385531869  255.7552
6634.40772608488  243.0634
6634.64159685107  254.4382
6634.87546761725  244.3409
6635.10933838344  239.329
6635.34320914963  245.9204
6635.57707991582  242.3005
6635.81095068201  226.6774
6636.04482144819  256.8938
6636.27869221438  228.2725
6636.51256298057  230.212
6636.74643374676  187.1173
6636.98030451294  231.8946
6637.21417527913  234.9458
6637.44804604532  216.191
6637.68191681151  304.8962
6637.9157875777  236.8568
6638.14965834388  284.1053
6638.38352911007  250.1854
6638.61739987626  164.2721
6638.85127064245  223.1266
6639.08514140863  236.953
6639.31901217482  255.8781
6639.55288294101  254.8028
6639.7867537072  239.1919
6640.02062447338  228.0915
6640.25449523957  225.4092
6640.48836600576  284.313
6640.72223677195  257.2767
6640.95610753814  248.5974
6641.18997830432  246.2778
6641.42384907051  223.3407
6641.6577198367  219.4292
6641.89159060289  216.5628
6642.12546136907  228.9544
6642.35933213526  209.4359
6642.59320290145  242.3027
6642.82707366764  227.1414
6643.06094443383  255.7632
6643.29481520001  227.6722
6643.5286859662  240.4254
6643.76255673239  193.8628
6643.99642749858  194.0966
6644.23029826476  179.7564
6644.46416903095  209.4125
6644.69803979714  207.6095
6644.93191056333  231.5579
6645.16578132951  180.6776
6645.3996520957  223.5252
6645.63352286189  252.8419
6645.86739362808  209.933
6646.10126439427  194.1381
6646.33513516045  199.9073
6646.56900592664  238.5511
6646.80287669283  239.1118
6647.03674745902  166.3845
6647.2706182252  219.7717
6647.50448899139  170.6072
6647.73835975758  199.4535
6647.97223052377  230.8376
6648.20610128996  207.2862
6648.43997205614  173.3398
6648.67384282233  205.8975
6648.90771358852  252.2413
6649.1415843547  209.9364
6649.37545512089  214.8906
6649.60932588708  242.3792
6649.84319665327  203.8017
6650.07706741946  219.7851
6650.31093818564  175.2533
6650.54480895183  198.7668
6650.77867971802  197.675
6651.01255048421  196.6691
6651.24642125039  189.3984
6651.48029201658  222.2158
6651.71416278277  212.3897
6651.94803354896  161.1865
6652.18190431515  165.2881
6652.41577508133  145.0112
6652.64964584752  183.7254
6652.88351661371  190.8988
6653.1173873799  222.0383
6653.35125814608  235.8147
6653.58512891227  194.6248
6653.81899967846  230.1136
6654.05287044465  185.3418
6654.28674121083  163.808
6654.52061197702  159.3032
6654.75448274321  173.0938
6654.9883535094  155.2738
6655.22222427559  191.0256
6655.45609504177  183.6221
6655.68996580796  171.3467
6655.92383657415  166.3014
6656.15770734034  226.6666
6656.39157810652  176.2186
6656.62544887271  168.4646
6656.8593196389  203.7459
6657.09319040509  206.6428
6657.32706117127  177.2291
6657.56093193746  217.5319
6657.79480270365  155.6726
6658.02867346984  163.7583
6658.26254423602  215.3914
6658.49641500221  183.4102
6658.7302857684  209.8852
6658.96415653459  166.3916
6659.19802730078  145.8393
6659.43189806696  135.5705
6659.66576883315  174.6932
6659.89963959934  192.1461
6660.13351036553  145.3488
6660.36738113172  173.071
6660.6012518979  170.6859
6660.83512266409  140.2112
6661.06899343028  189.2226
6661.30286419647  153.8909
6661.53673496265  149.3373
6661.77060572884  129.4989
6662.00447649503  116.4069
6662.23834726122  90.66037
6662.4722180274  110.9344
6662.70608879359  115.1899
6662.93995955978  161.5523
6663.17383032597  159.7497
6663.40770109215  147.8233
6663.64157185834  93.76958
6663.87544262453  126.6662
6664.10931339072  166.6981
6664.34318415691  155.4121
6664.57705492309  111.2951
6664.81092568928  133.9762
6665.04479645547  130.0084
6665.27866722166  155.3801
6665.51253798784  106.2932
6665.74640875403  136.5118
6665.98027952022  106.8124
6666.21415028641  121.2132
6666.4480210526  105.8469
6666.68189181878  144.3618
6666.91576258497  120.0158
6667.14963335116  111.0238
6667.38350411735  98.87778
6667.61737488353  88.35558
6667.85124564972  58.52579
6668.08511641591  148.3951
6668.3189871821  95.72127
6668.55285794829  82.29816
6668.78672871447  96.06341
6669.02059948066  94.7899
6669.25447024685  142.3436
6669.48834101304  75.98381
6669.72221177922  85.11905
6669.95608254541  152.7911
6670.1899533116  126.3485
6670.42382407779  120.7617
6670.65769484397  116.6535
6670.89156561016  108.6207
6671.12543637635  110.8584
6671.35930714254  84.57109
6671.59317790872  146.0827
6671.82704867491  120.54
6672.0609194411  89.33661
6672.29479020729  90.75877
6672.52866097348  107.6199
6672.76253173966  133.7947
6672.99640250585  106.0387
6673.23027327204  66.98788
6673.46414403823  81.20749
6673.69801480441  78.61768
6673.9318855706  69.35023
6674.16575633679  72.75766
6674.39962710298  57.70249
6674.63349786916  84.39743
6674.86736863535  99.1621
6675.10123940154  100.2468
6675.33511016773  110.1771
6675.56898093392  111.8379
6675.8028517001  46.52123
6676.03672246629  17.39911
6676.27059323248  85.01791
6676.50446399867  90.2303
6676.73833476485  27.96782
6676.97220553104  83.19995
6677.20607629723  40.81884
6677.43994706342  42.74693
6677.67381782961  36.2397
6677.90768859579  44.41265
6678.14155936198  73.83699
6678.37543012817  76.4202
6678.60930089436  49.30862
6678.84317166054  59.46301
6679.07704242673  65.32175
6679.31091319292  59.00076
6679.54478395911  31.62204
6679.7786547253  16.00702
6680.01252549148  70.34456
6680.24639625767  52.51381
6680.48026702386  62.65668
6680.71413779004  35.74876
6680.94800855623  -2.963509
6681.18187932242  64.68062
6681.41575008861  85.97615
6681.6496208548  63.24936
6681.88349162098  64.48866
6682.11736238717  68.71992
6682.35123315336  42.02323
6682.58510391955  50.27569
6682.81897468573  19.93597
6683.05284545192  56.00583
6683.28671621811  30.96731
6683.5205869843  93.87053
6683.75445775048  81.4118
6683.98832851667  80.8309
6684.22219928286  9.821733
6684.45607004905  -19.77662
6684.68994081524  33.43058
6684.92381158142  72.80558
6685.15768234761  75.75056
6685.3915531138  53.41625
6685.62542387999  54.51681
6685.85929464617  46.42142
6686.09316541236  70.98753
6686.32703617855  37.40294
6686.56090694474  36.36478
6686.79477771093  42.0852
6687.02864847711  70.29673
6687.2625192433  33.633
6687.49639000949  46.98777
6687.73026077568  49.72396
6687.96413154186  26.69209
6688.19800230805  51.78565
6688.43187307424  48.21271
6688.66574384043  37.43193
6688.89961460662  24.97785
6689.1334853728  21.13508
6689.36735613899  22.09111
6689.60122690518  7.038229
6689.83509767137  34.81606
6690.06896843755  38.55755
6690.30283920374  52.71704
6690.53670996993  14.92868
6690.77058073612  78.10976
6691.0044515023  41.63387
6691.23832226849  26.91906
6691.47219303468  32.96104
6691.70606380087  19.95601
6691.93993456706  12.23441
6692.17380533324  5.787395
6692.40767609943  68.77296
6692.64154686562  14.2183
