6453.4006153377  44.72092
6453.6344790826  45.63243
6453.86834282749  77.11748
6454.10220657238  71.60211
6454.33607031728  51.8732
6454.56993406217  47.32722
6454.80379780707  33.66217
6455.03766155196  34.91582
6455.27152529686  55.59409
6455.50538904175  48.28119
6455.73925278664  46.89441
6455.97311653154  73.22618
6456.20698027643  55.28421
6456.44084402133  47.42141
6456.67470776622  71.86368
6456.90857151112  81.87869
6457.14243525601  44.82347
6457.3762990009  44.28456
6457.6101627458  68.29968
6457.84402649069  85.65881
6458.07789023559  75.97698
6458.31175398048  74.78266
6458.54561772538  59.61628
6458.77948147027  33.85299
6459.01334521516  59.81507
6459.24720896006  79.25478
6459.48107270495  37.87713
6459.71493644985  30.69354
6459.94880019474  91.56744
6460.18266393964  91.19795
6460.41652768453  58.66933
6460.65039142943  62.25116
6460.88425517432  67.5936
6461.11811891921  20.28264
6461.35198266411  48.29251
6461.585846409  48.0061
6461.8197101539  39.87693
6462.05357389879  77.54403
6462.28743764369  61.09246
6462.52130138858  42.00232
6462.75516513348  45.92243
6462.98902887837  36.00542
6463.22289262326  66.06173
6463.45675636816  29.26566
6463.69062011305  50.63015
6463.92448385795  82.0269
6464.15834760284  56.66881
6464.39221134773  61.42922
6464.62607509263  52.35803
6464.85993883752  35.82803
6465.09380258242  37.32858
6465.32766632731  60.60834
6465.56153007221  88.48724
6465.7953938171  105.8617
6466.029257562  94.87427
6466.26312130689  50.77143
6466.49698505178  86.41424
6466.73084879668  81.03996
6466.96471254157  75.21613
6467.19857628647  55.53997
6467.43244003136  51.73228
6467.66630377626  51.75715
6467.90016752115  89.88914
6468.13403126604  115.0726
6468.36789501094  78.52515
6468.60175875583  61.331
6468.83562250073  65.22974
6469.06948624562  63.34848
6469.30334999052  72.03111
6469.53721373541  63.87851
6469.7710774803  70.66949
6470.0049412252  47.75595
6470.23880497009  61.30659
6470.47266871499  71.69146
6470.70653245988  76.10935
6470.94039620478  108.0051
6471.17425994967  73.79998
6471.40812369457  63.41804
6471.64198743946  87.03833
6471.87585118435  127.8153
6472.10971492925  115.636
6472.34357867414  75.49937
6472.57744241904  82.2134
6472.81130616393  103.2711
6473.04516990883  118.002
6473.27903365372  78.51974
6473.51289739862  79.2374
6473.74676114351  73.98512
6473.9806248884  80.19495
6474.2144886333  84.55811
6474.44835237819  57.01167
6474.68221612309  81.1939
6474.91607986798  84.17181
6475.14994361288  90.40594
6475.38380735777  100.9414
6475.61767110266  81.43413
6475.85153484756  72.69128
6476.08539859245  80.5637
6476.31926233735  86.7117
6476.55312608224  96.46207
6476.78698982714  99.79089
6477.02085357203  130.4405
6477.25471731693  129.94
6477.48858106182  109.6199
6477.72244480671  113.5356
6477.95630855161  118.493
6478.1901722965  128.8105
6478.4240360414  114.1548
6478.65789978629  115.4717
6478.89176353119  104.0317
6479.12562727608  92.61895
6479.35949102097  71.87298
6479.59335476587  55.22668
6479.82721851076  82.9866
6480.06108225566  87.74545
6480.29494600055  88.60925
6480.52880974545  117.5259
6480.76267349034  125.1768
6480.99653723523  88.81676
6481.23040098013  86.19621
6481.46426472502  49.55886
6481.69812846992  80.93241
6481.93199221481  94.25323
6482.16585595971  83.1387
6482.3997197046  75.21883
6482.63358344949  95.66474
6482.86744719439  81.93149
6483.10131093928  74.49081
6483.33517468418  94.92641
6483.56903842907  95.57452
6483.80290217397  111.6495
6484.03676591886  105.3641
6484.27062966375  131.1784
6484.50449340865  77.13914
6484.73835715354  68.44508
6484.97222089844  115.463
6485.20608464333  101.2122
6485.43994838823  97.06004
6485.67381213312  99.39286
6485.90767587802  86.36008
6486.14153962291  109.3421
6486.3754033678  114.8737
6486.6092671127  116.0196
6486.84313085759  98.07482
6487.07699460249  77.15916
6487.31085834738  107.5084
6487.54472209228  117.0149
6487.77858583717  133.7646
6488.01244958206  139.1023
6488.24631332696  89.03615
6488.48017707185  138.9278
6488.71404081675  144.2875
6488.94790456164  138.9163
6489.18176830654  103.5841
6489.41563205143  139.4827
6489.64949579633  116.5158
6489.88335954122  118.5733
6490.11722328611  97.70004
6490.35108703101  101.0306
6490.5849507759  89.53424
6490.8188145208  95.13924
6491.05267826569  119.0525
6491.28654201059  87.18256
6491.52040575548  124.8519
6491.75426950037  132.8186
6491.98813324527  106.5918
6492.22199699016  114.832
6492.45586073506  125.7195
6492.68972447995  96.36063
6492.92358822485  84.11949
6493.15745196974  96.98161
6493.39131571464  132.8902
6493.62517945953  90.10009
6493.85904320442  132.3015
6494.09290694932  120.1807
6494.32677069421  93.25568
6494.56063443911  118.0258
6494.794498184  110.3448
6495.0283619289  94.45667
6495.26222567379  114.0213
6495.49608941868  127.3637
6495.72995316358  112.601
6495.96381690847  108.392
6496.19768065337  80.01781
6496.43154439826  82.29869
6496.66540814316  97.53597
6496.89927188805  107.6939
6497.13313563294  87.68662
6497.36699937784  95.75768
6497.60086312273  145.2587
6497.83472686763  103.3143
6498.06859061252  85.23354
6498.30245435741  92.50611
6498.53631810231  116.0058
6498.7701818472  161.172
6499.0040455921  133.3994
6499.23790933699  83.04948
6499.47177308189  103.6495
6499.70563682678  124.6731
6499.93950057168  130.5284
6500.17336431657  112.8752
6500.40722806146  67.09119
6500.64109180636  131.8434
6500.87495555125  131.5321
6501.10881929615  89.30194
6501.34268304104  124.1685
6501.57654678594  120.1966
6501.81041053083  145.9926
6502.04427427572  132.4535
6502.27813802062  109.9699
6502.51200176552  85.21705
6502.74586551041  119.0241
6502.9797292553  131.251
6503.2135930002  126.5935
6503.44745674509  123.8585
6503.68132048999  103.9538
6503.91518423488  114.938
6504.14904797978  138.7898
6504.38291172467  143.7062
6504.61677546956  129.4191
6504.85063921446  127.7547
6505.08450295935  124.4889
6505.31836670425  126.2903
6505.55223044914  117.2577
6505.78609419403  154.4764
6506.01995793893  161.3554
6506.25382168383  118.3165
6506.48768542872  120.3251
6506.72154917361  111.2198
6506.95541291851  81.79595
6507.1892766634  133.4389
6507.4231404083  147.6833
6507.65700415319  135.9144
6507.89086789808  110.6521
6508.12473164298  118.5745
6508.35859538787  167.8224
6508.59245913277  140.7983
6508.82632287766  113.6954
6509.06018662256  139.4398
6509.29405036745  134.4885
6509.52791411234  130.9258
6509.76177785724  143.4335
6509.99564160213  137.6682
6510.22950534703  140.4007
6510.46336909192  143.7185
6510.69723283682  116.0224
6510.93109658171  193.4124
6511.16496032661  118.547
6511.3988240715  97.61238
6511.63268781639  122.5069
6511.86655156129  152.0386
6512.10041530618  162.9858
6512.33427905108  124.5286
6512.56814279597  122.8116
6512.80200654087  124.6844
6513.03587028576  123.0105
6513.26973403065  137.7902
6513.50359777555  148.5139
6513.73746152044  147.1183
6513.97132526534  151.5292
6514.20518901023  172.0161
6514.43905275513  124.1805
6514.67291650002  154.6515
6514.90678024491  164.8019
6515.14064398981  130.1921
6515.3745077347  147.1144
6515.6083714796  154.0392
6515.84223522449  137.5011
6516.07609896939  136.8091
6516.30996271428  133.9632
6516.54382645918  117.9791
6516.77769020407  158.6853
6517.01155394896  164.1693
6517.24541769386  180.636
6517.47928143875  158.3661
6517.71314518365  116.4354
6517.94700892854  158.2603
6518.18087267344  177.2579
6518.41473641833  119.0266
6518.64860016322  105.5255
6518.88246390812  133.1916
6519.11632765301  128.6835
6519.35019139791  132.2977
6519.5840551428  149.7082
6519.8179188877  155.4177
6520.05178263259  169.242
6520.28564637749  143.4383
6520.51951012238  154.1968
6520.75337386727  153.2899
6520.98723761217  146.5556
6521.22110135706  135.9266
6521.45496510196  132.9962
6521.68882884685  148.6728
6521.92269259175  155.3379
6522.15655633664  127.4545
6522.39042008153  122.9983
6522.62428382643  111.7535
6522.85814757132  159.6458
6523.09201131622  153.2611
6523.32587506111  125.569
6523.559738806  153.0657
6523.7936025509  148.2268
6524.02746629579  141.0928
6524.26133004069  143.7178
6524.49519378558  110.571
6524.72905753048  127.5732
6524.96292127537  156.1298
6525.19678502027  117.634
6525.43064876516  118.8684
6525.66451251005  155.5608
6525.89837625495  146.1553
6526.13223999984  100.5297
6526.36610374474  133.5562
6526.59996748963  150.4743
6526.83383123453  118.7839
6527.06769497942  127.1707
6527.30155872432  142.8482
6527.53542246921  150.1014
6527.76928621411  157.5081
6528.003149959  151.5966
6528.23701370389  134.6396
6528.47087744879  144.6071
6528.70474119368  146.9783
6528.93860493858  159.8002
6529.17246868347  130.1404
6529.40633242836  138.1022
6529.64019617326  176.4916
6529.87405991815  147.529
6530.10792366305  162.9801
6530.34178740794  185.1554
6530.57565115284  164.4593
6530.80951489773  147.1875
6531.04337864263  129.9831
6531.27724238752  137.1445
6531.51110613241  144.0646
6531.74496987731  119.7856
6531.9788336222  120.4688
6532.2126973671  174.551
6532.44656111199  197.8853
6532.68042485689  197.2955
6532.91428860178  225.8031
6533.14815234667  195.4121
6533.38201609157  152.6173
6533.61587983646  131.4903
6533.84974358136  132.3904
6534.08360732625  158.2615
6534.31747107115  185.7473
6534.55133481604  185.0473
6534.78519856093  211.7005
6535.01906230583  170.5808
6535.25292605072  168.0613
6535.48678979562  145.0703
6535.72065354051  147.4991
6535.95451728541  162.2274
6536.1883810303  182.4828
6536.42224477519  160.8894
6536.65610852009  149.9772
6536.88997226498  187.7362
6537.12383600988  195.8936
6537.35769975477  133.5432
6537.59156349967  118.8739
6537.82542724456  176.5173
6538.05929098945  183.3147
6538.29315473435  168.9554
6538.52701847924  182.9527
6538.76088222414  176.9553
6538.99474596903  157.9718
6539.22860971393  152.2427
6539.46247345882  178.7352
6539.69633720372  180.4515
6539.93020094861  128.1701
6540.1640646935  111.5616
6540.3979284384  138.9299
6540.63179218329  208.2455
6540.86565592819  201.318
6541.09951967308  152.6523
6541.33338341798  173.4804
6541.56724716287  171.9608
6541.80111090777  163.6138
6542.03497465266  182.9981
6542.26883839755  162.3763
6542.50270214245  175.0503
6542.73656588734  184.8615
6542.97042963224  154.6018
6543.20429337713  175.381
6543.43815712203  123.368
6543.67202086692  163.7559
6543.90588461182  186.5491
6544.13974835671  192.5997
6544.3736121016  185.5241
6544.6074758465  129.1367
6544.84133959139  129.5392
6545.07520333629  186.1913
6545.30906708118  192.3064
6545.54293082608  167.7459
6545.77679457097  186.5603
6546.01065831586  157.4871
6546.24452206076  143.8222
6546.47838580565  171.4323
6546.71224955055  154.253
6546.94611329544  166.7245
6547.17997704034  199.5714
6547.41384078523  200.4748
6547.64770453012  201.7827
6547.88156827502  207.2009
6548.11543201991  187.9626
6548.34929576481  170.0212
6548.5831595097  209.0021
6548.8170232546  208.4629
6549.05088699949  186.8592
6549.28475074438  225.9881
6549.51861448928  206.1714
6549.75247823417  141.5127
6549.98634197907  165.0294
6550.22020572396  194.7005
6550.45406946886  152.4366
6550.68793321375  178.3324
6550.92179695864  193.5534
6551.15566070354  199.2425
6551.38952444843  233.565
6551.62338819333  219.177
6551.85725193822  168.08
6552.09111568312  195.5271
6552.32497942801  242.8106
6552.55884317291  254.6152
6552.7927069178  220.4605
6553.02657066269  193.6225
6553.26043440759  253.8714
6553.49429815248  226.3166
6553.72816189738  183.4035
6553.96202564227  257.8381
6554.19588938716  229.7159
6554.42975313206  232.6466
6554.66361687695  204.872
6554.89748062185  233.6828
6555.13134436674  207.0687
6555.36520811164  204.1817
6555.59907185653  182.1075
6555.83293560143  193.1262
6556.06679934632  209.134
6556.30066309122  220.7263
6556.53452683611  206.3663
6556.768390581  222.8471
6557.0022543259  246.4333
6557.23611807079  233.5375
6557.46998181569  200.8004
6557.70384556058  208.6599
6557.93770930548  229.387
6558.17157305037  242.2202
6558.40543679526  247.5473
6558.63930054016  234.8525
6558.87316428505  207.9027
6559.10702802995  220.5015
6559.34089177484  224.5078
6559.57475551974  233.5161
6559.80861926463  230.6697
6560.04248300953  208.8715
6560.27634675442  239.4833
6560.51021049931  232.586
6560.74407424421  236.1156
6560.9779379891  262.6223
6561.211801734  245.5987
6561.44566547889  244.4249
6561.67952922379  280.9059
6561.91339296868  321.7805
6562.14725671357  296.9367
6562.38112045847  280.3393
6562.61498420336  271.632
6562.84884794826  261.4709
6563.08271169315  305.0007
6563.31657543805  279.6983
6563.55043918294  263.7765
6563.78430292783  259.7977
6564.01816667273  277.393
6564.25203041762  281.5721
6564.48589416252  257.506
6564.71975790741  314.3721
6564.95362165231  299.2664
6565.1874853972  262.3791
6565.42134914209  278.4965
6565.65521288699  296.7413
6565.88907663188  260.3305
6566.12294037678  255.0409
6566.35680412167  277.3775
6566.59066786657  279.2726
6566.82453161146  272.0876
6567.05839535636  239.0402
6567.29225910125  267.8806
6567.52612284614  264.7704
6567.75998659104  248.2258
6567.99385033593  261.9312
6568.22771408083  302.8076
6568.46157782572  262.3134
6568.69544157061  265.1783
6568.92930531551  239.7104
6569.16316906041  228.3631
6569.3970328053  262.471
6569.63089655019  267.5519
6569.86476029509  299.3364
6570.09862403998  258.3272
6570.33248778488  245.7234
6570.56635152977  229.3922
6570.80021527466  171.5341
6571.03407901956  249.759
6571.26794276445  271.0674
6571.50180650935  249.4609
6571.73567025424  254.0048
6571.96953399914  249.9688
6572.20339774403  210.1343
6572.43726148892  204.6605
6572.67112523382  241.0559
6572.90498897871  220.3837
6573.13885272361  209.641
6573.3727164685  166.9697
6573.6065802134  202.848
6573.84044395829  248.3439
6574.07430770319  219.1495
6574.30817144808  226.5591
6574.54203519297  257.1425
6574.77589893787  224.4644
6575.00976268276  207.5352
6575.24362642766  239.1311
6575.47749017255  231.5374
6575.71135391745  246.4761
6575.94521766234  223.9594
6576.17908140723  197.0278
6576.41294515213  200.2178
6576.64680889702  237.8038
6576.88067264192  190.7104
6577.11453638681  246.3961
6577.34840013171  234.0474
6577.5822638766  174.2055
6577.81612762149  204.4298
6578.04999136639  192.8812
6578.28385511128  191.8013
6578.51771885618  184.9933
6578.75158260107  240.8329
6578.98544634597  231.4233
6579.21931009086  218.7312
6579.45317383576  187.1743
6579.68703758065  237.4677
6579.92090132554  257.5308
6580.15476507044  241.8046
6580.38862881533  198.4258
6580.62249256023  175.315
6580.85635630512  203.085
6581.09022005002  207.0525
6581.32408379491  185.0836
6581.55794753981  162.0196
6581.7918112847  201.416
6582.02567502959  166.3779
6582.25953877449  146.3159
6582.49340251938  236.2726
6582.72726626428  196.1573
6582.96113000917  170.2256
6583.19499375407  154.1764
6583.42885749896  158.9738
6583.66272124385  186.9469
6583.89658498875  214.6699
6584.13044873364  187.0387
6584.36431247854  162.6877
6584.59817622343  214.9144
6584.83203996833  173.8058
6585.06590371322  176.4734
6585.29976745811  183.1318
6585.53363120301  159.7724
6585.7674949479  198.3002
6586.0013586928  174.9292
6586.23522243769  186.2888
6586.46908618259  216.1711
6586.70294992748  183.6696
6586.93681367238  128.3492
6587.17067741727  151.5233
6587.40454116216  197.8255
6587.63840490706  142.3742
6587.87226865195  191.0259
6588.10613239685  192.8109
6588.33999614174  171.3772
6588.57385988664  131.5955
6588.80772363153  146.7776
6589.04158737642  171.0769
6589.27545112132  206.7589
6589.50931486621  184.6066
6589.74317861111  167.8488
6589.977042356  148.193
6590.2109061009  151.6624
6590.44476984579  171.4546
6590.67863359068  162.1091
6590.91249733558  179.5562
6591.14636108047  205.2296
6591.38022482537  193.907
6591.61408857026  164.1431
6591.84795231515  173.0155
6592.08181606005  153.0158
6592.31567980495  163.3465
6592.54954354984  133.7405
6592.78340729473  169.4406
6593.01727103963  196.7652
6593.25113478452  167.839
6593.48499852942  174.678
6593.71886227431  188.597
6593.9527260192  199.4773
6594.1865897641  185.0034
6594.42045350899  160.6117
6594.65431725389  161.3714
6594.88818099878  122.9977
6595.12204474368  135.3734
6595.35590848857  158.2557
6595.58977223346  154.5765
6595.82363597836  167.8089
6596.05749972325  175.5515
6596.29136346815  139.0885
6596.52522721304  148.4418
6596.75909095794  167.2463
6596.99295470283  136.3555
6597.22681844773  150.5089
6597.46068219262  162.9809
6597.69454593752  125.1497
6597.92840968241  182.2172
6598.1622734273  132.4116
6598.3961371722  115.9669
6598.63000091709  172.2797
6598.86386466199  178.7487
6599.09772840688  145.9413
6599.33159215178  157.0556
6599.56545589667  125.5629
6599.79931964156  138.3272
6600.03318338646  168.686
6600.26704713135  155.7791
6600.50091087625  154.4538
6600.73477462114  162.3678
6600.96863836604  181.9843
6601.20250211093  144.9823
6601.43636585582  113.1718
6601.67022960072  152.2462
6601.90409334561  153.9608
6602.13795709051  107.1618
6602.3718208354  120.3527
6602.6056845803  150.0616
6602.83954832519  166.7749
6603.07341207008  161.1255
6603.30727581498  157.025
6603.54113955987  165.3689
6603.77500330477  153.5961
6604.00886704966  152.4108
6604.24273079456  148.1158
6604.47659453945  143.5255
6604.71045828434  142.5711
6604.94432202924  111.2761
6605.17818577413  116.6057
6605.41204951903  139.548
6605.64591326392  172.4616
6605.87977700882  157.0329
6606.11364075371  116.6424
6606.34750449861  110.8166
6606.5813682435  157.1388
6606.81523198839  155.0843
6607.04909573329  120.055
6607.28295947818  179.4061
6607.51682322308  204.3345
6607.75068696797  156.5319
6607.98455071287  159.5364
6608.21841445776  148.998
6608.45227820265  159.6713
6608.68614194755  139.3656
6608.92000569244  131.7989
6609.15386943734  170.8411
6609.38773318223  147.7344
6609.62159692713  135.3449
6609.85546067202  93.26572
6610.08932441692  120.0165
6610.32318816181  130.4292
6610.5570519067  160.831
6610.7909156516  123.2622
6611.02477939649  139.5586
6611.25864314139  148.1218
6611.49250688628  143.3815
6611.72637063118  153.4535
6611.96023437607  119.3535
6612.19409812096  152.4314
6612.42796186586  111.9024
6612.66182561075  119.8156
6612.89568935565  108.4848
6613.12955310054  99.21476
6613.36341684544  125.5923
6613.59728059033  144.1652
6613.83114433523  154.8143
6614.06500808012  177.6414
6614.29887182501  142.6895
6614.53273556991  124.3394
6614.7665993148  135.9653
6615.0004630597  134.9134
6615.23432680459  129.0076
6615.46819054949  124.2506
6615.70205429438  137.8089
6615.93591803927  116.5434
6616.16978178417  134.7867
6616.40364552906  98.53778
6616.63750927396  48.46532
6616.87137301885  105.7503
6617.10523676375  110.5522
6617.33910050864  138.2081
6617.57296425354  111.8055
6617.80682799843  116.0393
6618.04069174332  131.3075
6618.27455548822  118.1804
6618.50841923311  116.25
6618.74228297801  128.2648
6618.9761467229  133.7859
6619.21001046779  128.4041
6619.44387421269  147.6367
6619.67773795758  138.5366
6619.91160170248  145.7058
6620.14546544737  107.1137
6620.37932919227  107.9058
6620.61319293716  122.686
6620.84705668206  130.349
6621.08092042695  106.0257
6621.31478417184  127.216
6621.54864791674  133.8691
6621.78251166163  143.2507
6622.01637540653  121.9327
6622.25023915142  129.3751
6622.48410289632  138.8038
6622.71796664121  113.4178
6622.95183038611  126.7001
6623.185694131  110.0975
6623.41955787589  113.4869
6623.65342162079  149.4954
6623.88728536568  173.081
6624.12114911058  146.3134
6624.35501285547  129.5896
6624.58887660037  155.9357
6624.82274034526  150.0285
6625.05660409015  115.7688
6625.29046783505  121.8012
6625.52433157994  146.3065
6625.75819532484  100.5054
6625.99205906973  123.0816
6626.22592281463  128.4841
6626.45978655952  138.1291
6626.69365030441  122.9898
6626.92751404931  117.2957
6627.1613777942  156.9174
6627.3952415391  92.20557
6627.62910528399  46.37717
6627.86296902889  109.0487
6628.09683277378  109.0029
6628.33069651867  94.06358
6628.56456026357  155.0324
6628.79842400846  128.938
6629.03228775336  117.9627
6629.26615149825  134.6468
6629.50001524315  137.6869
6629.73387898804  110.0714
6629.96774273293  95.02171
6630.20160647783  123.1447
6630.43547022272  109.2382
6630.66933396762  91.801
6630.90319771251  110.4276
6631.13706145741  135.6648
6631.3709252023  173.7405
6631.6047889472  106.1489
6631.83865269209  117.8194
6632.07251643698  93.90697
6632.30638018188  102.3757
6632.54024392677  116.1508
6632.77410767167  142.146
6633.00797141656  116.4674
6633.24183516145  96.92515
6633.47569890635  134.5676
6633.70956265125  135.3831
6633.94342639614  136.1941
6634.17729014104  76.25475
6634.41115388593  96.8167
6634.64501763082  102.0969
6634.87888137572  95.18706
6635.11274512061  114.7585
6635.3466088655  134.151
6635.5804726104  109.734
6635.81433635529  90.56252
6636.04820010019  99.81367
6636.28206384508  100.4704
6636.51592758998  116.5902
6636.74979133487  138.7309
6636.98365507977  136.708
6637.21751882466  96.97841
6637.45138256956  94.16026
6637.68524631445  98.89883
6637.91911005934  75.59458
6638.15297380424  130.8379
6638.38683754913  141.991
6638.62070129403  126.2882
6638.85456503892  107.4988
6639.08842878381  98.8567
6639.32229252871  92.93252
6639.5561562736  91.09913
6639.7900200185  95.91731
6640.02388376339  118.0877
6640.25774750829  135.1031
6640.49161125318  105.1962
6640.72547499808  115.2955
6640.95933874297  114.2486
6641.19320248786  116.2197
6641.42706623276  136.0569
6641.66092997765  106.4148
6641.89479372255  105.3892
6642.12865746744  138.2209
6642.36252121234  83.96161
6642.59638495723  110.644
6642.83024870212  113.1199
6643.06411244702  85.06495
6643.29797619191  139.6554
6643.53183993681  134.5699
6643.7657036817  81.90325
6643.9995674266  69.47731
6644.23343117149  106.4601
6644.46729491638  73.18736
6644.70115866128  97.77002
6644.93502240617  115.6026
6645.16888615107  95.13238
6645.40274989596  110.2164
6645.63661364086  118.6955
6645.87047738575  143.7013
6646.10434113065  114.767
6646.33820487554  62.72316
6646.57206862043  109.1802
6646.80593236533  142.1146
6647.03979611022  125.4276
6647.27365985512  97.49785
6647.50752360001  39.70979
6647.74138734491  60.58595
6647.9752510898  97.18811
6648.2091148347  117.797
6648.44297857959  97.07879
6648.67684232448  90.75214
6648.91070606938  87.60535
6649.14456981427  80.02846
6649.37843355917  91.56461
6649.61229730406  133.5667
6649.84616104895  123.6753
6650.08002479385  90.0336
6650.31388853874  52.86549
6650.54775228364  78.43137
6650.78161602853  110.381
6651.01547977343  96.02628
6651.24934351832  80.83701
6651.48320726322  99.80756
6651.71707100811  120.6251
6651.950934753  66.26635
6652.1847984979  79.45718
6652.41866224279  65.61462
6652.65252598769  94.23704
6652.88638973258  126.6791
6653.12025347748  122.8362
6653.35411722237  68.6532
6653.58798096727  67.25383
6653.82184471216  117.6079
6654.05570845705  81.17215
6654.28957220195  80.83411
6654.52343594684  110.4145
6654.75729969174  73.81982
6654.99116343663  115.571
6655.22502718153  95.02765
6655.45889092642  107.4598
6655.69275467131  101.0694
6655.92661841621  78.73225
6656.1604821611  107.7137
6656.394345906  101.7958
6656.62820965089  86.68009
6656.86207339578  104.2037
6657.09593714068  81.3302
6657.32980088557  59.44993
6657.56366463047  33.81236
6657.79752837536  69.67061
6658.03139212026  79.36447
6658.26525586515  95.22503
6658.49911961004  93.63367
6658.73298335494  58.90751
6658.96684709984  88.2453
6659.20071084473  53.28534
6659.43457458962  65.59332
6659.66843833452  61.24313
6659.90230207941  94.07134
6660.13616582431  79.70609
6660.3700295692  76.96121
6660.60389331409  64.14002
6660.83775705899  52.82308
6661.07162080388  39.95242
6661.30548454878  91.84558
6661.53934829367  42.07445
6661.77321203857  26.00964
6662.00707578346  103.0451
6662.24093952835  54.01144
6662.47480327325  63.8031
6662.70866701815  36.4499
6662.94253076304  54.36679
6663.17639450793  68.26611
6663.41025825283  62.42663
6663.64412199772  80.05441
6663.87798574262  91.34032
6664.11184948751  86.22292
6664.3457132324  63.96535
6664.5795769773  54.94279
6664.81344072219  61.8073
6665.04730446709  54.47237
6665.28116821198  76.14111
6665.51503195688  60.24312
6665.74889570177  52.43562
6665.98275944666  60.75354
6666.21662319156  103.1655
6666.45048693645  42.05906
6666.68435068135  45.40369
6666.91821442624  58.28968
6667.15207817114  51.70806
6667.38594191603  28.12609
6667.61980566093  41.54585
6667.85366940582  65.80237
6668.08753315071  65.73939
6668.32139689561  26.33931
6668.5552606405  25.91171
6668.7891243854  31.40744
6669.02298813029  50.61319
6669.25685187519  23.72703
6669.49071562008  51.68401
6669.72457936497  47.52508
6669.95844310987  52.68627
6670.19230685476  73.6414
6670.42617059966  55.88928
6670.66003434455  55.17593
6670.89389808945  70.40516
6671.12776183434  68.61389
6671.36162557924  54.10875
6671.59548932413  34.92795
6671.82935306902  44.37889
6672.06321681392  65.48801
6672.29708055881  21.46474
6672.53094430371  58.91746
6672.7648080486  45.35008
6672.9986717935  49.70794
6673.23253553839  11.48942
6673.46639928328  35.92918
6673.70026302818  64.4425
6673.93412677307  -1.639681
6674.16799051797  20.74891
6674.40185426286  42.29553
6674.63571800776  43.34478
6674.86958175265  58.91345
6675.10344549754  45.65807
6675.33730924244  46.92028
6675.57117298733  20.14202
6675.80503673223  5.712968
6676.03890047712  38.60099
6676.27276422202  14.02073
6676.50662796691  36.42156
6676.74049171181  32.67099
6676.9743554567  74.03783
6677.20821920159  63.21033
6677.44208294649  58.62089
6677.67594669138  7.910978
6677.90981043628  26.37012
6678.14367418117  47.94529
6678.37753792607  34.87715
6678.61140167096  9.813154
6678.84526541585  -11.0754
6679.07912916075  24.52458
6679.31299290564  19.78449
6679.54685665054  20.28844
6679.78072039543  1.307919
6680.01458414033  36.88488
6680.24844788522  42.86817
6680.48231163012  27.26009
6680.71617537501  46.60748
6680.9500391199  23.16669
6681.1839028648  21.99743
6681.41776660969  -11.4006
6681.65163035459  26.69936
6681.88549409948  76.59333
6682.11935784437  64.14969
6682.35322158927  35.70464
6682.58708533416  14.83076
6682.82094907906  33.48578
6683.05481282395  18.87305
6683.28867656885  29.06503
6683.52254031374  -13.89391
6683.75640405863  23.44502
6683.99026780353  27.91511
6684.22413154842  32.35879
6684.45799529332  44.19719
6684.69185903821  13.36173
6684.92572278311  -17.46683
6685.159586528  12.95334
6685.3934502729  6.337524
6685.62731401779  7.6117
6685.86117776268  50.70974
6686.09504150758  20.85486
6686.32890525247  16.22081
6686.56276899737  28.03417
6686.79663274226  37.0927
6687.03049648716  20.71601
6687.26436023205  -5.250283
6687.49822397695  10.69759
6687.73208772184  14.67129
6687.96595146673  25.82303
6688.19981521163  42.17215
6688.43367895652  4.328187
6688.66754270142  1.786343
6688.90140644631  -11.92892
6689.13527019121  3.929306
6689.3691339361  5.289092
6689.602997681  34.98469
6689.83686142589  19.03912
6690.07072517078  36.27198
6690.30458891568  18.25428
6690.53845266057  20.36622
6690.77231640547  4.428837
6691.00618015036  42.61957
6691.24004389526  33.19578
6691.47390764015  -13.39938
6691.70777138504  -8.253058
6691.94163512994  10.71338
6692.17549887483  32.30085
6692.40936261973  -7.982984
6692.64322636462  18.23256
