6453.4074702472  11.57413
6453.6412055884  -8.873882
6453.8749409296  -6.797284
6454.10867627079  -2.339106
6454.34241161199  -19.94853
6454.57614695319  -19.96522
6454.80988229439  -3.437143
6455.04361763558  2.009636
6455.27735297678  18.23352
6455.51108831798  25.97834
6455.74482365918  -10.05887
6455.97855900037  -25.38219
6456.21229434157  -6.342344
6456.44602968277  19.33442
6456.67976502397  11.57494
6456.91350036516  -2.845232
6457.14723570636  -13.25669
6457.38097104756  8.6752
6457.61470638876  21.03433
6457.84844172995  -5.406612
6458.08217707115  -11.22286
6458.31591241235  -3.598104
6458.54964775355  -3.923996
6458.78338309474  18.33663
6459.01711843594  24.21779
6459.25085377714  20.58995
6459.48458911834  -0.1886189
6459.71832445954  21.60859
6459.95205980073  36.1897
6460.18579514193  21.33244
6460.41953048313  -2.184531
6460.65326582432  -3.100163
6460.88700116552  27.44172
6461.12073650672  13.92296
6461.35447184792  6.048666
6461.58820718911  23.36083
6461.82194253031  -0.4029026
6462.05567787151  -12.50481
6462.28941321271  -38.0059
6462.52314855391  26.76
6462.7568838951  13.54531
6462.9906192363  0.3730288
6463.2243545775  -1.243203
6463.45808991869  26.60152
6463.69182525989  -1.217634
6463.92556060109  9.691224
6464.15929594229  20.87031
6464.39303128348  9.307846
6464.62676662468  2.080118
6464.86050196588  -1.418131
6465.09423730708  11.97962
6465.32797264827  3.519594
6465.56170798947  65.73126
6465.79544333067  8.06848
6466.02917867187  3.473405
6466.26291401307  -8.035347
6466.49664935426  -27.22106
6466.73038469546  1.959476
6466.96412003666  4.356051
6467.19785537785  19.78247
6467.43159071905  4.704929
6467.66532606025  1.003643
6467.89906140145  31.51724
6468.13279674265  18.05386
6468.36653208384  22.50071
6468.60026742504  30.00238
6468.83400276624  30.68489
6469.06773810744  0.6057771
6469.30147344863  -13.05362
6469.53520878983  10.68713
6469.76894413103  38.2155
6470.00267947223  21.44062
6470.23641481342  32.29999
6470.47015015462  48.69455
6470.70388549582  7.02811
6470.93762083702  -0.8862715
6471.17135617821  42.5289
6471.40509151941  42.5882
6471.63882686061  16.03971
6471.87256220181  13.84373
6472.106297543  32.52162
6472.3400328842  9.039027
6472.5737682254  31.8474
6472.8075035666  37.47655
6473.04123890779  10.98876
6473.27497424899  23.70171
6473.50870959019  29.16761
6473.74244493139  29.84614
6473.97618027258  29.29361
6474.20991561378  5.549339
6474.44365095498  6.051385
6474.67738629618  -1.309724
6474.91112163737  -7.002851
6475.14485697857  42.48825
6475.37859231977  18.68663
6475.61232766097  29.43253
6475.84606300216  24.92863
6476.07979834336  4.362309
6476.31353368456  32.59995
6476.54726902576  18.70717
6476.78100436695  -1.28503
6477.01473970815  11.22624
6477.24847504935  34.20494
6477.48221039055  30.24226
6477.71594573174  29.68346
6477.94968107294  25.55954
6478.18341641414  23.4613
6478.41715175534  31.78948
6478.65088709654  27.38108
6478.88462243773  40.83833
6479.11835777893  -2.643068
6479.35209312013  12.03118
6479.58582846133  16.95757
6479.81956380252  33.69708
6480.05329914372  32.20764
6480.28703448492  25.65334
6480.52076982612  13.63064
6480.75450516731  10.38834
6480.98824050851  20.62127
6481.22197584971  34.00293
6481.4557111909  47.29483
6481.6894465321  11.15489
6481.9231818733  -36.8005
6482.1569172145  2.330372
6482.3906525557  51.33926
6482.62438789689  52.59028
6482.85812323809  33.44941
6483.09185857929  14.56701
6483.32559392049  28.55847
6483.55932926168  1.649614
6483.79306460288  5.994628
6484.02679994408  -19.29218
6484.26053528528  32.55296
6484.49427062647  39.98175
6484.72800596767  51.801
6484.96174130887  28.17519
6485.19547665007  -19.76052
6485.42921199126  7.361701
6485.66294733246  25.25654
6485.89668267366  25.27146
6486.13041801486  18.96043
6486.36415335605  -15.66045
6486.59788869725  23.56451
6486.83162403845  4.648504
6487.06535937965  34.44735
6487.29909472084  30.09459
6487.53283006204  47.44337
6487.76656540324  41.68651
6488.00030074444  46.01008
6488.23403608563  49.30672
6488.46777142683  35.82078
6488.70150676803  54.35645
6488.93524210923  29.80788
6489.16897745042  -6.971578
6489.40271279162  20.39192
6489.63644813282  27.93865
6489.87018347402  10.92204
6490.10391881521  17.30269
6490.33765415641  37.8344
6490.57138949761  -0.8390331
6490.80512483881  -24.22458
6491.03886018  33.45583
6491.2725955212  55.4947
6491.5063308624  46.57152
6491.7400662036  44.40695
6491.97380154479  12.99255
6492.20753688599  0.3102835
6492.44127222719  7.241293
6492.67500756839  24.02648
6492.90874290958  20.88269
6493.14247825078  18.37104
6493.37621359198  42.13644
6493.60994893318  37.93487
6493.84368427437  17.45918
6494.07741961557  22.29556
6494.31115495677  28.68696
6494.54489029797  39.14929
6494.77862563917  52.15528
6495.01236098036  7.68763
6495.24609632156  31.40891
6495.47983166276  60.47361
6495.71356700396  49.60852
6495.94730234515  32.00349
6496.18103768635  21.04364
6496.41477302755  17.6935
6496.64850836875  28.42579
6496.88224370994  46.84742
6497.11597905114  49.73147
6497.34971439234  18.70535
6497.58344973354  -0.8233569
6497.81718507473  8.329762
6498.05092041593  16.86087
6498.28465575713  38.47765
6498.51839109833  21.16844
6498.75212643952  16.55428
6498.98586178072  73.76843
6499.21959712192  36.0311
6499.45333246311  13.95589
6499.68706780431  48.80851
6499.92080314551  33.32136
6500.15453848671  10.1468
6500.3882738279  26.92368
6500.6220091691  35.13846
6500.8557445103  26.78446
6501.0894798515  23.17739
6501.3232151927  10.91724
6501.55695053389  41.19552
6501.79068587509  48.5018
6502.02442121629  33.15904
6502.25815655749  54.11761
6502.49189189868  35.00895
6502.72562723988  52.78985
6502.95936258108  41.61227
6503.19309792228  48.04009
6503.42683326347  56.10242
6503.66056860467  24.13008
6503.89430394587  74.71489
6504.12803928707  40.25216
6504.36177462826  28.75159
6504.59550996946  33.78299
6504.82924531066  49.76464
6505.06298065186  14.33708
6505.29671599305  9.70499
6505.53045133425  29.2479
6505.76418667545  18.19079
6505.99792201665  18.21499
6506.23165735784  24.40625
6506.46539269904  43.51424
6506.69912804024  43.15539
6506.93286338144  19.31157
6507.16659872263  57.77594
6507.40033406383  54.10203
6507.63406940503  21.86567
6507.86780474623  8.872698
6508.10154008742  23.51966
6508.33527542862  0.4275309
6508.56901076982  -7.415798
6508.80274611102  21.8437
6509.03648145222  60.80117
6509.27021679341  50.36811
6509.50395213461  18.88971
6509.73768747581  16.78598
6509.97142281701  57.29017
6510.2051581582  66.05227
6510.4388934994  45.71621
6510.6726288406  14.53856
6510.90636418179  14.45194
6511.14009952299  32.40165
6511.37383486419  39.71395
6511.60757020539  16.72951
6511.84130554658  -14.20929
6512.07504088778  10.00425
6512.30877622898  11.69187
6512.54251157018  32.79622
6512.77624691138  13.83862
6513.00998225257  11.55648
6513.24371759377  28.91612
6513.47745293497  52.73021
6513.71118827617  0.4376807
6513.94492361736  24.93697
6514.17865895856  31.26031
6514.41239429976  23.5395
6514.64612964096  28.16718
6514.87986498215  -3.644515
6515.11360032335  31.1608
6515.34733566455  43.452
6515.58107100575  12.6338
6515.81480634694  12.03597
6516.04854168814  15.50638
6516.28227702934  38.2182
6516.51601237054  38.645
6516.74974771173  24.45811
6516.98348305293  38.09332
6517.21721839413  23.17102
6517.45095373533  40.51926
6517.68468907652  41.59227
6517.91842441772  42.94468
6518.15215975892  27.60614
6518.38589510012  -3.615679
6518.61963044131  6.741862
6518.85336578251  24.55512
6519.08710112371  -24.42622
6519.32083646491  11.56443
6519.5545718061  43.13452
6519.7883071473  17.52001
6520.0220424885  9.438536
6520.25577782969  32.2484
6520.48951317089  23.54499
6520.72324851209  38.87342
6520.95698385329  28.40796
6521.19071919449  16.28091
6521.42445453568  28.7414
6521.65818987688  25.73028
6521.89192521808  34.93967
6522.12566055928  24.95644
6522.35939590047  12.99748
6522.59313124167  36.71698
6522.82686658287  31.11292
6523.06060192407  35.66212
6523.29433726526  43.25304
6523.52807260646  43.92316
6523.76180794766  29.8882
6523.99554328886  18.10563
6524.22927863005  23.94027
6524.46301397125  49.0048
6524.69674931245  78.66722
6524.93048465365  34.92421
6525.16421999485  16.70838
6525.39795533604  40.21044
6525.63169067724  43.01176
6525.86542601844  21.00234
6526.09916135964  54.8917
6526.33289670083  49.75562
6526.56663204203  37.01664
6526.80036738323  24.71751
6527.03410272443  36.25773
6527.26783806562  47.04616
6527.50157340682  47.1353
6527.73530874802  35.45443
6527.96904408922  2.100171
6528.20277943041  21.80772
6528.43651477161  43.11319
6528.67025011281  16.45787
6528.90398545401  36.00848
6529.1377207952  52.75423
6529.3714561364  47.11497
6529.6051914776  35.3624
6529.8389268188  23.57804
6530.07266215999  46.59408
6530.30639750119  1.789811
6530.54013284239  36.54379
6530.77386818359  59.37028
6531.00760352478  11.99016
6531.24133886598  11.22187
6531.47507420718  22.55231
6531.70880954838  6.093489
6531.94254488957  19.89127
6532.17628023077  36.40574
6532.41001557197  20.78501
6532.64375091317  22.69389
6532.87748625436  35.22621
6533.11122159556  47.71343
6533.34495693676  20.7956
6533.57869227796  14.6989
6533.81242761915  7.365904
6534.04616296035  9.04787
6534.27989830155  58.29333
6534.51363364275  52.89534
6534.74736898394  31.24759
6534.98110432514  15.65366
6535.21483966634  1.621387
6535.44857500754  26.63781
6535.68231034874  41.98209
6535.91604568993  55.01259
6536.14978103113  48.68725
6536.38351637233  35.33205
6536.61725171353  28.90583
6536.85098705472  40.55228
6537.08472239592  14.90084
6537.31845773712  42.38933
6537.55219307832  42.3979
6537.78592841951  32.38123
6538.01966376071  57.44533
6538.25339910191  61.06364
6538.48713444311  8.627145
6538.7208697843  6.641479
6538.9546051255  35.99573
6539.1883404667  61.89914
6539.4220758079  21.11959
6539.65581114909  23.96685
6539.88954649029  14.20763
6540.12328183149  49.08599
6540.35701717268  33.285
6540.59075251388  42.48388
6540.82448785508  64.28197
6541.05822319628  61.18703
6541.29195853747  26.72061
6541.52569387867  16.54392
6541.75942921987  32.20334
6541.99316456107  22.72234
6542.22689990227  35.31966
6542.46063524346  25.66232
6542.69437058466  25.62038
6542.92810592586  71.25205
6543.16184126706  74.15037
6543.39557660825  24.89509
6543.62931194945  5.377995
6543.86304729065  48.34136
6544.09678263185  51.52525
6544.33051797304  25.90017
6544.56425331424  25.34576
6544.79798865544  40.15064
6545.03172399664  56.09455
6545.26545933783  27.02963
6545.49919467903  5.381983
6545.73293002023  21.05992
6545.96666536143  51.47972
6546.20040070262  11.00454
6546.43413604382  14.47278
6546.66787138502  26.90029
6546.90160672622  84.2196
6547.13534206741  42.41748
6547.36907740861  6.15563
6547.60281274981  27.17613
6547.83654809101  38.84717
6548.07028343221  46.53566
6548.3040187734  33.59829
6548.5377541146  48.41958
6548.7714894558  38.29002
6549.00522479699  30.75777
6549.23896013819  31.1628
6549.47269547939  25.53917
6549.70643082059  44.46471
6549.94016616178  37.6981
6550.17390150298  24.15577
6550.40763684418  43.701
6550.64137218538  16.76168
6550.87510752657  43.17064
6551.10884286777  49.61661
6551.34257820897  15.49761
6551.57631355017  48.95462
6551.81004889136  41.84932
6552.04378423256  39.64918
6552.27751957376  58.69344
6552.51125491496  44.73654
6552.74499025615  43.34406
6552.97872559735  65.40417
6553.21246093855  84.62233
6553.44619627975  69.6283
6553.67993162094  41.94576
6553.91366696214  50.16033
6554.14740230334  92.23209
6554.38113764454  83.49068
6554.61487298574  48.66651
6554.84860832693  47.44891
6555.08234366813  41.30581
6555.31607900933  65.55447
6555.54981435053  57.4142
6555.78354969172  47.31612
6556.01728503292  68.71259
6556.25102037412  67.27621
6556.48475571532  57.54299
6556.71849105651  66.45358
6556.95222639771  69.54633
6557.18596173891  49.87674
6557.41969708011  22.42563
6557.6534324213  44.40604
6557.8871677625  61.39344
6558.1209031037  43.49816
6558.3546384449  31.90828
6558.58837378609  83.70074
6558.82210912729  57.02587
6559.05584446849  37.79457
6559.28957980969  90.11057
6559.52331515088  50.93143
6559.75705049208  61.44051
6559.99078583328  63.25431
6560.22452117448  38.96519
6560.45825651567  63.25703
6560.69199185687  78.54538
6560.92572719807  46.2107
6561.15946253927  43.32719
6561.39319788046  52.66987
6561.62693322166  70.22649
6561.86066856286  37.44807
6562.09440390406  65.27714
6562.32813924525  86.58593
6562.56187458645  50.01761
6562.79560992765  85.99605
6563.02934526885  72.50565
6563.26308061004  81.32665
6563.49681595124  93.07781
6563.73055129244  89.09212
6563.96428663364  79.37456
6564.19802197483  93.6664
6564.43175731603  66.42036
6564.66549265723  51.44053
6564.89922799843  51.44058
6565.13296333962  77.75394
6565.36669868082  63.6659
6565.60043402202  62.9777
6565.83416936322  67.32903
6566.06790470441  63.71319
6566.30164004561  80.30102
6566.53537538681  96.34115
6566.76911072801  62.30616
6567.00284606921  59.06847
6567.2365814104  61.82708
6567.4703167516  71.60082
6567.7040520928  86.54982
6567.937787434  62.22254
6568.17152277519  52.62411
6568.40525811639  80.82397
6568.63899345759  97.40043
6568.87272879879  81.67516
6569.10646413998  75.46528
6569.34019948118  64.41242
6569.57393482238  72.34978
6569.80767016358  82.47338
6570.04140550477  60.25959
6570.27514084597  63.00212
6570.50887618717  48.21833
6570.74261152837  46.26669
6570.97634686956  80.78615
6571.21008221076  81.46805
6571.44381755196  60.68204
6571.67755289316  51.95466
6571.91128823435  66.60516
6572.14502357555  53.08077
6572.37875891675  52.61326
6572.61249425795  70.24706
6572.84622959914  72.14345
6573.07996494034  58.87864
6573.31370028154  67.35056
6573.54743562273  75.59295
6573.78117096393  48.36863
6574.01490630513  35.50206
6574.24864164633  55.54797
6574.48237698753  49.4739
6574.71611232872  53.33884
6574.94984766992  75.72799
6575.18358301112  82.07538
6575.41731835232  49.92262
6575.65105369351  51.10067
6575.88478903471  56.82124
6576.11852437591  62.70195
6576.35225971711  52.42331
6576.5859950583  58.79921
6576.8197303995  73.28923
6577.0534657407  54.35627
6577.2872010819  21.59784
6577.52093642309  58.68947
6577.75467176429  77.38533
6577.98840710549  29.30009
6578.22214244669  40.16188
6578.45587778788  63.70931
6578.68961312908  58.50093
6578.92334847028  64.20483
6579.15708381148  38.19021
6579.39081915268  28.58993
6579.62455449387  21.63556
6579.85828983507  17.30311
6580.09202517627  0.2682165
6580.32576051747  30.76408
6580.55949585866  24.02355
6580.79323119986  28.73618
6581.02696654106  75.66702
6581.26070188225  53.63446
6581.49443722345  19.26274
6581.72817256465  57.51152
6581.96190790585  40.8938
6582.19564324704  26.21736
6582.42937858824  18.77934
6582.66311392944  45.22773
6582.89684927064  27.33808
6583.13058461183  12.71678
6583.36431995303  53.17362
6583.59805529423  23.5795
6583.83179063543  28.68342
6584.06552597662  38.00925
6584.29926131782  16.69393
6584.53299665902  44.61478
6584.76673200022  27.61322
6585.00046734141  -2.162294
6585.23420268261  44.77241
6585.46793802381  34.35957
6585.70167336501  60.46574
6585.9354087062  68.9129
6586.1691440474  35.79684
6586.4028793886  27.86261
6586.6366147298  29.89717
6586.870350071  50.29548
6587.10408541219  33.08461
6587.33782075339  48.91807
6587.57155609459  72.14822
6587.80529143579  45.18097
6588.03902677698  18.45078
6588.27276211818  28.08662
6588.50649745938  45.33313
6588.74023280058  62.93213
6588.97396814177  47.6074
6589.20770348297  40.0318
6589.44143882417  40.20932
6589.67517416537  15.55314
6589.90890950656  29.44003
6590.14264484776  43.82865
6590.37638018896  60.65381
6590.61011553016  57.63502
6590.84385087135  47.49436
6591.07758621255  38.81951
6591.31132155375  44.22585
6591.54505689495  41.22239
6591.77879223614  7.939724
6592.01252757734  24.02398
6592.24626291854  42.13519
6592.47999825974  60.31948
6592.71373360093  43.66827
6592.94746894213  27.11516
6593.18120428333  15.5359
6593.41493962453  35.60303
6593.64867496572  76.01762
6593.88241030692  69.18603
6594.11614564812  48.77658
6594.34988098932  7.497093
6594.58361633051  6.596232
6594.81735167171  28.96245
6595.05108701291  40.28784
6595.28482235411  23.65425
6595.51855769531  -3.610195
6595.7522930365  34.92981
6595.9860283777  54.54167
6596.2197637189  10.54255
6596.45349906009  37.87522
6596.68723440129  53.3283
6596.92096974249  60.86523
6597.15470508369  66.43436
6597.38844042489  40.44424
6597.62217576608  18.38293
6597.85591110728  41.30606
6598.08964644848  32.98476
6598.32338178968  58.01656
6598.55711713087  39.52866
6598.79085247207  43.07184
6599.02458781327  41.03628
6599.25832315447  35.73174
6599.49205849566  38.84791
6599.72579383686  19.51703
6599.95952917806  24.23174
6600.19326451926  50.08156
6600.42699986045  63.17219
6600.66073520165  31.80551
6600.89447054285  37.78669
6601.12820588405  43.58807
6601.36194122524  60.94477
6601.59567656644  22.44878
6601.82941190764  20.08281
6602.06314724884  18.68756
6602.29688259003  12.37514
6602.53061793123  27.67771
6602.76435327243  21.92902
6602.99808861363  31.32058
6603.23182395482  12.76262
6603.46555929602  14.33362
6603.69929463722  -3.615122
6603.93302997842  34.74571
6604.16676531961  25.10105
6604.40050066081  72.92362
6604.63423600201  50.17386
6604.86797134321  36.51684
6605.1017066844  36.14911
6605.3354420256  59.54143
6605.5691773668  31.60791
6605.802912708  63.48122
6606.03664804919  61.49093
6606.27038339039  16.73609
6606.50411873159  40.67078
6606.73785407279  34.46579
6606.97158941398  11.14311
6607.20532475518  38.56711
6607.43906009638  42.63872
6607.67279543758  10.55356
6607.90653077877  42.2707
6608.14026611997  45.86
6608.37400146117  59.71476
6608.60773680237  27.95655
6608.84147214356  28.56424
6609.07520748476  35.08117
6609.30894282596  18.05164
6609.54267816716  14.79711
6609.77641350836  34.82294
6610.01014884955  26.65189
6610.24388419075  28.72586
6610.47761953195  51.53409
6610.71135487314  27.49255
6610.94509021434  25.47614
6611.17882555554  35.09109
6611.41256089674  69.59602
6611.64629623793  56.93502
6611.88003157913  11.80231
6612.11376692033  25.11896
6612.34750226153  30.64722
6612.58123760272  13.34795
6612.81497294392  17.27074
6613.04870828512  37.31885
6613.28244362632  22.03355
6613.51617896752  -1.999884
6613.74991430871  6.940629
6613.98364964991  9.30997
6614.21738499111  25.74243
6614.45112033231  2.852048
6614.6848556735  40.86486
6614.9185910147  74.08342
6615.1523263559  28.67342
6615.3860616971  7.134396
6615.61979703829  34.71268
6615.85353237949  19.65425
6616.08726772069  53.53431
6616.32100306189  33.16229
6616.55473840308  36.01667
6616.78847374428  30.77216
6617.02220908548  22.52913
6617.25594442668  34.08401
6617.48967976787  7.683976
6617.72341510907  13.54559
6617.95715045027  32.9586
6618.19088579147  35.49033
6618.42462113266  41.83269
6618.65835647386  24.18376
6618.89209181506  39.41275
6619.12582715626  33.51533
6619.35956249745  -12.92935
6619.59329783865  13.95681
6619.82703317985  28.04235
6620.06076852105  37.73257
6620.29450386225  28.64504
6620.52823920344  2.868964
6620.76197454464  51.21785
6620.99570988584  31.67231
6621.22944522704  23.46053
6621.46318056823  67.55622
6621.69691590943  44.08683
6621.93065125063  56.73564
6622.16438659183  32.70364
6622.39812193302  29.56644
6622.63185727422  36.89646
6622.86559261542  38.82409
6623.09932795661  36.69626
6623.33306329781  81.39031
6623.56679863901  30.60065
6623.80053398021  38.63964
6624.0342693214  35.34921
6624.2680046626  17.24373
6624.5017400038  19.79402
6624.735475345  16.07699
6624.96921068619  27.34412
6625.20294602739  21.17898
6625.43668136859  13.33809
6625.67041670979  -3.874805
6625.90415205098  22.58118
6626.13788739218  34.62055
6626.37162273338  26.37379
6626.60535807458  -5.996513
6626.83909341577  4.753737
6627.07282875697  54.45791
6627.30656409817  43.55647
6627.54029943937  11.64518
6627.77403478057  28.25748
6628.00777012176  33.66828
6628.24150546296  14.50979
6628.47524080416  31.366
6628.70897614535  16.28336
6628.94271148655  9.760377
6629.17644682775  24.21533
6629.41018216895  14.48918
6629.64391751015  31.68665
6629.87765285134  22.71527
6630.11138819254  34.08833
6630.34512353374  46.96841
6630.57885887494  -0.8031167
6630.81259421613  10.70824
6631.04632955733  14.86994
6631.28006489853  22.47685
6631.51380023973  24.12954
6631.74753558092  23.73092
6631.98127092212  -8.967788
6632.21500626332  8.048821
6632.44874160452  35.19413
6632.68247694571  7.583489
6632.91621228691  36.86722
6633.14994762811  38.6451
6633.38368296931  10.1027
6633.6174183105  35.30399
6633.8511536517  28.16619
6634.0848889929  -1.099233
6634.3186243341  2.77606
6634.55235967529  17.83166
6634.78609501649  -13.96629
6635.01983035769  25.36963
6635.25356569889  16.74013
6635.48730104008  15.63789
6635.72103638128  7.975537
6635.95477172248  25.55889
6636.18850706368  39.79278
6636.42224240487  -21.67377
6636.65597774607  8.691705
6636.88971308727  16.9665
6637.12344842847  21.98436
6637.35718376966  23.38227
6637.59091911086  27.84449
6637.82465445206  13.34359
6638.05838979326  7.888704
6638.29212513445  40.33482
6638.52586047565  25.44363
6638.75959581685  13.0083
6638.99333115805  10.10885
6639.22706649924  39.54513
6639.46080184044  31.43489
6639.69453718164  -17.64473
6639.92827252284  14.20031
6640.16200786403  17.16806
6640.39574320523  12.7409
6640.62947854643  18.35126
6640.86321388763  64.70995
6641.09694922882  33.86677
6641.33068457002  42.59283
6641.56441991122  26.25882
6641.79815525242  20.54484
6642.03189059361  -9.1057
6642.26562593481  15.85468
6642.49936127601  51.64255
6642.73309661721  28.8867
6642.96683195841  37.0334
6643.2005672996  46.26609
6643.4343026408  41.37127
6643.668037982  31.76457
6643.9017733232  18.33265
6644.13550866439  23.0376
6644.36924400559  11.75023
6644.60297934679  39.61185
6644.83671468799  8.263829
6645.07045002918  14.36661
6645.30418537038  38.02864
6645.53792071158  6.579303
6645.77165605278  12.31663
6646.00539139397  30.10667
6646.23912673517  22.12494
6646.47286207637  2.241839
6646.70659741757  8.987078
6646.94033275876  17.73443
6647.17406809996  11.86423
6647.40780344116  10.75423
6647.64153878236  -11.13062
6647.87527412355  9.799297
6648.10900946475  40.92461
6648.34274480595  24.68212
6648.57648014715  23.45126
6648.81021548834  37.38929
6649.04395082954  21.00639
6649.27768617074  3.16138
6649.51142151194  34.67085
6649.74515685313  26.1563
6649.97889219433  8.094211
6650.21262753553  10.19308
6650.44636287673  46.80703
6650.68009821792  7.878727
6650.91383355912  6.938924
6651.14756890032  4.191466
6651.38130424152  21.21243
6651.61503958271  44.77536
6651.84877492391  36.34486
6652.08251026511  28.37099
6652.31624560631  17.40343
6652.5499809475  23.72403
6652.7837162887  6.318511
6653.0174516299  -14.28818
6653.2511869711  22.4333
6653.48492231229  -9.005283
6653.71865765349  -16.49697
6653.95239299469  -4.792367
6654.18612833589  9.019621
6654.41986367709  -10.0823
6654.65359901828  8.897658
6654.88733435948  22.02668
6655.12106970068  22.68896
6655.35480504187  1.221012
6655.58854038307  14.03301
6655.82227572427  9.740812
6656.05601106547  -0.1158032
6656.28974640667  7.22931
6656.52348174786  39.60831
6656.75721708906  17.06064
6656.99095243026  9.081555
6657.22468777146  20.75456
6657.45842311265  -4.821342
6657.69215845385  49.51659
6657.92589379505  36.52193
6658.15962913624  18.78963
6658.39336447744  11.09124
6658.62709981864  14.40789
6658.86083515984  1.310613
6659.09457050104  11.58511
6659.32830584223  21.14145
6659.56204118343  37.1405
6659.79577652463  46.9109
6660.02951186583  46.58154
6660.26324720702  25.35699
6660.49698254822  29.07492
6660.73071788942  -19.33266
6660.96445323062  5.633504
6661.19818857181  26.2913
6661.43192391301  31.58994
6661.66565925421  8.922646
6661.8993945954  14.25666
6662.1331299366  24.91488
6662.3668652778  31.99255
6662.600600619  43.52955
6662.8343359602  27.71459
6663.06807130139  2.543827
6663.30180664259  6.891449
6663.53554198379  26.01267
6663.76927732499  10.49358
6664.00301266618  14.16099
6664.23674800738  17.84177
6664.47048334858  0.1604201
6664.70421868978  29.18652
6664.93795403097  21.48927
6665.17168937217  22.35045
6665.40542471337  36.70783
6665.63916005457  8.069319
6665.87289539576  2.380048
6666.10663073696  10.12623
6666.34036607816  -38.51818
6666.57410141936  -12.92227
6666.80783676055  25.25451
6667.04157210175  11.02047
6667.27530744295  10.09712
6667.50904278415  9.814654
6667.74277812534  23.40964
6667.97651346654  15.46033
6668.21024880774  4.783785
6668.44398414894  15.90635
6668.67771949013  9.761953
6668.91145483133  51.60125
6669.14519017253  30.59309
6669.37892551373  10.26086
6669.61266085493  38.51351
6669.84639619612  7.108147
6670.08013153732  -6.230323
6670.31386687852  9.726601
6670.54760221972  7.621321
6670.78133756091  0.2190192
6671.01507290211  -3.318273
6671.24880824331  -7.592752
6671.48254358451  -12.95532
6671.7162789257  -8.256284
6671.9500142669  18.85686
6672.1837496081  -22.31534
6672.4174849493  4.391637
6672.65122029049  19.76426
6672.88495563169  -8.344302
6673.11869097289  12.41797
6673.35242631409  9.690483
6673.58616165528  -1.362067
6673.81989699648  -9.347777
6674.05363233768  32.19949
6674.28736767888  40.31514
6674.52110302007  18.27464
6674.75483836127  20.99199
6674.98857370247  16.93768
6675.22230904367  2.380184
6675.45604438486  -28.12434
6675.68977972606  6.902292
6675.92351506726  46.40693
6676.15725040846  4.992535
6676.39098574965  -9.370945
6676.62472109085  -27.10695
6676.85845643205  18.42936
6677.09219177325  6.933756
6677.32592711444  -20.83982
6677.55966245564  -25.84384
6677.79339779684  -18.18462
6678.02713313804  -3.220174
6678.26086847923  19.45945
6678.49460382043  23.28893
6678.72833916163  12.70326
6678.96207450283  5.386217
6679.19580984402  12.11226
6679.42954518522  32.39105
6679.66328052642  16.73643
6679.89701586762  9.892728
6680.13075120881  3.430305
6680.36448655001  4.730494
6680.59822189121  29.01562
6680.83195723241  36.07637
6681.06569257361  10.80688
6681.2994279148  25.35761
6681.533163256  -12.83958
6681.7668985972  1.908518
6682.00063393839  -0.8058257
6682.23436927959  -4.245108
6682.46810462079  19.06554
6682.70183996199  28.66873
6682.93557530318  -1.751527
6683.16931064438  -10.82806
6683.40304598558  14.28475
6683.63678132678  9.108919
6683.87051666798  33.92692
6684.10425200917  -18.29816
6684.33798735037  22.33589
6684.57172269157  16.60697
6684.80545803276  -5.170022
6685.03919337396  17.5533
6685.27292871516  12.87046
6685.50666405636  -3.362315
6685.74039939756  9.456282
6685.97413473875  -15.03358
6686.20787007995  2.969272
6686.44160542115  30.41905
6686.67534076235  30.94396
6686.90907610354  -16.91843
6687.14281144474  6.556138
6687.37654678594  -1.66648
6687.61028212714  15.69643
6687.84401746833  -6.577966
6688.07775280953  -2.302144
6688.31148815073  38.35369
6688.54522349193  4.364392
6688.77895883312  -17.02022
6689.01269417432  28.70756
6689.24642951552  15.51111
6689.48016485672  5.57595
6689.71390019791  8.812439
6689.94763553911  7.365971
6690.18137088031  25.35247
6690.41510622151  -6.668789
6690.6488415627  21.10098
6690.8825769039  47.84147
6691.1163122451  -15.79653
6691.3500475863  -31.91164
6691.58378292749  -7.845541
6691.81751826869  4.866532
6692.05125360989  -14.33185
6692.28498895109  -7.739185
6692.51872429228  -27.93919
