6453.4074702472  -5.12765
6453.6412055884  4.282046
6453.8749409296  -17.02576
6454.10867627079  13.80692
6454.34241161199  -4.453293
6454.57614695319  1.436978
6454.80988229439  24.49598
6455.04361763558  10.67225
6455.27735297678  3.965314
6455.51108831798  4.632177
6455.74482365918  -7.043917
6455.97855900037  -6.344582
6456.21229434157  -1.288532
6456.44602968277  5.065051
6456.67976502397  -28.43579
6456.91350036516  -3.563516
6457.14723570636  7.344324
6457.38097104756  -0.6581292
6457.61470638876  10.16557
6457.84844172995  24.85626
6458.08217707115  13.46982
6458.31591241235  -1.398766
6458.54964775355  0.8411434
6458.78338309474  -9.967657
6459.01711843594  -18.27061
6459.25085377714  15.56406
6459.48458911834  33.10281
6459.71832445954  6.727435
6459.95205980073  9.395125
6460.18579514193  46.19317
6460.41953048313  12.10952
6460.65326582432  -17.21243
6460.88700116552  14.25221
6461.12073650672  39.73351
6461.35447184792  20.73137
6461.58820718911  -6.757462
6461.82194253031  -13.19862
6462.05567787151  -7.336532
6462.28941321271  6.268268
6462.52314855391  15.50484
6462.7568838951  17.89205
6462.9906192363  -3.456972
6463.2243545775  -4.532735
6463.45808991869  8.494864
6463.69182525989  49.1418
6463.92556060109  28.19324
6464.15929594229  -4.454134
6464.39303128348  12.64204
6464.62676662468  14.69138
6464.86050196588  -1.095171
6465.09423730708  -0.1455962
6465.32797264827  13.3786
6465.56170798947  40.47911
6465.79544333067  11.85595
6466.02917867187  -4.220614
6466.26291401307  18.87659
6466.49664935426  -16.88421
6466.73038469546  -0.592914
6466.96412003666  3.27462
6467.19785537785  19.47778
6467.43159071905  10.1449
6467.66532606025  -14.8104
6467.89906140145  13.20789
6468.13279674265  30.95235
6468.36653208384  10.94603
6468.60026742504  -15.8862
6468.83400276624  -11.80287
6469.06773810744  16.31999
6469.30147344863  19.87694
6469.53520878983  53.62594
6469.76894413103  31.17513
6470.00267947223  5.470431
6470.23641481342  44.7959
6470.47015015462  55.10517
6470.70388549582  16.32697
6470.93762083702  22.05034
6471.17135617821  22.18853
6471.40509151941  -5.230558
6471.63882686061  25.01237
6471.87256220181  34.09504
6472.106297543  14.07372
6472.3400328842  5.765922
6472.5737682254  6.058498
6472.8075035666  44.65756
6473.04123890779  5.012601
6473.27497424899  -15.10385
6473.50870959019  -5.150921
6473.74244493139  7.729843
6473.97618027258  15.56092
6474.20991561378  23.62753
6474.44365095498  1.05263
6474.67738629618  -36.47493
6474.91112163737  -13.49825
6475.14485697857  16.95819
6475.37859231977  -6.238455
6475.61232766097  -5.50633
6475.84606300216  0.4695954
6476.07979834336  19.48327
6476.31353368456  16.68574
6476.54726902576  -5.131866
6476.78100436695  5.119099
6477.01473970815  22.74072
6477.24847504935  21.73381
6477.48221039055  22.15975
6477.71594573174  13.32405
6477.94968107294  11.17891
6478.18341641414  29.2778
6478.41715175534  20.13457
6478.65088709654  0.7305019
6478.88462243773  11.50551
6479.11835777893  10.39907
6479.35209312013  11.28126
6479.58582846133  3.576184
6479.81956380252  1.785373
6480.05329914372  27.5338
6480.28703448492  30.19656
6480.52076982612  14.61142
6480.75450516731  12.69203
6480.98824050851  5.86356
6481.22197584971  -22.64259
6481.4557111909  7.690508
6481.6894465321  38.92656
6481.9231818733  17.92766
6482.1569172145  24.77563
6482.3906525557  16.33416
6482.62438789689  20.14998
6482.85812323809  17.78868
6483.09185857929  37.72337
6483.32559392049  8.86745
6483.55932926168  -5.292137
6483.79306460288  -13.52198
6484.02679994408  1.522018
6484.26053528528  27.65803
6484.49427062647  38.65179
6484.72800596767  31.02025
6484.96174130887  3.960803
6485.19547665007  -6.198444
6485.42921199126  6.141027
6485.66294733246  -1.09363
6485.89668267366  -3.98661
6486.13041801486  13.33496
6486.36415335605  10.63423
6486.59788869725  0.2738412
6486.83162403845  -45.72505
6487.06535937965  -40.14006
6487.29909472084  35.11411
6487.53283006204  37.52423
6487.76656540324  51.27744
6488.00030074444  47.16829
6488.23403608563  25.41177
6488.46777142683  9.101665
6488.70150676803  24.48952
6488.93524210923  56.82362
6489.16897745042  50.81876
6489.40271279162  3.044157
6489.63644813282  -21.19496
6489.87018347402  -3.821743
6490.10391881521  -4.57999
6490.33765415641  5.372053
6490.57138949761  44.64017
6490.80512483881  23.10259
6491.03886018  -7.694808
6491.2725955212  7.514054
6491.5063308624  46.48024
6491.7400662036  34.27979
6491.97380154479  -1.187835
6492.20753688599  16.09039
6492.44127222719  17.44992
6492.67500756839  9.974417
6492.90874290958  37.38696
6493.14247825078  68.62148
6493.37621359198  34.9449
6493.60994893318  -26.3938
6493.84368427437  -23.56917
6494.07741961557  -9.35192
6494.31115495677  17.96287
6494.54489029797  42.05891
6494.77862563917  15.47204
6495.01236098036  16.69213
6495.24609632156  35.12775
6495.47983166276  37.7025
6495.71356700396  22.24639
6495.94730234515  1.392244
6496.18103768635  1.791822
6496.41477302755  33.43541
6496.64850836875  30.86462
6496.88224370994  19.33454
6497.11597905114  26.51752
6497.34971439234  -18.26893
6497.58344973354  -24.37904
6497.81718507473  51.07601
6498.05092041593  38.55858
6498.28465575713  -15.04686
6498.51839109833  -3.875399
6498.75212643952  45.27305
6498.98586178072  24.45645
6499.21959712192  -10.11866
6499.45333246311  -14.02758
6499.68706780431  13.75875
6499.92080314551  25.59445
6500.15453848671  50.67037
6500.3882738279  58.67846
6500.6220091691  35.2504
6500.8557445103  35.00863
6501.0894798515  42.37536
6501.3232151927  29.24884
6501.55695053389  26.48807
6501.79068587509  53.16629
6502.02442121629  45.49663
6502.25815655749  2.814178
6502.49189189868  11.39726
6502.72562723988  26.60818
6502.95936258108  18.12064
6503.19309792228  22.71278
6503.42683326347  39.46183
6503.66056860467  40.14058
6503.89430394587  36.03641
6504.12803928707  44.43826
6504.36177462826  11.51844
6504.59550996946  36.76205
6504.82924531066  41.41825
6505.06298065186  22.42255
6505.29671599305  20.06432
6505.53045133425  23.03516
6505.76418667545  23.14766
6505.99792201665  39.22829
6506.23165735784  46.55386
6506.46539269904  23.49978
6506.69912804024  27.92595
6506.93286338144  40.35006
6507.16659872263  26.21348
6507.40033406383  25.48028
6507.63406940503  -3.661704
6507.86780474623  26.67422
6508.10154008742  5.044214
6508.33527542862  17.79608
6508.56901076982  24.56125
6508.80274611102  -4.674307
6509.03648145222  26.83299
6509.27021679341  66.533
6509.50395213461  31.14333
6509.73768747581  40.74369
6509.97142281701  29.5727
6510.2051581582  27.61353
6510.4388934994  13.4424
6510.6726288406  10.1627
6510.90636418179  37.40253
6511.14009952299  48.14529
6511.37383486419  24.52834
6511.60757020539  4.588784
6511.84130554658  21.07481
6512.07504088778  15.8006
6512.30877622898  4.729149
6512.54251157018  7.538026
6512.77624691138  6.719388
6513.00998225257  30.59983
6513.24371759377  51.38386
6513.47745293497  15.95745
6513.71118827617  12.18919
6513.94492361736  26.0232
6514.17865895856  41.15422
6514.41239429976  60.23997
6514.64612964096  -0.4894982
6514.87986498215  -24.25563
6515.11360032335  34.15414
6515.34733566455  44.13204
6515.58107100575  15.47116
6515.81480634694  45.80568
6516.04854168814  66.69843
6516.28227702934  31.18541
6516.51601237054  29.92512
6516.74974771173  37.71198
6516.98348305293  41.52632
6517.21721839413  59.15383
6517.45095373533  19.39932
6517.68468907652  12.86054
6517.91842441772  -7.880313
6518.15215975892  -7.083879
6518.38589510012  -2.921445
6518.61963044131  45.78633
6518.85336578251  21.91364
6519.08710112371  15.54518
6519.32083646491  38.30279
6519.5545718061  22.71113
6519.7883071473  27.17621
6520.0220424885  38.34372
6520.25577782969  35.57283
6520.48951317089  42.86232
6520.72324851209  33.94527
6520.95698385329  32.11994
6521.19071919449  29.59359
6521.42445453568  24.73135
6521.65818987688  45.22765
6521.89192521808  48.64505
6522.12566055928  24.56595
6522.35939590047  19.68495
6522.59313124167  28.28059
6522.82686658287  45.69344
6523.06060192407  42.68279
6523.29433726526  18.15475
6523.52807260646  50.15394
6523.76180794766  45.00754
6523.99554328886  50.72242
6524.22927863005  33.01017
6524.46301397125  -0.9016969
6524.69674931245  36.12372
6524.93048465365  28.08598
6525.16421999485  41.89611
6525.39795533604  36.05204
6525.63169067724  45.67991
6525.86542601844  48.813
6526.09916135964  19.65644
6526.33289670083  16.31378
6526.56663204203  26.80272
6526.80036738323  44.52377
6527.03410272443  58.42312
6527.26783806562  30.1655
6527.50157340682  19.68886
6527.73530874802  63.84691
6527.96904408922  45.31886
6528.20277943041  19.68945
6528.43651477161  44.92093
6528.67025011281  41.42333
6528.90398545401  26.38444
6529.1377207952  9.339371
6529.3714561364  22.71772
6529.6051914776  20.93578
6529.8389268188  21.1799
6530.07266215999  4.855805
6530.30639750119  27.06534
6530.54013284239  39.9637
6530.77386818359  64.62355
6531.00760352478  21.08386
6531.24133886598  -2.793729
6531.47507420718  42.14333
6531.70880954838  39.45407
6531.94254488957  38.03265
6532.17628023077  23.05373
6532.41001557197  29.43283
6532.64375091317  39.7649
6532.87748625436  42.83955
6533.11122159556  34.15306
6533.34495693676  35.29
6533.57869227796  55.17012
6533.81242761915  47.61633
6534.04616296035  37.44471
6534.27989830155  36.44083
6534.51363364275  34.66725
6534.74736898394  44.23046
6534.98110432514  54.91031
6535.21483966634  32.06924
6535.44857500754  -6.208681
6535.68231034874  6.491349
6535.91604568993  35.08607
6536.14978103113  17.17577
6536.38351637233  21.73958
6536.61725171353  45.45108
6536.85098705472  4.219031
6537.08472239592  13.29539
6537.31845773712  21.79202
6537.55219307832  4.305212
6537.78592841951  8.564447
6538.01966376071  -13.61898
6538.25339910191  15.03081
6538.48713444311  -2.879158
6538.7208697843  10.79367
6538.9546051255  51.95028
6539.1883404667  58.28516
6539.4220758079  21.23603
6539.65581114909  54.759
6539.88954649029  13.75118
6540.12328183149  30.91084
6540.35701717268  33.7014
6540.59075251388  30.5347
6540.82448785508  39.83873
6541.05822319628  27.62027
6541.29195853747  0.7129475
6541.52569387867  23.76969
6541.75942921987  36.85559
6541.99316456107  60.17041
6542.22689990227  69.49175
6542.46063524346  24.28475
6542.69437058466  20.42555
6542.92810592586  22.73196
6543.16184126706  16.38288
6543.39557660825  25.83824
6543.62931194945  16.7495
6543.86304729065  46.82935
6544.09678263185  38.40653
6544.33051797304  9.197286
6544.56425331424  63.98512
6544.79798865544  57.26559
6545.03172399664  45.53616
6545.26545933783  44.51893
6545.49919467903  41.46885
6545.73293002023  29.68884
6545.96666536143  21.31533
6546.20040070262  7.203343
6546.43413604382  38.45213
6546.66787138502  55.53717
6546.90160672622  52.64884
6547.13534206741  26.9935
6547.36907740861  -11.94368
6547.60281274981  13.0744
6547.83654809101  53.93946
6548.07028343221  65.08011
6548.3040187734  19.97837
6548.5377541146  41.23313
6548.7714894558  31.79875
6549.00522479699  44.02653
6549.23896013819  5.045621
6549.47269547939  1.894878
6549.70643082059  35.25054
6549.94016616178  31.1001
6550.17390150298  35.75165
6550.40763684418  34.83955
6550.64137218538  8.287011
6550.87510752657  22.87683
6551.10884286777  42.60264
6551.34257820897  25.55062
6551.57631355017  62.47037
6551.81004889136  66.83498
6552.04378423256  67.42134
6552.27751957376  67.92339
6552.51125491496  27.30544
6552.74499025615  35.12327
6552.97872559735  68.27062
6553.21246093855  80.64244
6553.44619627975  69.59736
6553.67993162094  62.1862
6553.91366696214  64.69984
6554.14740230334  78.12137
6554.38113764454  70.99026
6554.61487298574  25.96838
6554.84860832693  56.65726
6555.08234366813  67.88117
6555.31607900933  56.63169
6555.54981435053  52.69049
6555.78354969172  67.20663
6556.01728503292  76.84244
6556.25102037412  47.56693
6556.48475571532  60.78233
6556.71849105651  41.45921
6556.95222639771  43.36462
6557.18596173891  35.6206
6557.41969708011  50.76191
6557.6534324213  94.7705
6557.8871677625  100.7985
6558.1209031037  82.55121
6558.3546384449  57.71425
6558.58837378609  50.5604
6558.82210912729  63.77316
6559.05584446849  34.30013
6559.28957980969  58.73994
6559.52331515088  41.90201
6559.75705049208  54.05535
6559.99078583328  63.49505
6560.22452117448  52.6102
6560.45825651567  -0.03703453
6560.69199185687  54.68916
6560.92572719807  78.76667
6561.15946253927  87.15626
6561.39319788046  87.02986
6561.62693322166  66.59841
6561.86066856286  54.29264
6562.09440390406  72.01168
6562.32813924525  80.6056
6562.56187458645  82.56098
6562.79560992765  68.11104
6563.02934526885  50.32235
6563.26308061004  41.55239
6563.49681595124  51.02891
6563.73055129244  55.12756
6563.96428663364  59.56468
6564.19802197483  44.57217
6564.43175731603  68.17709
6564.66549265723  77.78497
6564.89922799843  40.68783
6565.13296333962  88.14582
6565.36669868082  63.83495
6565.60043402202  56.76963
6565.83416936322  61.70033
6566.06790470441  32.82891
6566.30164004561  46.25562
6566.53537538681  70.95743
6566.76911072801  48.01431
6567.00284606921  50.19737
6567.2365814104  69.14635
6567.4703167516  77.31027
6567.7040520928  52.02646
6567.937787434  23.45654
6568.17152277519  22.95732
6568.40525811639  29.80698
6568.63899345759  51.14743
6568.87272879879  34.74893
6569.10646413998  45.41147
6569.34019948118  78.27274
6569.57393482238  90.81382
6569.80767016358  74.34734
6570.04140550477  47.71414
6570.27514084597  65.37115
6570.50887618717  40.89854
6570.74261152837  50.82404
6570.97634686956  88.4325
6571.21008221076  64.19522
6571.44381755196  44.72718
6571.67755289316  11.83289
6571.91128823435  -0.5700929
6572.14502357555  31.01602
6572.37875891675  34.54795
6572.61249425795  27.81429
6572.84622959914  15.41566
6573.07996494034  57.50438
6573.31370028154  73.51071
6573.54743562273  59.46731
6573.78117096393  37.27274
6574.01490630513  25.97676
6574.24864164633  41.83081
6574.48237698753  37.35184
6574.71611232872  41.73709
6574.94984766992  42.24992
6575.18358301112  51.2809
6575.41731835232  42.82932
6575.65105369351  50.78909
6575.88478903471  53.7952
6576.11852437591  40.19118
6576.35225971711  44.94591
6576.5859950583  20.64571
6576.8197303995  70.7963
6577.0534657407  64.95587
6577.2872010819  62.92117
6577.52093642309  53.49812
6577.75467176429  67.93177
6577.98840710549  51.9169
6578.22214244669  22.71226
6578.45587778788  34.47022
6578.68961312908  22.31305
6578.92334847028  72.25812
6579.15708381148  35.58754
6579.39081915268  32.87046
6579.62455449387  72.9946
6579.85828983507  49.70353
6580.09202517627  49.18922
6580.32576051747  22.89188
6580.55949585866  41.08755
6580.79323119986  27.04312
6581.02696654106  37.26239
6581.26070188225  46.77869
6581.49443722345  9.093652
6581.72817256465  46.54622
6581.96190790585  28.7135
6582.19564324704  -21.23215
6582.42937858824  20.744
6582.66311392944  18.98923
6582.89684927064  3.049911
6583.13058461183  -4.990754
6583.36431995303  9.983609
6583.59805529423  9.032257
6583.83179063543  10.49672
6584.06552597662  52.50843
6584.29926131782  16.13962
6584.53299665902  19.70109
6584.76673200022  37.81329
6585.00046734141  92.10407
6585.23420268261  49.74553
6585.46793802381  46.15395
6585.70167336501  65.9654
6585.9354087062  19.62155
6586.1691440474  39.94629
6586.4028793886  52.7702
6586.6366147298  31.47882
6586.870350071  49.26192
6587.10408541219  38.68837
6587.33782075339  26.50602
6587.57155609459  28.97231
6587.80529143579  66.75114
6588.03902677698  57.90897
6588.27276211818  50.39127
6588.50649745938  49.28935
6588.74023280058  24.08395
6588.97396814177  23.53547
6589.20770348297  28.41715
6589.44143882417  18.28822
6589.67517416537  15.4599
6589.90890950656  39.25801
6590.14264484776  84.58263
6590.37638018896  53.66514
6590.61011553016  27.20501
6590.84385087135  31.41233
6591.07758621255  2.807055
6591.31132155375  34.84958
6591.54505689495  28.47091
6591.77879223614  8.139442
6592.01252757734  26.09709
6592.24626291854  49.83757
6592.47999825974  41.26963
6592.71373360093  26.12377
6592.94746894213  3.000609
6593.18120428333  12.93375
6593.41493962453  23.39078
6593.64867496572  30.60816
6593.88241030692  44.48829
6594.11614564812  42.57117
6594.34988098932  18.36521
6594.58361633051  11.47146
6594.81735167171  16.76355
6595.05108701291  28.69193
6595.28482235411  24.73686
6595.51855769531  15.61687
6595.7522930365  22.70109
6595.9860283777  33.54234
6596.2197637189  11.07872
6596.45349906009  -14.0145
6596.68723440129  27.751
6596.92096974249  48.91511
6597.15470508369  40.00866
6597.38844042489  17.57384
6597.62217576608  7.53352
6597.85591110728  42.05615
6598.08964644848  35.52718
6598.32338178968  28.04397
6598.55711713087  41.28844
6598.79085247207  52.87856
6599.02458781327  21.75658
6599.25832315447  29.03637
6599.49205849566  8.832196
6599.72579383686  9.021135
6599.95952917806  45.36522
6600.19326451926  24.4307
6600.42699986045  33.20955
6600.66073520165  50.66493
6600.89447054285  30.35566
6601.12820588405  36.21949
6601.36194122524  39.42943
6601.59567656644  11.81371
6601.82941190764  21.07053
6602.06314724884  24.68546
6602.29688259003  34.11322
6602.53061793123  34.62989
6602.76435327243  44.68244
6602.99808861363  45.64772
6603.23182395482  38.08139
6603.46555929602  17.03826
6603.69929463722  55.63424
6603.93302997842  37.55075
6604.16676531961  5.417393
6604.40050066081  26.64054
6604.63423600201  23.98103
6604.86797134321  24.15026
6605.1017066844  -2.043761
6605.3354420256  -16.79973
6605.5691773668  -1.368981
6605.802912708  59.28647
6606.03664804919  31.18837
6606.27038339039  52.18835
6606.50411873159  30.67872
6606.73785407279  17.32021
6606.97158941398  32.48271
6607.20532475518  33.97923
6607.43906009638  11.81241
6607.67279543758  16.64887
6607.90653077877  47.47416
6608.14026611997  33.61901
6608.37400146117  41.71233
6608.60773680237  26.72462
6608.84147214356  21.59626
6609.07520748476  41.1073
6609.30894282596  24.24277
6609.54267816716  9.048992
6609.77641350836  33.59521
6610.01014884955  58.12196
6610.24388419075  49.01133
6610.47761953195  24.02901
6610.71135487314  4.157025
6610.94509021434  34.40401
6611.17882555554  50.75393
6611.41256089674  18.80551
6611.64629623793  6.579756
6611.88003157913  32.81609
6612.11376692033  47.84441
6612.34750226153  23.2651
6612.58123760272  27.09455
6612.81497294392  9.610868
6613.04870828512  12.71062
6613.28244362632  37.44126
6613.51617896752  1.680122
6613.74991430871  14.73383
6613.98364964991  20.49124
6614.21738499111  33.51972
6614.45112033231  15.60398
6614.6848556735  20.38167
6614.9185910147  27.72594
6615.1523263559  5.80667
6615.3860616971  9.642942
6615.61979703829  31.49284
6615.85353237949  24.49895
6616.08726772069  20.55487
6616.32100306189  34.87658
6616.55473840308  30.92583
6616.78847374428  39.47434
6617.02220908548  26.88293
6617.25594442668  28.86725
6617.48967976787  30.31398
6617.72341510907  27.2578
6617.95715045027  46.56401
6618.19088579147  22.6817
6618.42462113266  18.24035
6618.65835647386  34.2127
6618.89209181506  35.87657
6619.12582715626  33.51283
6619.35956249745  31.97994
6619.59329783865  36.70404
6619.82703317985  25.0849
6620.06076852105  20.98265
6620.29450386225  21.35961
6620.52823920344  22.74871
6620.76197454464  -1.858043
6620.99570988584  0.6760684
6621.22944522704  -16.8248
6621.46318056823  2.596401
6621.69691590943  15.3477
6621.93065125063  42.13372
6622.16438659183  41.26133
6622.39812193302  40.67868
6622.63185727422  11.85247
6622.86559261542  15.87934
6623.09932795661  68.08321
6623.33306329781  59.18782
6623.56679863901  34.77704
6623.80053398021  28.66723
6624.0342693214  44.71022
6624.2680046626  14.65059
6624.5017400038  6.438928
6624.735475345  27.85194
6624.96921068619  8.317918
6625.20294602739  21.48292
6625.43668136859  55.16177
6625.67041670979  38.93058
6625.90415205098  14.13251
6626.13788739218  14.82175
6626.37162273338  30.8652
6626.60535807458  33.48753
6626.83909341577  31.2009
6627.07282875697  18.0519
6627.30656409817  16.34851
6627.54029943937  10.67443
6627.77403478057  12.98132
6628.00777012176  12.55453
6628.24150546296  11.78844
6628.47524080416  7.577477
6628.70897614535  -25.42843
6628.94271148655  1.770845
6629.17644682775  -6.214121
6629.41018216895  36.24287
6629.64391751015  30.89359
6629.87765285134  8.448903
6630.11138819254  34.22807
6630.34512353374  42.55626
6630.57885887494  22.34142
6630.81259421613  18.71863
6631.04632955733  11.50356
6631.28006489853  48.28605
6631.51380023973  28.67569
6631.74753558092  30.64507
6631.98127092212  11.61906
6632.21500626332  37.85822
6632.44874160452  45.33546
6632.68247694571  45.40441
6632.91621228691  40.62138
6633.14994762811  33.55824
6633.38368296931  24.46206
6633.6174183105  5.401719
6633.8511536517  24.99003
6634.0848889929  35.06391
6634.3186243341  30.14681
6634.55235967529  10.37695
6634.78609501649  9.658034
6635.01983035769  29.48773
6635.25356569889  15.50013
6635.48730104008  14.76339
6635.72103638128  15.37103
6635.95477172248  -3.353014
6636.18850706368  3.425631
6636.42224240487  20.44964
6636.65597774607  14.39928
6636.88971308727  20.0904
6637.12344842847  47.74042
6637.35718376966  22.10828
6637.59091911086  18.80375
6637.82465445206  1.745585
6638.05838979326  16.01232
6638.29212513445  18.67564
6638.52586047565  -8.983989
6638.75959581685  -4.853241
6638.99333115805  33.1623
6639.22706649924  33.91161
6639.46080184044  18.28668
6639.69453718164  -6.68256
6639.92827252284  5.237784
6640.16200786403  24.84749
6640.39574320523  22.54625
6640.62947854643  18.05219
6640.86321388763  28.9498
6641.09694922882  20.77478
6641.33068457002  28.37068
6641.56441991122  41.69997
6641.79815525242  -10.92964
6642.03189059361  7.988613
6642.26562593481  14.10566
6642.49936127601  4.826626
6642.73309661721  13.93307
6642.96683195841  25.46522
6643.2005672996  15.89092
6643.4343026408  32.46701
6643.668037982  36.01814
6643.9017733232  39.00752
6644.13550866439  9.363939
6644.36924400559  7.257666
6644.60297934679  36.55727
6644.83671468799  24.17282
6645.07045002918  36.91689
6645.30418537038  30.08372
6645.53792071158  19.76248
6645.77165605278  -19.98024
6646.00539139397  46.29757
6646.23912673517  26.43055
6646.47286207637  14.93345
6646.70659741757  10.96266
6646.94033275876  19.78395
6647.17406809996  20.54048
6647.40780344116  3.812237
6647.64153878236  10.375
6647.87527412355  22.04173
6648.10900946475  34.45492
6648.34274480595  26.0097
6648.57648014715  11.42559
6648.81021548834  27.84027
6649.04395082954  9.307101
6649.27768617074  13.37481
6649.51142151194  37.51073
6649.74515685313  25.8952
6649.97889219433  34.58228
6650.21262753553  9.633647
6650.44636287673  22.21012
6650.68009821792  42.84623
6650.91383355912  45.03244
6651.14756890032  7.88755
6651.38130424152  15.3367
6651.61503958271  11.4958
6651.84877492391  33.36955
6652.08251026511  13.9912
6652.31624560631  18.90318
6652.5499809475  42.72791
6652.7837162887  29.61386
6653.0174516299  -4.679135
6653.2511869711  -3.278658
6653.48492231229  20.70642
6653.71865765349  -22.20777
6653.95239299469  5.701542
6654.18612833589  22.10963
6654.41986367709  10.28356
6654.65359901828  30.25826
6654.88733435948  12.61494
6655.12106970068  -16.7618
6655.35480504187  17.43299
6655.58854038307  15.28694
6655.82227572427  19.56134
6656.05601106547  38.259
6656.28974640667  41.28975
6656.52348174786  49.54293
6656.75721708906  22.89095
6656.99095243026  -21.18968
6657.22468777146  3.695925
6657.45842311265  20.49946
6657.69215845385  5.236768
6657.92589379505  3.98626
6658.15962913624  22.86432
6658.39336447744  28.06845
6658.62709981864  -2.245288
6658.86083515984  -27.31719
6659.09457050104  -10.60083
6659.32830584223  9.888421
6659.56204118343  20.05896
6659.79577652463  8.85603
6660.02951186583  15.44084
6660.26324720702  8.360184
6660.49698254822  7.063431
6660.73071788942  -20.33743
6660.96445323062  -10.14662
6661.19818857181  5.435149
6661.43192391301  16.17551
6661.66565925421  30.68896
6661.8993945954  12.73796
6662.1331299366  31.11847
6662.3668652778  -2.894404
6662.600600619  8.624583
6662.8343359602  15.69043
6663.06807130139  15.25546
6663.30180664259  11.39193
6663.53554198379  16.49179
6663.76927732499  18.0921
6664.00301266618  30.68394
6664.23674800738  19.9668
6664.47048334858  34.58672
6664.70421868978  21.73475
6664.93795403097  26.12868
6665.17168937217  17.9747
6665.40542471337  31.35538
6665.63916005457  25.0035
6665.87289539576  10.26889
6666.10663073696  13.81653
6666.34036607816  -4.130573
6666.57410141936  15.34974
6666.80783676055  19.92635
6667.04157210175  -6.195827
6667.27530744295  19.85548
6667.50904278415  24.95401
6667.74277812534  6.672653
6667.97651346654  1.246018
6668.21024880774  5.583915
6668.44398414894  1.788033
6668.67771949013  34.9687
6668.91145483133  3.653495
6669.14519017253  15.36339
6669.37892551373  21.22331
6669.61266085493  -2.539007
6669.84639619612  -16.91921
6670.08013153732  -7.269014
6670.31386687852  -0.1999371
6670.54760221972  9.571527
6670.78133756091  10.8313
6671.01507290211  -6.423895
6671.24880824331  -17.91805
6671.48254358451  -18.09862
6671.7162789257  6.745324
6671.9500142669  29.50118
6672.1837496081  -3.380734
6672.4174849493  34.77321
6672.65122029049  -1.402463
6672.88495563169  -1.281997
6673.11869097289  5.330744
6673.35242631409  6.150136
6673.58616165528  14.21551
6673.81989699648  27.99865
6674.05363233768  6.507709
6674.28736767888  -26.65945
6674.52110302007  17.6
6674.75483836127  51.72652
6674.98857370247  19.43782
6675.22230904367  -12.63694
6675.45604438486  -10.46195
6675.68977972606  -13.19063
6675.92351506726  8.573194
6676.15725040846  2.37012
6676.39098574965  3.933272
6676.62472109085  -3.330776
6676.85845643205  17.83099
6677.09219177325  44.13936
6677.32592711444  8.831677
6677.55966245564  21.69435
6677.79339779684  29.73585
6678.02713313804  17.16346
6678.26086847923  8.045328
6678.49460382043  19.62265
6678.72833916163  10.99799
6678.96207450283  -33.45214
6679.19580984402  -18.06934
6679.42954518522  -23.46028
6679.66328052642  11.00363
6679.89701586762  9.698148
6680.13075120881  14.22126
6680.36448655001  25.55578
6680.59822189121  18.5731
6680.83195723241  40.05045
6681.06569257361  29.36209
6681.2994279148  16.00397
6681.533163256  3.491985
6681.7668985972  -15.13489
6682.00063393839  -18.12503
6682.23436927959  23.60822
6682.46810462079  39.21421
6682.70183996199  -31.5199
6682.93557530318  -24.02096
6683.16931064438  15.14874
6683.40304598558  4.977776
6683.63678132678  1.016038
6683.87051666798  0.4005992
6684.10425200917  -3.909056
6684.33798735037  -8.954332
6684.57172269157  7.20662
6684.80545803276  -14.45778
6685.03919337396  15.37979
6685.27292871516  55.17937
6685.50666405636  35.94457
6685.74039939756  -11.37244
6685.97413473875  32.40008
6686.20787007995  4.374889
6686.44160542115  -13.94301
6686.67534076235  -5.910504
6686.90907610354  -11.81348
6687.14281144474  41.35378
6687.37654678594  17.78743
6687.61028212714  -21.84202
6687.84401746833  5.446927
6688.07775280953  5.961799
6688.31148815073  -7.477262
6688.54522349193  -4.221097
6688.77895883312  17.29958
6689.01269417432  32.17215
6689.24642951552  16.73418
6689.48016485672  14.51207
6689.71390019791  -20.12813
6689.94763553911  10.67422
6690.18137088031  16.12897
6690.41510622151  14.96828
6690.6488415627  7.787
6690.8825769039  24.69369
6691.1163122451  25.99858
6691.3500475863  -5.395838
6691.58378292749  -0.6862966
6691.81751826869  9.51901
6692.05125360989  2.238415
6692.28498895109  12.39897
6692.51872429228  5.680147
