6453.4074702472  -24.55283
6453.6412055884  0.6894266
6453.8749409296  30.17253
6454.10867627079  59.28564
6454.34241161199  26.44518
6454.57614695319  16.57108
6454.80988229439  9.255841
6455.04361763558  3.544879
6455.27735297678  26.97387
6455.51108831798  28.46121
6455.74482365918  21.26578
6455.97855900037  18.74176
6456.21229434157  -3.291803
6456.44602968277  22.86531
6456.67976502397  20.62173
6456.91350036516  -9.317101
6457.14723570636  25.28993
6457.38097104756  1.154828
6457.61470638876  -8.211255
6457.84844172995  16.73096
6458.08217707115  22.08889
6458.31591241235  10.27036
6458.54964775355  11.72087
6458.78338309474  19.49446
6459.01711843594  4.448078
6459.25085377714  44.63433
6459.48458911834  36.04781
6459.71832445954  25.0247
6459.95205980073  51.73877
6460.18579514193  -0.9524225
6460.41953048313  3.139131
6460.65326582432  0.4098056
6460.88700116552  25.37013
6461.12073650672  31.41906
6461.35447184792  12.50754
6461.58820718911  9.284903
6461.82194253031  -6.835622
6462.05567787151  43.71982
6462.28941321271  67.73541
6462.52314855391  58.62734
6462.7568838951  -18.17322
6462.9906192363  35.41376
6463.2243545775  62.58164
6463.45808991869  49.77543
6463.69182525989  16.49306
6463.92556060109  38.18835
6464.15929594229  28.72552
6464.39303128348  24.40612
6464.62676662468  45.04042
6464.86050196588  22.98772
6465.09423730708  49.2102
6465.32797264827  55.84081
6465.56170798947  27.87186
6465.79544333067  50.00053
6466.02917867187  -3.263002
6466.26291401307  7.362271
6466.49664935426  -0.3039363
6466.73038469546  -13.48049
6466.96412003666  41.72343
6467.19785537785  34.54327
6467.43159071905  1.808453
6467.66532606025  10.90321
6467.89906140145  35.61019
6468.13279674265  50.343
6468.36653208384  32.41323
6468.60026742504  38.87883
6468.83400276624  17.61755
6469.06773810744  24.95295
6469.30147344863  34.02039
6469.53520878983  8.40065
6469.76894413103  31.82052
6470.00267947223  16.79452
6470.23641481342  42.06415
6470.47015015462  43.74969
6470.70388549582  7.082582
6470.93762083702  35.41917
6471.17135617821  68.49924
6471.40509151941  46.38313
6471.63882686061  41.92291
6471.87256220181  43.99403
6472.106297543  24.33511
6472.3400328842  9.033548
6472.5737682254  30.3716
6472.8075035666  31.1348
6473.04123890779  60.92756
6473.27497424899  51.72008
6473.50870959019  23.1592
6473.74244493139  25.70152
6473.97618027258  23.11694
6474.20991561378  48.1375
6474.44365095498  52.17629
6474.67738629618  21.43329
6474.91112163737  37.19533
6475.14485697857  40.7142
6475.37859231977  45.07598
6475.61232766097  53.59146
6475.84606300216  7.138429
6476.07979834336  33.6278
6476.31353368456  50.18068
6476.54726902576  9.565406
6476.78100436695  55.98252
6477.01473970815  80.04242
6477.24847504935  51.88173
6477.48221039055  38.89
6477.71594573174  47.23615
6477.94968107294  56.13501
6478.18341641414  43.99778
6478.41715175534  32.22483
6478.65088709654  65.81261
6478.88462243773  84.52156
6479.11835777893  47.96831
6479.35209312013  51.52664
6479.58582846133  34.3171
6479.81956380252  35.15586
6480.05329914372  60.13578
6480.28703448492  61.13382
6480.52076982612  54.93675
6480.75450516731  61.3009
6480.98824050851  40.80009
6481.22197584971  25.00255
6481.4557111909  45.87275
6481.6894465321  46.41391
6481.9231818733  25.163
6482.1569172145  37.29651
6482.3906525557  47.55217
6482.62438789689  30.33823
6482.85812323809  36.009
6483.09185857929  40.63616
6483.32559392049  30.54231
6483.55932926168  35.79512
6483.79306460288  35.29053
6484.02679994408  37.28413
6484.26053528528  36.04858
6484.49427062647  74.41827
6484.72800596767  33.87103
6484.96174130887  14.67591
6485.19547665007  35.34753
6485.42921199126  31.01688
6485.66294733246  31.88392
6485.89668267366  13.24534
6486.13041801486  32.28774
6486.36415335605  43.015
6486.59788869725  45.92401
6486.83162403845  53.28473
6487.06535937965  67.07403
6487.29909472084  68.40653
6487.53283006204  22.7232
6487.76656540324  29.47054
6488.00030074444  44.21342
6488.23403608563  45.68705
6488.46777142683  54.53658
6488.70150676803  61.27646
6488.93524210923  59.79669
6489.16897745042  40.05274
6489.40271279162  44.82632
6489.63644813282  69.8633
6489.87018347402  49.08825
6490.10391881521  49.64253
6490.33765415641  61.61128
6490.57138949761  44.70996
6490.80512483881  29.44152
6491.03886018  31.69961
6491.2725955212  41.15724
6491.5063308624  18.40815
6491.7400662036  16.43475
6491.97380154479  38.14694
6492.20753688599  39.23198
6492.44127222719  31.17998
6492.67500756839  38.29099
6492.90874290958  66.15776
6493.14247825078  54.80365
6493.37621359198  42.92501
6493.60994893318  51.83826
6493.84368427437  36.27552
6494.07741961557  70.79175
6494.31115495677  62.76306
6494.54489029797  52.63926
6494.77862563917  39.67825
6495.01236098036  -1.353619
6495.24609632156  43.39468
6495.47983166276  68.23405
6495.71356700396  65.86624
6495.94730234515  41.69724
6496.18103768635  42.28841
6496.41477302755  39.37881
6496.64850836875  55.30217
6496.88224370994  39.43392
6497.11597905114  14.87002
6497.34971439234  14.04695
6497.58344973354  17.30976
6497.81718507473  11.97777
6498.05092041593  -12.4089
6498.28465575713  18.95877
6498.51839109833  57.76951
6498.75212643952  68.28979
6498.98586178072  58.91224
6499.21959712192  49.74394
6499.45333246311  17.95896
6499.68706780431  31.5731
6499.92080314551  23.49576
6500.15453848671  35.9137
6500.3882738279  53.60133
6500.6220091691  67.14043
6500.8557445103  20.19154
6501.0894798515  36.33166
6501.3232151927  63.32821
6501.55695053389  54.45989
6501.79068587509  46.33117
6502.02442121629  16.6898
6502.25815655749  31.80457
6502.49189189868  77.62172
6502.72562723988  58.67906
6502.95936258108  26.43713
6503.19309792228  85.30745
6503.42683326347  54.43615
6503.66056860467  7.734962
6503.89430394587  85.47797
6504.12803928707  52.14501
6504.36177462826  24.85336
6504.59550996946  78.69022
6504.82924531066  63.4325
6505.06298065186  54.12172
6505.29671599305  83.98296
6505.53045133425  49.3463
6505.76418667545  40.94401
6505.99792201665  71.93451
6506.23165735784  67.65691
6506.46539269904  36.42856
6506.69912804024  37.02467
6506.93286338144  64.02201
6507.16659872263  52.72472
6507.40033406383  58.13238
6507.63406940503  50.64499
6507.86780474623  70.15193
6508.10154008742  79.8592
6508.33527542862  59.37973
6508.56901076982  56.81985
6508.80274611102  28.55623
6509.03648145222  67.53804
6509.27021679341  43.93043
6509.50395213461  44.54419
6509.73768747581  77.22543
6509.97142281701  29.60316
6510.2051581582  24.46381
6510.4388934994  45.1753
6510.6726288406  53.31101
6510.90636418179  72.10291
6511.14009952299  54.84659
6511.37383486419  45.3918
6511.60757020539  57.54701
6511.84130554658  41.69298
6512.07504088778  40.4637
6512.30877622898  38.0879
6512.54251157018  52.4894
6512.77624691138  42.89756
6513.00998225257  8.727818
6513.24371759377  41.91003
6513.47745293497  28.31391
6513.71118827617  29.21643
6513.94492361736  38.04075
6514.17865895856  13.79589
6514.41239429976  56.96265
6514.64612964096  28.04202
6514.87986498215  18.39279
6515.11360032335  32.00365
6515.34733566455  50.9782
6515.58107100575  62.40943
6515.81480634694  41.39029
6516.04854168814  32.54098
6516.28227702934  42.99229
6516.51601237054  47.16074
6516.74974771173  35.4675
6516.98348305293  39.48955
6517.21721839413  57.33519
6517.45095373533  32.6459
6517.68468907652  59.23837
6517.91842441772  74.29635
6518.15215975892  21.07287
6518.38589510012  34.92538
6518.61963044131  46.51537
6518.85336578251  47.28055
6519.08710112371  39.09854
6519.32083646491  66.66667
6519.5545718061  21.70721
6519.7883071473  38.74977
6520.0220424885  44.96101
6520.25577782969  55.89204
6520.48951317089  43.04184
6520.72324851209  36.1579
6520.95698385329  56.75904
6521.19071919449  66.10368
6521.42445453568  84.49496
6521.65818987688  67.7971
6521.89192521808  56.15562
6522.12566055928  73.17117
6522.35939590047  48.85672
6522.59313124167  45.80432
6522.82686658287  72.53627
6523.06060192407  79.63329
6523.29433726526  62.56863
6523.52807260646  32.15908
6523.76180794766  47.59336
6523.99554328886  59.29531
6524.22927863005  48.22266
6524.46301397125  71.91468
6524.69674931245  74.62514
6524.93048465365  50.78735
6525.16421999485  41.07639
6525.39795533604  66.06606
6525.63169067724  53.61745
6525.86542601844  34.43401
6526.09916135964  67.05515
6526.33289670083  43.79863
6526.56663204203  26.56043
6526.80036738323  42.04946
6527.03410272443  49.39037
6527.26783806562  35.8607
6527.50157340682  49.24355
6527.73530874802  75.59043
6527.96904408922  48.88777
6528.20277943041  49.1554
6528.43651477161  72.80211
6528.67025011281  54.86467
6528.90398545401  75.7193
6529.1377207952  115.8516
6529.3714561364  94.20564
6529.6051914776  53.75713
6529.8389268188  86.82612
6530.07266215999  40.16932
6530.30639750119  40.75378
6530.54013284239  63.76981
6530.77386818359  71.00752
6531.00760352478  45.46085
6531.24133886598  29.74182
6531.47507420718  50.76063
6531.70880954838  29.70375
6531.94254488957  48.45389
6532.17628023077  49.57931
6532.41001557197  59.0244
6532.64375091317  85.38889
6532.87748625436  86.64742
6533.11122159556  84.44665
6533.34495693676  62.84146
6533.57869227796  39.54638
6533.81242761915  32.79954
6534.04616296035  67.10308
6534.27989830155  105.4879
6534.51363364275  82.93442
6534.74736898394  52.58061
6534.98110432514  60.10003
6535.21483966634  49.17224
6535.44857500754  47.6006
6535.68231034874  76.04445
6535.91604568993  67.2543
6536.14978103113  34.21194
6536.38351637233  10.68458
6536.61725171353  37.91669
6536.85098705472  52.93083
6537.08472239592  35.95173
6537.31845773712  37.77054
6537.55219307832  66.44505
6537.78592841951  68.34583
6538.01966376071  36.91064
6538.25339910191  79.63103
6538.48713444311  47.85086
6538.7208697843  43.35397
6538.9546051255  65.6408
6539.1883404667  71.24677
6539.4220758079  69.87318
6539.65581114909  94.6265
6539.88954649029  70.85536
6540.12328183149  86.78452
6540.35701717268  77.49259
6540.59075251388  80.48913
6540.82448785508  85.79169
6541.05822319628  42.53677
6541.29195853747  71.51062
6541.52569387867  75.85871
6541.75942921987  52.79798
6541.99316456107  58.73962
6542.22689990227  25.18829
6542.46063524346  31.77913
6542.69437058466  58.28445
6542.92810592586  54.70024
6543.16184126706  71.39818
6543.39557660825  82.16967
6543.62931194945  73.30032
6543.86304729065  54.71573
6544.09678263185  33.19479
6544.33051797304  50.25424
6544.56425331424  81.86362
6544.79798865544  36.29461
6545.03172399664  41.75829
6545.26545933783  74.17213
6545.49919467903  82.82605
6545.73293002023  71.5845
6545.96666536143  56.42358
6546.20040070262  48.54577
6546.43413604382  78.80227
6546.66787138502  94.64355
6546.90160672622  88.15076
6547.13534206741  105.9492
6547.36907740861  83.19712
6547.60281274981  89.19683
6547.83654809101  52.89176
6548.07028343221  58.28834
6548.3040187734  61.05849
6548.5377541146  37.58154
6548.7714894558  74.24884
6549.00522479699  22.63626
6549.23896013819  45.68299
6549.47269547939  35.58562
6549.70643082059  54.44587
6549.94016616178  83.79281
6550.17390150298  87.86352
6550.40763684418  71.12817
6550.64137218538  56.82586
6550.87510752657  56.72446
6551.10884286777  81.51228
6551.34257820897  56.70137
6551.57631355017  101.125
6551.81004889136  110.4593
6552.04378423256  69.24948
6552.27751957376  96.31744
6552.51125491496  77.35751
6552.74499025615  49.33738
6552.97872559735  98.84377
6553.21246093855  125.0282
6553.44619627975  101.5122
6553.67993162094  107.6605
6553.91366696214  119.2551
6554.14740230334  88.22895
6554.38113764454  75.56483
6554.61487298574  86.83866
6554.84860832693  111.0677
6555.08234366813  121.2372
6555.31607900933  77.86031
6555.54981435053  98.35303
6555.78354969172  101.2964
6556.01728503292  96.08091
6556.25102037412  92.47388
6556.48475571532  90.78549
6556.71849105651  131.8484
6556.95222639771  112.3505
6557.18596173891  98.4875
6557.41969708011  72.84089
6557.6534324213  99.74049
6557.8871677625  99.73048
6558.1209031037  70.0703
6558.3546384449  74.84769
6558.58837378609  104.8119
6558.82210912729  77.58165
6559.05584446849  94.88419
6559.28957980969  74.97849
6559.52331515088  64.88202
6559.75705049208  70.72202
6559.99078583328  74.74181
6560.22452117448  40.24454
6560.45825651567  40.96135
6560.69199185687  66.65973
6560.92572719807  73.23195
6561.15946253927  90.57138
6561.39319788046  89.19618
6561.62693322166  69.24536
6561.86066856286  59.54326
6562.09440390406  48.87799
6562.32813924525  77.57465
6562.56187458645  99.54387
6562.79560992765  91.82493
6563.02934526885  55.42144
6563.26308061004  64.71506
6563.49681595124  86.93803
6563.73055129244  97.23421
6563.96428663364  122.0529
6564.19802197483  138.6305
6564.43175731603  108.1245
6564.66549265723  75.02703
6564.89922799843  95.15643
6565.13296333962  111.0243
6565.36669868082  75.14973
6565.60043402202  80.21951
6565.83416936322  77.34212
6566.06790470441  63.69764
6566.30164004561  104.3946
6566.53537538681  79.29782
6566.76911072801  60.52558
6567.00284606921  104.9059
6567.2365814104  79.24344
6567.4703167516  55.0918
6567.7040520928  49.32293
6567.937787434  50.10357
6568.17152277519  73.27195
6568.40525811639  97.67555
6568.63899345759  113.4837
6568.87272879879  51.75998
6569.10646413998  48.63524
6569.34019948118  49.51221
6569.57393482238  53.56937
6569.80767016358  99.61115
6570.04140550477  78.79588
6570.27514084597  58.82708
6570.50887618717  39.86153
6570.74261152837  57.9503
6570.97634686956  75.83482
6571.21008221076  86.61052
6571.44381755196  80.70904
6571.67755289316  59.31906
6571.91128823435  31.12195
6572.14502357555  49.14917
6572.37875891675  87.30983
6572.61249425795  82.82179
6572.84622959914  64.18478
6573.07996494034  83.50041
6573.31370028154  76.73904
6573.54743562273  87.1021
6573.78117096393  39.22783
6574.01490630513  72.80676
6574.24864164633  100.3824
6574.48237698753  61.6224
6574.71611232872  82.76415
6574.94984766992  72.28322
6575.18358301112  36.6006
6575.41731835232  56.97856
6575.65105369351  36.27792
6575.88478903471  50.24613
6576.11852437591  70.94351
6576.35225971711  94.09086
6576.5859950583  64.03259
6576.8197303995  60.77757
6577.0534657407  70.04918
6577.2872010819  37.5688
6577.52093642309  44.58113
6577.75467176429  44.21336
6577.98840710549  48.88281
6578.22214244669  36.90302
6578.45587778788  29.12662
6578.68961312908  52.528
6578.92334847028  47.2967
6579.15708381148  32.2382
6579.39081915268  44.79926
6579.62455449387  65.74571
6579.85828983507  70.39285
6580.09202517627  42.77215
6580.32576051747  20.12695
6580.55949585866  33.90595
6580.79323119986  46.87078
6581.02696654106  88.32302
6581.26070188225  59.59791
6581.49443722345  50.34037
6581.72817256465  58.89814
6581.96190790585  52.73472
6582.19564324704  66.26948
6582.42937858824  34.60111
6582.66311392944  18.9441
6582.89684927064  84.64551
6583.13058461183  58.19108
6583.36431995303  58.02933
6583.59805529423  28.8877
6583.83179063543  1.486286
6584.06552597662  49.28172
6584.29926131782  50.14819
6584.53299665902  53.39462
6584.76673200022  68.60762
6585.00046734141  43.96876
6585.23420268261  35.83254
6585.46793802381  52.0001
6585.70167336501  37.20226
6585.9354087062  45.22071
6586.1691440474  87.66432
6586.4028793886  72.90613
6586.6366147298  35.50293
6586.870350071  98.69869
6587.10408541219  82.1049
6587.33782075339  44.13371
6587.57155609459  72.08495
6587.80529143579  57.51248
6588.03902677698  46.77664
6588.27276211818  81.77045
6588.50649745938  61.37742
6588.74023280058  54.28371
6588.97396814177  67.01833
6589.20770348297  76.24672
6589.44143882417  64.92962
6589.67517416537  42.8115
6589.90890950656  85.71906
6590.14264484776  99.0694
6590.37638018896  59.66371
6590.61011553016  26.28704
6590.84385087135  49.52649
6591.07758621255  55.51229
6591.31132155375  24.36467
6591.54505689495  54.26205
6591.77879223614  70.05251
6592.01252757734  29.99963
6592.24626291854  61.88353
6592.47999825974  63.38548
6592.71373360093  53.71722
6592.94746894213  60.71545
6593.18120428333  75.59825
6593.41493962453  78.74474
6593.64867496572  71.07758
6593.88241030692  102.2426
6594.11614564812  101.1214
6594.34988098932  31.04217
6594.58361633051  9.972702
6594.81735167171  56.26463
6595.05108701291  61.49861
6595.28482235411  28.47621
6595.51855769531  22.56123
6595.7522930365  39.24955
6595.9860283777  68.2858
6596.2197637189  60.95605
6596.45349906009  39.78912
6596.68723440129  62.28277
6596.92096974249  50.51347
6597.15470508369  48.1603
6597.38844042489  47.71534
6597.62217576608  51.77602
6597.85591110728  71.89295
6598.08964644848  70.51138
6598.32338178968  47.39048
6598.55711713087  41.64888
6598.79085247207  62.39986
6599.02458781327  54.06114
6599.25832315447  57.34031
6599.49205849566  45.37369
6599.72579383686  52.50893
6599.95952917806  41.05179
6600.19326451926  43.70723
6600.42699986045  63.43344
6600.66073520165  23.65661
6600.89447054285  25.01541
6601.12820588405  71.0967
6601.36194122524  67.66849
6601.59567656644  61.62968
6601.82941190764  48.18961
6602.06314724884  36.1699
6602.29688259003  41.59302
6602.53061793123  66.93172
6602.76435327243  52.51909
6602.99808861363  73.44083
6603.23182395482  59.45472
6603.46555929602  55.33231
6603.69929463722  51.79545
6603.93302997842  82.7569
6604.16676531961  66.50288
6604.40050066081  59.85792
6604.63423600201  50.16051
6604.86797134321  37.53183
6605.1017066844  59.87655
6605.3354420256  56.78218
6605.5691773668  58.47582
6605.802912708  74.67919
6606.03664804919  48.29974
6606.27038339039  30.54497
6606.50411873159  65.9808
6606.73785407279  30.02601
6606.97158941398  48.40447
6607.20532475518  50.40746
6607.43906009638  57.71137
6607.67279543758  43.92957
6607.90653077877  9.237967
6608.14026611997  19.75777
6608.37400146117  46.76318
6608.60773680237  83.34409
6608.84147214356  63.09474
6609.07520748476  33.26135
6609.30894282596  22.67421
6609.54267816716  22.02422
6609.77641350836  37.75894
6610.01014884955  40.29956
6610.24388419075  59.18908
6610.47761953195  60.13694
6610.71135487314  54.53277
6610.94509021434  78.78044
6611.17882555554  63.40719
6611.41256089674  24.50889
6611.64629623793  23.53854
6611.88003157913  36.45576
6612.11376692033  73.40863
6612.34750226153  88.72781
6612.58123760272  36.35073
6612.81497294392  55.02871
6613.04870828512  79.11961
6613.28244362632  61.61276
6613.51617896752  44.03273
6613.74991430871  58.98554
6613.98364964991  39.78193
6614.21738499111  -34.60973
6614.45112033231  32.82923
6614.6848556735  30.42888
6614.9185910147  53.74567
6615.1523263559  57.97546
6615.3860616971  64.36691
6615.61979703829  59.59005
6615.85353237949  55.05137
6616.08726772069  39.16893
6616.32100306189  58.62911
6616.55473840308  19.89256
6616.78847374428  10.34605
6617.02220908548  46.25766
6617.25594442668  36.20038
6617.48967976787  49.24893
6617.72341510907  33.37762
6617.95715045027  40.9473
6618.19088579147  33.08157
6618.42462113266  52.75019
6618.65835647386  56.45442
6618.89209181506  36.9564
6619.12582715626  38.69964
6619.35956249745  31.40937
6619.59329783865  45.19511
6619.82703317985  71.16148
6620.06076852105  83.27708
6620.29450386225  44.89542
6620.52823920344  7.701842
6620.76197454464  3.849964
6620.99570988584  54.71409
6621.22944522704  50.63003
6621.46318056823  70.67032
6621.69691590943  16.24215
6621.93065125063  63.76807
6622.16438659183  43.08458
6622.39812193302  3.760351
6622.63185727422  10.72305
6622.86559261542  49.06576
6623.09932795661  68.68411
6623.33306329781  88.13212
6623.56679863901  65.02928
6623.80053398021  85.18177
6624.0342693214  47.8237
6624.2680046626  53.85202
6624.5017400038  75.06674
6624.735475345  36.52372
6624.96921068619  53.71947
6625.20294602739  81.80247
6625.43668136859  56.71884
6625.67041670979  43.59666
6625.90415205098  48.18214
6626.13788739218  59.34903
6626.37162273338  64.80405
6626.60535807458  35.44914
6626.83909341577  14.05554
6627.07282875697  35.48511
6627.30656409817  32.82896
6627.54029943937  36.56311
6627.77403478057  85.30357
6628.00777012176  53.73228
6628.24150546296  -6.206654
6628.47524080416  79.43942
6628.70897614535  43.04338
6628.94271148655  51.83741
6629.17644682775  75.22588
6629.41018216895  43.20698
6629.64391751015  43.99509
6629.87765285134  61.08408
6630.11138819254  69.84551
6630.34512353374  48.12335
6630.57885887494  27.20047
6630.81259421613  14.09285
6631.04632955733  25.80797
6631.28006489853  60.68526
6631.51380023973  66.47222
6631.74753558092  29.34792
6631.98127092212  43.50108
6632.21500626332  17.38711
6632.44874160452  24.7102
6632.68247694571  71.66905
6632.91621228691  40.01152
6633.14994762811  60.05509
6633.38368296931  59.68385
6633.6174183105  3.0219
6633.8511536517  15.73513
6634.0848889929  44.30848
6634.3186243341  32.62922
6634.55235967529  29.45926
6634.78609501649  35.45506
6635.01983035769  35.95565
6635.25356569889  65.82028
6635.48730104008  40.03831
6635.72103638128  18.89268
6635.95477172248  58.08096
6636.18850706368  40.7674
6636.42224240487  16.52202
6636.65597774607  27.93044
6636.88971308727  59.87103
6637.12344842847  38.86225
6637.35718376966  25.51256
6637.59091911086  36.50877
6637.82465445206  35.16854
6638.05838979326  53.36724
6638.29212513445  59.72609
6638.52586047565  42.54507
6638.75959581685  33.88143
6638.99333115805  35.74332
6639.22706649924  21.39532
6639.46080184044  42.04959
6639.69453718164  58.23333
6639.92827252284  52.20829
6640.16200786403  41.30209
6640.39574320523  34.77695
6640.62947854643  30.58876
6640.86321388763  37.74813
6641.09694922882  64.99902
6641.33068457002  73.05105
6641.56441991122  43.80099
6641.79815525242  47.32066
6642.03189059361  16.66395
6642.26562593481  56.98323
6642.49936127601  60.9966
6642.73309661721  16.61229
6642.96683195841  29.16301
6643.2005672996  69.15216
6643.4343026408  33.5728
6643.668037982  15.05793
6643.9017733232  38.80927
6644.13550866439  37.33177
6644.36924400559  28.99875
6644.60297934679  40.79573
6644.83671468799  42.41346
6645.07045002918  23.4063
6645.30418537038  70.84943
6645.53792071158  31.18433
6645.77165605278  42.49008
6646.00539139397  45.2709
6646.23912673517  83.18536
6646.47286207637  9.822172
6646.70659741757  14.86844
6646.94033275876  7.545944
6647.17406809996  5.435553
6647.40780344116  52.94092
6647.64153878236  59.45362
6647.87527412355  20.61991
6648.10900946475  30.94499
6648.34274480595  32.9159
6648.57648014715  14.64353
6648.81021548834  38.48908
6649.04395082954  50.58833
6649.27768617074  45.83765
6649.51142151194  28.83434
6649.74515685313  24.41408
6649.97889219433  34.61424
6650.21262753553  43.64043
6650.44636287673  65.72411
6650.68009821792  75.18706
6650.91383355912  39.67913
6651.14756890032  9.74656
6651.38130424152  22.91017
6651.61503958271  12.30673
6651.84877492391  41.04568
6652.08251026511  36.05123
6652.31624560631  35.69694
6652.5499809475  14.55783
6652.7837162887  26.48673
6653.0174516299  47.18269
6653.2511869711  15.69337
6653.48492231229  18.2538
6653.71865765349  11.89318
6653.95239299469  31.38716
6654.18612833589  6.948884
6654.41986367709  25.72709
6654.65359901828  7.539739
6654.88733435948  22.20566
6655.12106970068  29.03238
6655.35480504187  3.293453
6655.58854038307  37.37394
6655.82227572427  25.47478
6656.05601106547  16.54653
6656.28974640667  52.06231
6656.52348174786  45.31709
6656.75721708906  34.68837
6656.99095243026  22.37914
6657.22468777146  27.66992
6657.45842311265  17.11685
6657.69215845385  16.49863
6657.92589379505  23.1306
6658.15962913624  45.47459
6658.39336447744  67.43712
6658.62709981864  47.41077
6658.86083515984  0.6501274
6659.09457050104  5.971014
6659.32830584223  7.577245
6659.56204118343  6.38779
6659.79577652463  16.97495
6660.02951186583  21.2526
6660.26324720702  26.20044
6660.49698254822  33.73426
6660.73071788942  -11.87234
6660.96445323062  21.72157
6661.19818857181  21.53982
6661.43192391301  40.34534
6661.66565925421  29.10875
6661.8993945954  40.8165
6662.1331299366  43.21819
6662.3668652778  31.44008
6662.600600619  7.801438
6662.8343359602  -3.010486
6663.06807130139  37.65626
6663.30180664259  27.8319
6663.53554198379  8.731364
6663.76927732499  16.17151
6664.00301266618  34.00991
6664.23674800738  59.98111
6664.47048334858  -13.09154
6664.70421868978  22.11638
6664.93795403097  9.254765
6665.17168937217  -9.48581
6665.40542471337  -10.99204
6665.63916005457  22.68653
6665.87289539576  42.94054
6666.10663073696  36.8808
6666.34036607816  1.465078
6666.57410141936  24.73172
6666.80783676055  45.7668
6667.04157210175  46.18397
6667.27530744295  26.9558
6667.50904278415  19.63188
6667.74277812534  27.94993
6667.97651346654  20.41927
6668.21024880774  38.90015
6668.44398414894  18.08754
6668.67771949013  27.09919
6668.91145483133  13.62093
6669.14519017253  19.98658
6669.37892551373  43.6727
6669.61266085493  22.53091
6669.84639619612  22.4887
6670.08013153732  38.55412
6670.31386687852  -6.374266
6670.54760221972  12.05286
6670.78133756091  4.295101
6671.01507290211  -23.47359
6671.24880824331  43.99728
6671.48254358451  12.2051
6671.7162789257  -15.94022
6671.9500142669  23.23297
6672.1837496081  0.2172461
6672.4174849493  -9.755442
6672.65122029049  8.840586
6672.88495563169  35.36915
6673.11869097289  10.59264
6673.35242631409  11.05102
6673.58616165528  16.17723
6673.81989699648  24.16358
6674.05363233768  1.087819
6674.28736767888  9.6328
6674.52110302007  23.03245
6674.75483836127  6.142358
6674.98857370247  18.36152
6675.22230904367  47.28265
6675.45604438486  4.462449
6675.68977972606  52.12947
6675.92351506726  39.16206
6676.15725040846  22.16924
6676.39098574965  30.54894
6676.62472109085  58.88097
6676.85845643205  30.73589
6677.09219177325  3.038815
6677.32592711444  39.28054
6677.55966245564  0.9297535
6677.79339779684  -21.97631
6678.02713313804  10.93208
6678.26086847923  15.30333
6678.49460382043  -10.96214
6678.72833916163  21.36227
6678.96207450283  33.14722
6679.19580984402  31.57169
6679.42954518522  6.657362
6679.66328052642  -1.473809
6679.89701586762  4.958257
6680.13075120881  14.24924
6680.36448655001  22.03392
6680.59822189121  36.81763
6680.83195723241  31.34694
6681.06569257361  27.35272
6681.2994279148  1.143643
6681.533163256  -21.1074
6681.7668985972  9.133477
6682.00063393839  3.271796
6682.23436927959  -12.5631
6682.46810462079  5.905572
6682.70183996199  -8.391797
6682.93557530318  -19.12513
6683.16931064438  3.565545
6683.40304598558  13.46725
6683.63678132678  24.74959
6683.87051666798  13.3285
6684.10425200917  -8.931552
6684.33798735037  -46.66632
6684.57172269157  -12.86935
6684.80545803276  -20.49064
6685.03919337396  24.5176
6685.27292871516  15.9587
6685.50666405636  -3.741826
6685.74039939756  14.79821
6685.97413473875  -9.189205
6686.20787007995  -7.439084
6686.44160542115  10.43597
6686.67534076235  15.42639
6686.90907610354  17.81286
6687.14281144474  29.22482
6687.37654678594  0.5346649
6687.61028212714  -23.28221
6687.84401746833  10.43131
6688.07775280953  17.93769
6688.31148815073  35.47704
6688.54522349193  24.74496
6688.77895883312  21.03791
6689.01269417432  38.23136
6689.24642951552  -10.53245
6689.48016485672  7.783278
6689.71390019791  -6.976778
6689.94763553911  10.54
6690.18137088031  13.84397
6690.41510622151  26.7247
6690.6488415627  11.86774
6690.8825769039  17.6329
6691.1163122451  16.09394
6691.3500475863  24.16072
6691.58378292749  4.394897
6691.81751826869  36.17332
6692.05125360989  32.87321
6692.28498895109  -6.658951
6692.51872429228  -36.0491
