6453.4074702472  -1.265261
6453.6412055884  16.95405
6453.8749409296  -1.270171
6454.10867627079  14.45856
6454.34241161199  -3.241136
6454.57614695319  -7.36102
6454.80988229439  10.70501
6455.04361763558  4.587095
6455.27735297678  13.4579
6455.51108831798  26.76061
6455.74482365918  13.53949
6455.97855900037  24.78364
6456.21229434157  12.77555
6456.44602968277  28.9151
6456.67976502397  27.55675
6456.91350036516  -3.812317
6457.14723570636  7.476118
6457.38097104756  0.6232811
6457.61470638876  11.86426
6457.84844172995  18.68279
6458.08217707115  17.33079
6458.31591241235  23.91892
6458.54964775355  12.93022
6458.78338309474  -5.232117
6459.01711843594  -6.098847
6459.25085377714  35.8163
6459.48458911834  21.0347
6459.71832445954  19.06984
6459.95205980073  33.32517
6460.18579514193  23.35049
6460.41953048313  16.97227
6460.65326582432  -2.216232
6460.88700116552  20.97353
6461.12073650672  31.13638
6461.35447184792  17.13161
6461.58820718911  17.93409
6461.82194253031  -13.78199
6462.05567787151  -23.41572
6462.28941321271  14.5937
6462.52314855391  63.79803
6462.7568838951  40.93464
6462.9906192363  16.66147
6463.2243545775  49.78795
6463.45808991869  35.98031
6463.69182525989  44.48482
6463.92556060109  17.54054
6464.15929594229  1.632345
6464.39303128348  18.74004
6464.62676662468  16.87961
6464.86050196588  19.84987
6465.09423730708  13.99865
6465.32797264827  8.411192
6465.56170798947  14.83373
6465.79544333067  15.98868
6466.02917867187  11.46087
6466.26291401307  8.890594
6466.49664935426  36.26669
6466.73038469546  20.3089
6466.96412003666  29.04142
6467.19785537785  -7.237447
6467.43159071905  -13.93863
6467.66532606025  36.19495
6467.89906140145  37.93287
6468.13279674265  27.80303
6468.36653208384  23.90522
6468.60026742504  12.61104
6468.83400276624  40.20697
6469.06773810744  51.17142
6469.30147344863  22.0809
6469.53520878983  -1.628303
6469.76894413103  22.04402
6470.00267947223  10.94057
6470.23641481342  8.623078
6470.47015015462  13.89742
6470.70388549582  2.304017
6470.93762083702  1.571214
6471.17135617821  39.12467
6471.40509151941  50.95282
6471.63882686061  21.19459
6471.87256220181  36.95835
6472.106297543  20.93737
6472.3400328842  14.98547
6472.5737682254  31.67302
6472.8075035666  38.60558
6473.04123890779  6.090983
6473.27497424899  38.70401
6473.50870959019  14.89522
6473.74244493139  7.459209
6473.97618027258  21.75179
6474.20991561378  21.54088
6474.44365095498  13.09994
6474.67738629618  -13.79283
6474.91112163737  -6.81583
6475.14485697857  43.39701
6475.37859231977  48.66246
6475.61232766097  17.95516
6475.84606300216  7.886004
6476.07979834336  -7.687189
6476.31353368456  53.09705
6476.54726902576  58.29347
6476.78100436695  71.19444
6477.01473970815  40.50005
6477.24847504935  12.16713
6477.48221039055  28.99036
6477.71594573174  50.33427
6477.94968107294  40.7031
6478.18341641414  30.80458
6478.41715175534  21.38276
6478.65088709654  20.11436
6478.88462243773  71.34449
6479.11835777893  36.52666
6479.35209312013  36.31419
6479.58582846133  55.00756
6479.81956380252  60.53672
6480.05329914372  8.945986
6480.28703448492  25.487
6480.52076982612  12.09544
6480.75450516731  37.86596
6480.98824050851  54.08893
6481.22197584971  20.01774
6481.4557111909  9.377663
6481.6894465321  14.11158
6481.9231818733  19.26318
6482.1569172145  39.40222
6482.3906525557  48.34246
6482.62438789689  50.43304
6482.85812323809  33.20658
6483.09185857929  6.88105
6483.32559392049  15.19068
6483.55932926168  57.99522
6483.79306460288  40.30501
6484.02679994408  -1.581765
6484.26053528528  7.129961
6484.49427062647  48.07482
6484.72800596767  67.77065
6484.96174130887  59.93548
6485.19547665007  25.60258
6485.42921199126  27.91599
6485.66294733246  36.90582
6485.89668267366  15.16987
6486.13041801486  45.10664
6486.36415335605  21.40771
6486.59788869725  35.76785
6486.83162403845  46.88904
6487.06535937965  10.97005
6487.29909472084  20.32636
6487.53283006204  54.64499
6487.76656540324  5.522157
6488.00030074444  10.6194
6488.23403608563  30.45891
6488.46777142683  31.55169
6488.70150676803  36.88815
6488.93524210923  49.78899
6489.16897745042  36.44449
6489.40271279162  8.978779
6489.63644813282  7.923892
6489.87018347402  7.184065
6490.10391881521  27.91892
6490.33765415641  67.10471
6490.57138949761  64.69598
6490.80512483881  30.80082
6491.03886018  8.693356
6491.2725955212  50.00996
6491.5063308624  87.18887
6491.7400662036  58.73149
6491.97380154479  37.42185
6492.20753688599  65.57679
6492.44127222719  63.68881
6492.67500756839  43.93152
6492.90874290958  50.18468
6493.14247825078  66.85845
6493.37621359198  70.40916
6493.60994893318  54.44563
6493.84368427437  40.95017
6494.07741961557  35.42414
6494.31115495677  35.94572
6494.54489029797  50.14642
6494.77862563917  22.53096
6495.01236098036  13.91674
6495.24609632156  32.5329
6495.47983166276  77.60187
6495.71356700396  62.62238
6495.94730234515  27.30892
6496.18103768635  -4.730289
6496.41477302755  12.18427
6496.64850836875  35.56016
6496.88224370994  33.39969
6497.11597905114  36.13401
6497.34971439234  46.52985
6497.58344973354  29.22863
6497.81718507473  17.58547
6498.05092041593  30.70718
6498.28465575713  22.2561
6498.51839109833  46.18209
6498.75212643952  38.86095
6498.98586178072  31.44402
6499.21959712192  26.97599
6499.45333246311  42.68428
6499.68706780431  34.23557
6499.92080314551  32.63097
6500.15453848671  35.09496
6500.3882738279  56.15403
6500.6220091691  12.09166
6500.8557445103  7.650055
6501.0894798515  68.13795
6501.3232151927  64.26435
6501.55695053389  37.29391
6501.79068587509  61.32942
6502.02442121629  69.17601
6502.25815655749  62.93491
6502.49189189868  82.80062
6502.72562723988  61.01807
6502.95936258108  30.77173
6503.19309792228  51.66638
6503.42683326347  22.14066
6503.66056860467  2.152197
6503.89430394587  38.87517
6504.12803928707  40.00709
6504.36177462826  20.25511
6504.59550996946  44.03693
6504.82924531066  39.13472
6505.06298065186  20.27268
6505.29671599305  38.00747
6505.53045133425  70.84339
6505.76418667545  57.62741
6505.99792201665  50.93748
6506.23165735784  55.46888
6506.46539269904  50.17551
6506.69912804024  61.71521
6506.93286338144  54.01177
6507.16659872263  39.53202
6507.40033406383  33.1381
6507.63406940503  30.39075
6507.86780474623  54.65763
6508.10154008742  33.0691
6508.33527542862  23.57051
6508.56901076982  66.51286
6508.80274611102  61.77538
6509.03648145222  12.96629
6509.27021679341  43.07237
6509.50395213461  34.15726
6509.73768747581  39.48859
6509.97142281701  57.81541
6510.2051581582  56.20144
6510.4388934994  45.62153
6510.6726288406  19.95404
6510.90636418179  41.35402
6511.14009952299  53.47086
6511.37383486419  29.16058
6511.60757020539  48.3488
6511.84130554658  39.23769
6512.07504088778  25.38558
6512.30877622898  49.09825
6512.54251157018  30.53492
6512.77624691138  38.65899
6513.00998225257  21.21351
6513.24371759377  40.38792
6513.47745293497  5.662064
6513.71118827617  15.01101
6513.94492361736  31.30557
6514.17865895856  23.20231
6514.41239429976  7.781813
6514.64612964096  34.91271
6514.87986498215  28.01261
6515.11360032335  37.52563
6515.34733566455  48.91051
6515.58107100575  51.14146
6515.81480634694  42.72898
6516.04854168814  21.73273
6516.28227702934  20.22224
6516.51601237054  51.14897
6516.74974771173  62.20197
6516.98348305293  42.3275
6517.21721839413  37.03705
6517.45095373533  29.98217
6517.68468907652  40.67871
6517.91842441772  40.92707
6518.15215975892  23.73223
6518.38589510012  -2.113211
6518.61963044131  15.57932
6518.85336578251  57.00104
6519.08710112371  23.50508
6519.32083646491  19.96058
6519.5545718061  43.18166
6519.7883071473  42.08138
6520.0220424885  38.14994
6520.25577782969  50.05467
6520.48951317089  65.00395
6520.72324851209  53.05011
6520.95698385329  53.91502
6521.19071919449  52.68423
6521.42445453568  54.68273
6521.65818987688  47.58236
6521.89192521808  28.63197
6522.12566055928  21.73026
6522.35939590047  28.35094
6522.59313124167  55.95217
6522.82686658287  71.31271
6523.06060192407  53.75642
6523.29433726526  55.86413
6523.52807260646  96.757
6523.76180794766  66.9111
6523.99554328886  44.62365
6524.22927863005  20.73352
6524.46301397125  39.55526
6524.69674931245  62.01487
6524.93048465365  44.12856
6525.16421999485  58.69994
6525.39795533604  32.17778
6525.63169067724  34.87135
6525.86542601844  61.28027
6526.09916135964  57.36588
6526.33289670083  48.85592
6526.56663204203  42.20739
6526.80036738323  53.64399
6527.03410272443  43.39486
6527.26783806562  48.5082
6527.50157340682  36.81168
6527.73530874802  33.41609
6527.96904408922  28.13395
6528.20277943041  2.950706
6528.43651477161  26.14989
6528.67025011281  45.85053
6528.90398545401  55.39291
6529.1377207952  70.95153
6529.3714561364  50.58109
6529.6051914776  32.53349
6529.8389268188  43.26398
6530.07266215999  67.8792
6530.30639750119  29.8957
6530.54013284239  55.69641
6530.77386818359  89.98196
6531.00760352478  44.00668
6531.24133886598  45.05783
6531.47507420718  52.70889
6531.70880954838  48.12823
6531.94254488957  83.02015
6532.17628023077  79.00068
6532.41001557197  44.88582
6532.64375091317  15.03836
6532.87748625436  56.5136
6533.11122159556  69.92966
6533.34495693676  66.05795
6533.57869227796  69.9038
6533.81242761915  18.38381
6534.04616296035  24.62748
6534.27989830155  71.44283
6534.51363364275  63.80437
6534.74736898394  64.89877
6534.98110432514  77.1299
6535.21483966634  53.74821
6535.44857500754  12.36825
6535.68231034874  39.14495
6535.91604568993  55.15002
6536.14978103113  16.80182
6536.38351637233  66.77315
6536.61725171353  46.25676
6536.85098705472  48.19013
6537.08472239592  12.86995
6537.31845773712  35.43441
6537.55219307832  26.5331
6537.78592841951  35.07547
6538.01966376071  41.9816
6538.25339910191  49.03641
6538.48713444311  46.61462
6538.7208697843  41.55855
6538.9546051255  32.2011
6539.1883404667  39.1736
6539.4220758079  59.33961
6539.65581114909  62.0933
6539.88954649029  15.66381
6540.12328183149  82.50668
6540.35701717268  66.1521
6540.59075251388  62.2912
6540.82448785508  57.03912
6541.05822319628  64.07562
6541.29195853747  54.27463
6541.52569387867  78.97017
6541.75942921987  76.1617
6541.99316456107  95.35595
6542.22689990227  84.12791
6542.46063524346  57.63927
6542.69437058466  66.29307
6542.92810592586  51.40554
6543.16184126706  48.0048
6543.39557660825  58.16622
6543.62931194945  67.14532
6543.86304729065  64.62863
6544.09678263185  61.18482
6544.33051797304  66.06384
6544.56425331424  67.44323
6544.79798865544  92.04558
6545.03172399664  60.10632
6545.26545933783  26.87283
6545.49919467903  65.96501
6545.73293002023  44.9284
6545.96666536143  50.44655
6546.20040070262  66.35233
6546.43413604382  30.58986
6546.66787138502  47.01612
6546.90160672622  26.92644
6547.13534206741  92.10117
6547.36907740861  49.0182
6547.60281274981  63.94774
6547.83654809101  85.75397
6548.07028343221  63.01379
6548.3040187734  24.2862
6548.5377541146  45.39893
6548.7714894558  74.48045
6549.00522479699  82.57204
6549.23896013819  55.58657
6549.47269547939  40.42646
6549.70643082059  86.73775
6549.94016616178  81.21863
6550.17390150298  79.96214
6550.40763684418  72.8845
6550.64137218538  51.11014
6550.87510752657  54.38473
6551.10884286777  78.59115
6551.34257820897  101.0217
6551.57631355017  99.43273
6551.81004889136  85.57772
6552.04378423256  83.24506
6552.27751957376  85.97662
6552.51125491496  84.66215
6552.74499025615  109.7973
6552.97872559735  112.8407
6553.21246093855  74.62009
6553.44619627975  69.307
6553.67993162094  89.34059
6553.91366696214  107.9435
6554.14740230334  106.1207
6554.38113764454  92.6592
6554.61487298574  70.58146
6554.84860832693  50.93227
6555.08234366813  64.45532
6555.31607900933  65.1537
6555.54981435053  75.06871
6555.78354969172  58.6044
6556.01728503292  89.23701
6556.25102037412  85.24217
6556.48475571532  75.04035
6556.71849105651  85.82983
6556.95222639771  72.47759
6557.18596173891  90.30715
6557.41969708011  69.96553
6557.6534324213  69.57049
6557.8871677625  65.89809
6558.1209031037  57.73006
6558.3546384449  79.65465
6558.58837378609  84.30377
6558.82210912729  85.53584
6559.05584446849  79.03259
6559.28957980969  107.0146
6559.52331515088  66.88103
6559.75705049208  21.96461
6559.99078583328  82.15753
6560.22452117448  76.11392
6560.45825651567  52.74508
6560.69199185687  93.01109
6560.92572719807  83.05229
6561.15946253927  104.7796
6561.39319788046  98.22369
6561.62693322166  84.76298
6561.86066856286  62.97257
6562.09440390406  94.78327
6562.32813924525  85.01098
6562.56187458645  94.96357
6562.79560992765  97.31117
6563.02934526885  80.78849
6563.26308061004  97.65378
6563.49681595124  83.06992
6563.73055129244  66.66224
6563.96428663364  75.22322
6564.19802197483  97.42247
6564.43175731603  81.65082
6564.66549265723  57.07716
6564.89922799843  79.84279
6565.13296333962  100.3479
6565.36669868082  86.62604
6565.60043402202  60.76695
6565.83416936322  30.95956
6566.06790470441  38.9286
6566.30164004561  77.52973
6566.53537538681  70.25948
6566.76911072801  40.81981
6567.00284606921  66.77304
6567.2365814104  51.17334
6567.4703167516  40.52144
6567.7040520928  72.73887
6567.937787434  81.61192
6568.17152277519  58.55327
6568.40525811639  77.12281
6568.63899345759  82.92667
6568.87272879879  40.56081
6569.10646413998  66.73014
6569.34019948118  73.76659
6569.57393482238  41.13054
6569.80767016358  49.27652
6570.04140550477  61.77277
6570.27514084597  82.53278
6570.50887618717  66.68063
6570.74261152837  39.46031
6570.97634686956  70.84605
6571.21008221076  72.18211
6571.44381755196  55.26749
6571.67755289316  51.62131
6571.91128823435  65.45865
6572.14502357555  84.63338
6572.37875891675  70.85643
6572.61249425795  60.70527
6572.84622959914  59.87476
6573.07996494034  43.71688
6573.31370028154  68.7584
6573.54743562273  63.34118
6573.78117096393  65.59905
6574.01490630513  59.37173
6574.24864164633  54.05864
6574.48237698753  90.43924
6574.71611232872  63.46378
6574.94984766992  67.30551
6575.18358301112  40.31324
6575.41731835232  67.57089
6575.65105369351  68.77089
6575.88478903471  31.78445
6576.11852437591  59.60701
6576.35225971711  34.72154
6576.5859950583  55.82469
6576.8197303995  53.75714
6577.0534657407  58.02603
6577.2872010819  35.14952
6577.52093642309  54.09792
6577.75467176429  80.01111
6577.98840710549  72.7039
6578.22214244669  54.40699
6578.45587778788  62.61948
6578.68961312908  57.08676
6578.92334847028  49.64546
6579.15708381148  48.46123
6579.39081915268  54.31792
6579.62455449387  58.93208
6579.85828983507  59.82533
6580.09202517627  36.27552
6580.32576051747  38.90452
6580.55949585866  58.89695
6580.79323119986  66.88078
6581.02696654106  83.51367
6581.26070188225  84.5039
6581.49443722345  38.85283
6581.72817256465  0.7760754
6581.96190790585  20.98927
6582.19564324704  37.67953
6582.42937858824  52.48221
6582.66311392944  16.59955
6582.89684927064  11.66451
6583.13058461183  15.66773
6583.36431995303  64.53589
6583.59805529423  46.67208
6583.83179063543  28.74701
6584.06552597662  56.60162
6584.29926131782  62.65248
6584.53299665902  50.18193
6584.76673200022  42.84138
6585.00046734141  58.86513
6585.23420268261  60.12235
6585.46793802381  73.63539
6585.70167336501  62.54848
6585.9354087062  70.41452
6586.1691440474  50.33485
6586.4028793886  44.04038
6586.6366147298  28.90714
6586.870350071  44.88824
6587.10408541219  60.47942
6587.33782075339  37.09375
6587.57155609459  27.46541
6587.80529143579  28.97453
6588.03902677698  58.23948
6588.27276211818  87.47881
6588.50649745938  78.95376
6588.74023280058  67.9239
6588.97396814177  61.59724
6589.20770348297  69.06755
6589.44143882417  55.17797
6589.67517416537  33.64983
6589.90890950656  58.32838
6590.14264484776  62.48645
6590.37638018896  64.32085
6590.61011553016  56.82343
6590.84385087135  47.00321
6591.07758621255  53.15057
6591.31132155375  56.57735
6591.54505689495  47.2369
6591.77879223614  56.52223
6592.01252757734  84.05557
6592.24626291854  68.6187
6592.47999825974  53.89493
6592.71373360093  33.10907
6592.94746894213  54.1527
6593.18120428333  42.0165
6593.41493962453  46.61311
6593.64867496572  74.03162
6593.88241030692  46.35926
6594.11614564812  35.31961
6594.34988098932  27.92899
6594.58361633051  46.44493
6594.81735167171  73.73838
6595.05108701291  67.48612
6595.28482235411  62.28072
6595.51855769531  39.05942
6595.7522930365  13.08054
6595.9860283777  32.46129
6596.2197637189  43.16883
6596.45349906009  22.80769
6596.68723440129  45.49109
6596.92096974249  63.69572
6597.15470508369  41.50508
6597.38844042489  50.24777
6597.62217576608  45.75761
6597.85591110728  58.0664
6598.08964644848  57.66555
6598.32338178968  47.45366
6598.55711713087  43.82124
6598.79085247207  45.43875
6599.02458781327  8.315499
6599.25832315447  13.54412
6599.49205849566  55.85793
6599.72579383686  53.048
6599.95952917806  36.01769
6600.19326451926  56.28263
6600.42699986045  60.72454
6600.66073520165  57.58989
6600.89447054285  57.36307
6601.12820588405  87.2208
6601.36194122524  53.53627
6601.59567656644  41.43015
6601.82941190764  54.0785
6602.06314724884  34.82042
6602.29688259003  18.62564
6602.53061793123  38.00378
6602.76435327243  36.30567
6602.99808861363  23.90633
6603.23182395482  2.002688
6603.46555929602  32.10408
6603.69929463722  48.70134
6603.93302997842  64.06094
6604.16676531961  15.10958
6604.40050066081  30.36093
6604.63423600201  34.25897
6604.86797134321  43.88871
6605.1017066844  44.86872
6605.3354420256  -1.297334
6605.5691773668  17.11958
6605.802912708  49.77526
6606.03664804919  71.80593
6606.27038339039  42.43116
6606.50411873159  51.98284
6606.73785407279  42.95164
6606.97158941398  3.056019
6607.20532475518  39.89182
6607.43906009638  61.41656
6607.67279543758  54.71124
6607.90653077877  13.30296
6608.14026611997  19.31405
6608.37400146117  18.73152
6608.60773680237  60.92007
6608.84147214356  39.23653
6609.07520748476  39.00499
6609.30894282596  77.83852
6609.54267816716  55.26258
6609.77641350836  31.4118
6610.01014884955  43.39771
6610.24388419075  7.166221
6610.47761953195  24.72004
6610.71135487314  56.9712
6610.94509021434  48.11463
6611.17882555554  42.22549
6611.41256089674  41.46315
6611.64629623793  19.75163
6611.88003157913  19.46956
6612.11376692033  30.89103
6612.34750226153  21.62449
6612.58123760272  37.91742
6612.81497294392  9.26733
6613.04870828512  75.24664
6613.28244362632  40.33672
6613.51617896752  52.12144
6613.74991430871  10.62595
6613.98364964991  43.76499
6614.21738499111  46.70761
6614.45112033231  26.60762
6614.6848556735  64.44223
6614.9185910147  45.81337
6615.1523263559  44.95773
6615.3860616971  37.36902
6615.61979703829  41.12989
6615.85353237949  48.22704
6616.08726772069  36.57822
6616.32100306189  68.60931
6616.55473840308  36.66502
6616.78847374428  29.42594
6617.02220908548  45.1881
6617.25594442668  40.77398
6617.48967976787  37.75586
6617.72341510907  38.33484
6617.95715045027  58.73754
6618.19088579147  52.31617
6618.42462113266  31.49026
6618.65835647386  33.25556
6618.89209181506  38.61309
6619.12582715626  47.05735
6619.35956249745  27.42665
6619.59329783865  43.401
6619.82703317985  14.38796
6620.06076852105  5.190079
6620.29450386225  31.22665
6620.52823920344  28.46363
6620.76197454464  15.13223
6620.99570988584  77.33368
6621.22944522704  71.71045
6621.46318056823  73.99949
6621.69691590943  49.8914
6621.93065125063  27.99941
6622.16438659183  51.225
6622.39812193302  50.75219
6622.63185727422  36.73613
6622.86559261542  41.59443
6623.09932795661  37.64154
6623.33306329781  55.68407
6623.56679863901  45.86046
6623.80053398021  26.65465
6624.0342693214  43.38088
6624.2680046626  79.66077
6624.5017400038  43.99343
6624.735475345  32.03489
6624.96921068619  63.30814
6625.20294602739  20.22886
6625.43668136859  44.67617
6625.67041670979  40.63444
6625.90415205098  26.06711
6626.13788739218  54.81559
6626.37162273338  55.6181
6626.60535807458  11.55057
6626.83909341577  38.89021
6627.07282875697  39.05847
6627.30656409817  21.84589
6627.54029943937  42.30139
6627.77403478057  54.43957
6628.00777012176  39.99594
6628.24150546296  37.67841
6628.47524080416  67.28427
6628.70897614535  64.00311
6628.94271148655  43.68219
6629.17644682775  15.87524
6629.41018216895  36.42567
6629.64391751015  38.08484
6629.87765285134  38.77013
6630.11138819254  54.9807
6630.34512353374  50.46759
6630.57885887494  40.17642
6630.81259421613  14.44549
6631.04632955733  31.58101
6631.28006489853  77.94389
6631.51380023973  61.69668
6631.74753558092  29.95007
6631.98127092212  4.02434
6632.21500626332  9.280422
6632.44874160452  52.18734
6632.68247694571  78.81293
6632.91621228691  52.5191
6633.14994762811  48.0993
6633.38368296931  32.97757
6633.6174183105  17.2111
6633.8511536517  23.80134
6634.0848889929  62.43827
6634.3186243341  75.0822
6634.55235967529  36.42034
6634.78609501649  14.56403
6635.01983035769  43.58898
6635.25356569889  27.29745
6635.48730104008  48.58148
6635.72103638128  38.73753
6635.95477172248  23.85339
6636.18850706368  33.50618
6636.42224240487  3.137889
6636.65597774607  12.07539
6636.88971308727  -0.7591627
6637.12344842847  7.781858
6637.35718376966  28.20624
6637.59091911086  18.14876
6637.82465445206  20.27451
6638.05838979326  48.39794
6638.29212513445  20.69703
6638.52586047565  21.15405
6638.75959581685  43.49452
6638.99333115805  36.28215
6639.22706649924  37.00338
6639.46080184044  41.45375
6639.69453718164  2.095337
6639.92827252284  32.21239
6640.16200786403  40.26748
6640.39574320523  36.1213
6640.62947854643  46.89205
6640.86321388763  53.80244
6641.09694922882  62.35423
6641.33068457002  35.65096
6641.56441991122  37.17226
6641.79815525242  49.20594
6642.03189059361  32.66236
6642.26562593481  41.17673
6642.49936127601  38.63275
6642.73309661721  31.95306
6642.96683195841  40.68996
6643.2005672996  61.74943
6643.4343026408  48.72948
6643.668037982  48.54965
6643.9017733232  54.69439
6644.13550866439  46.18378
6644.36924400559  11.43375
6644.60297934679  27.29137
6644.83671468799  14.74618
6645.07045002918  20.80619
6645.30418537038  33.6758
6645.53792071158  17.92158
6645.77165605278  56.49382
6646.00539139397  68.11522
6646.23912673517  31.50246
6646.47286207637  27.4856
6646.70659741757  1.008216
6646.94033275876  7.914246
6647.17406809996  36.13487
6647.40780344116  42.0675
6647.64153878236  30.22959
6647.87527412355  41.50924
6648.10900946475  52.81781
6648.34274480595  42.76119
6648.57648014715  31.29033
6648.81021548834  43.47801
6649.04395082954  43.15672
6649.27768617074  6.996611
6649.51142151194  8.324405
6649.74515685313  45.57123
6649.97889219433  53.32034
6650.21262753553  27.66692
6650.44636287673  24.48136
6650.68009821792  10.33427
6650.91383355912  12.17079
6651.14756890032  11.27846
6651.38130424152  18.749
6651.61503958271  51.82354
6651.84877492391  34.11941
6652.08251026511  9.057214
6652.31624560631  3.844229
6652.5499809475  35.27224
6652.7837162887  29.74406
6653.0174516299  31.3936
6653.2511869711  40.69478
6653.48492231229  45.25207
6653.71865765349  25.58703
6653.95239299469  59.45858
6654.18612833589  22.28062
6654.41986367709  23.0607
6654.65359901828  15.97954
6654.88733435948  55.78541
6655.12106970068  30.57448
6655.35480504187  -2.924602
6655.58854038307  8.49705
6655.82227572427  -3.279612
6656.05601106547  29.83884
6656.28974640667  17.49782
6656.52348174786  31.31962
6656.75721708906  35.0542
6656.99095243026  30.29606
6657.22468777146  36.19586
6657.45842311265  51.88559
6657.69215845385  70.82995
6657.92589379505  47.65959
6658.15962913624  24.86848
6658.39336447744  -2.346903
6658.62709981864  37.75414
6658.86083515984  33.85925
6659.09457050104  33.11429
6659.32830584223  22.12669
6659.56204118343  18.53094
6659.79577652463  25.95329
6660.02951186583  19.55217
6660.26324720702  14.12673
6660.49698254822  23.54265
6660.73071788942  -9.75824
6660.96445323062  17.46205
6661.19818857181  30.78926
6661.43192391301  49.95961
6661.66565925421  51.07067
6661.8993945954  31.55434
6662.1331299366  29.89731
6662.3668652778  44.09195
6662.600600619  38.01355
6662.8343359602  0.5116547
6663.06807130139  4.804015
6663.30180664259  5.810571
6663.53554198379  -4.665164
6663.76927732499  9.962231
6664.00301266618  29.60097
6664.23674800738  54.94643
6664.47048334858  31.06993
6664.70421868978  19.37334
6664.93795403097  8.9266
6665.17168937217  12.32682
6665.40542471337  13.578
6665.63916005457  -1.209254
6665.87289539576  32.56193
6666.10663073696  14.86262
6666.34036607816  -12.68496
6666.57410141936  25.91205
6666.80783676055  40.21665
6667.04157210175  9.02827
6667.27530744295  4.214437
6667.50904278415  4.78222
6667.74277812534  -6.207798
6667.97651346654  4.474096
6668.21024880774  14.61293
6668.44398414894  32.40768
6668.67771949013  14.2188
6668.91145483133  39.84931
6669.14519017253  25.87838
6669.37892551373  8.496957
6669.61266085493  23.76128
6669.84639619612  8.060856
6670.08013153732  5.419706
6670.31386687852  12.27515
6670.54760221972  35.90635
6670.78133756091  7.382243
6671.01507290211  -3.277514
6671.24880824331  0.667652
6671.48254358451  14.08097
6671.7162789257  22.58891
6671.9500142669  40.93643
6672.1837496081  0.8514221
6672.4174849493  4.318211
6672.65122029049  20.15572
6672.88495563169  18.45973
6673.11869097289  5.222749
6673.35242631409  15.74324
6673.58616165528  34.72265
6673.81989699648  16.46292
6674.05363233768  22.73011
6674.28736767888  9.874237
6674.52110302007  6.669471
6674.75483836127  10.03238
6674.98857370247  25.71861
6675.22230904367  6.81324
6675.45604438486  3.92943
6675.68977972606  0.1345585
6675.92351506726  26.82329
6676.15725040846  6.522852
6676.39098574965  13.20591
6676.62472109085  21.74423
6676.85845643205  16.74944
6677.09219177325  -0.611394
6677.32592711444  -4.352445
6677.55966245564  -3.560483
6677.79339779684  23.81332
6678.02713313804  30.58895
6678.26086847923  -9.64732
6678.49460382043  17.89373
6678.72833916163  21.30169
6678.96207450283  0.4956473
6679.19580984402  7.842209
6679.42954518522  27.18145
6679.66328052642  3.317544
6679.89701586762  25.28395
6680.13075120881  31.50241
6680.36448655001  36.61438
6680.59822189121  26.63313
6680.83195723241  46.47451
6681.06569257361  25.74695
6681.2994279148  17.41085
6681.533163256  33.72214
6681.7668985972  39.83434
6682.00063393839  1.816386
6682.23436927959  20.32623
6682.46810462079  53.04582
6682.70183996199  24.70725
6682.93557530318  -10.28189
6683.16931064438  -3.771651
6683.40304598558  11.83093
6683.63678132678  -29.26292
6683.87051666798  16.03829
6684.10425200917  0.5701236
6684.33798735037  -6.303351
6684.57172269157  24.70157
6684.80545803276  -8.564471
6685.03919337396  3.701943
6685.27292871516  17.80118
6685.50666405636  9.088233
6685.74039939756  16.35379
6685.97413473875  0.6619301
6686.20787007995  -1.910803
6686.44160542115  23.93441
6686.67534076235  11.28019
6686.90907610354  -0.5764071
6687.14281144474  19.93977
6687.37654678594  40.15212
6687.61028212714  26.81307
6687.84401746833  50.33571
6688.07775280953  -11.03196
6688.31148815073  -23.75522
6688.54522349193  24.62047
6688.77895883312  12.29114
6689.01269417432  19.6775
6689.24642951552  2.294916
6689.48016485672  23.40016
6689.71390019791  0.9227456
6689.94763553911  5.079533
6690.18137088031  -10.01662
6690.41510622151  -11.18056
6690.6488415627  14.50919
6690.8825769039  47.83907
6691.1163122451  25.80544
6691.3500475863  -9.945954
6691.58378292749  -17.51091
6691.81751826869  -0.8498453
6692.05125360989  9.323677
6692.28498895109  22.57786
6692.51872429228  3.190285
