6453.4074702472  28.54712
6453.6412055884  -12.60739
6453.8749409296  12.0437
6454.10867627079  31.97651
6454.34241161199  16.54993
6454.57614695319  1.224723
6454.80988229439  4.016105
6455.04361763558  -1.844631
6455.27735297678  9.849439
6455.51108831798  41.32688
6455.74482365918  44.81693
6455.97855900037  34.72953
6456.21229434157  -2.773872
6456.44602968277  34.55812
6456.67976502397  47.5172
6456.91350036516  27.724
6457.14723570636  19.97076
6457.38097104756  49.63431
6457.61470638876  46.38102
6457.84844172995  17.00422
6458.08217707115  15.3973
6458.31591241235  7.627812
6458.54964775355  -26.37293
6458.78338309474  -41.3471
6459.01711843594  -24.08418
6459.25085377714  17.31659
6459.48458911834  24.04411
6459.71832445954  19.60252
6459.95205980073  34.57453
6460.18579514193  16.74764
6460.41953048313  41.28925
6460.65326582432  10.49027
6460.88700116552  -8.301646
6461.12073650672  24.97438
6461.35447184792  20.28375
6461.58820718911  -2.822255
6461.82194253031  -9.400101
6462.05567787151  -13.23528
6462.28941321271  -5.471741
6462.52314855391  -18.67889
6462.7568838951  18.89117
6462.9906192363  1.022598
6463.2243545775  13.27227
6463.45808991869  51.0524
6463.69182525989  15.69387
6463.92556060109  -6.269718
6464.15929594229  10.89776
6464.39303128348  5.835255
6464.62676662468  15.75883
6464.86050196588  36.54454
6465.09423730708  26.23582
6465.32797264827  29.81037
6465.56170798947  15.82805
6465.79544333067  22.34948
6466.02917867187  -22.09447
6466.26291401307  11.24535
6466.49664935426  1.123967
6466.73038469546  12.98337
6466.96412003666  1.974697
6467.19785537785  -3.336468
6467.43159071905  12.52627
6467.66532606025  -5.616778
6467.89906140145  -12.37242
6468.13279674265  27.00037
6468.36653208384  38.86759
6468.60026742504  30.90014
6468.83400276624  54.29745
6469.06773810744  34.754
6469.30147344863  7.80329
6469.53520878983  13.28618
6469.76894413103  44.42683
6470.00267947223  21.77573
6470.23641481342  34.3019
6470.47015015462  43.47045
6470.70388549582  0.8356433
6470.93762083702  6.196169
6471.17135617821  35.16307
6471.40509151941  20.48941
6471.63882686061  27.85946
6471.87256220181  47.81869
6472.106297543  43.92886
6472.3400328842  12.40808
6472.5737682254  33.33293
6472.8075035666  50.94852
6473.04123890779  54.76004
6473.27497424899  31.8473
6473.50870959019  23.88498
6473.74244493139  27.07727
6473.97618027258  27.15957
6474.20991561378  32.91618
6474.44365095498  26.33256
6474.67738629618  -0.4169811
6474.91112163737  2.147869
6475.14485697857  33.03963
6475.37859231977  28.77871
6475.61232766097  18.19951
6475.84606300216  21.61659
6476.07979834336  37.3926
6476.31353368456  1.379407
6476.54726902576  36.87313
6476.78100436695  11.82829
6477.01473970815  -36.72395
6477.24847504935  10.54466
6477.48221039055  50.05529
6477.71594573174  35.38521
6477.94968107294  29.63711
6478.18341641414  31.95941
6478.41715175534  28.32694
6478.65088709654  38.42971
6478.88462243773  47.74353
6479.11835777893  18.26534
6479.35209312013  19.72309
6479.58582846133  31.93686
6479.81956380252  4.078219
6480.05329914372  16.39446
6480.28703448492  33.65294
6480.52076982612  28.34798
6480.75450516731  -4.642853
6480.98824050851  7.930864
6481.22197584971  47.81174
6481.4557111909  18.25586
6481.6894465321  -22.08129
6481.9231818733  6.170419
6482.1569172145  21.94263
6482.3906525557  29.65477
6482.62438789689  65.4112
6482.85812323809  9.409393
6483.09185857929  36.0734
6483.32559392049  61.35211
6483.55932926168  49.95329
6483.79306460288  28.50314
6484.02679994408  24.64742
6484.26053528528  20.34929
6484.49427062647  21.73489
6484.72800596767  21.17984
6484.96174130887  9.887179
6485.19547665007  17.95158
6485.42921199126  39.6812
6485.66294733246  57.5764
6485.89668267366  72.6454
6486.13041801486  54.60455
6486.36415335605  12.33801
6486.59788869725  -6.078744
6486.83162403845  47.96239
6487.06535937965  44.66614
6487.29909472084  22.30671
6487.53283006204  44.7942
6487.76656540324  45.35743
6488.00030074444  20.35318
6488.23403608563  15.31596
6488.46777142683  28.74089
6488.70150676803  44.87121
6488.93524210923  27.08766
6489.16897745042  -3.770984
6489.40271279162  -10.54982
6489.63644813282  15.49414
6489.87018347402  47.4447
6490.10391881521  30.61337
6490.33765415641  41.02987
6490.57138949761  28.50078
6490.80512483881  2.100412
6491.03886018  11.93937
6491.2725955212  34.76329
6491.5063308624  35.28265
6491.7400662036  -12.0647
6491.97380154479  9.875914
6492.20753688599  18.92544
6492.44127222719  -6.05077
6492.67500756839  23.01248
6492.90874290958  54.09843
6493.14247825078  55.1218
6493.37621359198  34.85922
6493.60994893318  11.21847
6493.84368427437  27.72618
6494.07741961557  23.26649
6494.31115495677  28.6938
6494.54489029797  63.68602
6494.77862563917  41.10603
6495.01236098036  19.47668
6495.24609632156  58.13062
6495.47983166276  52.58467
6495.71356700396  43.03534
6495.94730234515  41.87757
6496.18103768635  14.5578
6496.41477302755  17.92452
6496.64850836875  17.14869
6496.88224370994  -9.099311
6497.11597905114  -1.453331
6497.34971439234  48.13716
6497.58344973354  51.73251
6497.81718507473  17.95711
6498.05092041593  22.91223
6498.28465575713  24.77953
6498.51839109833  43.8119
6498.75212643952  55.6242
6498.98586178072  52.10159
6499.21959712192  16.14756
6499.45333246311  3.055485
6499.68706780431  33.2496
6499.92080314551  35.17409
6500.15453848671  40.97723
6500.3882738279  42.00148
6500.6220091691  40.70219
6500.8557445103  5.057006
6501.0894798515  21.96241
6501.3232151927  43.56403
6501.55695053389  21.43132
6501.79068587509  32.23759
6502.02442121629  25.02425
6502.25815655749  21.44929
6502.49189189868  65.64426
6502.72562723988  43.88283
6502.95936258108  43.39442
6503.19309792228  31.10033
6503.42683326347  43.26406
6503.66056860467  46.21917
6503.89430394587  23.62141
6504.12803928707  66.01488
6504.36177462826  47.29909
6504.59550996946  46.82087
6504.82924531066  65.53326
6505.06298065186  26.5426
6505.29671599305  42.43078
6505.53045133425  34.16948
6505.76418667545  26.58674
6505.99792201665  51.79352
6506.23165735784  22.45555
6506.46539269904  8.248235
6506.69912804024  35.79669
6506.93286338144  22.80076
6507.16659872263  8.072418
6507.40033406383  14.20066
6507.63406940503  24.00587
6507.86780474623  14.17626
6508.10154008742  10.99749
6508.33527542862  44.35825
6508.56901076982  67.24908
6508.80274611102  44.67222
6509.03648145222  42.17463
6509.27021679341  48.12213
6509.50395213461  -3.454026
6509.73768747581  42.17804
6509.97142281701  89.22754
6510.2051581582  58.17678
6510.4388934994  65.77728
6510.6726288406  89.67176
6510.90636418179  84.20904
6511.14009952299  39.41536
6511.37383486419  21.85265
6511.60757020539  49.43843
6511.84130554658  38.58957
6512.07504088778  39.03942
6512.30877622898  45.94321
6512.54251157018  37.85898
6512.77624691138  -16.06461
6513.00998225257  18.37583
6513.24371759377  41.53222
6513.47745293497  27.61882
6513.71118827617  41.21821
6513.94492361736  69.87619
6514.17865895856  9.269083
6514.41239429976  12.96272
6514.64612964096  3.968873
6514.87986498215  -33.57357
6515.11360032335  3.093327
6515.34733566455  55.5954
6515.58107100575  51.47733
6515.81480634694  28.9292
6516.04854168814  52.07611
6516.28227702934  27.04174
6516.51601237054  -16.20668
6516.74974771173  20.63468
6516.98348305293  53.71311
6517.21721839413  58.96561
6517.45095373533  31.06385
6517.68468907652  26.50266
6517.91842441772  46.90413
6518.15215975892  34.28717
6518.38589510012  -8.500593
6518.61963044131  -11.31597
6518.85336578251  8.950238
6519.08710112371  6.850368
6519.32083646491  22.68134
6519.5545718061  0.6187101
6519.7883071473  29.05967
6520.0220424885  31.49763
6520.25577782969  56.70301
6520.48951317089  62.94366
6520.72324851209  33.16224
6520.95698385329  44.82644
6521.19071919449  45.40811
6521.42445453568  38.9395
6521.65818987688  61.20367
6521.89192521808  55.10882
6522.12566055928  18.63699
6522.35939590047  33.36233
6522.59313124167  76.08907
6522.82686658287  77.5791
6523.06060192407  42.39011
6523.29433726526  13.35765
6523.52807260646  83.0644
6523.76180794766  61.0194
6523.99554328886  19.70749
6524.22927863005  37.80216
6524.46301397125  49.51944
6524.69674931245  38.60855
6524.93048465365  19.2288
6525.16421999485  31.11767
6525.39795533604  72.26688
6525.63169067724  68.74203
6525.86542601844  57.30656
6526.09916135964  55.23366
6526.33289670083  54.66956
6526.56663204203  24.12573
6526.80036738323  25.11912
6527.03410272443  38.27871
6527.26783806562  45.95404
6527.50157340682  37.95775
6527.73530874802  51.36485
6527.96904408922  46.0345
6528.20277943041  18.27592
6528.43651477161  32.87184
6528.67025011281  49.20159
6528.90398545401  27.82505
6529.1377207952  34.33366
6529.3714561364  89.15813
6529.6051914776  42.90174
6529.8389268188  26.47715
6530.07266215999  5.105185
6530.30639750119  49.30986
6530.54013284239  70.55233
6530.77386818359  23.22837
6531.00760352478  -1.236493
6531.24133886598  27.96519
6531.47507420718  74.47913
6531.70880954838  52.95434
6531.94254488957  62.58807
6532.17628023077  42.68966
6532.41001557197  36.48508
6532.64375091317  35.72153
6532.87748625436  84.27351
6533.11122159556  36.81618
6533.34495693676  28.65405
6533.57869227796  38.4795
6533.81242761915  37.28547
6534.04616296035  27.93334
6534.27989830155  31.03579
6534.51363364275  45.37693
6534.74736898394  39.44778
6534.98110432514  44.30282
6535.21483966634  42.90389
6535.44857500754  32.67074
6535.68231034874  40.4302
6535.91604568993  38.47882
6536.14978103113  15.73926
6536.38351637233  20.00578
6536.61725171353  53.53893
6536.85098705472  6.671715
6537.08472239592  18.52621
6537.31845773712  26.52957
6537.55219307832  42.10357
6537.78592841951  64.68252
6538.01966376071  70.36803
6538.25339910191  52.28515
6538.48713444311  17.39175
6538.7208697843  51.93876
6538.9546051255  33.11004
6539.1883404667  11.21646
6539.4220758079  41.80607
6539.65581114909  70.64729
6539.88954649029  24.95094
6540.12328183149  45.86214
6540.35701717268  67.48019
6540.59075251388  30.45498
6540.82448785508  63.04443
6541.05822319628  33.98582
6541.29195853747  2.892474
6541.52569387867  54.29758
6541.75942921987  57.78715
6541.99316456107  32.52593
6542.22689990227  46.40139
6542.46063524346  59.64617
6542.69437058466  36.60922
6542.92810592586  25.40437
6543.16184126706  54.96706
6543.39557660825  57.84522
6543.62931194945  42.23935
6543.86304729065  31.15097
6544.09678263185  27.34119
6544.33051797304  40.01549
6544.56425331424  54.6641
6544.79798865544  109.0552
6545.03172399664  60.69604
6545.26545933783  35.41798
6545.49919467903  66.234
6545.73293002023  35.12797
6545.96666536143  67.5985
6546.20040070262  59.04322
6546.43413604382  46.31991
6546.66787138502  52.94044
6546.90160672622  64.59875
6547.13534206741  41.65908
6547.36907740861  29.39153
6547.60281274981  84.74377
6547.83654809101  68.92282
6548.07028343221  55.53743
6548.3040187734  52.47074
6548.5377541146  44.25044
6548.7714894558  67.9509
6549.00522479699  81.1008
6549.23896013819  53.69812
6549.47269547939  37.68273
6549.70643082059  82.67052
6549.94016616178  48.67919
6550.17390150298  58.49992
6550.40763684418  60.39966
6550.64137218538  59.30714
6550.87510752657  84.79769
6551.10884286777  97.59884
6551.34257820897  75.4392
6551.57631355017  109.4647
6551.81004889136  107.177
6552.04378423256  72.23818
6552.27751957376  67.2928
6552.51125491496  92.46004
6552.74499025615  58.56618
6552.97872559735  54.71722
6553.21246093855  112.304
6553.44619627975  81.00877
6553.67993162094  89.51617
6553.91366696214  99.13841
6554.14740230334  63.06425
6554.38113764454  57.85773
6554.61487298574  65.2471
6554.84860832693  108.7736
6555.08234366813  89.04565
6555.31607900933  75.97868
6555.54981435053  52.19299
6555.78354969172  52.92921
6556.01728503292  107.7888
6556.25102037412  45.53609
6556.48475571532  49.71508
6556.71849105651  89.20441
6556.95222639771  81.1875
6557.18596173891  108.697
6557.41969708011  67.13835
6557.6534324213  89.25665
6557.8871677625  99.87525
6558.1209031037  87.6031
6558.3546384449  72.58202
6558.58837378609  72.62173
6558.82210912729  76.23994
6559.05584446849  83.10521
6559.28957980969  63.32179
6559.52331515088  64.60589
6559.75705049208  76.95867
6559.99078583328  76.55593
6560.22452117448  73.82761
6560.45825651567  74.33702
6560.69199185687  74.91948
6560.92572719807  11.16686
6561.15946253927  9.821045
6561.39319788046  85.73483
6561.62693322166  115.1285
6561.86066856286  69.17715
6562.09440390406  101.2708
6562.32813924525  76.64405
6562.56187458645  58.73182
6562.79560992765  80.65148
6563.02934526885  64.07794
6563.26308061004  45.99144
6563.49681595124  77.31734
6563.73055129244  85.18163
6563.96428663364  62.88723
6564.19802197483  72.26736
6564.43175731603  85.83691
6564.66549265723  117.6233
6564.89922799843  78.32894
6565.13296333962  96.51468
6565.36669868082  71.07354
6565.60043402202  48.90305
6565.83416936322  74.12955
6566.06790470441  76.92385
6566.30164004561  59.15186
6566.53537538681  17.22476
6566.76911072801  53.24266
6567.00284606921  86.22411
6567.2365814104  67.6835
6567.4703167516  70.97784
6567.7040520928  99.6014
6567.937787434  78.58144
6568.17152277519  65.73701
6568.40525811639  75.70425
6568.63899345759  41.20168
6568.87272879879  66.63329
6569.10646413998  132.1384
6569.34019948118  97.26962
6569.57393482238  66.9903
6569.80767016358  86.68274
6570.04140550477  58.50161
6570.27514084597  49.74439
6570.50887618717  53.99784
6570.74261152837  69.53088
6570.97634686956  92.53686
6571.21008221076  69.6808
6571.44381755196  55.866
6571.67755289316  50.79458
6571.91128823435  25.25757
6572.14502357555  53.6249
6572.37875891675  83.69775
6572.61249425795  47.72055
6572.84622959914  50.00516
6573.07996494034  64.91213
6573.31370028154  93.90018
6573.54743562273  52.67552
6573.78117096393  55.82651
6574.01490630513  82.24715
6574.24864164633  54.91008
6574.48237698753  77.08961
6574.71611232872  78.22192
6574.94984766992  87.32544
6575.18358301112  76.52786
6575.41731835232  59.38546
6575.65105369351  48.74904
6575.88478903471  11.62184
6576.11852437591  48.22661
6576.35225971711  80.655
6576.5859950583  34.10477
6576.8197303995  65.38327
6577.0534657407  62.7562
6577.2872010819  76.64996
6577.52093642309  97.98612
6577.75467176429  75.37931
6577.98840710549  37.57051
6578.22214244669  44.52657
6578.45587778788  53.02171
6578.68961312908  77.44628
6578.92334847028  65.88656
6579.15708381148  37.98587
6579.39081915268  55.88841
6579.62455449387  57.61355
6579.85828983507  51.03004
6580.09202517627  35.77553
6580.32576051747  33.48361
6580.55949585866  62.71198
6580.79323119986  77.11761
6581.02696654106  82.64371
6581.26070188225  36.27835
6581.49443722345  62.07705
6581.72817256465  58.21846
6581.96190790585  21.25948
6582.19564324704  44.67426
6582.42937858824  34.10266
6582.66311392944  34.87509
6582.89684927064  32.53201
6583.13058461183  8.237622
6583.36431995303  47.74488
6583.59805529423  27.38587
6583.83179063543  47.3673
6584.06552597662  36.6701
6584.29926131782  37.08575
6584.53299665902  48.95811
6584.76673200022  67.11771
6585.00046734141  56.00638
6585.23420268261  48.62679
6585.46793802381  43.62587
6585.70167336501  17.8798
6585.9354087062  46.46281
6586.1691440474  53.35901
6586.4028793886  63.03284
6586.6366147298  19.00985
6586.870350071  21.78757
6587.10408541219  109.4265
6587.33782075339  102.7294
6587.57155609459  64.84702
6587.80529143579  27.04284
6588.03902677698  54.3075
6588.27276211818  65.87986
6588.50649745938  66.17641
6588.74023280058  53.94693
6588.97396814177  51.59298
6589.20770348297  59.9415
6589.44143882417  32.66717
6589.67517416537  24.62214
6589.90890950656  40.14829
6590.14264484776  39.32742
6590.37638018896  26.6911
6590.61011553016  63.88633
6590.84385087135  73.91309
6591.07758621255  54.23201
6591.31132155375  12.99261
6591.54505689495  -1.24702
6591.77879223614  78.67667
6592.01252757734  47.57147
6592.24626291854  -5.70113
6592.47999825974  15.53762
6592.71373360093  32.04516
6592.94746894213  17.87335
6593.18120428333  52.1866
6593.41493962453  67.81123
6593.64867496572  69.53233
6593.88241030692  61.86562
6594.11614564812  55.65119
6594.34988098932  35.51995
6594.58361633051  21.79984
6594.81735167171  42.83675
6595.05108701291  60.41812
6595.28482235411  65.49181
6595.51855769531  25.66396
6595.7522930365  6.086545
6595.9860283777  16.75399
6596.2197637189  49.06562
6596.45349906009  24.98182
6596.68723440129  38.71611
6596.92096974249  51.69838
6597.15470508369  7.369526
6597.38844042489  62.40956
6597.62217576608  73.07288
6597.85591110728  32.49369
6598.08964644848  40.46408
6598.32338178968  23.59773
6598.55711713087  37.23995
6598.79085247207  59.37192
6599.02458781327  39.22351
6599.25832315447  24.65933
6599.49205849566  41.22915
6599.72579383686  47.91655
6599.95952917806  7.112778
6600.19326451926  32.24306
6600.42699986045  55.20895
6600.66073520165  44.22435
6600.89447054285  45.34893
6601.12820588405  47.4171
6601.36194122524  61.2652
6601.59567656644  46.27505
6601.82941190764  12.87568
6602.06314724884  14.52184
6602.29688259003  26.45234
6602.53061793123  22.33142
6602.76435327243  49.13431
6602.99808861363  64.52572
6603.23182395482  20.49181
6603.46555929602  57.74206
6603.69929463722  59.18277
6603.93302997842  51.4425
6604.16676531961  52.14684
6604.40050066081  59.47795
6604.63423600201  35.53244
6604.86797134321  23.99285
6605.1017066844  18.54687
6605.3354420256  10.9981
6605.5691773668  64.12231
6605.802912708  40.43777
6606.03664804919  -1.290307
6606.27038339039  17.97186
6606.50411873159  77.43569
6606.73785407279  51.45773
6606.97158941398  33.34184
6607.20532475518  35.6778
6607.43906009638  74.4737
6607.67279543758  19.1501
6607.90653077877  20.42249
6608.14026611997  33.72362
6608.37400146117  69.10828
6608.60773680237  62.16394
6608.84147214356  59.23835
6609.07520748476  42.34408
6609.30894282596  25.47422
6609.54267816716  40.4397
6609.77641350836  27.70831
6610.01014884955  20.66752
6610.24388419075  39.73742
6610.47761953195  29.98349
6610.71135487314  26.59249
6610.94509021434  42.54901
6611.17882555554  34.03833
6611.41256089674  32.34417
6611.64629623793  54.25694
6611.88003157913  47.11018
6612.11376692033  22.26611
6612.34750226153  48.55258
6612.58123760272  16.58488
6612.81497294392  13.20993
6613.04870828512  55.28474
6613.28244362632  54.72137
6613.51617896752  52.7097
6613.74991430871  37.05545
6613.98364964991  45.47504
6614.21738499111  34.79373
6614.45112033231  -5.171685
6614.6848556735  17.01988
6614.9185910147  50.68049
6615.1523263559  24.12844
6615.3860616971  35.96786
6615.61979703829  25.76841
6615.85353237949  47.42172
6616.08726772069  29.97609
6616.32100306189  98.06363
6616.55473840308  35.40794
6616.78847374428  19.78609
6617.02220908548  27.50345
6617.25594442668  60.55655
6617.48967976787  75.8403
6617.72341510907  -16.10329
6617.95715045027  3.911521
6618.19088579147  44.46223
6618.42462113266  11.43608
6618.65835647386  15.9115
6618.89209181506  45.09998
6619.12582715626  34.09396
6619.35956249745  8.326958
6619.59329783865  -6.442646
6619.82703317985  13.64703
6620.06076852105  34.36378
6620.29450386225  50.38294
6620.52823920344  47.35085
6620.76197454464  55.92673
6620.99570988584  60.74201
6621.22944522704  30.34697
6621.46318056823  89.60933
6621.69691590943  39.08593
6621.93065125063  26.35601
6622.16438659183  28.46863
6622.39812193302  47.5813
6622.63185727422  40.96692
6622.86559261542  16.76082
6623.09932795661  48.84542
6623.33306329781  58.49897
6623.56679863901  31.24562
6623.80053398021  35.56523
6624.0342693214  48.92032
6624.2680046626  60.67973
6624.5017400038  3.348701
6624.735475345  13.90535
6624.96921068619  64.0014
6625.20294602739  6.710463
6625.43668136859  18.10527
6625.67041670979  57.84417
6625.90415205098  31.95564
6626.13788739218  35.40709
6626.37162273338  -0.8168755
6626.60535807458  29.11806
6626.83909341577  51.70698
6627.07282875697  37.8894
6627.30656409817  50.25849
6627.54029943937  14.14202
6627.77403478057  27.27961
6628.00777012176  11.69079
6628.24150546296  -1.28616
6628.47524080416  24.05667
6628.70897614535  17.68022
6628.94271148655  36.99382
6629.17644682775  58.59612
6629.41018216895  1.897016
6629.64391751015  17.00881
6629.87765285134  29.60605
6630.11138819254  68.87054
6630.34512353374  15.88134
6630.57885887494  16.62324
6630.81259421613  13.10531
6631.04632955733  17.13441
6631.28006489853  19.96354
6631.51380023973  49.5028
6631.74753558092  -7.901202
6631.98127092212  -13.64177
6632.21500626332  31.21143
6632.44874160452  59.85184
6632.68247694571  11.89888
6632.91621228691  16.30842
6633.14994762811  36.96495
6633.38368296931  51.97102
6633.6174183105  45.39377
6633.8511536517  18.37215
6634.0848889929  49.3443
6634.3186243341  67.17509
6634.55235967529  11.60308
6634.78609501649  12.85999
6635.01983035769  35.90566
6635.25356569889  14.73815
6635.48730104008  5.47927
6635.72103638128  11.0207
6635.95477172248  12.22039
6636.18850706368  51.62128
6636.42224240487  -6.498896
6636.65597774607  33.80244
6636.88971308727  27.10874
6637.12344842847  0.9673575
6637.35718376966  1.207359
6637.59091911086  35.18927
6637.82465445206  44.55688
6638.05838979326  47.90474
6638.29212513445  45.18054
6638.52586047565  2.563115
6638.75959581685  25.59853
6638.99333115805  63.25327
6639.22706649924  78.81504
6639.46080184044  62.49738
6639.69453718164  44.68274
6639.92827252284  29.99953
6640.16200786403  24.25886
6640.39574320523  31.44092
6640.62947854643  33.39556
6640.86321388763  75.23499
6641.09694922882  22.79957
6641.33068457002  36.15308
6641.56441991122  7.035989
6641.79815525242  16.31928
6642.03189059361  25.6905
6642.26562593481  44.04631
6642.49936127601  33.35857
6642.73309661721  32.2463
6642.96683195841  22.07014
6643.2005672996  39.2436
6643.4343026408  42.6375
6643.668037982  48.12017
6643.9017733232  56.06762
6644.13550866439  25.30239
6644.36924400559  26.87623
6644.60297934679  39.74494
6644.83671468799  34.45015
6645.07045002918  22.50458
6645.30418537038  20.17781
6645.53792071158  58.59286
6645.77165605278  68.09859
6646.00539139397  31.09705
6646.23912673517  35.35873
6646.47286207637  13.78318
6646.70659741757  -2.323469
6646.94033275876  26.74682
6647.17406809996  28.38535
6647.40780344116  51.25039
6647.64153878236  46.8541
6647.87527412355  46.75214
6648.10900946475  42.43652
6648.34274480595  15.86744
6648.57648014715  17.22537
6648.81021548834  58.46617
6649.04395082954  41.00669
6649.27768617074  21.45384
6649.51142151194  4.591292
6649.74515685313  -30.62437
6649.97889219433  28.7557
6650.21262753553  24.86916
6650.44636287673  52.0401
6650.68009821792  90.8331
6650.91383355912  42.62626
6651.14756890032  33.41227
6651.38130424152  -9.770788
6651.61503958271  15.96575
6651.84877492391  30.40139
6652.08251026511  31.59201
6652.31624560631  -2.719885
6652.5499809475  17.35523
6652.7837162887  32.35664
6653.0174516299  -5.920804
6653.2511869711  21.09521
6653.48492231229  -1.953189
6653.71865765349  -1.848941
6653.95239299469  10.94481
6654.18612833589  4.598861
6654.41986367709  30.76966
6654.65359901828  38.13938
6654.88733435948  45.97858
6655.12106970068  8.195026
6655.35480504187  17.40199
6655.58854038307  21.03448
6655.82227572427  60.59519
6656.05601106547  62.27469
6656.28974640667  50.14936
6656.52348174786  35.20505
6656.75721708906  12.41797
6656.99095243026  -4.590273
6657.22468777146  37.82845
6657.45842311265  20.13618
6657.69215845385  19.971
6657.92589379505  53.15561
6658.15962913624  30.93223
6658.39336447744  84.23929
6658.62709981864  35.66162
6658.86083515984  -10.72819
6659.09457050104  15.20218
6659.32830584223  30.1451
6659.56204118343  23.31597
6659.79577652463  39.50511
6660.02951186583  61.57424
6660.26324720702  46.57281
6660.49698254822  1.213169
6660.73071788942  23.61583
6660.96445323062  53.62901
6661.19818857181  15.33877
6661.43192391301  13.28117
6661.66565925421  15.11796
6661.8993945954  -1.06034
6662.1331299366  15.97496
6662.3668652778  9.433624
6662.600600619  25.22692
6662.8343359602  31.10001
6663.06807130139  15.78774
6663.30180664259  -23.74393
6663.53554198379  4.399336
6663.76927732499  7.372541
6664.00301266618  -1.312875
6664.23674800738  32.28992
6664.47048334858  -16.49177
6664.70421868978  33.6103
6664.93795403097  -8.08825
6665.17168937217  15.06757
6665.40542471337  1.092866
6665.63916005457  11.17743
6665.87289539576  15.28857
6666.10663073696  32.57773
6666.34036607816  22.76827
6666.57410141936  23.13294
6666.80783676055  24.07811
6667.04157210175  20.72108
6667.27530744295  27.21168
6667.50904278415  19.82882
6667.74277812534  -25.29147
6667.97651346654  19.73952
6668.21024880774  64.05004
6668.44398414894  28.49913
6668.67771949013  18.81617
6668.91145483133  7.832797
6669.14519017253  -7.344012
6669.37892551373  5.479767
6669.61266085493  -7.36949
6669.84639619612  -6.417811
6670.08013153732  20.29364
6670.31386687852  -26.16857
6670.54760221972  1.895991
6670.78133756091  11.21566
6671.01507290211  -6.734661
6671.24880824331  18.4712
6671.48254358451  14.1862
6671.7162789257  -5.339043
6671.9500142669  17.40211
6672.1837496081  7.56896
6672.4174849493  -11.04464
6672.65122029049  -1.196633
6672.88495563169  15.64054
6673.11869097289  -2.750368
6673.35242631409  49.78846
6673.58616165528  14.44301
6673.81989699648  -4.766858
6674.05363233768  38.56689
6674.28736767888  -6.578911
6674.52110302007  19.1205
6674.75483836127  44.08381
6674.98857370247  19.32708
6675.22230904367  22.22649
6675.45604438486  -1.305654
6675.68977972606  -3.112946
6675.92351506726  8.706231
6676.15725040846  -0.8388314
6676.39098574965  7.517103
6676.62472109085  19.84825
6676.85845643205  28.86465
6677.09219177325  14.10064
6677.32592711444  -5.740472
6677.55966245564  13.63291
6677.79339779684  13.87807
6678.02713313804  25.57734
6678.26086847923  7.115832
6678.49460382043  9.346985
6678.72833916163  14.59726
6678.96207450283  35.52988
6679.19580984402  15.76921
6679.42954518522  3.672461
6679.66328052642  -10.86534
6679.89701586762  9.031109
6680.13075120881  4.69035
6680.36448655001  -21.51822
6680.59822189121  3.739686
6680.83195723241  54.39009
6681.06569257361  -2.603376
6681.2994279148  -30.02126
6681.533163256  -6.212102
6681.7668985972  40.08609
6682.00063393839  25.9007
6682.23436927959  22.52443
6682.46810462079  16.11815
6682.70183996199  20.96527
6682.93557530318  -17.67257
6683.16931064438  -16.30096
6683.40304598558  -24.93117
6683.63678132678  30.01308
6683.87051666798  24.71174
6684.10425200917  -0.6424146
6684.33798735037  38.02489
6684.57172269157  21.09442
6684.80545803276  25.72565
6685.03919337396  30.76465
6685.27292871516  30.62479
6685.50666405636  6.330195
6685.74039939756  -10.31514
6685.97413473875  23.41436
6686.20787007995  34.05103
6686.44160542115  32.90809
6686.67534076235  -5.102752
6686.90907610354  -6.967616
6687.14281144474  12.73662
6687.37654678594  8.353323
6687.61028212714  -24.91528
6687.84401746833  -15.87357
6688.07775280953  -14.35681
6688.31148815073  20.68766
6688.54522349193  6.885832
6688.77895883312  7.551317
6689.01269417432  22.38885
6689.24642951552  22.2447
6689.48016485672  15.30867
6689.71390019791  14.60243
6689.94763553911  -12.05825
6690.18137088031  -16.58364
6690.41510622151  -14.21141
6690.6488415627  12.0146
6690.8825769039  31.72035
6691.1163122451  14.23896
6691.3500475863  34.97337
6691.58378292749  -5.956584
6691.81751826869  11.76358
6692.05125360989  1.119693
6692.28498895109  -4.940736
6692.51872429228  -28.55023
