6453.4074702472  30.36808
6453.6412055884  18.79996
6453.8749409296  -6.215126
6454.10867627079  20.06573
6454.34241161199  9.590552
6454.57614695319  6.775744
6454.80988229439  7.656693
6455.04361763558  4.608942
6455.27735297678  9.298594
6455.51108831798  2.447257
6455.74482365918  3.725083
6455.97855900037  4.416004
6456.21229434157  2.542822
6456.44602968277  25.30585
6456.67976502397  17.74582
6456.91350036516  3.362773
6457.14723570636  19.93096
6457.38097104756  24.32578
6457.61470638876  12.20816
6457.84844172995  -6.33408
6458.08217707115  -0.1329597
6458.31591241235  16.37095
6458.54964775355  15.78255
6458.78338309474  19.79257
6459.01711843594  8.389125
6459.25085377714  -1.267984
6459.48458911834  11.96163
6459.71832445954  13.16693
6459.95205980073  -0.9568121
6460.18579514193  4.889881
6460.41953048313  25.80246
6460.65326582432  27.15014
6460.88700116552  18.02487
6461.12073650672  9.11017
6461.35447184792  11.31669
6461.58820718911  8.765108
6461.82194253031  -18.64254
6462.05567787151  -21.95064
6462.28941321271  -5.037875
6462.52314855391  -3.427409
6462.7568838951  15.96731
6462.9906192363  4.765592
6463.2243545775  -3.877557
6463.45808991869  9.046975
6463.69182525989  0.6795803
6463.92556060109  -2.482561
6464.15929594229  -0.5974063
6464.39303128348  -3.929211
6464.62676662468  -4.349059
6464.86050196588  0.9002732
6465.09423730708  13.20958
6465.32797264827  5.092056
6465.56170798947  2.057848
6465.79544333067  32.18831
6466.02917867187  6.45935
6466.26291401307  9.080414
6466.49664935426  20.12655
6466.73038469546  -0.3562997
6466.96412003666  6.798799
6467.19785537785  11.27248
6467.43159071905  4.40292
6467.66532606025  4.218949
6467.89906140145  13.17595
6468.13279674265  18.64605
6468.36653208384  3.083839
6468.60026742504  12.34726
6468.83400276624  21.84299
6469.06773810744  3.845504
6469.30147344863  -4.331375
6469.53520878983  -13.82813
6469.76894413103  11.17637
6470.00267947223  6.626557
6470.23641481342  32.842
6470.47015015462  41.55555
6470.70388549582  20.7485
6470.93762083702  14.01975
6471.17135617821  13.27804
6471.40509151941  23.56522
6471.63882686061  32.38527
6471.87256220181  20.69676
6472.106297543  23.69404
6472.3400328842  17.195
6472.5737682254  16.40939
6472.8075035666  5.746611
6473.04123890779  7.817751
6473.27497424899  15.84577
6473.50870959019  1.219602
6473.74244493139  0.9857743
6473.97618027258  13.78551
6474.20991561378  18.51563
6474.44365095498  23.81565
6474.67738629618  16.00418
6474.91112163737  8.989015
6475.14485697857  18.34761
6475.37859231977  8.080869
6475.61232766097  19.544
6475.84606300216  3.272085
6476.07979834336  15.29414
6476.31353368456  9.297491
6476.54726902576  -5.570732
6476.78100436695  29.55887
6477.01473970815  26.36603
6477.24847504935  18.43012
6477.48221039055  8.446247
6477.71594573174  8.768774
6477.94968107294  15.22631
6478.18341641414  10.11186
6478.41715175534  10.07481
6478.65088709654  2.734857
6478.88462243773  10.89829
6479.11835777893  9.179243
6479.35209312013  12.59406
6479.58582846133  27.89258
6479.81956380252  -2.740355
6480.05329914372  9.793534
6480.28703448492  27.25688
6480.52076982612  9.06422
6480.75450516731  12.24104
6480.98824050851  11.17868
6481.22197584971  2.919522
6481.4557111909  16.36874
6481.6894465321  23.38567
6481.9231818733  11.59299
6482.1569172145  5.179217
6482.3906525557  9.164938
6482.62438789689  6.544271
6482.85812323809  -14.43634
6483.09185857929  -3.779306
6483.32559392049  15.98143
6483.55932926168  16.76637
6483.79306460288  -9.689592
6484.02679994408  2.236327
6484.26053528528  1.29121
6484.49427062647  21.90874
6484.72800596767  20.65917
6484.96174130887  2.048059
6485.19547665007  14.36032
6485.42921199126  17.64558
6485.66294733246  10.05789
6485.89668267366  14.88946
6486.13041801486  18.49186
6486.36415335605  29.04086
6486.59788869725  4.704963
6486.83162403845  1.601665
6487.06535937965  22.62093
6487.29909472084  7.340564
6487.53283006204  -5.063233
6487.76656540324  6.627657
6488.00030074444  22.90041
6488.23403608563  21.54878
6488.46777142683  11.67705
6488.70150676803  21.56264
6488.93524210923  13.95016
6489.16897745042  -1.579258
6489.40271279162  19.92143
6489.63644813282  38.33636
6489.87018347402  20.24214
6490.10391881521  -3.023376
6490.33765415641  8.377629
6490.57138949761  13.72848
6490.80512483881  -4.405552
6491.03886018  13.10108
6491.2725955212  14.97174
6491.5063308624  27.51651
6491.7400662036  6.150762
6491.97380154479  -2.725737
6492.20753688599  11.76523
6492.44127222719  25.69762
6492.67500756839  14.11417
6492.90874290958  14.37602
6493.14247825078  27.19828
6493.37621359198  17.75819
6493.60994893318  2.688653
6493.84368427437  -2.952111
6494.07741961557  7.218986
6494.31115495677  19.16414
6494.54489029797  28.0338
6494.77862563917  25.18453
6495.01236098036  13.23724
6495.24609632156  5.352602
6495.47983166276  14.79815
6495.71356700396  16.24503
6495.94730234515  18.14529
6496.18103768635  13.40476
6496.41477302755  18.35361
6496.64850836875  18.25004
6496.88224370994  2.301484
6497.11597905114  0.5306476
6497.34971439234  -0.1804708
6497.58344973354  -10.74821
6497.81718507473  -1.8249
6498.05092041593  19.47277
6498.28465575713  25.18263
6498.51839109833  17.26745
6498.75212643952  27.88015
6498.98586178072  10.07327
6499.21959712192  -3.820564
6499.45333246311  4.787734
6499.68706780431  17.09379
6499.92080314551  5.228435
6500.15453848671  4.835455
6500.3882738279  18.19716
6500.6220091691  10.26922
6500.8557445103  19.75784
6501.0894798515  25.44247
6501.3232151927  13.42881
6501.55695053389  6.431986
6501.79068587509  8.297095
6502.02442121629  27.24798
6502.25815655749  37.82023
6502.49189189868  26.06261
6502.72562723988  22.48431
6502.95936258108  2.327337
6503.19309792228  -3.963436
6503.42683326347  15.46435
6503.66056860467  3.752507
6503.89430394587  19.22882
6504.12803928707  15.3727
6504.36177462826  7.788817
6504.59550996946  35.08029
6504.82924531066  42.45356
6505.06298065186  27.57834
6505.29671599305  16.45898
6505.53045133425  15.96927
6505.76418667545  11.39176
6505.99792201665  17.9259
6506.23165735784  24.9755
6506.46539269904  3.472975
6506.69912804024  -0.6761305
6506.93286338144  15.01003
6507.16659872263  9.103916
6507.40033406383  13.12959
6507.63406940503  13.14578
6507.86780474623  22.97533
6508.10154008742  15.79575
6508.33527542862  18.96371
6508.56901076982  24.96311
6508.80274611102  9.95856
6509.03648145222  12.86349
6509.27021679341  22.3089
6509.50395213461  14.72715
6509.73768747581  13.39517
6509.97142281701  21.17572
6510.2051581582  23.54592
6510.4388934994  20.92715
6510.6726288406  28.49413
6510.90636418179  26.05622
6511.14009952299  18.00889
6511.37383486419  17.17773
6511.60757020539  11.99076
6511.84130554658  23.91769
6512.07504088778  32.18181
6512.30877622898  12.64927
6512.54251157018  11.22104
6512.77624691138  9.00883
6513.00998225257  9.884166
6513.24371759377  14.67402
6513.47745293497  18.2041
6513.71118827617  18.8952
6513.94492361736  24.94131
6514.17865895856  10.39781
6514.41239429976  15.98542
6514.64612964096  9.425786
6514.87986498215  12.77099
6515.11360032335  0.9009549
6515.34733566455  4.182487
6515.58107100575  24.02878
6515.81480634694  32.46776
6516.04854168814  30.84807
6516.28227702934  26.51431
6516.51601237054  23.85597
6516.74974771173  21.01979
6516.98348305293  22.51864
6517.21721839413  23.54589
6517.45095373533  21.15111
6517.68468907652  21.01231
6517.91842441772  4.433359
6518.15215975892  5.481775
6518.38589510012  2.852641
6518.61963044131  29.85487
6518.85336578251  13.26653
6519.08710112371  19.75076
6519.32083646491  12.52641
6519.5545718061  -1.489176
6519.7883071473  13.63663
6520.0220424885  -3.760459
6520.25577782969  -1.688176
6520.48951317089  15.326
6520.72324851209  17.70009
6520.95698385329  14.16675
6521.19071919449  17.26815
6521.42445453568  13.60417
6521.65818987688  14.78712
6521.89192521808  21.19495
6522.12566055928  28.90916
6522.35939590047  21.91579
6522.59313124167  4.121117
6522.82686658287  20.74841
6523.06060192407  24.26087
6523.29433726526  22.1782
6523.52807260646  44.61152
6523.76180794766  31.40352
6523.99554328886  21.21473
6524.22927863005  23.33501
6524.46301397125  26.37307
6524.69674931245  26.76636
6524.93048465365  30.31126
6525.16421999485  31.69628
6525.39795533604  14.96024
6525.63169067724  22.94777
6525.86542601844  8.765288
6526.09916135964  13.62471
6526.33289670083  23.02165
6526.56663204203  14.73669
6526.80036738323  28.89396
6527.03410272443  0.01199402
6527.26783806562  0.6150097
6527.50157340682  37.35909
6527.73530874802  27.92902
6527.96904408922  8.270183
6528.20277943041  0.6271298
6528.43651477161  9.037827
6528.67025011281  13.33515
6528.90398545401  1.91493
6529.1377207952  10.98011
6529.3714561364  8.521026
6529.6051914776  14.23719
6529.8389268188  6.205781
6530.07266215999  4.924079
6530.30639750119  26.53859
6530.54013284239  22.28068
6530.77386818359  23.04935
6531.00760352478  24.79142
6531.24133886598  7.949384
6531.47507420718  14.39132
6531.70880954838  8.648399
6531.94254488957  11.76997
6532.17628023077  -3.327897
6532.41001557197  12.55924
6532.64375091317  31.80669
6532.87748625436  23.11614
6533.11122159556  17.62064
6533.34495693676  2.304072
6533.57869227796  10.57152
6533.81242761915  35.40277
6534.04616296035  26.72061
6534.27989830155  15.65107
6534.51363364275  29.65701
6534.74736898394  34.39413
6534.98110432514  27.12762
6535.21483966634  12.1092
6535.44857500754  11.36566
6535.68231034874  22.7275
6535.91604568993  17.1418
6536.14978103113  22.37923
6536.38351637233  13.82932
6536.61725171353  9.853772
6536.85098705472  12.43167
6537.08472239592  18.28826
6537.31845773712  17.70443
6537.55219307832  16.17673
6537.78592841951  26.03726
6538.01966376071  33.7728
6538.25339910191  34.43564
6538.48713444311  15.55265
6538.7208697843  26.22692
6538.9546051255  14.19625
6539.1883404667  12.41827
6539.4220758079  3.453758
6539.65581114909  7.221285
6539.88954649029  5.693446
6540.12328183149  25.32972
6540.35701717268  22.35353
6540.59075251388  15.78456
6540.82448785508  14.56102
6541.05822319628  4.125572
6541.29195853747  10.29678
6541.52569387867  25.72131
6541.75942921987  24.78556
6541.99316456107  9.090294
6542.22689990227  15.8938
6542.46063524346  18.14255
6542.69437058466  12.45019
6542.92810592586  10.06196
6543.16184126706  7.474739
6543.39557660825  22.05531
6543.62931194945  32.45211
6543.86304729065  24.81455
6544.09678263185  10.66004
6544.33051797304  8.79494
6544.56425331424  19.47169
6544.79798865544  31.29089
6545.03172399664  30.16479
6545.26545933783  33.59906
6545.49919467903  34.93317
6545.73293002023  21.23965
6545.96666536143  8.153499
6546.20040070262  6.86623
6546.43413604382  4.739847
6546.66787138502  9.042034
6546.90160672622  31.48948
6547.13534206741  25.47915
6547.36907740861  23.25519
6547.60281274981  7.316334
6547.83654809101  19.37564
6548.07028343221  34.87487
6548.3040187734  23.13219
6548.5377541146  36.68173
6548.7714894558  43.12304
6549.00522479699  42.98363
6549.23896013819  16.5906
6549.47269547939  21.11135
6549.70643082059  31.19123
6549.94016616178  32.34966
6550.17390150298  30.67839
6550.40763684418  38.37091
6550.64137218538  14.10237
6550.87510752657  19.05255
6551.10884286777  33.12262
6551.34257820897  29.10233
6551.57631355017  24.54799
6551.81004889136  36.07578
6552.04378423256  50.6153
6552.27751957376  29.53597
6552.51125491496  10.36034
6552.74499025615  29.67957
6552.97872559735  35.62495
6553.21246093855  34.33496
6553.44619627975  45.89278
6553.67993162094  38.11143
6553.91366696214  32.65141
6554.14740230334  31.01675
6554.38113764454  28.17543
6554.61487298574  43.4959
6554.84860832693  42.15344
6555.08234366813  31.33149
6555.31607900933  38.33068
6555.54981435053  38.19465
6555.78354969172  44.16804
6556.01728503292  28.18712
6556.25102037412  10.45798
6556.48475571532  27.55762
6556.71849105651  28.21888
6556.95222639771  23.31348
6557.18596173891  31.10322
6557.41969708011  31.51292
6557.6534324213  33.70136
6557.8871677625  24.50184
6558.1209031037  29.20722
6558.3546384449  27.69785
6558.58837378609  29.93451
6558.82210912729  21.01527
6559.05584446849  14.22539
6559.28957980969  6.314984
6559.52331515088  35.67706
6559.75705049208  28.15199
6559.99078583328  8.765032
6560.22452117448  14.57953
6560.45825651567  15.45203
6560.69199185687  38.25878
6560.92572719807  17.55987
6561.15946253927  29.03515
6561.39319788046  25.93556
6561.62693322166  46.38561
6561.86066856286  25.80727
6562.09440390406  48.95518
6562.32813924525  48.89032
6562.56187458645  32.75319
6562.79560992765  37.54709
6563.02934526885  23.4915
6563.26308061004  7.090885
6563.49681595124  25.29592
6563.73055129244  30.27213
6563.96428663364  14.74658
6564.19802197483  34.55128
6564.43175731603  46.16359
6564.66549265723  31.80969
6564.89922799843  32.78427
6565.13296333962  42.24177
6565.36669868082  22.80592
6565.60043402202  18.0107
6565.83416936322  25.9726
6566.06790470441  24.75302
6566.30164004561  26.15159
6566.53537538681  33.38651
6566.76911072801  38.37421
6567.00284606921  40.51371
6567.2365814104  25.86508
6567.4703167516  19.131
6567.7040520928  19.49094
6567.937787434  14.7738
6568.17152277519  30.05203
6568.40525811639  46.18103
6568.63899345759  41.88833
6568.87272879879  29.75057
6569.10646413998  34.54942
6569.34019948118  26.00924
6569.57393482238  20.79444
6569.80767016358  14.33456
6570.04140550477  12.8598
6570.27514084597  41.43844
6570.50887618717  36.27644
6570.74261152837  22.16727
6570.97634686956  20.39569
6571.21008221076  33.94563
6571.44381755196  27.05846
6571.67755289316  -4.13477
6571.91128823435  4.561277
6572.14502357555  21.34396
6572.37875891675  12.27701
6572.61249425795  21.55849
6572.84622959914  11.78354
6573.07996494034  25.15344
6573.31370028154  39.65817
6573.54743562273  30.34328
6573.78117096393  26.84716
6574.01490630513  24.77069
6574.24864164633  29.03185
6574.48237698753  27.74703
6574.71611232872  13.54473
6574.94984766992  22.21293
6575.18358301112  32.19744
6575.41731835232  36.88152
6575.65105369351  22.55395
6575.88478903471  13.08776
6576.11852437591  15.91373
6576.35225971711  19.84708
6576.5859950583  26.26487
6576.8197303995  33.06184
6577.0534657407  23.1896
6577.2872010819  12.73162
6577.52093642309  22.31545
6577.75467176429  21.48037
6577.98840710549  25.01253
6578.22214244669  29.25312
6578.45587778788  4.926312
6578.68961312908  24.42927
6578.92334847028  22.9945
6579.15708381148  20.63035
6579.39081915268  11.08569
6579.62455449387  24.17339
6579.85828983507  21.14651
6580.09202517627  20.55722
6580.32576051747  19.46201
6580.55949585866  26.35966
6580.79323119986  28.75705
6581.02696654106  19.64073
6581.26070188225  31.87338
6581.49443722345  12.72126
6581.72817256465  11.22578
6581.96190790585  18.9111
6582.19564324704  16.86992
6582.42937858824  21.27989
6582.66311392944  15.50909
6582.89684927064  4.85283
6583.13058461183  27.3457
6583.36431995303  37.93707
6583.59805529423  25.20358
6583.83179063543  -3.923308
6584.06552597662  12.7742
6584.29926131782  14.84671
6584.53299665902  18.27435
6584.76673200022  23.65335
6585.00046734141  7.128841
6585.23420268261  26.00254
6585.46793802381  6.875298
6585.70167336501  8.544494
6585.9354087062  37.10144
6586.1691440474  38.03539
6586.4028793886  8.551283
6586.6366147298  -0.2847482
6586.870350071  10.37219
6587.10408541219  7.669184
6587.33782075339  19.23839
6587.57155609459  21.35612
6587.80529143579  13.22821
6588.03902677698  14.10753
6588.27276211818  5.384834
6588.50649745938  6.302434
6588.74023280058  31.78888
6588.97396814177  40.79549
6589.20770348297  23.71029
6589.44143882417  -9.214996
6589.67517416537  -2.393333
6589.90890950656  2.241553
6590.14264484776  25.41924
6590.37638018896  23.9445
6590.61011553016  17.23543
6590.84385087135  29.54388
6591.07758621255  13.23272
6591.31132155375  9.746345
6591.54505689495  26.5746
6591.77879223614  27.3276
6592.01252757734  10.52974
6592.24626291854  5.707681
6592.47999825974  9.7812
6592.71373360093  19.97348
6592.94746894213  11.81848
6593.18120428333  19.32454
6593.41493962453  18.7396
6593.64867496572  30.93545
6593.88241030692  38.99891
6594.11614564812  17.32876
6594.34988098932  20.36775
6594.58361633051  18.25122
6594.81735167171  10.42447
6595.05108701291  17.1419
6595.28482235411  9.358023
6595.51855769531  3.276229
6595.7522930365  3.127651
6595.9860283777  20.02679
6596.2197637189  22.19924
6596.45349906009  16.74117
6596.68723440129  9.84437
6596.92096974249  1.103747
6597.15470508369  1.766336
6597.38844042489  16.59935
6597.62217576608  8.617983
6597.85591110728  10.60948
6598.08964644848  28.84885
6598.32338178968  18.25053
6598.55711713087  24.98315
6598.79085247207  25.01489
6599.02458781327  15.11597
6599.25832315447  15.2276
6599.49205849566  31.78386
6599.72579383686  16.73582
6599.95952917806  -5.652468
6600.19326451926  3.092231
6600.42699986045  11.00013
6600.66073520165  10.07351
6600.89447054285  17.15319
6601.12820588405  10.77627
6601.36194122524  26.97735
6601.59567656644  30.93455
6601.82941190764  27.90694
6602.06314724884  5.491774
6602.29688259003  12.92778
6602.53061793123  3.449395
6602.76435327243  9.54913
6602.99808861363  29.0304
6603.23182395482  1.288615
6603.46555929602  17.71257
6603.69929463722  5.632625
6603.93302997842  41.40314
6604.16676531961  25.71896
6604.40050066081  15.50542
6604.63423600201  4.851666
6604.86797134321  12.15786
6605.1017066844  22.81781
6605.3354420256  -0.06157035
6605.5691773668  30.43523
6605.802912708  40.41875
6606.03664804919  18.84358
6606.27038339039  30.44754
6606.50411873159  8.892878
6606.73785407279  -1.125955
6606.97158941398  -1.933661
6607.20532475518  16.12664
6607.43906009638  15.48588
6607.67279543758  11.25842
6607.90653077877  19.96999
6608.14026611997  18.79861
6608.37400146117  27.96534
6608.60773680237  36.67897
6608.84147214356  11.97565
6609.07520748476  25.63239
6609.30894282596  32.90745
6609.54267816716  7.862168
6609.77641350836  12.91121
6610.01014884955  6.176096
6610.24388419075  24.06376
6610.47761953195  24.5756
6610.71135487314  3.283744
6610.94509021434  18.33311
6611.17882555554  39.26429
6611.41256089674  33.97025
6611.64629623793  26.12848
6611.88003157913  13.43145
6612.11376692033  21.19138
6612.34750226153  18.65653
6612.58123760272  10.32844
6612.81497294392  14.35323
6613.04870828512  22.97383
6613.28244362632  9.370968
6613.51617896752  -1.264195
6613.74991430871  12.39998
6613.98364964991  1.566076
6614.21738499111  11.77841
6614.45112033231  17.29848
6614.6848556735  7.794274
6614.9185910147  17.21051
6615.1523263559  10.73817
6615.3860616971  7.265855
6615.61979703829  13.68635
6615.85353237949  17.00525
6616.08726772069  43.03124
6616.32100306189  23.98015
6616.55473840308  -1.705946
6616.78847374428  12.91597
6617.02220908548  4.234345
6617.25594442668  9.95072
6617.48967976787  13.04215
6617.72341510907  -2.501555
6617.95715045027  10.11612
6618.19088579147  21.28485
6618.42462113266  16.21302
6618.65835647386  10.55893
6618.89209181506  16.49256
6619.12582715626  6.051655
6619.35956249745  12.03801
6619.59329783865  17.94075
6619.82703317985  21.87335
6620.06076852105  12.66155
6620.29450386225  3.84152
6620.52823920344  5.377667
6620.76197454464  5.835239
6620.99570988584  6.230747
6621.22944522704  -5.384225
6621.46318056823  19.95933
6621.69691590943  29.97255
6621.93065125063  11.00751
6622.16438659183  4.701345
6622.39812193302  18.29539
6622.63185727422  13.40162
6622.86559261542  17.07305
6623.09932795661  21.69594
6623.33306329781  49.63202
6623.56679863901  38.78863
6623.80053398021  22.69935
6624.0342693214  13.63074
6624.2680046626  5.859899
6624.5017400038  2.956006
6624.735475345  9.614521
6624.96921068619  15.8124
6625.20294602739  5.403297
6625.43668136859  21.36699
6625.67041670979  16.1149
6625.90415205098  22.21101
6626.13788739218  13.95497
6626.37162273338  15.87866
6626.60535807458  17.14054
6626.83909341577  26.58681
6627.07282875697  14.99771
6627.30656409817  -3.781591
6627.54029943937  2.97433
6627.77403478057  17.57604
6628.00777012176  6.766104
6628.24150546296  12.30398
6628.47524080416  48.43256
6628.70897614535  21.68369
6628.94271148655  12.81826
6629.17644682775  20.87008
6629.41018216895  6.49571
6629.64391751015  -14.47705
6629.87765285134  7.53921
6630.11138819254  6.817346
6630.34512353374  23.50134
6630.57885887494  11.18219
6630.81259421613  9.53281
6631.04632955733  30.14457
6631.28006489853  6.94543
6631.51380023973  -8.09912
6631.74753558092  4.738991
6631.98127092212  10.79862
6632.21500626332  2.171104
6632.44874160452  17.13464
6632.68247694571  31.68364
6632.91621228691  15.74881
6633.14994762811  0.0133266
6633.38368296931  -7.480793
6633.6174183105  7.815837
6633.8511536517  25.18989
6634.0848889929  18.33953
6634.3186243341  8.281691
6634.55235967529  0.5338187
6634.78609501649  3.928947
6635.01983035769  30.42937
6635.25356569889  22.94162
6635.48730104008  9.62389
6635.72103638128  -0.4086707
6635.95477172248  25.00278
6636.18850706368  26.78719
6636.42224240487  10.24127
6636.65597774607  10.86179
6636.88971308727  3.740307
6637.12344842847  4.3485
6637.35718376966  3.435656
6637.59091911086  -9.508582
6637.82465445206  3.139904
6638.05838979326  -6.289303
6638.29212513445  10.85676
6638.52586047565  7.613661
6638.75959581685  19.85845
6638.99333115805  13.35576
6639.22706649924  8.539338
6639.46080184044  14.37779
6639.69453718164  7.566446
6639.92827252284  19.54063
6640.16200786403  17.83256
6640.39574320523  3.136135
6640.62947854643  5.108649
6640.86321388763  12.90587
6641.09694922882  14.28281
6641.33068457002  3.912337
6641.56441991122  6.103295
6641.79815525242  3.131132
6642.03189059361  6.003071
6642.26562593481  6.268653
6642.49936127601  10.97571
6642.73309661721  25.90898
6642.96683195841  4.621743
6643.2005672996  19.71705
6643.4343026408  26.40049
6643.668037982  12.49157
6643.9017733232  18.12353
6644.13550866439  19.51224
6644.36924400559  6.390577
6644.60297934679  12.92953
6644.83671468799  13.20369
6645.07045002918  13.68277
6645.30418537038  19.65886
6645.53792071158  16.33447
6645.77165605278  5.695013
6646.00539139397  24.41884
6646.23912673517  13.75249
6646.47286207637  -7.64697
6646.70659741757  -3.261112
6646.94033275876  1.504014
6647.17406809996  24.65681
6647.40780344116  27.61472
6647.64153878236  -4.458066
6647.87527412355  14.09023
6648.10900946475  10.36158
6648.34274480595  11.23002
6648.57648014715  10.51862
6648.81021548834  11.71719
6649.04395082954  12.434
6649.27768617074  -5.667283
6649.51142151194  15.41268
6649.74515685313  15.81736
6649.97889219433  25.88334
6650.21262753553  20.38402
6650.44636287673  13.31471
6650.68009821792  19.98413
6650.91383355912  8.524952
6651.14756890032  -0.06244514
6651.38130424152  11.16345
6651.61503958271  20.97204
6651.84877492391  10.45225
6652.08251026511  7.966794
6652.31624560631  9.877709
6652.5499809475  9.266606
6652.7837162887  4.151642
6653.0174516299  1.738519
6653.2511869711  23.6282
6653.48492231229  19.54321
6653.71865765349  2.978844
6653.95239299469  5.924183
6654.18612833589  3.847182
6654.41986367709  -1.522967
6654.65359901828  33.46202
6654.88733435948  23.72573
6655.12106970068  2.62738
6655.35480504187  12.75269
6655.58854038307  24.83405
6655.82227572427  20.95639
6656.05601106547  25.11188
6656.28974640667  28.0383
6656.52348174786  7.061969
6656.75721708906  11.53074
6656.99095243026  5.842689
6657.22468777146  10.46125
6657.45842311265  35.69959
6657.69215845385  23.33047
6657.92589379505  -3.948865
6658.15962913624  8.786698
6658.39336447744  26.9081
6658.62709981864  19.67167
6658.86083515984  0.6578875
6659.09457050104  9.913276
6659.32830584223  14.34747
6659.56204118343  8.007632
6659.79577652463  21.66332
6660.02951186583  24.24248
6660.26324720702  6.38261
6660.49698254822  -3.324746
6660.73071788942  10.59068
6660.96445323062  -11.94041
6661.19818857181  -2.442254
6661.43192391301  15.92041
6661.66565925421  8.151366
6661.8993945954  -1.799883
6662.1331299366  8.801627
6662.3668652778  12.43551
6662.600600619  22.28155
6662.8343359602  12.7021
6663.06807130139  10.50438
6663.30180664259  -0.6991518
6663.53554198379  0.623408
6663.76927732499  18.17923
6664.00301266618  22.28595
6664.23674800738  4.758452
6664.47048334858  -0.9279528
6664.70421868978  19.40544
6664.93795403097  23.14442
6665.17168937217  13.39727
6665.40542471337  7.866193
6665.63916005457  -6.361739
6665.87289539576  -3.25294
6666.10663073696  11.01639
6666.34036607816  4.096291
6666.57410141936  4.184992
6666.80783676055  13.96905
6667.04157210175  -0.7758027
6667.27530744295  16.05711
6667.50904278415  9.173949
6667.74277812534  11.74889
6667.97651346654  -17.72099
6668.21024880774  10.42859
6668.44398414894  15.68043
6668.67771949013  17.88495
6668.91145483133  9.3613
6669.14519017253  3.91744
6669.37892551373  9.899162
6669.61266085493  -5.382752
6669.84639619612  -6.624863
6670.08013153732  -5.882594
6670.31386687852  -8.203754
6670.54760221972  28.61639
6670.78133756091  9.953237
6671.01507290211  0.09752618
6671.24880824331  17.71958
6671.48254358451  6.245882
6671.7162789257  12.60443
6671.9500142669  16.11369
6672.1837496081  0.9306474
6672.4174849493  15.38578
6672.65122029049  3.866518
6672.88495563169  -13.21809
6673.11869097289  7.481804
6673.35242631409  22.05784
6673.58616165528  18.59407
6673.81989699648  -3.231619
6674.05363233768  15.70999
6674.28736767888  16.16612
6674.52110302007  5.189421
6674.75483836127  6.326163
6674.98857370247  14.4652
6675.22230904367  9.585761
6675.45604438486  6.894179
6675.68977972606  17.09928
6675.92351506726  10.29458
6676.15725040846  14.10232
6676.39098574965  4.773558
6676.62472109085  -9.176652
6676.85845643205  24.81295
6677.09219177325  2.081893
6677.32592711444  0.3316463
6677.55966245564  7.91368
6677.79339779684  -3.162477
6678.02713313804  17.43816
6678.26086847923  21.17861
6678.49460382043  -4.487969
6678.72833916163  -0.7711983
6678.96207450283  0.6516914
6679.19580984402  7.410074
6679.42954518522  14.21127
6679.66328052642  -7.951234
6679.89701586762  -5.909294
6680.13075120881  1.11307
6680.36448655001  -7.391078
6680.59822189121  0.4127548
6680.83195723241  17.94886
6681.06569257361  10.54282
6681.2994279148  8.66755
6681.533163256  3.613773
6681.7668985972  2.872959
6682.00063393839  9.925917
6682.23436927959  17.26583
6682.46810462079  -0.7966787
6682.70183996199  -0.04499854
6682.93557530318  0.5462446
6683.16931064438  -5.700778
6683.40304598558  -10.34529
6683.63678132678  -4.727733
6683.87051666798  2.295723
6684.10425200917  6.705142
6684.33798735037  -4.455234
6684.57172269157  0.9459839
6684.80545803276  9.247912
6685.03919337396  10.87427
6685.27292871516  -0.6575683
6685.50666405636  9.825762
6685.74039939756  11.18667
6685.97413473875  5.96357
6686.20787007995  -1.234159
6686.44160542115  2.208289
6686.67534076235  6.295408
6686.90907610354  14.77361
6687.14281144474  11.66157
6687.37654678594  -0.561352
6687.61028212714  20.13146
6687.84401746833  2.812778
6688.07775280953  -4.3038
6688.31148815073  -12.76367
6688.54522349193  -11.40446
6688.77895883312  1.832816
6689.01269417432  7.031254
6689.24642951552  8.508563
6689.48016485672  23.58624
6689.71390019791  5.329401
6689.94763553911  -0.6109649
6690.18137088031  10.81528
6690.41510622151  -10.39939
6690.6488415627  0.696794
6690.8825769039  13.79011
6691.1163122451  3.160866
6691.3500475863  16.6484
6691.58378292749  1.054837
6691.81751826869  -0.884573
6692.05125360989  0.7082134
6692.28498895109  -4.394725
6692.51872429228  -20.69482
