6453.4074702472  13.34853
6453.6412055884  19.44371
6453.8749409296  16.61804
6454.10867627079  8.554162
6454.34241161199  8.887654
6454.57614695319  17.10246
6454.80988229439  0.2301788
6455.04361763558  5.450015
6455.27735297678  35.30085
6455.51108831798  20.48412
6455.74482365918  4.580337
6455.97855900037  12.50367
6456.21229434157  -6.859386
6456.44602968277  19.18812
6456.67976502397  -1.03888
6456.91350036516  24.31939
6457.14723570636  35.11916
6457.38097104756  13.65904
6457.61470638876  24.20787
6457.84844172995  8.68593
6458.08217707115  -5.38402
6458.31591241235  29.90161
6458.54964775355  41.53755
6458.78338309474  24.46997
6459.01711843594  23.875
6459.25085377714  21.88724
6459.48458911834  8.505052
6459.71832445954  19.58764
6459.95205980073  35.0779
6460.18579514193  25.8119
6460.41953048313  22.77658
6460.65326582432  9.600319
6460.88700116552  19.81814
6461.12073650672  26.74131
6461.35447184792  16.84474
6461.58820718911  23.7302
6461.82194253031  10.95858
6462.05567787151  3.506191
6462.28941321271  49.37757
6462.52314855391  43.00223
6462.7568838951  5.311272
6462.9906192363  29.51423
6463.2243545775  39.87972
6463.45808991869  31.04913
6463.69182525989  2.278091
6463.92556060109  13.1252
6464.15929594229  14.18995
6464.39303128348  -4.792153
6464.62676662468  21.38369
6464.86050196588  39.68203
6465.09423730708  13.08633
6465.32797264827  14.60263
6465.56170798947  37.17735
6465.79544333067  25.22005
6466.02917867187  -7.959582
6466.26291401307  -6.480525
6466.49664935426  -6.137099
6466.73038469546  -11.25999
6466.96412003666  8.350331
6467.19785537785  3.317271
6467.43159071905  5.413936
6467.66532606025  17.40288
6467.89906140145  24.03686
6468.13279674265  36.92812
6468.36653208384  24.44702
6468.60026742504  24.97009
6468.83400276624  25.66515
6469.06773810744  22.138
6469.30147344863  21.98134
6469.53520878983  19.39344
6469.76894413103  13.89826
6470.00267947223  12.65051
6470.23641481342  37.74414
6470.47015015462  35.92881
6470.70388549582  24.7541
6470.93762083702  12.7409
6471.17135617821  17.88461
6471.40509151941  40.60814
6471.63882686061  24.07754
6471.87256220181  25.4498
6472.106297543  46.94312
6472.3400328842  47.97787
6472.5737682254  31.62528
6472.8075035666  46.27092
6473.04123890779  18.17454
6473.27497424899  34.01883
6473.50870959019  31.86252
6473.74244493139  25.9435
6473.97618027258  29.61338
6474.20991561378  30.46486
6474.44365095498  31.82469
6474.67738629618  24.69514
6474.91112163737  15.96904
6475.14485697857  23.03571
6475.37859231977  29.85395
6475.61232766097  16.59682
6475.84606300216  22.92422
6476.07979834336  22.39435
6476.31353368456  19.86257
6476.54726902576  12.96505
6476.78100436695  41.19651
6477.01473970815  37.07352
6477.24847504935  15.26531
6477.48221039055  18.40231
6477.71594573174  10.0729
6477.94968107294  -8.787403
6478.18341641414  6.151152
6478.41715175534  6.37887
6478.65088709654  -11.03584
6478.88462243773  24.24128
6479.11835777893  16.06057
6479.35209312013  24.67109
6479.58582846133  22.499
6479.81956380252  7.137452
6480.05329914372  21.46009
6480.28703448492  43.84455
6480.52076982612  32.01594
6480.75450516731  34.94577
6480.98824050851  22.65027
6481.22197584971  19.67525
6481.4557111909  7.136623
6481.6894465321  3.703351
6481.9231818733  45.2806
6482.1569172145  36.83974
6482.3906525557  20.21761
6482.62438789689  41.07578
6482.85812323809  12.08601
6483.09185857929  1.082587
6483.32559392049  34.82054
6483.55932926168  10.26283
6483.79306460288  21.08425
6484.02679994408  18.30129
6484.26053528528  22.45211
6484.49427062647  40.76582
6484.72800596767  48.12384
6484.96174130887  31.74551
6485.19547665007  30.08304
6485.42921199126  30.54774
6485.66294733246  16.8066
6485.89668267366  40.71292
6486.13041801486  53.68076
6486.36415335605  27.70656
6486.59788869725  31.33579
6486.83162403845  41.16396
6487.06535937965  57.93668
6487.29909472084  12.0579
6487.53283006204  -0.5088632
6487.76656540324  23.93167
6488.00030074444  64.118
6488.23403608563  40.10737
6488.46777142683  19.17079
6488.70150676803  32.97222
6488.93524210923  38.2072
6489.16897745042  33.97393
6489.40271279162  8.152933
6489.63644813282  -1.218933
6489.87018347402  39.97856
6490.10391881521  50.89566
6490.33765415641  39.46462
6490.57138949761  13.53561
6490.80512483881  24.25907
6491.03886018  30.19544
6491.2725955212  -7.559303
6491.5063308624  42.27328
6491.7400662036  41.20951
6491.97380154479  21.53578
6492.20753688599  18.82258
6492.44127222719  29.85555
6492.67500756839  20.12907
6492.90874290958  29.1246
6493.14247825078  61.38215
6493.37621359198  39.61024
6493.60994893318  7.171681
6493.84368427437  7.601531
6494.07741961557  4.853609
6494.31115495677  30.82832
6494.54489029797  38.81405
6494.77862563917  48.62395
6495.01236098036  15.3826
6495.24609632156  27.13107
6495.47983166276  41.94828
6495.71356700396  27.0012
6495.94730234515  -0.03380926
6496.18103768635  20.36031
6496.41477302755  33.70521
6496.64850836875  29.46367
6496.88224370994  21.00987
6497.11597905114  33.86002
6497.34971439234  26.11549
6497.58344973354  8.251005
6497.81718507473  17.36103
6498.05092041593  13.46024
6498.28465575713  29.67045
6498.51839109833  18.05418
6498.75212643952  32.04168
6498.98586178072  48.59811
6499.21959712192  41.09875
6499.45333246311  22.92597
6499.68706780431  71.7159
6499.92080314551  49.87492
6500.15453848671  34.34624
6500.3882738279  48.00733
6500.6220091691  30.88452
6500.8557445103  17.32481
6501.0894798515  37.97594
6501.3232151927  29.0082
6501.55695053389  9.191364
6501.79068587509  22.43681
6502.02442121629  31.72843
6502.25815655749  38.59135
6502.49189189868  48.96736
6502.72562723988  39.83817
6502.95936258108  25.95666
6503.19309792228  32.16148
6503.42683326347  84.95856
6503.66056860467  31.10343
6503.89430394587  22.85359
6504.12803928707  38.79262
6504.36177462826  34.57516
6504.59550996946  57.86563
6504.82924531066  47.75412
6505.06298065186  50.40593
6505.29671599305  38.26072
6505.53045133425  28.37697
6505.76418667545  18.97528
6505.99792201665  24.07471
6506.23165735784  32.03022
6506.46539269904  25.76304
6506.69912804024  28.61182
6506.93286338144  23.06432
6507.16659872263  3.820468
6507.40033406383  0.4979632
6507.63406940503  56.12948
6507.86780474623  64.12051
6508.10154008742  15.46837
6508.33527542862  24.05183
6508.56901076982  20.63494
6508.80274611102  18.36706
6509.03648145222  55.59761
6509.27021679341  51.14038
6509.50395213461  13.60279
6509.73768747581  15.49872
6509.97142281701  34.86843
6510.2051581582  46.84953
6510.4388934994  55.61628
6510.6726288406  29.69019
6510.90636418179  26.61651
6511.14009952299  44.72518
6511.37383486419  51.55667
6511.60757020539  58.19048
6511.84130554658  33.41545
6512.07504088778  28.90593
6512.30877622898  53.16492
6512.54251157018  41.35522
6512.77624691138  10.56007
6513.00998225257  39.62038
6513.24371759377  30.64011
6513.47745293497  45.80358
6513.71118827617  33.85866
6513.94492361736  30.03098
6514.17865895856  45.01408
6514.41239429976  53.40181
6514.64612964096  33.72509
6514.87986498215  45.37735
6515.11360032335  25.2352
6515.34733566455  35.44677
6515.58107100575  58.76464
6515.81480634694  31.87136
6516.04854168814  44.17533
6516.28227702934  40.55888
6516.51601237054  -2.220374
6516.74974771173  15.09694
6516.98348305293  53.43116
6517.21721839413  71.61987
6517.45095373533  57.69344
6517.68468907652  41.51018
6517.91842441772  18.56611
6518.15215975892  13.08053
6518.38589510012  37.78891
6518.61963044131  30.78645
6518.85336578251  70.40286
6519.08710112371  46.71682
6519.32083646491  17.75342
6519.5545718061  27.74664
6519.7883071473  31.48668
6520.0220424885  29.40291
6520.25577782969  29.66568
6520.48951317089  36.24115
6520.72324851209  61.06022
6520.95698385329  66.48995
6521.19071919449  68.2296
6521.42445453568  62.36119
6521.65818987688  54.25311
6521.89192521808  30.12281
6522.12566055928  42.98776
6522.35939590047  59.38826
6522.59313124167  18.25852
6522.82686658287  34.79384
6523.06060192407  46.71443
6523.29433726526  50.1199
6523.52807260646  47.39907
6523.76180794766  41.73184
6523.99554328886  79.74356
6524.22927863005  36.54272
6524.46301397125  41.19556
6524.69674931245  58.49842
6524.93048465365  47.68345
6525.16421999485  48.36246
6525.39795533604  50.86898
6525.63169067724  42.37328
6525.86542601844  42.21891
6526.09916135964  44.20882
6526.33289670083  50.31339
6526.56663204203  42.61421
6526.80036738323  37.30495
6527.03410272443  25.36779
6527.26783806562  33.85201
6527.50157340682  38.17366
6527.73530874802  41.29884
6527.96904408922  0.03836534
6528.20277943041  -11.10691
6528.43651477161  38.68463
6528.67025011281  19.91635
6528.90398545401  31.24491
6529.1377207952  78.45346
6529.3714561364  52.37127
6529.6051914776  -3.668506
6529.8389268188  -8.204706
6530.07266215999  30.34222
6530.30639750119  65.32352
6530.54013284239  55.72608
6530.77386818359  32.19212
6531.00760352478  21.46989
6531.24133886598  16.32005
6531.47507420718  19.45519
6531.70880954838  25.44907
6531.94254488957  42.90506
6532.17628023077  49.96186
6532.41001557197  55.57217
6532.64375091317  48.9352
6532.87748625436  60.65991
6533.11122159556  51.15945
6533.34495693676  12.94824
6533.57869227796  23.74643
6533.81242761915  26.54281
6534.04616296035  41.40557
6534.27989830155  60.11476
6534.51363364275  57.94768
6534.74736898394  67.17429
6534.98110432514  62.66421
6535.21483966634  24.29207
6535.44857500754  11.56311
6535.68231034874  38.79089
6535.91604568993  51.14548
6536.14978103113  60.28596
6536.38351637233  53.58665
6536.61725171353  18.38718
6536.85098705472  16.7993
6537.08472239592  44.45337
6537.31845773712  29.24832
6537.55219307832  55.9679
6537.78592841951  76.05566
6538.01966376071  42.74614
6538.25339910191  19.82547
6538.48713444311  34.07132
6538.7208697843  42.66536
6538.9546051255  27.5841
6539.1883404667  52.7406
6539.4220758079  59.68069
6539.65581114909  49.73491
6539.88954649029  30.91118
6540.12328183149  64.25294
6540.35701717268  43.08101
6540.59075251388  41.20621
6540.82448785508  58.93719
6541.05822319628  56.12258
6541.29195853747  41.15676
6541.52569387867  41.70541
6541.75942921987  29.05095
6541.99316456107  30.63559
6542.22689990227  30.07895
6542.46063524346  21.33018
6542.69437058466  22.54983
6542.92810592586  59.09976
6543.16184126706  81.34493
6543.39557660825  60.59069
6543.62931194945  66.1898
6543.86304729065  72.18925
6544.09678263185  62.66907
6544.33051797304  52.92468
6544.56425331424  41.67465
6544.79798865544  16.86841
6545.03172399664  32.27968
6545.26545933783  52.13474
6545.49919467903  58.6355
6545.73293002023  37.66082
6545.96666536143  4.79338
6546.20040070262  23.60197
6546.43413604382  57.49498
6546.66787138502  64.97452
6546.90160672622  43.15933
6547.13534206741  51.57444
6547.36907740861  69.50667
6547.60281274981  63.36574
6547.83654809101  87.63466
6548.07028343221  69.64448
6548.3040187734  48.53856
6548.5377541146  65.12474
6548.7714894558  60.49157
6549.00522479699  49.4752
6549.23896013819  31.51638
6549.47269547939  41.62055
6549.70643082059  51.35114
6549.94016616178  32.98531
6550.17390150298  63.54757
6550.40763684418  50.93137
6550.64137218538  49.46095
6550.87510752657  63.07601
6551.10884286777  49.06168
6551.34257820897  74.58114
6551.57631355017  98.86429
6551.81004889136  84.62267
6552.04378423256  63.10787
6552.27751957376  67.3136
6552.51125491496  83.04752
6552.74499025615  62.15763
6552.97872559735  64.04171
6553.21246093855  89.64719
6553.44619627975  67.65482
6553.67993162094  76.45221
6553.91366696214  106.9277
6554.14740230334  62.38968
6554.38113764454  48.4904
6554.61487298574  88.21005
6554.84860832693  71.72447
6555.08234366813  55.27055
6555.31607900933  66.09001
6555.54981435053  80.45703
6555.78354969172  83.86886
6556.01728503292  78.23623
6556.25102037412  65.64061
6556.48475571532  71.53628
6556.71849105651  85.81597
6556.95222639771  63.15773
6557.18596173891  64.57996
6557.41969708011  65.12247
6557.6534324213  99.2344
6557.8871677625  66.3196
6558.1209031037  57.91205
6558.3546384449  89.38683
6558.58837378609  56.75812
6558.82210912729  75.82706
6559.05584446849  57.96019
6559.28957980969  71.86931
6559.52331515088  63.96235
6559.75705049208  46.5572
6559.99078583328  48.57325
6560.22452117448  45.5022
6560.45825651567  46.29277
6560.69199185687  53.68425
6560.92572719807  24.88946
6561.15946253927  50.66063
6561.39319788046  70.14413
6561.62693322166  66.74778
6561.86066856286  76.27763
6562.09440390406  60.33965
6562.32813924525  54.29564
6562.56187458645  66.99747
6562.79560992765  62.40081
6563.02934526885  61.09153
6563.26308061004  64.04594
6563.49681595124  54.58164
6563.73055129244  85.0391
6563.96428663364  70.27116
6564.19802197483  56.64399
6564.43175731603  89.1541
6564.66549265723  76.84179
6564.89922799843  74.99651
6565.13296333962  93.40746
6565.36669868082  89.16105
6565.60043402202  91.16195
6565.83416936322  67.96633
6566.06790470441  32.77525
6566.30164004561  55.64481
6566.53537538681  64.6542
6566.76911072801  60.78522
6567.00284606921  49.12403
6567.2365814104  59.12094
6567.4703167516  76.05034
6567.7040520928  73.58426
6567.937787434  61.90159
6568.17152277519  57.37938
6568.40525811639  90.56098
6568.63899345759  96.85347
6568.87272879879  66.12596
6569.10646413998  65.84125
6569.34019948118  75.96121
6569.57393482238  49.23624
6569.80767016358  64.19072
6570.04140550477  78.91871
6570.27514084597  49.1426
6570.50887618717  60.99675
6570.74261152837  56.37931
6570.97634686956  52.95004
6571.21008221076  71.03878
6571.44381755196  61.49552
6571.67755289316  47.10472
6571.91128823435  58.6172
6572.14502357555  66.72993
6572.37875891675  53.98494
6572.61249425795  69.93952
6572.84622959914  77.25632
6573.07996494034  67.31301
6573.31370028154  115.5811
6573.54743562273  96.75204
6573.78117096393  64.46593
6574.01490630513  43.71077
6574.24864164633  29.40664
6574.48237698753  60.61473
6574.71611232872  82.95628
6574.94984766992  73.8946
6575.18358301112  44.82132
6575.41731835232  48.37997
6575.65105369351  58.38089
6575.88478903471  46.79836
6576.11852437591  47.9517
6576.35225971711  59.46019
6576.5859950583  46.00879
6576.8197303995  42.44395
6577.0534657407  54.64918
6577.2872010819  69.25237
6577.52093642309  66.94167
6577.75467176429  77.78226
6577.98840710549  53.8618
6578.22214244669  59.53816
6578.45587778788  52.13207
6578.68961312908  69.40398
6578.92334847028  37.97489
6579.15708381148  29.48773
6579.39081915268  24.46005
6579.62455449387  35.25515
6579.85828983507  51.63202
6580.09202517627  62.00322
6580.32576051747  46.64436
6580.55949585866  65.89164
6580.79323119986  50.0046
6581.02696654106  33.6287
6581.26070188225  37.92484
6581.49443722345  51.04686
6581.72817256465  39.97897
6581.96190790585  25.03728
6582.19564324704  21.13944
6582.42937858824  55.44675
6582.66311392944  52.04596
6582.89684927064  68.36447
6583.13058461183  12.28797
6583.36431995303  46.81948
6583.59805529423  53.14708
6583.83179063543  7.206858
6584.06552597662  32.27234
6584.29926131782  31.43649
6584.53299665902  39.05837
6584.76673200022  59.66519
6585.00046734141  68.63651
6585.23420268261  67.31844
6585.46793802381  58.40452
6585.70167336501  47.32555
6585.9354087062  20.44909
6586.1691440474  28.66702
6586.4028793886  41.52081
6586.6366147298  16.1788
6586.870350071  52.41886
6587.10408541219  44.90038
6587.33782075339  37.12133
6587.57155609459  68.8814
6587.80529143579  70.2491
6588.03902677698  37.16361
6588.27276211818  38.49591
6588.50649745938  40.7773
6588.74023280058  41.07156
6588.97396814177  40.70008
6589.20770348297  46.2403
6589.44143882417  41.26234
6589.67517416537  29.84064
6589.90890950656  52.64259
6590.14264484776  69.5619
6590.37638018896  42.49522
6590.61011553016  37.10678
6590.84385087135  58.67477
6591.07758621255  42.06533
6591.31132155375  10.59723
6591.54505689495  32.44655
6591.77879223614  55.65537
6592.01252757734  26.47439
6592.24626291854  32.88338
6592.47999825974  45.82677
6592.71373360093  40.97361
6592.94746894213  18.86063
6593.18120428333  40.83107
6593.41493962453  67.7291
6593.64867496572  63.78958
6593.88241030692  41.95319
6594.11614564812  31.24634
6594.34988098932  28.88446
6594.58361633051  46.00708
6594.81735167171  60.42173
6595.05108701291  40.77241
6595.28482235411  56.96935
6595.51855769531  52.46495
6595.7522930365  47.59279
6595.9860283777  74.37199
6596.2197637189  78.4247
6596.45349906009  62.9995
6596.68723440129  24.7952
6596.92096974249  35.15974
6597.15470508369  54.68177
6597.38844042489  41.55544
6597.62217576608  38.24455
6597.85591110728  56.75895
6598.08964644848  35.11682
6598.32338178968  28.37267
6598.55711713087  41.58193
6598.79085247207  38.44856
6599.02458781327  21.31685
6599.25832315447  22.91776
6599.49205849566  26.15636
6599.72579383686  39.63154
6599.95952917806  48.00552
6600.19326451926  53.92359
6600.42699986045  25.64126
6600.66073520165  26.3923
6600.89447054285  43.87692
6601.12820588405  21.63758
6601.36194122524  46.09383
6601.59567656644  38.47897
6601.82941190764  49.36415
6602.06314724884  39.53571
6602.29688259003  39.3826
6602.53061793123  18.47063
6602.76435327243  61.67348
6602.99808861363  51.25998
6603.23182395482  55.06151
6603.46555929602  71.9517
6603.69929463722  36.26248
6603.93302997842  51.52343
6604.16676531961  53.09602
6604.40050066081  24.5258
6604.63423600201  40.35998
6604.86797134321  55.82011
6605.1017066844  39.10625
6605.3354420256  15.3309
6605.5691773668  42.74204
6605.802912708  65.05299
6606.03664804919  37.88756
6606.27038339039  40.03677
6606.50411873159  30.28381
6606.73785407279  -0.1741765
6606.97158941398  30.67938
6607.20532475518  74.06839
6607.43906009638  47.16029
6607.67279543758  42.96955
6607.90653077877  14.84089
6608.14026611997  17.42731
6608.37400146117  39.20863
6608.60773680237  63.73093
6608.84147214356  23.74247
6609.07520748476  21.62976
6609.30894282596  50.54475
6609.54267816716  28.25681
6609.77641350836  31.08792
6610.01014884955  54.1025
6610.24388419075  49.85016
6610.47761953195  9.760024
6610.71135487314  8.397537
6610.94509021434  37.68322
6611.17882555554  38.58954
6611.41256089674  49.89585
6611.64629623793  57.52547
6611.88003157913  60.17155
6612.11376692033  60.44353
6612.34750226153  32.75364
6612.58123760272  25.69052
6612.81497294392  19.81561
6613.04870828512  30.7505
6613.28244362632  37.40989
6613.51617896752  38.98534
6613.74991430871  18.54421
6613.98364964991  31.1389
6614.21738499111  66.90234
6614.45112033231  50.6189
6614.6848556735  29.92089
6614.9185910147  49.86337
6615.1523263559  39.81646
6615.3860616971  71.15625
6615.61979703829  52.00924
6615.85353237949  47.2424
6616.08726772069  48.7438
6616.32100306189  28.89201
6616.55473840308  20.47816
6616.78847374428  36.29573
6617.02220908548  29.64734
6617.25594442668  52.1328
6617.48967976787  41.49051
6617.72341510907  29.44942
6617.95715045027  43.55613
6618.19088579147  48.97111
6618.42462113266  9.935848
6618.65835647386  47.53709
6618.89209181506  72.65366
6619.12582715626  18.69809
6619.35956249745  -13.02274
6619.59329783865  22.71455
6619.82703317985  63.87123
6620.06076852105  51.80933
6620.29450386225  38.64043
6620.52823920344  36.30807
6620.76197454464  26.55317
6620.99570988584  39.03643
6621.22944522704  25.90426
6621.46318056823  45.97261
6621.69691590943  67.00452
6621.93065125063  41.26154
6622.16438659183  33.81674
6622.39812193302  15.25121
6622.63185727422  14.14397
6622.86559261542  45.79147
6623.09932795661  17.99439
6623.33306329781  41.86133
6623.56679863901  49.26448
6623.80053398021  35.48911
6624.0342693214  38.07513
6624.2680046626  7.259742
6624.5017400038  10.91392
6624.735475345  33.13253
6624.96921068619  32.72998
6625.20294602739  38.40139
6625.43668136859  23.69487
6625.67041670979  32.82238
6625.90415205098  23.12989
6626.13788739218  20.92779
6626.37162273338  72.22552
6626.60535807458  60.71464
6626.83909341577  46.25273
6627.07282875697  45.45797
6627.30656409817  25.00528
6627.54029943937  35.459
6627.77403478057  58.90883
6628.00777012176  21.78133
6628.24150546296  23.72732
6628.47524080416  28.34784
6628.70897614535  15.87195
6628.94271148655  32.50687
6629.17644682775  46.54727
6629.41018216895  6.87631
6629.64391751015  14.53157
6629.87765285134  25.44311
6630.11138819254  47.63313
6630.34512353374  26.7789
6630.57885887494  11.95467
6630.81259421613  -12.94195
6631.04632955733  5.557227
6631.28006489853  42.4823
6631.51380023973  74.97342
6631.74753558092  35.00622
6631.98127092212  8.311845
6632.21500626332  22.67328
6632.44874160452  34.87697
6632.68247694571  34.1753
6632.91621228691  34.13845
6633.14994762811  33.35741
6633.38368296931  39.73837
6633.6174183105  33.58114
6633.8511536517  48.14854
6634.0848889929  51.00102
6634.3186243341  26.13133
6634.55235967529  10.2601
6634.78609501649  38.52262
6635.01983035769  52.48391
6635.25356569889  21.09134
6635.48730104008  19.5496
6635.72103638128  35.06099
6635.95477172248  22.80223
6636.18850706368  30.89472
6636.42224240487  24.94199
6636.65597774607  16.54611
6636.88971308727  36.46262
6637.12344842847  34.01583
6637.35718376966  26.40709
6637.59091911086  20.23139
6637.82465445206  3.568403
6638.05838979326  16.12673
6638.29212513445  16.92935
6638.52586047565  25.55405
6638.75959581685  4.763722
6638.99333115805  7.936636
6639.22706649924  22.32436
6639.46080184044  22.30535
6639.69453718164  8.831352
6639.92827252284  17.87142
6640.16200786403  43.31829
6640.39574320523  25.2101
6640.62947854643  30.66733
6640.86321388763  41.21188
6641.09694922882  37.79415
6641.33068457002  23.04514
6641.56441991122  33.01387
6641.79815525242  12.20905
6642.03189059361  45.4869
6642.26562593481  39.28226
6642.49936127601  40.95185
6642.73309661721  20.32423
6642.96683195841  65.41235
6643.2005672996  58.96738
6643.4343026408  24.05532
6643.668037982  28.16143
6643.9017733232  37.68684
6644.13550866439  34.69273
6644.36924400559  10.32665
6644.60297934679  31.2533
6644.83671468799  22.00185
6645.07045002918  0.4233293
6645.30418537038  27.35229
6645.53792071158  26.69879
6645.77165605278  18.68714
6646.00539139397  37.4247
6646.23912673517  31.73285
6646.47286207637  33.80956
6646.70659741757  1.986082
6646.94033275876  32.38936
6647.17406809996  49.23783
6647.40780344116  44.18841
6647.64153878236  21.16472
6647.87527412355  43.55025
6648.10900946475  52.15002
6648.34274480595  29.81226
6648.57648014715  26.67416
6648.81021548834  25.73498
6649.04395082954  26.84178
6649.27768617074  14.81515
6649.51142151194  5.710326
6649.74515685313  43.25329
6649.97889219433  37.84016
6650.21262753553  26.7796
6650.44636287673  26.06622
6650.68009821792  28.44576
6650.91383355912  44.02023
6651.14756890032  38.48647
6651.38130424152  49.73268
6651.61503958271  29.64812
6651.84877492391  21.67787
6652.08251026511  46.28421
6652.31624560631  25.76235
6652.5499809475  29.38013
6652.7837162887  26.27699
6653.0174516299  8.86639
6653.2511869711  26.34599
6653.48492231229  27.9534
6653.71865765349  -3.613967
6653.95239299469  9.453096
6654.18612833589  22.35711
6654.41986367709  2.693266
6654.65359901828  19.43495
6654.88733435948  42.23764
6655.12106970068  10.6678
6655.35480504187  29.71125
6655.58854038307  17.40513
6655.82227572427  22.68666
6656.05601106547  -0.4534906
6656.28974640667  13.75419
6656.52348174786  27.43476
6656.75721708906  7.036493
6656.99095243026  -2.867083
6657.22468777146  19.45067
6657.45842311265  28.61973
6657.69215845385  53.58629
6657.92589379505  42.13994
6658.15962913624  30.98407
6658.39336447744  32.17328
6658.62709981864  28.55429
6658.86083515984  13.5754
6659.09457050104  25.10653
6659.32830584223  36.25248
6659.56204118343  33.45987
6659.79577652463  35.01815
6660.02951186583  35.84426
6660.26324720702  -1.068429
6660.49698254822  40.633
6660.73071788942  28.96762
6660.96445323062  10.13382
6661.19818857181  -2.347105
6661.43192391301  31.41275
6661.66565925421  8.695803
6661.8993945954  18.57351
6662.1331299366  29.45857
6662.3668652778  36.01777
6662.600600619  27.35994
6662.8343359602  34.05633
6663.06807130139  27.09926
6663.30180664259  9.088434
6663.53554198379  34.77436
6663.76927732499  25.77082
6664.00301266618  27.79634
6664.23674800738  26.31312
6664.47048334858  56.87826
6664.70421868978  25.97584
6664.93795403097  3.624311
6665.17168937217  5.644639
6665.40542471337  21.25204
6665.63916005457  29.33529
6665.87289539576  18.19215
6666.10663073696  0.9105022
6666.34036607816  -7.334384
6666.57410141936  11.9161
6666.80783676055  16.08635
6667.04157210175  7.528636
6667.27530744295  13.55217
6667.50904278415  5.563305
6667.74277812534  4.484152
6667.97651346654  9.279894
6668.21024880774  22.19823
6668.44398414894  12.13441
6668.67771949013  47.26966
6668.91145483133  34.51175
6669.14519017253  7.575729
6669.37892551373  10.10833
6669.61266085493  7.283964
6669.84639619612  -7.576721
6670.08013153732  -6.780043
6670.31386687852  -2.864697
6670.54760221972  11.70098
6670.78133756091  31.59244
6671.01507290211  19.21965
6671.24880824331  12.27006
6671.48254358451  9.290188
6671.7162789257  -0.6244882
6671.9500142669  30.25906
6672.1837496081  16.10569
6672.4174849493  25.5102
6672.65122029049  6.85074
6672.88495563169  -14.85978
6673.11869097289  20.85523
6673.35242631409  3.779862
6673.58616165528  33.28209
6673.81989699648  25.49423
6674.05363233768  21.59841
6674.28736767888  -7.127431
6674.52110302007  23.61975
6674.75483836127  19.43322
6674.98857370247  31.47565
6675.22230904367  21.85756
6675.45604438486  -13.40567
6675.68977972606  -6.647626
6675.92351506726  26.47444
6676.15725040846  -5.419179
6676.39098574965  6.007047
6676.62472109085  23.17076
6676.85845643205  22.5071
6677.09219177325  28.30672
6677.32592711444  15.77456
6677.55966245564  20.69217
6677.79339779684  16.43374
6678.02713313804  4.710345
6678.26086847923  -2.065361
6678.49460382043  -5.556395
6678.72833916163  20.30335
6678.96207450283  2.004616
6679.19580984402  10.33859
6679.42954518522  14.35074
6679.66328052642  18.02765
6679.89701586762  11.60691
6680.13075120881  -3.427462
6680.36448655001  20.19555
6680.59822189121  49.47414
6680.83195723241  24.6009
6681.06569257361  -7.363742
6681.2994279148  -16.53668
6681.533163256  17.86977
6681.7668985972  33.97045
6682.00063393839  -0.7465441
6682.23436927959  8.273149
6682.46810462079  5.463324
6682.70183996199  -4.382742
6682.93557530318  -6.413871
6683.16931064438  -16.65668
6683.40304598558  12.02346
6683.63678132678  11.93029
6683.87051666798  18.37124
6684.10425200917  4.204534
6684.33798735037  27.17974
6684.57172269157  50.48931
6684.80545803276  15.59458
6685.03919337396  -3.359816
6685.27292871516  8.556054
6685.50666405636  47.49175
6685.74039939756  -10.57904
6685.97413473875  2.66847
6686.20787007995  -34.07434
6686.44160542115  -1.683144
6686.67534076235  -20.44368
6686.90907610354  -18.26755
6687.14281144474  7.852976
6687.37654678594  14.73752
6687.61028212714  35.69102
6687.84401746833  10.99622
6688.07775280953  23.21725
6688.31148815073  20.82641
6688.54522349193  15.37953
6688.77895883312  -5.47778
6689.01269417432  13.61243
6689.24642951552  15.51673
6689.48016485672  -8.816852
6689.71390019791  9.638788
6689.94763553911  -2.59823
6690.18137088031  14.68511
6690.41510622151  -6.687913
6690.6488415627  -23.21115
6690.8825769039  -11.4878
6691.1163122451  -3.446392
6691.3500475863  17.07446
6691.58378292749  7.823885
6691.81751826869  25.3054
6692.05125360989  37.68029
6692.28498895109  17.37165
6692.51872429228  10.94181
